   886.54245092235351       0.20640522400312117     
   892.50906598330994       0.20541422430555525     
   898.48840818592885       0.20442175917919514     
   904.48994733171912       0.20343008643026769     
   910.51342793656784       0.20243920413797806     
   916.55853289204595       0.20144909874456499     
   922.62493282289472       0.20045975646914496     
   928.71228603670909       0.19947116336054893     
   934.82023822091458       0.19848330529428715     
   940.94842211966306       0.19749616796676972     
   947.09645718642435       0.19650973688616058     
   953.26394927925617       0.19552399737390133     
   959.45049026663696       0.19453893454933943     
   965.65565774290462       0.19355453333869010     
   971.87901454148482       0.19257077844473278     
   978.12010850028196       0.19158765436929318     
   984.37847196410792       0.19060514538475690     
   990.65362141528419       0.18962323553345181     
   996.94505708304052       0.18864190862453792     
   1003.2522625091498       0.18766114822441882     
   1009.5747040770267       0.18668093764256732     
   1015.9118306465142       0.18570125993915992     
   1022.2630729640682       0.18472209789322036     
   1028.6278433168018       0.18374343401804094     
   1035.0055349759034       0.18276525054004222     
   1041.3955216684039       0.18178752938566228     
   1047.7971571270941       0.18081025218431046     
   1054.2097744941229       0.17983340024791317     
   1060.6326857681090       0.17885695456093662     
   1067.0651812764913       0.17788089577709365     
   1073.5065290611155       0.17690520420382363     
   1079.9559742529343       0.17592985978792294     
   1086.4127384363333       0.17495484210239082     
   1092.8760190774183       0.17398013034630225     
   1099.3449887501470       0.17300570331489329     
   1105.8187944991380       0.17203153939495366     
   1112.2965571265552       0.17105761655095572     
   1118.7773704196263       0.17008391230523304     
   1125.2603004005002       0.16911040372503502     
   1131.7443845658013       0.16813706741116313     
   1138.2286309913334       0.16716387946986327     
   1144.7120175263633       0.16619081550195514     
   1151.1934909626009       0.16521785059146618     
   1157.6719659952867       0.16424495926800750     
   1164.1463244050506       0.16327211550514739     
   1170.6154139709781       0.16229929268423707     
   1177.0780475237837       0.16132646358250841     
   1183.5330018803879       0.16035360034863663     
   1189.9790166855289       0.15938067447028550     
   1196.4147933569207       0.15840765676040788     
   1202.8389938024491       0.15743451731758928     
   1209.2502392566416       0.15646122550750749     
   1215.6471089896443       0.15548774993245204     
   1222.0281389569486       0.15451405839859916     
   1228.3918203545704       0.15354011787696611     
   1234.7365982679798       0.15256589448195779     
   1241.0608700817202       0.15159135342562979     
   1247.3629839496323       0.15061645898592743     
   1253.6412370660685       0.14964117445702568     
   1259.8938740372882       0.14866546211864357     
   1266.1190850191892       0.14768928318412206     
   1272.3150038955616       0.14671259776072917     
   1278.4797061981328       0.14573536478741697     
   1284.6112071620164       0.14475754199635851     
   1290.7074594780449       0.14377908584781587     
   1296.7663510750911       0.14279995147732824     
   1302.7857026810536       0.14182009262718331     
   1308.7632654721083       0.14083946159696881     
   1314.6967181586824       0.13985800914271695     
   1320.5836645548825       0.13887568443900458     
   1326.4216304217280       0.13789243497370182     
   1332.2080605249553       0.13690820647760199     
   1337.9403152981145       0.13592294282470652     
   1343.6156676402757       0.13493658595895736     
   1349.2312989930190       0.13394907576086579     
   1354.7842958668759       0.13296034997395320     
   1360.2716455485324       0.13197034406373662     
   1365.6902319287778       0.13097899110510997     
   1371.0368310173651       0.12998622165529761     
   1376.3081060157651       0.12899196360193690     
   1381.5006023594005       0.12799614202691881     
   1386.6107420576002       0.12699867902385195     
   1391.6348182231861       0.12599949355413279     
   1396.5689884727803       0.12499850122128126     
   1401.4092687274926       0.12399561410595017     
   1406.1515258987581       0.12299074052516160     
   1410.7914704720131       0.12198378481004031     
   1415.3246483447285       0.12097464704651635     
   1419.7464321027539       0.11996322279837859     
   1424.0520119048169       0.11894940282926998     
   1428.2363849304247       0.11793307273856132     
   1432.2943451952503       0.11691411266625171     
   1436.2204712851001       0.11589239686522954     
   1440.0091138244493       0.11486779329745193     
   1443.6543820347765       0.11384016320287361     
   1447.1501283912714       0.11280936056759208     
   1450.4899325568776       0.11177523159169002     
   1453.6670838634143       0.11073761410312855     
   1456.6745617939448       0.10969633688288823     
   1459.5050148601906       0.10865121893990494     
   1462.1507373767927       0.10760206870559673     
   1464.6036440596361       0.10654868315172965     
   1466.8552420749163       0.10549084681379506     
   1468.8965996510913       0.10442833066751266     
   1470.7183117533320       0.10336089090874931     
   1472.3104620731776       0.10228826759660724     
   1473.6625801216576       0.10121018309171101     
   1474.7635942371132       0.10012634036582051     
   1475.6017773740357        9.9036420988230303E-002
   1476.1646879851053        9.7940082973926562E-002
   1476.4391015173314        9.6836958217763794E-002
   1476.4109342254901        9.5726649665447916E-002
   1476.0651553301975        9.4608727996486147E-002
   1475.3856877712249        9.3482727883477806E-002
   1474.3552930303679        9.2348143589319046E-002
   1472.9554395281727        9.1204423936976864E-002
   1471.1661495091537        9.0050966405338662E-002
   1468.9658200297840        8.8887110172261238E-002
   1466.3310143719668        8.7712127988341673E-002
   1463.2362153432323        8.6525216492749135E-002
   1459.6535317816247        8.5325484614619473E-002
   1455.5523479513963        8.4111939648401871E-002
   1450.8989011368069        8.2883470387196803E-002
   1445.6557675379668        8.1638826470495626E-002
   1439.7812306346957        8.0376592860808518E-002
   1433.2284973796127        7.9095157992939841E-002
   1425.9447173468484        7.7792673734818407E-002
   1417.8697322900132        7.6467004003391639E-002
   1408.9344693795736        7.5115658445442171E-002
   1399.0588355458808        7.3735705026108461E-002
   1388.1489134565843        7.2323653028882690E-002
   1376.0931493757080        7.0875293156337962E-002
   1362.7570559762607        6.9385474250537496E-002
   1347.9756394641654        6.7847782416925878E-002
   1331.5422468082581        6.6254066181146820E-002
   1313.1915052888514        6.4593706538112278E-002
   1291.0666364412134        6.2779299109446254E-002
   1267.3163694641607        6.0919895280410578E-002
   1239.9177356742666        5.8921601447123780E-002
   1207.6049593921421        5.6730410018552946E-002
   1168.0553455012296        5.4245862960325159E-002
   1115.9433058344541        5.1234520974149267E-002
   1030.6573993366769        4.6780735738468679E-002
