   1.1557077043393233        5.6202916715453677     
   1.1552236933758249        5.6228469019791030     
   1.1547403003850973        5.6254012050400748     
   1.1542575087516240        5.6279543771479066     
   1.1537753086305385        5.6305064531334477     
   1.1532936885669620        5.6330574796603399     
   1.1528126370030982        5.6356075040357876     
   1.1523321422790997        5.6381565741938129     
   1.1518521926309220        5.6407047387266189     
   1.1513727761872181        5.6432520468622718     
   1.1508938809598939        5.6457985485817446     
   1.1504154948491174        5.6483442945049331     
   1.1499376056283936        5.6508893360583130     
   1.1494602009565200        5.6534337252846347     
   1.1489832683465853        5.6559775152183231     
   1.1485067951939998        5.6585207594773905     
   1.1480307687469751        5.6610635125974751     
   1.1475551761089637        5.6636058299916350     
   1.1470800042382339        5.6661477678891057     
   1.1466052399399920        5.6686893834008529     
   1.1461308698536465        5.6712307346652171     
   1.1456568804646783        5.6737718806078439     
   1.1451832580731895        5.6763128813547290     
   1.1447099888136130        5.6788537978841429     
   1.1442370586355730        5.6813946922404730     
   1.1437644532930915        5.6839356276403112     
   1.1432921583509403        5.6864766683223547     
   1.1428201591680303        5.6890178796945481     
   1.1423484408880626        5.6915593284298982     
   1.1418769884425295        5.6941010823480553     
   1.1414057865363767        5.6966432105346048     
   1.1409348196388107        5.6991857834117212     
   1.1404640719716035        5.7017288728266440     
   1.1399935275158375        5.7042725518738715     
   1.1395231699834703        5.7068168952001486     
   1.1390529828180305        5.7093619789460384     
   1.1385829491849078        5.7119078807573853     
   1.1381130519561660        5.7144546799171057     
   1.1376432737024491        5.7170024573760543     
   1.1371735966868959        5.7195512957166663     
   1.1367040028409001        5.7221012794130424     
   1.1362344737602788        5.7246524947538262     
   1.1357649906993366        5.7272050298185775     
   1.1352955345378619        5.7297589748379174     
   1.1348260857880028        5.7323144219435687     
   1.1343566245623367        5.7348714655118131     
   1.1338871305700331        5.7374302020751786     
   1.1334175830999462        5.7399907304057169     
   1.1329479609951678        5.7425531517253212     
   1.1324782426467301        5.7451175696658225     
   1.1320084059629614        5.7476840905010764     
   1.1315384283599319        5.7502528231174619     
   1.1310682867387822        5.7528238791742661     
   1.1305979574651062        5.7553973731603962     
   1.1301274163362149        5.7579734227135404     
   1.1296566385743023        5.7605521484538116     
   1.1291855987904316        5.7631336742835986     
   1.1287142709628351        5.7657181274867728     
   1.1282426284020077        5.7683056389573135     
   1.1277706437329540        5.7708963431739075     
   1.1272982888553345        5.7734903785250564     
   1.1268255349210377        5.7760878872967449     
   1.1263523522848169        5.7786890161110698     
   1.1258787104839660        5.7812939158505134     
   1.1254045781897934        5.7839027420305094     
   1.1249299231733194        5.7865156549094969     
   1.1244547122555675        5.7891328198184286     
   1.1239789112800114        5.7917544071375504     
   1.1235024850314905        5.7943805930328978     
   1.1230253972241511        5.7970115591387179     
   1.1225476104181642        5.7996474932896511     
   1.1220690859775131        5.8022885895778691     
   1.1215897839964573        5.8049350488672520     
   1.1211096632581448        5.8075870787630368     
   1.1206286811301180        5.8102448945254936     
   1.1201467935274794        5.8129087188606476     
   1.1196639548050438        5.8155787828016896     
   1.1191801176856973        5.8182553259398206     
   1.1186952331729736        5.8209385968463678     
   1.1182092504436112        5.8236288537524343     
   1.1177221167604363        5.8263263648238066     
   1.1172337773379488        5.8290314091119306     
   1.1167441752546663        5.8317442766728735     
   1.1162532512858925        5.8344652698431609     
   1.1157609438028091        5.8371947033800193     
   1.1152671885983738        5.8399329056166671     
   1.1147719187397260        5.8426802191157199     
   1.1142750643888488        5.8454370016316766     
   1.1137765526111656        5.8482036271659457     
   1.1132763071905201        5.8509804867252058     
   1.1127742483692686        5.8537679900503434     
   1.1122702926599248        5.8565665660966779     
   1.1117643525389651        5.8593766650683898     
   1.1112563361761627        5.8621987596443041     
   1.1107461471420048        5.8650333463580786     
   1.1102336840376648        5.8678809477614777     
   1.1097188401307234        5.8707421142552310     
   1.1092015029592004        5.8736174259906040     
   1.1086815538636441        5.8765074954440193     
   1.1081588674916332        5.8794129699953244     
   1.1076333112452819        5.8823345347842793     
   1.1071047446787492        5.8852729157887511     
   1.1065730188312519        5.8882288831944702     
   1.1060379754521605        5.8912032556040259     
   1.1054994461658714        5.8941969043607774     
   1.1049572515462007        5.8972107581882671     
   1.1044112000402477        5.9002458090064067     
   1.1038610868210499        5.9033031174622197     
   1.1033066923928245        5.9063838207642974     
   1.1027477811317172        5.9094891396438296     
   1.1021840995151064        5.9126203880365189     
   1.1016153741933947        5.9157789826972813     
   1.1010413097076333        5.9189664553211898     
   1.1004615859358335        5.9221844654914753     
   1.0998758550660919        5.9254348166333353     
   1.0992837381536016        5.9287194737277051     
   1.0986848210766818        5.9320405840636301     
   1.0980786497550603        5.9354005025314880     
   1.0974647245895777        5.9388018199223769     
   1.0968424938173038        5.9422473974146452     
   1.0962113455521112        5.9457404079300833     
   1.0955705982290962        5.9492843857131508     
   1.0949194890339551        5.9528832859111649     
   1.0942571597243222        5.9565415580021055     
   1.0935826390986521        5.9602642366258429     
   1.0928948211057350        5.9640570552014385     
   1.0921924373447467        5.9679265872913980     
   1.0914740217032135        5.9718804306540587     
   1.0907378647417842        5.9759274422530817     
   1.0899819534931892        5.9800780500496593     
   1.0892038908341093        5.9843446698675002     
   1.0884007851699022        5.9887422763917009     
   1.0875690962578617        5.9932891992078092     
   1.0867044132762234        5.9980082715398284     
   1.0858011259089504        6.0029285299401636     
   1.0848519176489806        6.0080878345425806     
   1.0838128892920322        6.0137085647488888     
   1.0827289887727849        6.0195668360347465     
   1.0815501937708916        6.0259171423640581     
   1.0802396950923727        6.0329495949141450     
   1.0787289982158310        6.0410178405154289     
   1.0768587332610395        6.0509444894181099     
   1.0739991017031545        6.0659803411071778     
