  0.20640522400312117        1.1559796742385673     
  0.20541422430555525        1.1552516970204363     
  0.20442175917919514        1.1545234308067895     
  0.20343008643026769        1.1537954157379093     
  0.20243920413797806        1.1530676433594556     
  0.20144909874456499        1.1523401038795436     
  0.20045975646914496        1.1516127873648039     
  0.19947116336054893        1.1508856837398675     
  0.19848330529428715        1.1501587827844895     
  0.19749616796676972        1.1494320741288571     
  0.19650973688616058        1.1487055472462993     
  0.19552399737390133        1.1479791914545427     
  0.19453893454933943        1.1472529959033939     
  0.19355453333869010        1.1465269495814432     
  0.19257077844473278        1.1458010412927990     
  0.19158765436929318        1.1450752596738010     
  0.19060514538475690        1.1443495931711429     
  0.18962323553345181        1.1436240300410403     
  0.18864190862453792        1.1428985583466238     
  0.18766114822441882        1.1421731659499899     
  0.18668093764256732        1.1414478405019235     
  0.18570125993915992        1.1407225694459850     
  0.18472209789322036        1.1399973399954697     
  0.18374343401804094        1.1392721391436103     
  0.18276525054004222        1.1385469536473938     
  0.18178752938566228        1.1378217700176174     
  0.18081025218431046        1.1370965745199879     
  0.17983340024791317        1.1363713531599207     
  0.17885695456093662        1.1356460916737303     
  0.17788089577709365        1.1349207755261279     
  0.17690520420382363        1.1341953898976382     
  0.17592985978792294        1.1334699196736975     
  0.17495484210239082        1.1327443494332834     
  0.17398013034630225        1.1320186634488132     
  0.17300570331489329        1.1312928456628710     
  0.17203153939495366        1.1305668796836201     
  0.17105761655095572        1.1298407487740574     
  0.17008391230523304        1.1291144358361886     
  0.16911040372503502        1.1283879234004222     
  0.16813706741116313        1.1276611936160554     
  0.16716387946986327        1.1269342282296282     
  0.16619081550195514        1.1262070085751168     
  0.16521785059146618        1.1254795155653159     
  0.16424495926800750        1.1247517296617398     
  0.16327211550514739        1.1240236308728080     
  0.16229929268423707        1.1232951987253674     
  0.16132646358250841        1.1225664122544932     
  0.16035360034863663        1.1218372499840643     
  0.15938067447028550        1.1211076899008559     
  0.15840765676040788        1.1203777094432481     
  0.15743451731758928        1.1196472854695867     
  0.15646122550750749        1.1189163942431033     
  0.15548774993245204        1.1181850114069649     
  0.15451405839859916        1.1174531119590834     
  0.15354011787696611        1.1167206702196428     
  0.15256589448195779        1.1159876598143104     
  0.15159135342562979        1.1152540536370945     
  0.15061645898592743        1.1145198238256535     
  0.14964117445702568        1.1137849417202572     
  0.14866546211864357        1.1130493778400739     
  0.14768928318412206        1.1123131018405208     
  0.14671259776072917        1.1115760824822494     
  0.14573536478741697        1.1108382875803695     
  0.14475754199635851        1.1100996839738404     
  0.14377908584781587        1.1093602374734717     
  0.14279995147732824        1.1086199128184944     
  0.14182009262718331        1.1078786736225965     
  0.14083946159696881        1.1071364823331844     
  0.13985800914271695        1.1063933001510022     
  0.13887568443900458        1.1056490869995881     
  0.13789243497370182        1.1049038014400987     
  0.13690820647760199        1.1041574006155543     
  0.13592294282470652        1.1034098401702859     
  0.13493658595895736        1.1026610741906613     
  0.13394907576086579        1.1019110550991005     
  0.13296034997395320        1.1011597335934165     
  0.13197034406373662        1.1004070585348615     
  0.13097899110510997        1.0996529768569230     
  0.12998622165529761        1.0988974334632942     
  0.12899196360193690        1.0981403711060356     
  0.12799614202691881        1.0973817302758715     
  0.12699867902385195        1.0966214490563464     
  0.12599949355413279        1.0958594630067831     
  0.12499850122128126        1.0950957049825338     
  0.12399561410595017        1.0943301050014966     
  0.12299074052516160        1.0935625900511075     
  0.12198378481004031        1.0927930839096889     
  0.12097464704651635        1.0920215069379842     
  0.11996322279837859        1.0912477758575414     
  0.11894940282926998        1.0904718035262186     
  0.11793307273856132        1.0896934986470990     
  0.11691411266625171        1.0889127655305391     
  0.11589239686522954        1.0881295037508507     
  0.11486779329745193        1.0873436078228682     
  0.11384016320287361        1.0865549668544827     
  0.11280936056759208        1.0857634641204537     
  0.11177523159169002        1.0849689766353543     
  0.11073761410312855        1.0841713746820749     
  0.10969633688288823        1.0833705212706339     
  0.10865121893990494        1.0825662715560760     
  0.10760206870559673        1.0817584721918041     
  0.10654868315172965        1.0809469606207944     
  0.10549084681379506        1.0801315642918921     
  0.10442833066751266        1.0793120997580086     
  0.10336089090874931        1.0784883716964240     
  0.10228826759660724        1.0776601718188434     
  0.10121018309171101        1.0768272776187902     
  0.10012634036582051        1.0759894510127403     
   9.9036420988230303E-002   1.0751464367249970     
   9.7940082973926562E-002   1.0742979605584120     
   9.6836958217763794E-002   1.0734437273352477     
   9.5726649665447916E-002   1.0725834186250776     
   9.4608727996486147E-002   1.0717166900799249     
   9.3482727883477806E-002   1.0708431684322555     
   9.2348143589319046E-002   1.0699624479560907     
   9.1204423936976864E-002   1.0690740864278858     
   9.0050966405338662E-002   1.0681776003832828     
   8.8887110172261238E-002   1.0672724595271830     
   8.7712127988341673E-002   1.0663580802032779     
   8.6525216492749135E-002   1.0654338176110456     
   8.5325484614619473E-002   1.0644989564818439     
   8.4111939648401871E-002   1.0635526998833829     
   8.2883470387196803E-002   1.0625941556535188     
   8.1638826470495626E-002   1.0616223197867287     
   8.0376592860808518E-002   1.0606360558946064     
   7.9095157992939841E-002   1.0596340695645678     
   7.7792673734818407E-002   1.0586148761125558     
   7.6467004003391639E-002   1.0575767591797001     
   7.5115658445442171E-002   1.0565177172623283     
   7.3735705026108461E-002   1.0554353931897600     
   7.2323653028882690E-002   1.0543269796582260     
   7.0875293156337962E-002   1.0531890900105103     
   6.9385474250537496E-002   1.0520175775918332     
   6.7847782416925878E-002   1.0508072758138094     
   6.6254066181146820E-002   1.0495516128744860     
   6.4593706538112278E-002   1.0482420183256969     
   6.2779299109446254E-002   1.0468256980482740     
   6.0919895280410578E-002   1.0453579041263146     
   5.8921601447123780E-002   1.0437787636538156     
   5.6730410018552946E-002   1.0420451329811899     
   5.4245862960325159E-002   1.0400767299374400     
   5.1234520974149267E-002   1.0376867622169654     
   4.6780735738468679E-002   1.0341372096889265     
