   1.1557077043393233       0.68347142123276738     
   1.1552236933758249       0.68267641961385184     
   1.1547403003850973       0.68188133764169101     
   1.1542575087516240       0.68108676726574302     
   1.1537753086305385       0.68029269832991612     
   1.1532936885669620       0.67949911804736685     
   1.1528126370030982       0.67870601346535420     
   1.1523321422790997       0.67791337146817077     
   1.1518521926309220       0.67712117877544942     
   1.1513727761872181       0.67632942193736945     
   1.1508938809598939       0.67553808732067522     
   1.1504154948491174       0.67474716111802224     
   1.1499376056283936       0.67395662932485900     
   1.1494602009565200       0.67316647776068295     
   1.1489832683465853       0.67237669201842865     
   1.1485067951939998       0.67158725751342219     
   1.1480307687469751       0.67079815943455234     
   1.1475551761089637       0.67000938275066191     
   1.1470800042382339       0.66922091221214663     
   1.1466052399399920       0.66843273233799949     
   1.1461308698536465       0.66764482739710840     
   1.1456568804646783       0.66685718142961914     
   1.1451832580731895       0.66606977819690771     
   1.1447099888136130       0.66528260121548188     
   1.1442370586355730       0.66449563372803333     
   1.1437644532930915       0.66370885868572116     
   1.1432921583509403       0.66292225876307886     
   1.1428201591680303       0.66213581633125718     
   1.1423484408880626       0.66134951344400350     
   1.1418769884425295       0.66056333184694682     
   1.1414057865363767       0.65977725295440892     
   1.1409348196388107       0.65899125783733381     
   1.1404640719716035       0.65820532720599223     
   1.1399935275158375       0.65741944142421382     
   1.1395231699834703       0.65663358046519149     
   1.1390529828180305       0.65584772391411528     
   1.1385829491849078       0.65506185095699687     
   1.1381130519561660       0.65427594035658387     
   1.1376432737024491       0.65348997044368995     
   1.1371735966868959       0.65270391910937009     
   1.1367040028409001       0.65191776376842470     
   1.1362344737602788       0.65113148135643084     
   1.1357649906993366       0.65034504832512130     
   1.1352955345378619       0.64955844058878731     
   1.1348260857880028       0.64877163354265455     
   1.1343566245623367       0.64798460201184882     
   1.1338871305700331       0.64719732025076138     
   1.1334175830999462       0.64640976191974597     
   1.1329479609951678       0.64562190004661657     
   1.1324782426467301       0.64483370702333787     
   1.1320084059629614       0.64404515455761968     
   1.1315384283599319       0.64325621366507135     
   1.1310682867387822       0.64246685463689079     
   1.1305979574651062       0.64167704701147010     
   1.1301274163362149       0.64088675952573493     
   1.1296566385743023       0.64009596011263814     
   1.1291855987904316       0.63930461584712051     
   1.1287142709628351       0.63851269291785273     
   1.1282426284020077       0.63772015657645387     
   1.1277706437329540       0.63692697111775354     
   1.1272982888553345       0.63613309982186039     
   1.1268255349210377       0.63533850492656385     
   1.1263523522848169       0.63454314755292396     
   1.1258787104839660       0.63374698768566273     
   1.1254045781897934       0.63294998410038117     
   1.1249299231733194       0.63215209431914354     
   1.1244547122555675       0.63135327454027124     
   1.1239789112800114       0.63055347960697350     
   1.1235024850314905       0.62975266288215836     
   1.1230253972241511       0.62895077624835372     
   1.1225476104181642       0.62814776998075916     
   1.1220690859775131       0.62734359269590612     
   1.1215897839964573       0.62653819124450638     
   1.1211096632581448       0.62573151066579213     
   1.1206286811301180       0.62492349402787062     
   1.1201467935274794       0.62411408239371768     
   1.1196639548050438       0.62330321465946170     
   1.1191801176856973       0.62249082746233841     
   1.1186952331729736       0.62167685506080761     
   1.1182092504436112       0.62086122918326136     
   1.1177221167604363       0.62004387891368729     
   1.1172337773379488       0.61922473049843552     
   1.1167441752546663       0.61840370723797966     
   1.1162532512858925       0.61758072924106533     
   1.1157609438028091       0.61675571330102918     
   1.1152671885983738       0.61592857264736867     
   1.1147719187397260       0.61509921674582557     
   1.1142750643888488       0.61426755105120256     
   1.1137765526111656       0.61343347674232784     
   1.1132763071905201       0.61259689047499866     
   1.1127742483692686       0.61175768400907071     
   1.1122702926599248       0.61091574397060966     
   1.1117643525389651       0.61007095141199630     
   1.1112563361761627       0.60922318144632137     
   1.1107461471420048       0.60837230285385047     
   1.1102336840376648       0.60751817755888138     
   1.1097188401307234       0.60666066013459541     
   1.1092015029592004       0.60579959726400245     
   1.1086815538636441       0.60493482709021151     
   1.1081588674916332       0.60406617853530742     
   1.1076333112452819       0.60319347054042338     
   1.1071047446787492       0.60231651124011376     
   1.1065730188312519       0.60143509705009490     
   1.1060379754521605       0.60054901159193064     
   1.1054994461658714       0.59965802454643169     
   1.1049572515462007       0.59876189038852923     
   1.1044112000402477       0.59786034689697487     
   1.1038610868210499       0.59695311359637260     
   1.1033066923928245       0.59603988981317724     
   1.1027477811317172       0.59512035269638008     
   1.1021840995151064       0.59419415476319504     
   1.1016153741933947       0.59326092126445062     
   1.1010413097076333       0.59232024703482455     
   1.1004615859358335       0.59137169299978232     
   1.0998758550660919       0.59041478199942810     
   1.0992837381536016       0.58944899406738216     
   1.0986848210766818       0.58847376088183556     
   1.0980786497550603       0.58748845917415093     
   1.0974647245895777       0.58649240311035089     
   1.0968424938173038       0.58548483516537209     
   1.0962113455521112       0.58446491517633437     
   1.0955705982290962       0.58343170722312199     
   1.0949194890339551       0.58238416374543978     
   1.0942571597243222       0.58132110607718424     
   1.0935826390986521       0.58024120036768512     
   1.0928948211057350       0.57914292751308727     
   1.0921924373447467       0.57802454545273740     
   1.0914740217032135       0.57688404057667275     
   1.0907378647417842       0.57571906517328209     
   1.0899819534931892       0.57452685480050281     
   1.0892038908341093       0.57330411767532452     
   1.0884007851699022       0.57204688333127207     
   1.0875690962578617       0.57075029123049847     
   1.0867044132762234       0.56940828641847607     
   1.0858011259089504       0.56801316871521534     
   1.0848519176489806       0.56655489837022344     
   1.0838128892920322       0.56497009109223739     
   1.0827289887727849       0.56332628326433765     
   1.0815501937708916       0.56155199174988735     
   1.0802396950923727       0.55959665555103810     
   1.0787289982158310       0.55736620554415750     
   1.0768587332610395       0.55464182682616014     
   1.0739991017031545       0.55055972595471936     
