           1  0.30003781692875819       0.12501526662250137       0.17502255030625682     
           2  0.30003640249062530       0.12496735161665999       0.17506905087396529     
           3  0.30003500442887915       0.12491972792745151       0.17511527650142764     
           4  0.30003362257937199       0.12487232703788724       0.17516129554148474     
           5  0.30003225675445494       0.12482514891796495       0.17520710783648999     
           6  0.30003090676850835       0.12477819381220957       0.17525271295629880     
           7  0.30002957243795259       0.12473146198634376       0.17529811045160881     
           8  0.30002825358142515       0.12468495372594110       0.17534329985548405     
           9  0.30002695001963420       0.12463866933704015       0.17538828068259404     
          10  0.30002566157537797       0.12459260914667815       0.17543305242869983     
          11  0.30002438807344173       0.12454677350215844       0.17547761457128330     
          12  0.30002312934071640       0.12450116277330679       0.17552196656740959     
          13  0.30002188520602274       0.12445577735087310       0.17556610785514964     
          14  0.30002065550022444       0.12441061765012125       0.17561003785010321     
          15  0.30001944005607623       0.12436568410605980       0.17565375595001642     
          16  0.30001823870829764       0.12432097718042433       0.17569726152787329     
          17  0.30001705129354822       0.12427649735730403       0.17574055393624419     
          18  0.30001587765031540       0.12423224514501746       0.17578363250529794     
          19  0.30001471761900789       0.12418822107797260       0.17582649654103527     
          20  0.30001357104182053       0.12414442571629559       0.17586914532552494     
          21  0.30001243776284642       0.12410085964510315       0.17591157811774327     
          22  0.30001131762789146       0.12405752347871969       0.17595379414917178     
          23  0.30001021048462906       0.12401441785624978       0.17599579262837928     
          24  0.30000911618245529       0.12397154344728123       0.17603757273517406     
          25  0.30000803457247882       0.12392890095029546       0.17607913362218336     
          26  0.30000696550758033       0.12388649109194083       0.17612047441563949     
          27  0.30000590884229361       0.12384431463107995       0.17616159421121366     
          28  0.30000486443289709       0.12380237235753837       0.17620249207535871     
          29  0.30000383213725806       0.12376066509206424       0.17624316704519383     
          30  0.30000281181490651       0.12371919368993536       0.17628361812497115     
          31  0.30000180332700316       0.12367795904015270       0.17632384428685044     
          32  0.30000080653637429       0.12363696206637320       0.17636384447000109     
          33  0.29999982130728825       0.12359620372713462       0.17640361758015363     
          34  0.29999884750571248       0.12355568501989676       0.17644316248581571     
          35  0.29999788499910907       0.12351540697884897       0.17648247802026010     
          36  0.29999693365646352       0.12347537067708342       0.17652156297938010     
          37  0.29999599334826071       0.12343557722878661       0.17656041611947410     
          38  0.29999506394655334       0.12339602778889044       0.17659903615766290     
          39  0.29999414532480473       0.12335672355521117       0.17663742176959357     
          40  0.29999323735794714       0.12331766577053010       0.17667557158741704     
          41  0.29999233992241292       0.12327885572168425       0.17671348420072869     
          42  0.29999145289593210       0.12324029474264503       0.17675115815328707     
          43  0.29999057615780056       0.12320198421757980       0.17678859194022076     
          44  0.29998970958859567       0.12316392557807274       0.17682578401052293     
          45  0.29998885307032030       0.12312612030959864       0.17686273276072167     
          46  0.29998800648633467       0.12308856994923795       0.17689943653709672     
          47  0.29998716972134931       0.12305127609000209       0.17693589363134721     
          48  0.29998634266138258       0.12301424038274446       0.17697210227863813     
          49  0.29998552519376248       0.12297746453623962       0.17700806065752286     
          50  0.29998471720716585       0.12294095032158214       0.17704376688558371     
          51  0.29998391859150392       0.12290469957186027       0.17707921901964363     
          52  0.29998312923798370       0.12286871418666369       0.17711441505132003     
          53  0.29998234903899273       0.12283299613377262       0.17714935290522010     
          54  0.29998157788830487       0.12279754745213745       0.17718403043616743     
          55  0.29998081568079010       0.12276237025207985       0.17721844542871024     
          56  0.29998006231258384       0.12272746672196702       0.17725259559061682     
          57  0.29997931768094610       0.12269283912875824       0.17728647855218788     
          58  0.29997858168448577       0.12265848982168426       0.17732009186280151     
          59  0.29997785422275974       0.12262442123433651       0.17735343298842324     
          60  0.29997713519668029       0.12259063589042730       0.17738649930625300     
          61  0.29997642450810857       0.12255713640556634       0.17741928810254223     
          62  0.29997572206023854       0.12252392549304084       0.17745179656719770     
          63  0.29997502775719959       0.12249100596445324       0.17748402179274636     
          64  0.29997434150428343       0.12245838073800643       0.17751596076627701     
          65  0.29997366320791879       0.12242605284019945       0.17754761036771935     
          66  0.29997299277555872       0.12239402541198285       0.17757896736357587     
          67  0.29997233011568736       0.12236230171274846       0.17761002840293888     
          68  0.29997167513794382       0.12233088512889854       0.17764079000904526     
          69  0.29997102775281803       0.12229977917307110       0.17767124857974692     
          70  0.29997038787206526       0.12226898749804557       0.17770140037401969     
          71  0.29996975540826104       0.12223851389711198       0.17773124151114905     
          72  0.29996913027503075       0.12220836231418174       0.17776076796084900     
          73  0.29996851238702160       0.12217853684830081       0.17778997553872078     
          74  0.29996790165979248       0.12214904176647277       0.17781885989331969     
          75  0.29996729800994504       0.12211988150451927       0.17784741650542576     
          76  0.29996670135495435       0.12209106068368694       0.17787564067126740     
          77  0.29996611161328868       0.12206258411376726       0.17790352749952143     
          78  0.29996552870431942       0.12203445680604982       0.17793107189826959     
          79  0.29996495254831457       0.12200668398440455       0.17795826856391000     
          80  0.29996438306646789       0.12197927109485344       0.17798511197161443     
          81  0.29996382018084589       0.12195222382069380       0.17801159636015207     
          82  0.29996326381443783       0.12192554809159412       0.17803771572284371     
          83  0.29996271389106360       0.12189925010355053       0.17806346378751309     
          84  0.29996217033537964       0.12187333632686852       0.17808883400851111     
          85  0.29996163307292745       0.12184781352949464       0.17811381954343281     
          86  0.29996110203010729       0.12182268879045474       0.17813841323965254     
          87  0.29996057713407231       0.12179796952047163       0.17816260761360070     
          88  0.29996005831280187       0.12177366348238686       0.17818639483041501     
          89  0.29995954549513520       0.12174977881246782       0.17820976668266739     
          90  0.29995903861063955       0.12172632404793179       0.17823271456270776     
          91  0.29995853758961905       0.12170330814664063       0.17825522944297842     
          92  0.29995804236331441       0.12168074052434583       0.17827730183896859     
          93  0.29995755286347753       0.12165863107785230       0.17829892178562523     
          94  0.29995706902281216       0.12163699022193757       0.17832007880087458     
          95  0.29995659077464115       0.12161582892918735       0.17834076184545380     
          96  0.29995611805301642       0.12159515876525301       0.17836095928776341     
          97  0.29995565079273784       0.12157499193496783       0.17838065885776999     
          98  0.29995518892923378       0.12155534133323223       0.17839984759600155     
          99  0.29995473239862880       0.12153622059595505       0.17841851180267376     
         100  0.29995428113776273       0.12151764415886983       0.17843663697889289     
         101  0.29995383508408119       0.12149962732269562       0.17845420776138557     
         102  0.29995339417563444       0.12148218632610618       0.17847120784952825     
         103  0.29995295835116059       0.12146533842726488       0.17848761992389572     
         104  0.29995252755002050       0.12144910198921548       0.17850342556080501     
         105  0.29995210171206294       0.12143349657936027       0.17851860513270268     
         106  0.29995168077777024       0.12141854308316835       0.17853313769460188     
         107  0.29995126468815025       0.12140426382432457       0.17854700086382569     
         108  0.29995085338480970       0.12139068271173910       0.17856017067307062     
         109  0.29995044680981625       0.12137782538725390       0.17857262142256236     
         110  0.29995004490571447       0.12136571941411056       0.17858432549160391     
         111  0.29994964761552034       0.12135439447209213       0.17859525314342822     
         112  0.29994925488277485       0.12134388259453127       0.17860537228824358     
         113  0.29994886665119197       0.12133421842854904       0.17861464822264295     
         114  0.29994848286517767       0.12132543954475040       0.17862304332042728     
         115  0.29994810346922451       0.12131758678349357       0.17863051668573093     
         116  0.29994772840808193       0.12131070466508036       0.17863702374300156     
         117  0.29994735762700414       0.12130484186857707       0.17864251575842707     
         118  0.29994699107123696       0.12130005178057250       0.17864693929066444     
         119  0.29994662868609101       0.12129639315993634       0.17865023552615467     
         120  0.29994627041705396       0.12129393091730509       0.17865233949974887     
         121  0.29994591620949373       0.12129273704212896       0.17865317916736478     
         122  0.29994556600862654       0.12129289172367058       0.17865267428495596     
         123  0.29994521975935790       0.12129448471266821       0.17865073504668968     
         124  0.29994487740605091       0.12129761698340734       0.17864726042264356     
         125  0.29994453889265760       0.12130240278308246       0.17864213610957513     
         126  0.29994420416203377       0.12130897218597786       0.17863523197605591     
         127  0.29994387315579041       0.12131747433654952       0.17862639881924089     
         128  0.29994354581412752       0.12132808155650369       0.17861546425762381     
         129  0.29994322207502916       0.12134099470481589       0.17860222737021325     
         130  0.29994290187364725       0.12135645020385617       0.17858645166979109     
         131  0.29994258514138467       0.12137472946500118       0.17856785567638350     
         132  0.29994227180510297       0.12139617176286717       0.17854610004223581     
         133  0.29994196178444510       0.12142119226918632       0.17852076951525878     
         134  0.29994165499023040       0.12145030793025788       0.17849134705997252     
         135  0.29994135132036298       0.12148417587556841       0.17845717544479456     
         136  0.29994105065412524       0.12152365251879253       0.17841739813533269     
         137  0.29994075240007595       0.12157387738726334       0.17836687501281262     
         138  0.29994045713669093       0.12162956596330628       0.17831089117338467     
         139  0.29994016420788988       0.12169657920380388       0.17824358500408599     
         140  0.29993987315610798       0.12177920812082345       0.17816066503528455     
         141  0.29993958315665492       0.12188543027805682       0.17805415287859810     
         142  0.29993929232424943       0.12203379114291225       0.17790550118133719     
         143  0.29993899324424345       0.12229753815011711       0.17764145509412632     
