           1   31.094836624741944        25.000576125240297       0.39586194696285937       0.28643452895962462     
           2   31.097671333466849        24.999312890422246       0.39542511911567735       0.28600385299087883     
           3   31.100508273212220        24.998050992171571       0.39498810091680819       0.28557283733284650     
           4   31.103342935410282        24.996789322825336       0.39455121769484935       0.28514190685609009     
           5   31.106175338206132        24.995527863464130       0.39411446454793730       0.28471105547664455     
           6   31.109005520426336        24.994266586841896       0.39367783576697685       0.28428027525230520     
           7   31.111833521466792        24.993005465321257       0.39324132555565938       0.28384955811979945     
           8   31.114659381209648        24.991744470887209       0.39280492802997519       0.28341889589789770     
           9   31.117483140032469        24.990483575112119       0.39236863721662851       0.28298828028578038     
          10   31.120304838824904        24.989222749195537       0.39193244705019398       0.28255770285961829     
          11   31.123124519015114        24.987961963851603       0.39149635136883043       0.28212715506488806     
          12   31.125942222564600        24.986701189429489       0.39106034391491840       0.28169662821974256     
          13   31.128757992013110        24.985440395759657       0.39062441832782036       0.28126611350269204     
          14   31.131571870452198        24.984179552340979       0.39018856814780434       0.28083560196180990     
          15   31.134383901612683        24.982918627993413       0.38975278680218883       0.28040508448903428     
          16   31.137194129799454        24.981657591250837       0.38931706761533047       0.27997455184265579     
          17   31.140002599973567        24.980396410061189       0.38888140379547992       0.27954399462229645     
          18   31.142809357753908        24.979135051821665       0.38844578843439087       0.27911340327088102     
          19   31.145614449425803        24.977873483452065       0.38801021450565970       0.27868276807373971     
          20   31.148417921969035        24.976611671344049       0.38757467486007335       0.27825207915118011     
          21   31.151219823097207        24.975349581224659       0.38713916221931144       0.27782132644795610     
          22   31.154020201237682        24.974087178405345       0.38670366917859156       0.27739049974191105     
          23   31.156819105620826        24.972824427386612       0.38626818819264375       0.27695958861828862     
          24   31.159616586237053        24.971561292211796       0.38583271158199806       0.27652858248443890     
          25   31.162412693897181        24.970297736270044       0.38539723152325217       0.27609747055398060     
          26   31.165207480269306        24.969033722206579       0.38496174004302536       0.27566624183686328     
          27   31.168000997871200        24.967769212075218       0.38452622901873917       0.27523488514429351     
          28   31.170793300127716        24.966504167219288       0.38409069016937514       0.27480338907387841     
          29   31.173584441400660        24.965238548185948       0.38365511505032757       0.27437174200122588     
          30   31.176374476997101        24.963972314852729       0.38321949505182240       0.27393993208192663     
          31   31.179163463214401        24.962705426334573       0.38278382139137512       0.27350794723840144     
          32   31.181951457380453        24.961437840925306       0.38234808510719165       0.27307577515170173     
          33   31.184738517892704        24.960169516029321       0.38191227705154834       0.27264340325087272     
          34   31.187524704217243        24.958900408350019       0.38147638789047300       0.27221081871747999     
          35   31.190310076974658        24.957630473616099       0.38104040808993922       0.27177800846119626     
          36   31.193094697953835        24.956359666648428       0.38060432791307591       0.27134495911921397     
          37   31.195878630150805        24.955087941373826       0.38016813741372174       0.27091165704732556     
          38   31.198661937825733        24.953815250718804       0.37973182642683223       0.27047808830577302     
          39   31.201444686539965        24.952541546592890       0.37929538456224937       0.27004423865189020     
          40   31.204226943188701        24.951266779953471       0.37885880119891818       0.26961009353331067     
          41   31.207008776080773        24.949990900569748       0.37842206547182322       0.26917563806690742     
          42   31.209790254970862        24.948713857127050       0.37798516626628825       0.26874085703392642     
          43   31.212571451090447        24.947435597268495       0.37754809221251961       0.26830573487414322     
          44   31.215352437256787        24.946156067274885       0.37711083166777165       0.26787025565637723     
          45   31.218133287876697        24.944875212333987       0.37667337271511003       0.26743440308307936     
          46   31.220914079050338        24.943592976235202       0.37623570314633653       0.26699816046189506     
          47   31.223694888605316        24.942309301482599       0.37579781045585570       0.26656151070095629     
          48   31.226475796166277        24.941024129248163       0.37535968182902418       0.26612443629294258     
          49   31.229256883248151        24.939737399202969       0.37492130412655278       0.26568691929182359     
          50   31.232038233294663        24.938449049576327       0.37448266387766960       0.26524894130646720     
          51   31.234819931792483        24.937159016983578       0.37404374726118733       0.26481048347182679     
          52   31.237602066323628        24.935867236483443       0.37360454009636446       0.26437152643970929     
          53   31.240384726653485        24.934573641456801       0.37316502782800015       0.26393205035763567     
          54   31.243168004822593        24.933278163605802       0.37272519551106331       0.26349203484876754     
          55   31.245951995260711        24.931980732673981       0.37228502779143485       0.26305145898241256     
          56   31.248736794846234        24.930681276661819       0.37184450889563098       0.26261030126584117     
          57   31.251522503038434        24.929379721584109       0.37140362260858484       0.26216853961120828     
          58   31.254309221966302        24.928075991415817       0.37096235225855761       0.26172615131486310     
          59   31.257097056573297        24.926770007930966       0.37052068069283511       0.26128311302468871     
          60   31.259886114702443        24.925461690783820       0.37007859026304418       0.26083940072246037     
          61   31.262676507246987        24.924150957244674       0.36963606279988498       0.26039498968719360     
          62   31.265468348261781        24.922837722283802       0.36919307959407566       0.25994985447275060     
          63   31.268261755143591        24.921521898205345       0.36874962136618283       0.25950396886240701     
          64   31.271056848739381        24.920203394791773       0.36830566824796840       0.25905730584876258     
          65   31.273853753532759        24.918882119016391       0.36786119975111126       0.25860983758822997     
          66   31.276652597796232        24.917557975015672       0.36741619474117493       0.25816153536814157     
          67   31.279453513785761        24.916230863850068       0.36697063140511577       0.25771236956049487     
          68   31.282256637882583        24.914900683611386       0.36652448722663317       0.25726230959449953     
          69   31.285062110882908        24.913567328808305       0.36607773893808537       0.25681132388198824     
          70   31.287870078103630        24.912230690766307       0.36563036250168685       0.25635937980346335     
          71   31.290680689686443        24.910890657023149       0.36518233305867842       0.25590644363130505     
          72   31.293494100796632        24.909547111385049       0.36473362489553296       0.25545248048875374     
          73   31.296310471909887        24.908199933546975       0.36428421139549050       0.25499745428089204     
          74   31.299129969020822        24.906848999244858       0.36383406500298560       0.25454132765433407     
          75   31.301952764024893        24.905494179504384       0.36338315715971348       0.25408406190025878     
          76   31.304779034928860        24.904135340988869       0.36293145826828233       0.25362561691733110     
          77   31.307608966253749        24.902772345293933       0.36247893762469796       0.25316595111122869     
          78   31.310442749357428        24.901405048886730       0.36202556336354824       0.25270502132627792     
          79   31.313280582797617        24.900033302873606       0.36157130239658852       0.25224278276220163     
          80   31.316122672766799        24.898656952522956       0.36111612033936552       0.25177918887346984     
          81   31.318969233481265        24.897275837203829       0.36065998144522871       0.25131419128534599     
          82   31.321820487703246        24.895889789672378       0.36020284851748280       0.25084773966846408     
          83   31.324676667153032        24.894498636191283       0.35974468283901978       0.25037978165371327     
          84   31.327538013154456        24.893102195538713       0.35928544406410567       0.24991026267625280     
          85   31.330404777106072        24.891700279139606       0.35882509013797353       0.24943912587772490     
          86   31.333277221170793        24.890292690232581       0.35836357718065948       0.24896631194326121     
          87   31.336155618911132        24.888879223545946       0.35790085937956034       0.24849175896051537     
          88   31.339040256031726        24.887459664703609       0.35743688886386465       0.24801540225043708     
          89   31.341931431170384        24.886033789559072       0.35697161557110474       0.24753717418641355     
          90   31.344829456694303        24.884601363856881       0.35650498711214401       0.24705700401801739     
          91   31.347734659742102        24.883162141988574       0.35603694859593454       0.24657481762681996     
          92   31.350647383066299        24.881715866980567       0.35556744248607020       0.24609053734596117     
          93   31.353567986259570        24.880262269032894       0.35509640839453455       0.24560408167216952     
          94   31.356496846907977        24.878801064888364       0.35462378288655449       0.24511536500874787     
          95   31.359434361825102        24.877331957077825       0.35414949927175737       0.24462429738883062     
          96   31.362380948574380        24.875854632503199       0.35367348734749682       0.24413078412519360     
          97   31.365337046990565        24.874368761369556       0.35319567314174549       0.24363472546605858     
          98   31.368303120857540        24.872873996136512       0.35271597862937532       0.24313601621969722     
          99   31.371279659839228        24.871369969899966       0.35223432140629279       0.24263454531235232     
         100   31.374267181554135        24.869856294847267       0.35175061433899502       0.24213019531938526     
         101   31.377266233880391        24.868332560558624       0.35126476517538491       0.24162284194263930     
         102   31.380277397480690        24.866798332193536       0.35077667611808383       0.24111235344044232     
         103   31.383301288595959        24.865253148526271       0.35028624335255842       0.24059858999689226     
         104   31.386338562261660        24.863696519332652       0.34979335650430071       0.24008140298912675     
         105   31.389389915799587        24.862127922809933       0.34929789804918426       0.23956063419759158     
         106   31.392456092701696        24.860546802894572       0.34879974265717339       0.23903611493072630     
         107   31.395537887099167        24.858952565662303       0.34829875643836145       0.23850766500765430     
         108   31.398636148601788        24.857344576253858       0.34779479612485997       0.23797509167327724     
         109   31.401751788062143        24.855722153868758       0.34728770809863196       0.23743818828027879     
         110   31.404885783735267        24.854084567941339       0.34677732735044953       0.23689673290911029     
         111   31.408039188624681        24.852431032082887       0.34626347624029874       0.23635048669535125     
         112   31.411213138580862        24.850760698553700       0.34574596312952188       0.23579919200666799     
         113   31.414408861801924        24.849072650869740       0.34522458077692281       0.23524257028641535     
         114   31.417627689539618        24.847365896223103       0.34469910453104002       0.23468031964111855     
         115   31.420871068713598        24.845639355824861       0.34416929020034215       0.23411211198016210     
         116   31.424140576313675        24.843891854392723       0.34363487162150536       0.23353758976348366     
         117   31.427437936310557        24.842122107878737       0.34309555780373213       0.23295636218228796     
         118   31.430765039585506        24.840328708087160       0.34255102956412720       0.23236800064226637     
         119   31.434123967209185        24.838510106066131       0.34200093559628231       0.23177203351249490     
         120   31.437517018187119        24.836664591477788       0.34144488778479543       0.23116793985224890     
         121   31.440946742696195        24.834790267863688       0.34088245559257635       0.23055514189402435     
         122   31.444415981989678        24.832885022986130       0.34031315932117007       0.22993299602464887     
         123   31.447927916743442        24.830946493472055       0.33973646194406043       0.22930078186208652     
         124   31.451486126260161        24.828972020973072       0.33915175910555984       0.22865768887505755     
         125   31.455094661653561        24.826958597931075       0.33855836675589540       0.22800279983826396     
         126   31.458758137195392        24.824902799613948       0.33795550571583610       0.22733507017690063     
         127   31.462481845169712        24.822800700273728       0.33734228226396823       0.22665330202599840     
         128   31.466271903314482        24.820647762757840       0.33671766321205193       0.22595611087065329     
         129   31.470135445171334        24.818438698809043       0.33608044371689255       0.22524188252949989     
         130   31.474080871065059        24.816167282827774       0.33542920482658817       0.22450871638604650     
         131   31.478118184168498        24.813826103208147       0.33476225661286740       0.22375434937554420     
         132   31.482259449999994        24.811406221319494       0.33407756038122427       0.22297605200255863     
         133   31.486519438407175        24.808896697064508       0.33337261992583855       0.22217048305157375     
         134   31.490916546749876        24.806283902491941       0.33264432504968278       0.22133348049366472     
         135   31.495474167110068        24.803550507417818       0.33188871963007766       0.22045975169099122     
         136   31.500222790012558        24.800673914096471       0.33110064437794434       0.21954239630008196     
         137   31.505384782541920        24.797532108314929       0.33024831782498504       0.21853811745026355     
         138   31.510699822653471        24.794238897597790       0.32936500114735040       0.21749285656182499     
         139   31.516411903914392        24.790652075255728       0.32841465151170707       0.21635771982962831     
         140   31.522675434746713        24.786658520072471       0.32737129689856848       0.21509797852090151     
         141   31.529777704813771        24.782047834573795       0.32618660826568402       0.21364902545952597     
         142   31.538386754386412        24.776330611573947       0.32474813853036372       0.21186058860643611     
         143   31.551131905848841        24.767570472815642       0.32261160698849034       0.20913941687462395     
