           1   3.1226834993718804E-004  0.27683914829879386       0.22696703819913278       0.13167835328639035     
           2   3.0916102857714723E-004  0.27592902085382909       0.22677410250835542       0.13184356750260695     
           3   3.0608595974264771E-004  0.27501468673723384       0.22658097678316116       0.13200955230853062     
           4   3.0304183713795362E-004  0.27409829531221508       0.22638780553285745       0.13217591629147293     
           5   3.0002834772298157E-004  0.27317983936339646       0.22619458668613743       0.13234266071545864     
           6   2.9704518640799322E-004  0.27225930025675460       0.22600131780665278       0.13250978892413251     
           7   2.9409205118387997E-004  0.27133665896727449       0.22580799641327498       0.13267730433277866     
           8   2.9116864306873229E-004  0.27041189612656896       0.22561461997979029       0.13284521041971700     
           9   2.8827466607790495E-004  0.26948499201600168       0.22542118593409996       0.13301351072750575     
          10   2.8540982719555015E-004  0.26855592655709859       0.22522769165685755       0.13318220886469773     
          11   2.8257383634784828E-004  0.26762467929862355       0.22503413447945897       0.13335130850815938     
          12   2.7976640637169387E-004  0.26669122941354617       0.22484051168422148       0.13352081340366914     
          13   2.7698725299111501E-004  0.26575555567993431       0.22464682050104948       0.13369072736933574     
          14   2.7423609478322431E-004  0.26481763648473999       0.22445305810907198       0.13386105429495304     
          15   2.7151265316140600E-004  0.26387744979005118       0.22425922163034653       0.13403179814809266     
          16   2.6881665233594384E-004  0.26293497314951597       0.22406530813419545       0.13420296297114320     
          17   2.6614781929676335E-004  0.26199018367592736       0.22387131463121590       0.13437455288720634     
          18   2.6350588378436137E-004  0.26104305803521261       0.22367723807297468       0.13454657210115317     
          19   2.6089057826207538E-004  0.26009357243791220       0.22348307535113421       0.13471902490121246     
          20   2.5830163789128965E-004  0.25914170262425545       0.22328882329523608       0.13489191566164149     
          21   2.5573880050855033E-004  0.25818742384443344       0.22309447866974105       0.13506524884636167     
          22   2.5320180659413327E-004  0.25723071086005056       0.22290003817506684       0.13523902900862883     
          23   2.5069039925659678E-004  0.25627153790663781       0.22270549844115534       0.13541326079791807     
          24   2.4820432419857312E-004  0.25530987870228250       0.22251085603013127       0.13558794895830181     
          25   2.4574332969739361E-004  0.25434570642021065       0.22231610743177935       0.13576309833344075     
          26   2.4330716658250317E-004  0.25337899366884714       0.22212124906066288       0.13593871387023851     
          27   2.4089558820685316E-004  0.25240971248759991       0.22192627725629982       0.13611480061956802     
          28   2.3850835042750260E-004  0.25143783431914274       0.22173118827883437       0.13629136374135420     
          29   2.3614521158229657E-004  0.25046332999180959       0.22153597830653662       0.13646840850772404     
          30   2.3380593246410323E-004  0.24948616970832743       0.22134064343489876       0.13664594030508775     
          31   2.3149027629990862E-004  0.24850632302211353       0.22114517967304484       0.13682396463844465     
          32   2.2919800872947822E-004  0.24752375881427624       0.22094958294055406       0.13700248713558597     
          33   2.2692889778371894E-004  0.24653844527154892       0.22075384906426465       0.13718151355103111     
          34   2.2468271385833125E-004  0.24555034987700372       0.22055797377790817       0.13736104976781649     
          35   2.2245922969852143E-004  0.24455943937028740       0.22036195271565914       0.13754110180466095     
          36   2.2025822037452045E-004  0.24356567973307769       0.22016578141063572       0.13772167581862657     
          37   2.1807946326057466E-004  0.24256903616474426       0.21996945529174466       0.13790277810954277     
          38   2.1592273801613956E-004  0.24156947305150253       0.21977296967909477       0.13808441512565023     
          39   2.1378782656467169E-004  0.24056695394213251       0.21957631978091532       0.13826659346796433     
          40   2.1167451307199301E-004  0.23956144152492834       0.21937950069066675       0.13844931989449560     
          41   2.0958258393047796E-004  0.23855289758681417       0.21918250738084813       0.13863260132770691     
          42   2.0751182773733360E-004  0.23754128298978633       0.21898533470011830       0.13881644485872771     
          43   2.0546203527311224E-004  0.23652655764633509       0.21878797737051731       0.13900085775193194     
          44   2.0343299948920966E-004  0.23550868046699153       0.21859042997907077       0.13918584745438189     
          45   2.0142451548313268E-004  0.23448760934475707       0.21839268697689149       0.13937142159871901     
          46   1.9943638048543189E-004  0.23346330110282734       0.21819474267109423       0.13955758801265722     
          47   1.9746839383851046E-004  0.23243571146709147       0.21799659122164969       0.13974435472398855     
          48   1.9552035697961888E-004  0.23140479502481340       0.21779822663572304       0.13993172996809075     
          49   1.9359207342638867E-004  0.23037050517404672       0.21759964276020097       0.14011972219713914     
          50   1.9168334875624757E-004  0.22933279409216845       0.21740083327817628       0.14030834008585144     
          51   1.8979399059417025E-004  0.22829161267604323       0.21720179169992038       0.14049759254233909     
          52   1.8792380859356322E-004  0.22724691050378568       0.21700251135828236       0.14068748871509346     
          53   1.8607261442096535E-004  0.22619863578299132       0.21680298540144768       0.14087803800236773     
          54   1.8424022174126493E-004  0.22514673529549345       0.21660320678546080       0.14106925006231449     
          55   1.8242644620484514E-004  0.22409115433438484       0.21640316826495248       0.14126113482434102     
          56   1.8063110542909875E-004  0.22303183665891022       0.21620286238793035       0.14145370249738745     
          57   1.7885401898737232E-004  0.22196872442208079       0.21600228148510514       0.14164696358305162     
          58   1.7709500839338405E-004  0.22090175811215668       0.21580141766243496       0.14184092888633004     
          59   1.7535389709098109E-004  0.21983087647349361       0.21560026278943764       0.14203560952987412     
          60   1.7363051043789768E-004  0.21875601644667472       0.21539880849185819       0.14223101696504778     
          61   1.7192467569576920E-004  0.21767711308414814       0.21519704613947388       0.14242716298712912     
          62   1.7023622201619955E-004  0.21659409947770664       0.21499496683669933       0.14262405974866271     
          63   1.6856498043324098E-004  0.21550690665958400       0.21479256140807429       0.14282171977731162     
          64   1.6691078384862098E-004  0.21441546352813542       0.21458982038897467       0.14302015598947587     
          65   1.6527346702440674E-004  0.21331969674220047       0.21438673401050870       0.14321938170951495     
          66   1.6365286657183672E-004  0.21221953062733945       0.21418329218676610       0.14341941068677380     
          67   1.6204882094416638E-004  0.21111488706238205       0.21397948449906157       0.14362025711623982     
          68   1.6046117042390695E-004  0.21000568538546888       0.21377530018372146       0.14382193565569673     
          69   1.5888975712384905E-004  0.20889184223975446       0.21357072810907279       0.14402446145369549     
          70   1.5733442497023258E-004  0.20777327148782493       0.21336575676579916       0.14422785016529716     
          71   1.5579501970405015E-004  0.20664988404743148       0.21316037424254775       0.14443211798180292     
          72   1.5427138887214760E-004  0.20552158776385493       0.21295456820928266       0.14463728165408002     
          73   1.5276338182577278E-004  0.20438828724598065       0.21274832589383277       0.14484335852239305     
          74   1.5127084971147244E-004  0.20324988372959185       0.21254163406428953       0.14505036654124745     
          75   1.4979364547720064E-004  0.20210627486810320       0.21233447899828448       0.14525832431753752     
          76   1.4833162386203853E-004  0.20095735458872219       0.21212684646486682       0.14546725113666450     
          77   1.4688464140275237E-004  0.19980301286672811       0.21191872169195014       0.14567716700367536     
          78   1.4545255643213248E-004  0.19864313552843271       0.21171008933950053       0.14588809267909689     
          79   1.4403522908022193E-004  0.19747760403300771       0.21150093346958335       0.14610004971864993     
          80   1.4263252128089964E-004  0.19630629522036830       0.21129123751078022       0.14631306051915691     
          81   1.4124429677347727E-004  0.19512908107238877       0.21108098422589014       0.14652714836198957     
          82   1.3987042111477660E-004  0.19394582841386940       0.21087015566941109       0.14674233746752552     
          83   1.3851076168051391E-004  0.19275639865321703       0.21065873315294942       0.14695865304231803     
          84   1.3716518768546783E-004  0.19156064741957290       0.21044669719299347       0.14717612134515629     
          85   1.3583357018743378E-004  0.19035842426501615       0.21023402747136732       0.14739476974129528     
          86   1.3451578210816302E-004  0.18914957226885831       0.21002070277897655       0.14761462677448009     
          87   1.3321169824815956E-004  0.18793392765559511       0.20980670096338766       0.14783572223645081     
          88   1.3192119530864091E-004  0.18671131935941843       0.20959199886780699       0.14805808724624811     
          89   1.3064415191571128E-004  0.18548156855742126       0.20937657226617629       0.14828175433520194     
          90   1.2938044864290075E-004  0.18424448819107067       0.20916039579729653       0.14850675753398832     
          91   1.2812996805141799E-004  0.18299988237100806       0.20894344288001945       0.14873313248098277     
          92   1.2689259471211883E-004  0.18174754585332051       0.20872568564289073       0.14896091651767923     
          93   1.2566821525542839E-004  0.18048726333970880       0.20850709482432173       0.14919014881591408     
          94   1.2445671841273485E-004  0.17921880879102131       0.20828763967754552       0.14942087050300781     
          95   1.2325799506113423E-004  0.17794194469082728       0.20806728786882725       0.14965312479568685     
          96   1.2207193828733486E-004  0.17665642116548802       0.20784600535300216       0.14988695716030878     
          97   1.2089844344784867E-004  0.17536197508290149       0.20762375624832483       0.15012241547693222     
          98   1.1973740823727493E-004  0.17405832906164259       0.20740050269841534       0.15035955021964115     
          99   1.1858873277159958E-004  0.17274519034376901       0.20717620471399503       0.15059841466176391     
         100   1.1745231967755037E-004  0.17142224957634702       0.20695082000251783       0.15083906509768874     
         101   1.1632807419402637E-004  0.17008917946041791       0.20672430377902115       0.15108156108875678     
         102   1.1521590428417512E-004  0.16874563326822911       0.20649660855868396       0.15132596573318008     
         103   1.1411572076119778E-004  0.16739124320172030       0.20626768392740769       0.15157234596489189     
         104   1.1302743743800948E-004  0.16602561851996858       0.20603747627825997       0.15182077289439389     
         105   1.1195097128918063E-004  0.16464834349356947       0.20580592852490689       0.15207132218107819     
         106   1.1088624263270517E-004  0.16325897512811663       0.20557297978262740       0.15232407444769758     
         107   1.0983317534422973E-004  0.16185704056073197       0.20533856500220529       0.15257911575424796     
         108   1.0879169708695851E-004  0.16044203421911818       0.20510261457218026       0.15283653811515502     
         109   1.0776173959497217E-004  0.15901341447925896       0.20486505384710127       0.15309644010763837     
         110   1.0674323897092378E-004  0.15757060005003320       0.20462580264140073       0.15335892752985009     
         111   1.0573613605133070E-004  0.15611296570954103       0.20438477462776905       0.15362411417701766     
         112   1.0474037680690544E-004  0.15463983757261310       0.20414187667258016       0.15389212270295252     
         113   1.0375591281970890E-004  0.15315048757265007       0.20389700805732019       0.15416308562441020     
         114   1.0278270182098263E-004  0.15164412721713522       0.20365005960056778       0.15443714645803289     
         115   1.0182070833253440E-004  0.15011990027017338       0.20340091262427862       0.15471446105214176     
         116   1.0086990440006286E-004  0.14857687437075934       0.20314943777302086       0.15499519911258997     
         117   9.9930270460782785E-005  0.14701403121319814       0.20289549362776735       0.15527954599039120     
         118   9.9001796372691380E-005  0.14543025499303230       0.20263892507298104       0.15556770478476858     
         119   9.8084482619991014E-005  0.14382431889432098       0.20237956138825450       0.15585989880299622     
         120   9.7178341758675840E-005  0.14219486900829600       0.20211721397438825       0.15615637448784228     
         121   9.6283400157352281E-005  0.14054040509162269       0.20185167362987755       0.15645740492014781     
         122   9.5399700095840756E-005  0.13885925746836009       0.20158270728058139       0.15676329402350622     
         123   9.4527302318381712E-005  0.13714955906116677       0.20131005401715535       0.15707438165554680     
         124   9.3666289174662576E-005  0.13540921116922996       0.20103342024290627       0.15739104983751456     
         125   9.2816768519479541E-005  0.13363584120251198       0.20075247367542989       0.15771373044825490     
         126   9.1978878600375850E-005  0.13182674996707849       0.20046683585933806       0.15804291481993910     
         127   9.1152794224824373E-005  0.12997884539629262       0.20017607274963622       0.15837916580137482     
         128   9.0338734713755873E-005  0.12808855760401158       0.19987968262353731       0.15872313322140141     
         129   8.9536974204760175E-005  0.12615172924103632       0.19957708046940878       0.15907557384773643     
         130   8.8747855292249347E-005  0.12416347108236873       0.19926757739916073       0.15943737767519262     
         131   8.7971807360006990E-005  0.12211796880160566       0.19895035307223458       0.15980960309952749     
         132   8.7209371741309323E-005  0.12000821901457520       0.19862441797664027       0.16019352496698855     
         133   8.6461236997191428E-005  0.11782566078635835       0.19828856070234022       0.16059070165261019     
         134   8.5728289835143966E-005  0.11555964631069751       0.19794127207501819       0.16100307141562539     
         135   8.5011690781790211E-005  0.11319665774855382       0.19758063271049503       0.16143309496234032     
         136   8.4312991025377174E-005  0.11071910360002045       0.19720413982508633       0.16188397454900569     
         137   8.3645956004977591E-005  0.10799250307125613       0.19679653545013254       0.16238019062848386     
         138   8.2993083374557864E-005  0.10517849311288108       0.19637366537326353       0.16289231914493557     
         139   8.2369219881380204E-005  0.10213105660457673       0.19591819074058392       0.16344694055420123     
         140   8.1782902597931831E-005   9.8761438770746973E-002  0.19541752631486881       0.16406021135597040     
         141   8.1250229636726365E-005   9.4904765050380660E-002  0.19484825781901596       0.16476214456104019     
         142   8.0809089965723895E-005   9.0178362997823738E-002  0.19415591695403361       0.16562240016215307     
         143   8.0610201229259061E-005   8.3081500358954341E-002  0.19312530589910526       0.16691416495914321     
