   2.3255814275544834E-004  0.20617266586036573     
   2.2989607170856868E-004  0.20518432823384669     
   2.2726447313697914E-004  0.20419449470605816     
   2.2466299822513952E-004  0.20320542343204256     
   2.2209130215036809E-004  0.20221711283582769     
   2.1954904403713522E-004  0.20122954970052784     
   2.1703588691188261E-004  0.20024272058223308     
   2.1455149765835506E-004  0.19925661186289056     
   2.1209554697344788E-004  0.19827120974731371     
   2.0966770932355808E-004  0.19728650025744615     
   2.0726766290143496E-004  0.19630246922325914     
   2.0489508958352478E-004  0.19531910228431781     
   2.0254967488780414E-004  0.19433638487445162     
   2.0023110793209530E-004  0.19335430223075800     
   1.9793908139286039E-004  0.19237283936333990     
   1.9567329146446389E-004  0.19139198107782870     
   1.9343343781890501E-004  0.19041171194693798     
   1.9121922356600912E-004  0.18943201630988579     
   1.8903035521407541E-004  0.18845287826932383     
   1.8686654263097468E-004  0.18747428168178784     
   1.8472749900569287E-004  0.18649621014356163     
   1.8261294081031398E-004  0.18551864699834961     
   1.8052258776244030E-004  0.18454157530545792     
   1.7845616278803927E-004  0.18356497785525291     
   1.7641339198471868E-004  0.18258883714805751     
   1.7439400458542134E-004  0.18161313538107687     
   1.7239773292253470E-004  0.18063785445138791     
   1.7042431239241212E-004  0.17966297593552075     
   1.6847348142029993E-004  0.17868848107951632     
   1.6654498142566583E-004  0.17771435079566800     
   1.6463855678792405E-004  0.17674056564703572     
   1.6275395481255453E-004  0.17576710583311039     
   1.6089092569760642E-004  0.17479395117669322     
   1.5904922250058846E-004  0.17382108112380165     
   1.5722860110573678E-004  0.17284847471378756     
   1.5542882019165753E-004  0.17187611057476201     
   1.5364964119933999E-004  0.17090396690975637     
   1.5189082830053589E-004  0.16993202147693251     
   1.5015214836650023E-004  0.16896025157666852     
   1.4843337093709162E-004  0.16798863404022604     
   1.4673426819022332E-004  0.16701714520167305     
   1.4505461491166652E-004  0.16604576088704348     
   1.4339418846519850E-004  0.16507445640300097     
   1.4175276876309236E-004  0.16410320649924440     
   1.4013013823694441E-004  0.16313198536691045     
   1.3852608180883608E-004  0.16216076660242823     
   1.3694038686282495E-004  0.16118952319564558     
   1.3537284321676405E-004  0.16021822750541986     
   1.3382324309444072E-004  0.15924685122719107     
   1.3229138109803723E-004  0.15827536537930983     
   1.3077705418090520E-004  0.15730374026340838     
   1.2928006162065203E-004  0.15633194544588683     
   1.2780020499253536E-004  0.15535994972745951     
   1.2633728814316199E-004  0.15438772111045601     
   1.2489111716448823E-004  0.15341522675980163     
   1.2346150036811695E-004  0.15244243298158966     
   1.2204824825989083E-004  0.15146930517736990     
   1.2065117351477344E-004  0.15049580781241265     
   1.1927009095202063E-004  0.14952190436607365     
   1.1790481751063459E-004  0.14854755730113292     
   1.1655517222509947E-004  0.14757272801189697     
   1.1522097620139459E-004  0.14659737678452778     
   1.1390205259328218E-004  0.14562146273482368     
   1.1259822657886627E-004  0.14464494376977965     
   1.1130932533742147E-004  0.14366777652247845     
   1.1003517802648404E-004  0.14268991629930175     
   1.0877561575920803E-004  0.14171131701142411     
   1.0753047158197919E-004  0.14073193112538682     
   1.0629958045228558E-004  0.13975170956226468     
   1.0508277921684117E-004  0.13877060165978775     
   1.0387990658996023E-004  0.13778855506711185     
   1.0269080313217872E-004  0.13680551567446980     
   1.0151531122912177E-004  0.13582142751347739     
   1.0035327507061065E-004  0.13483623268388675     
   9.9204540630011225E-005  0.13384987122023578     
   9.8068955643817643E-005  0.13286228101830938     
   9.6946369591470021E-005  0.13187339769414513     
   9.5836633675403079E-005  0.13088315447143456     
   9.4739600801323123E-005  0.12989148205449627     
   9.3655125558710995E-005  0.12889830847637820     
   9.2583064201547756E-005  0.12790355896271727     
   9.1523274629262119E-005  0.12690715574922268     
   9.0475616367893984E-005  0.12590901793776488     
   8.9439950551475607E-005  0.12490906127072977     
   8.8416139903624820E-005  0.12390719796604655     
   8.7404048719349185E-005  0.12290333647644225     
   8.6403542847058503E-005  0.12189738126719325     
   8.5414489670783121E-005  0.12088923255684557     
   8.4436758092595646E-005  0.11987878604028600     
   8.3470218515234755E-005  0.11886593261075475     
   8.2514742824926261E-005  0.11785055799573639     
   8.1570204374402323E-005  0.11683254246187731     
   8.0636477966114406E-005  0.11581176038726342     
   7.9713439835638465E-005  0.11478807985761630     
   7.8800967635270146E-005  0.11376136223523835     
   7.7898940417807597E-005  0.11273146162717428     
   7.7007238620520048E-005  0.11169822435306950     
   7.6125744049300451E-005  0.11066148835907924     
   7.5254339862998023E-005  0.10962108254302523     
   7.4392910557931750E-005  0.10857682602934701     
   7.3541341952580312E-005  0.10752852736364416     
   7.2699521172447446E-005  0.10647598363055720     
   7.1867336635100581E-005  0.10541897947715996     
   7.1044678035380696E-005  0.10435728598947727     
   7.0231436330781455E-005  0.10329065947241853     
   6.9427503726995660E-005  0.10221884009288024     
   6.8632773663627726E-005  0.10114155031804738     
   6.7847140800068452E-005  0.10005849322502045     
   6.7070501001532747E-005   9.8969350487228769E-002
   6.6302751325256516E-005   9.7873780222601306E-002
   6.5543790006851812E-005   9.6771414427756941E-002
   6.4793516446817916E-005   9.5661856149001093E-002
   6.4051831197206997E-005   9.4544676165288943E-002
   6.3318635948442987E-005   9.3419409247529367E-002
   6.2593833516289289E-005   9.2285549755802762E-002
   6.1877327828969013E-005   9.1142546609147890E-002
   6.1169023914429258E-005   8.9989797381424236E-002
   6.0468827887753358E-005   8.8826641344373486E-002
   5.9776646938716409E-005   8.7652351341402951E-002
   5.9092389319483345E-005   8.6466124103429645E-002
   5.8415964332447915E-005   8.5267068650287020E-002
   5.7747282318210654E-005   8.4054192366083663E-002
   5.7086254643695062E-005   8.2826384132553110E-002
   5.6432793690398815E-005   8.1582393676805226E-002
   5.5786812842780346E-005   8.0320806047965737E-002
   5.5148226476777973E-005   7.9040009766463068E-002
   5.4516949948460617E-005   7.7738156784869950E-002
   5.3892899582808200E-005   7.6413111103808828E-002
   5.3275992662620696E-005   7.5062382452779547E-002
   5.2666147417554076E-005   7.3683038878690904E-002
   5.2063283013281531E-005   7.2271589745869405E-002
   5.1467319540779498E-005   7.0823825836797180E-002
   5.0878178005735142E-005   6.9334596072531757E-002
   5.0295780318076083E-005   6.7797486636607798E-002
   4.9720049281619684E-005   6.6204346131865197E-002
   4.9150908583840653E-005   6.4544555629528433E-002
   4.8588282785755990E-005   6.2730710826660499E-002
   4.8032097311925462E-005   6.0871863183098653E-002
   4.7482278440567265E-005   5.8874119168683209E-002
   4.6938753293785128E-005   5.6683471265259161E-002
   4.6401449827909884E-005   5.4199461510497246E-002
   4.5870296823949005E-005   5.1188650677325316E-002
   4.5345223878147155E-005   4.6735390514590532E-002
