  0.75343220267061362        1.8201746673227901     
  0.75267278678875638        1.8146425205419572     
  0.75191851759791817        1.8091655326788538     
  0.75115974982843969        1.8036533810998225     
  0.75039637259856506        1.7981044277814489     
  0.74962838123338515        1.7925184334968463     
  0.74885577387265290        1.7868951821660111     
  0.74807854988297473        1.7812344586619635     
  0.74729670971739159        1.7755360461205907     
  0.74651025529062776        1.7697997306433833     
  0.74571918979850194        1.7640252980065143     
  0.74492351782805089        1.7582125345211173     
  0.74412324541817876        1.7523612271259903     
  0.74331838013744167        1.7464711637188746     
  0.74250893109802940        1.7405421325148622     
  0.74169490896678170        1.7345739214311926     
  0.74087632632369216        1.7285663222625909     
  0.74005319734959429        1.7225191253032803     
  0.73922553803606472        1.7164321214837117     
  0.73839336644504117        1.7103051049712863     
  0.73755670234446524        1.7041378671023231     
  0.73671556768197888        1.6979302019162490     
  0.73586998670116055        1.6916819068401356     
  0.73501998566462889        1.6853927775947890     
  0.73416559315430441        1.6790626111879732     
  0.73330684014108427        1.6726912058092054     
  0.73244376017610291        1.6662783621715638     
  0.73157638933120805        1.6598238813794994     
  0.73070476620844282        1.6533275637508114     
  0.72982893240068414        1.6467892137557922     
  0.72894893215746415        1.6402086340196838     
  0.72806481308822812        1.6335856335128534     
  0.72717662529721083        1.6269200139233955     
  0.72628442267676796        1.6202115860615525     
  0.72538826228712550        1.6134601594885740     
  0.72448820465144070        1.6066655448708378     
  0.72358431367045073        1.5998275509169471     
  0.72267665719662033        1.5929459903935690     
  0.72176530700610553        1.5860206778449730     
  0.72085033890758177        1.5790514288898705     
  0.71993183266786387        1.5720380570552288     
  0.71900987265140359        1.5649803803834139     
  0.71808454736314686        1.5578782127186233     
  0.71715595023671275        1.5507313721538605     
  0.71622417989798437        1.5435396821003753     
  0.71533467171353271        1.5367664817515068     
  0.71435241108949132        1.5290346502850500     
  0.71345975771768033        1.5221966693955209     
  0.71251826761581671        1.5148449812455318     
  0.71157426369882448        1.5074486814857444     
  0.71062788007589772        1.5000076227755852     
  0.70967925965018896        1.4925216997321165     
  0.70872855218979791        1.4849908115915045     
  0.70777591461416323        1.4774148625154053     
  0.70682151128894311        1.4697937618480108     
  0.70586551432236333        1.4621274242436804     
  0.70490810387017910        1.4544157697080893     
  0.70394946846001150        1.4466587237473583     
  0.70298980536641598        1.4388562180326079     
  0.70202932089728354        1.4310081895840527     
  0.70106823089227177        1.4231145827606759     
  0.70010676094697299        1.4151753471160022     
  0.69914514698594388        1.4071904399868553     
  0.69818363555966978        1.3991598248670709     
  0.69722248437872691        1.3910834729320207     
  0.69626196273961161        1.3829613627329318     
  0.69530235203130997        1.3747934806976645     
  0.69434394624335594        1.3665798214058555     
  0.69338705253206023        1.3583203884433142     
  0.69243199174430758        1.3500151940440048     
  0.69147909907894833        1.3416642607827756     
  0.69052872474540150        1.3332676224459812     
  0.68958123422562800        1.3248253190299670     
  0.68863700977711795        1.3163374094206985     
  0.68769645032606608        1.3078039600057023     
  0.68675997281011336        1.2992250542502579     
  0.68582801277243510        1.2906007909786896     
  0.68490102510382911        1.2819312841682073     
  0.68397948525161467        1.2732166695604930     
  0.68306389012664115        1.2644571066838894     
  0.68215475879353138        1.2556527765692740     
  0.68125263419683779        1.2468038965256563     
  0.68035808392464059        1.2379107183288254     
  0.67947170193457085        1.2289735445530467     
  0.67859410911885376        1.2199927234073633     
  0.67772595566575156        1.2109686777585040     
  0.67686792317103772        1.2019019299288707     
  0.67602072548680525        1.1927931105721679     
  0.67518511143276527        1.1836430038200279     
  0.67436186816267962        1.1744526129514048     
  0.67354736226398570        1.1650975750899311     
  0.67275054122056999        1.1558023434676998     
  0.67196850944056763        1.1464639705940725     
  0.67120218388894848        1.1370827095140252     
  0.67045252345553474        1.1276588225728472     
  0.66972053071935633        1.1181925784511508     
  0.66900725337466882        1.1086842453415999     
  0.66831378505429506        1.0991340821934754     
  0.66764126393921253        1.0895423126104853     
  0.66699086569318755        1.0799090560635702     
  0.66636378188078926        1.0702341748467727     
  0.66576114865269520        1.0605167573429435     
  0.66518380007297906        1.0507532592603417     
  0.66463852160723258        1.0409873587233545     
  0.66411955731950489        1.0311593083841648     
  0.66363223861363563        1.0213225187734731     
  0.66317375038855875        1.0113594163815507     
  0.66998238449360181       0.73948888692303705     
  0.66837729441419913       0.75327321330424601     
  0.66757271430055221       0.75996275883576692     
  0.66681809019453764       0.76674270235746955     
  0.66610880308667908       0.77367938117771029     
  0.66545731398010133       0.78062599652126963     
  0.66484976305536414       0.78777572847109067     
  0.66636787406910003       0.76654087313928820     
  0.66440585691899023       0.79233621902012064     
  0.66083961323631413       0.91075950575029641     
  0.66352912635835903       0.80614249873037258     
  0.66586170859514393       0.77105383405087180     
  0.66172050624609480       0.85159941058027533     
  0.66264142515725444       0.82654008446461358     
  0.66524219993758327       0.78106513612785688     
  0.66252997430886462       0.83403476341964899     
  0.66454938178334344       0.80393335330418725     
  0.66520522715598229       0.79642964438647612     
  0.66530038565187555       0.79918087407146687     
  0.66716847981501304       0.77514643176088338     
  0.66838994449535538       0.76363965810805901     
  0.66984883126779526       0.75107065892946268     
  0.67103735644366158       0.74279085499883268     
  0.67256077477937526       0.73230798612867054     
  0.66512099376331890       0.94678073394867690     
  0.67815075621992604       0.69630857473955454     
  0.67806153536396119       0.70046522652540122     
  0.68043212558676935       0.68849478409957277     
  0.68262390284060870       0.67886538173983424     
  0.68512269973961559       0.66846271346616004     
  0.68785308334851658       0.65788279192829424     
  0.69080641418139366       0.64726477514901892     
  0.69399026334464076       0.63664549865883879     
  0.69741485835922190       0.62601379614673158     
  0.70109626130032954       0.61544368846321384     
  0.70505433208913793       0.60487655997735978     
  0.70930639307502930       0.59431810193280832     
  0.71387035623256978       0.58377737948329544     
  0.71876599851014611       0.57326065517651992     
  0.72401491742434965       0.56277275548952455     
  0.72964055127737737       0.55231788842432727     
  0.73566826633476690       0.54190005370167804     
  0.74212549980242015       0.53152323069387120     
  0.74904192947951120       0.52119148514144042     
  0.75644967106666472       0.51090902691090689     
  0.76438350565800539       0.50068023536241257     
  0.77288112914444584       0.49050968081582286     
  0.78198343629796807       0.48040212802951920     
  0.79173475966500573       0.47036264180556148     
  0.80218345935312618       0.46039625725089484     
  0.81338196052916290       0.45050845431665876     
  0.82538740179853676       0.44070485011621408     
  0.83826205203614279       0.43099127569802748     
  0.85207383698176586       0.42137377290773825     
  0.86689691930185375       0.41185859466627067     
  0.88281235637409150       0.40245219356477308     
  0.89990881904631614       0.39316122066233639     
  0.91828340381032147       0.38399251366477416     
  0.93804253911087532       0.37495308438487068     
  0.96027051175737299       0.36543462819716993     
  0.98309395716464998       0.35677307952197201     
   1.0078603435907361       0.34815266130922640     
   1.0334380508430498       0.34023446934955087     
   1.0621227275812473       0.33195080498654789     
   1.0930907570445112       0.32384198999848368     
   1.1265520424132163       0.31591490550556106     
   1.1627366149092446       0.30817722089440025     
   1.2018990258939166       0.30063655276210210     
   1.2443213007108942       0.29330042835752168     
   1.2903162890594542       0.28617624913424722     
   1.3402315000136933       0.27927125020704135     
   1.3944534603044305       0.27259246452347013     
   1.4534127089585551       0.26614668679402381     
   1.5175895292642150       0.25994043961741786     
   1.5875205328240793       0.25397994416910269     
   1.6638062485914751       0.24827109540231257     
   1.7471198974934745       0.24281944256798949     
   1.8382175582719766       0.23763017680863857     
   1.9379499681815979       0.23270812730086854     
   2.0472762884841882       0.22805776486261442     
   2.1672801805236235       0.22368321585743106     
   2.2991886491409463       0.21958828622376403     
   2.4443941924402988       0.21577649652785752     
   2.6044809422446105       0.21225112795956100     
   2.7812555989141794       0.20901528060680694     
   2.9767841774537285       0.20607194437983303     
   3.1934358529327160       0.20342408257106404     
   3.4339354323935600       0.20107473031101528     
   3.7014265189648001       0.19902710735852330     
   3.9995477965193036       0.19728474885441788     
   4.3325257161188180       0.19585165506141000     
   4.7052876900003247       0.19473246412460454     
   5.1236011813537630       0.19393265238014573     
   5.5942456461941807       0.19345876928762490     
   6.1252267525751662       0.19331871511464416     
   6.7260452345838013       0.19352207478125183     
   7.4080475557892553       0.19408050422763934     
   8.1848213661060338       0.19500832840400381     
   9.0728156163335818       0.19632301951539405     
   10.092040138785961       0.19804614737013310     
   11.267050816032411       0.20020441395482810     
   12.628267744698082       0.20283111267480847     
   14.213787200728389       0.20596813391674365     
   16.071937644289321       0.20966881285028799     
   18.264928432731381       0.21400208658799003     
   20.874387464340842       0.21905883013270178     
   24.009874188568496       0.22496194214245629     
   27.822862961267802       0.23188327692647337     
   32.590705762692714       0.23992678049244615     
   38.466131303054262       0.24992651072748864     
   46.174727748953892       0.26210964776506801     
   56.694188988240953       0.27795335327231002     
   72.644047257136933       0.30105327233869733     
