  0.88996418035346592       0.31394754261237523     
  0.88585155420043271       0.31616298175194618     
  0.88179465134443402       0.31840196885218058     
  0.87778609319101630       0.32066357723065342     
  0.87382531209766889       0.32294801237604098     
  0.86991191852910665       0.32525551151963550     
  0.86604552978966076       0.32758631498034130     
  0.86222576744049428       0.32994066576634745     
  0.85845225703985872       0.33231880956808313     
  0.85472462848242403       0.33472099485744389     
  0.85104251568428235       0.33714747287192681     
  0.84740555660993744       0.33959849765922684     
  0.84381339323874593       0.34207432611159733     
  0.84026567154714993       0.34457521800356333     
  0.83676204142747035       0.34710143601821064     
  0.83330215658058693       0.34965324576840123     
  0.82988567480497777       0.35223091589389938     
  0.82651225755583435       0.35483471802052724     
  0.82318157004632220       0.35746492682168829     
  0.81989328141996365       0.36012182009579985     
  0.81664706425497680       0.36280567871297476     
  0.81344259494623428       0.36551678673393195     
  0.81027955368410221       0.36825543145189399     
  0.80715762407231073       0.37102190336096907     
  0.80407649331728059       0.37381649623942770     
  0.80103585215717021       0.37663950718148376     
  0.79803539493062525       0.37949123665855733     
  0.79507481939763935       0.38237198852935850     
  0.79215382662126776       0.38528207006178417     
  0.78927212127057278       0.38822179204561835     
  0.78642941117901943       0.39119146874663890     
  0.78362540784479551       0.39419141806442692     
  0.78085982554831113       0.39722196138866733     
  0.77813238232630122       0.40028342386341709     
  0.77544279931398885       0.40337613429348895     
  0.77279080084366014       0.40650042521698904     
  0.77017611424787347       0.40965663291158994     
  0.76759847018844374       0.41284509752195397     
  0.76505760247475363       0.41606616307188138     
  0.76255324801551472       0.41932017750677592     
  0.76008514660594784       0.42260749269687026     
  0.75765304127134125       0.42592846457335137     
  0.75525667776803995       0.42928345306390486     
  0.75289580501732889       0.43267282225273956     
  0.75057017514077917       0.43609694044812103     
  0.74829786014673072       0.43956078546297961     
  0.74602513081134902       0.44305128963358842     
  0.74382152522473377       0.44658645723139145     
  0.74163491928393532       0.45015350743144023     
  0.73948237745733325       0.45375721963144766     
  0.73736366892245897       0.45739798834495227     
  0.73527856643389089       0.46107621283406497     
  0.73322684553671491       0.46479229697045910     
  0.73120828455359288       0.46854664929531048     
  0.72922266457038187       0.47233968307968621     
  0.72726976941291710       0.47617181638332939     
  0.72534938562416751       0.48004347211425780     
  0.72346130244372020       0.48395507808973737     
  0.72160531181158416       0.48790706710491460     
  0.71978120830755765       0.49189987698417376     
  0.71798878921338660       0.49593395066809826     
  0.71622785439435344       0.50000973624992606     
  0.71449820638640582       0.50412768707169631     
  0.71279965030391701       0.50828826176970487     
  0.71113199387924364       0.51249192435911517     
  0.70949504742441105       0.51673914429684098     
  0.70788862383333562       0.52103039655737249     
  0.70631253856757426       0.52536616170476480     
  0.70476660965882432       0.52974692597083317     
  0.70325065768768846       0.53417318132718072     
  0.70176450580551120       0.53864542557177464     
  0.70030797975697101       0.54316416241741328     
  0.69888090765746302       0.54772990150286727     
  0.69748312043760219       0.55234315861844019     
  0.69611445139372263       0.55700445564725265     
  0.69477473650468258       0.56171432075379446     
  0.69346381431833359       0.56647328843567535     
  0.69218152591711679       0.57128189960145659     
  0.69092771508546391       0.57614070171805043     
  0.68970222830447425       0.58105024890335200     
  0.68850491463418761       0.58601110198131856     
  0.68733562604607013       0.59102382869406178     
  0.68619421732223818       0.59608900376880125     
  0.68508054631606230       0.60120720911350978     
  0.68399447372637212       0.60637903384429603     
  0.68293586362842618       0.61160507458516200     
  0.68190458390772635       0.61688593574463479     
  0.68090050608362329       0.62222222957742868     
  0.67992350599551632       0.62761457656705777     
  0.67897346481158116       0.63306360594657107     
  0.67804837139214946       0.63856923372721908     
  0.67715153084812163       0.64413339800047376     
  0.67628123082861558       0.64975614732490405     
  0.67543735240805236       0.65543813814675589     
  0.67461977894991643       0.66118003496809896     
  0.67382839581242793       0.66698251034370837     
  0.67306308968723338       0.67284624472566434     
  0.67232374724321342       0.67877192601283720     
  0.67161025191216517       0.68476024831002902     
  0.67092247605328592       0.69081190870415909     
  0.67026026098302016       0.69692759879635102     
  0.66962335774772586       0.70310797923433355     
  0.66901123074339952       0.70935359455218339     
  0.66842797341520321       0.71566697613864216     
  0.66786779991636536       0.72204645313556703     
  0.66733326876636778       0.72849391850352463     
  0.66682195042567760       0.73500911656126533     
  0.66974953116904101       0.74311297611977056     
  0.66860179899308314       0.74947339754753495     
  0.66779312497111165       0.75604160255738906     
  0.66703464717766259       0.76269015586370892     
  0.66632496622518211       0.76941954836533188     
  0.66566891454982346       0.77623316732246472     
  0.66506189601110932       0.78313006481129821     
  0.66516874165712758       0.79042699587689658     
  0.66419265251914839       0.79727310691092113     
  0.66309518977970450       0.80411955230954812     
  0.66331427397697462       0.81166688799298548     
  0.66362549349844513       0.81933042389413158     
  0.66245699229631660       0.82633078684708328     
  0.66239509381627104       0.83394567991400570     
  0.66268411479437250       0.84180841411882046     
  0.66205663524325975       0.84927694225790296     
  0.66182880498715835       0.88102817496055219     
  0.66182431991715174       0.88917782850656457     
  0.66180272056842837       0.89739362574535197     
  0.66191199112347787       0.90575666014440992     
  0.66199828450888865       0.91418498915765078     
  0.66211979434114432       0.92271129383796047     
  0.66223143852982758       0.93131158809634684     
  0.66238491303857161       0.94001569214351333     
  0.66507150970093654       0.95024677558367632     
  0.66295839386048594       0.95782219917925771     
  0.66299709450557853       0.96670731572031254     
  0.66326727895191884       0.97581066100759906     
  0.66353460270156350       0.98499801135952625     
  0.66383643258254954       0.99429245634326480     
  0.66416582895064857        1.0036911966076425     
  0.66452134106594651        1.0131946372367415     
  0.66490271000563916        1.0228038991353521     
  0.66530732053336483        1.0325186524506653     
  0.66574110468730618        1.0423438720085139     
  0.66620122298645923        1.0522791459940108     
  0.66668783177784252        1.0623259233942255     
  0.66720113454123786        1.0724857041763074     
  0.66774137602019368        1.0827600371768924     
  0.66830882948587589        1.0931505133234065     
  0.66890379150692747        1.1036587633949464     
  0.66952657972660545        1.1142864576274780     
  0.67017753346801356        1.1250353071670272     
  0.67085701449778401        1.1359070656771708     
  0.67156540824565336        1.1469035313130957     
  0.67230312559928462        1.1580265491665627     
  0.67307060446324274        1.1692780136427352     
  0.67386831040807282        1.1806598702855446     
  0.67469674224506593        1.1921741211667727     
  0.67555643166142498        1.2038228262611395     
  0.67644794283240206        1.2156081048289460     
  0.67737187868540460        1.2275321416903859     
  0.67832888199488794        1.2395971899761056     
  0.67931963809927320        1.2518055751781052     
  0.68034487750697359        1.2641596992779773     
  0.68140537924926980        1.2766620456029538     
  0.68250197377254895        1.2893151835257581     
  0.68363554651164016        1.3021217738741113     
  0.68480704166689754        1.3150845747165996     
  0.68601056392004589        1.3282010100931425     
  0.68726675734110687        1.3414894601706973     
  0.68856229248740530        1.3549416768676299     
  0.68989336722678474        1.3685567660616638     
  0.69127102943621632        1.3823458863115659     
  0.69269370913446537        1.3963101497743473     
  0.69416293554379771        1.4104532337834814     
  0.69568029257907738        1.4247789414238929     
  0.69724747146173693        1.4392912497937689     
  0.69886627853310701        1.4539943224848122     
  0.70053864355935214        1.4688925230019834     
  0.70226662928187189        1.4839904298222959     
  0.70405244137023992        1.4992928524375149     
  0.70589843956283682        1.5148048491191952     
  0.70780715002371830        1.5305317465195161     
  0.70978127887261122        1.5464791611612283     
  0.71182372722824905        1.5626530232204008     
  0.71393760807610696        1.5790596030046800     
  0.71612626512599820        1.5957055404197580     
  0.71839329385666595        1.6125978777623975     
  0.72074256555833460        1.6297440967788197     
  0.72317825445152784        1.6471521602894348     
  0.72570486861941941        1.6648305593301194     
  0.72832728535079194        1.6827883666844161     
  0.73105079194926526        1.7010352981849972     
  0.73388113276888767        1.7195817829579894     
  0.73682456378674399        1.7384390444054081     
  0.73988791648577668        1.7576191943018951     
  0.74307867245284120        1.7771353421597724     
  0.74640505184150441        1.7970017239424974     
  0.74987611788652520        1.8172338534764347     
  0.75350190197198819        1.8378487025430317     
  0.75729355396062092        1.8588649162448094     
  0.76126352441484768        1.8803030727168273     
  0.76542578677188433        1.9021859983925093     
  0.76979611162301920        1.9245391552100350     
  0.77439240772730722        1.9473911199580960     
  0.77923520008058089        1.9707742389813012     
  0.78434798237333803        1.9947251751741015     
  0.78975820602833691        2.0192861991281603     
  0.79549802243457390        2.0445062658512980     
  0.80160555309109904        2.0704427512769650     
  0.80812656434285113        2.0971637464791395     
  0.81511679192634889        2.1247512298171229     
  0.82264527725843117        2.1533055975651041     
  0.83079916401382381        2.1829521704190000     
  0.83969125259394317        2.2138513575926688     
  0.84947180094631669        2.2462145119575609     
  0.86034854280312500        2.2803306947832045     
  0.87252883875279719        2.3164985342065396     
  0.88676195133164226        2.3557034847545584     
  0.90356199375406931        2.3986702012239234     
  0.92460330452087636        2.4476242192634774     
  0.95417363867558114        2.5082259990380518     
