  0.31394754261237523        1.2836374568357733     
  0.31616298175194618        1.2856466883657809     
  0.31840196885218058        1.2876797131659621     
  0.32066357723065342        1.2897328913367727     
  0.32294801237604098        1.2918064362414210     
  0.32525551151963550        1.2939005542592006     
  0.32758631498034130        1.2960154542551368     
  0.32994066576634745        1.2981513473491098     
  0.33231880956808313        1.3003084469098181     
  0.33472099485744389        1.3024869686433285     
  0.33714747287192681        1.3046871305736780     
  0.33959849765922684        1.3069091530807526     
  0.34207432611159733        1.3091532589273376     
  0.34457521800356333        1.3114196732911254     
  0.34710143601821064        1.3137086237830551     
  0.34965324576840123        1.3160203404640185     
  0.35223091589389938        1.3183550559310082     
  0.35483471802052724        1.3207130052722249     
  0.35746492682168829        1.3230944261219517     
  0.36012182009579985        1.3254995587273115     
  0.36280567871297476        1.3279286458922921     
  0.36551678673393195        1.3303819330860529     
  0.36825543145189399        1.3328596684752978     
  0.37102190336096907        1.3353621028885647     
  0.37381649623942770        1.3378894898906319     
  0.37663950718148376        1.3404420858058974     
  0.37949123665855733        1.3430201497701697     
  0.38237198852935850        1.3456239437339106     
  0.38528207006178417        1.3482537324763753     
  0.38822179204561835        1.3509097837081363     
  0.39119146874663890        1.3535923680172401     
  0.39419141806442692        1.3563017590163842     
  0.39722196138866733        1.3590382331935873     
  0.40028342386341709        1.3618020701655835     
  0.40337613429348895        1.3645935525707520     
  0.40650042521698904        1.3674129661380543     
  0.40965663291158994        1.3702605996825163     
  0.41284509752195397        1.3731367452211987     
  0.41606616307188138        1.3760416979739440     
  0.41932017750677592        1.3789757563960099     
  0.42260749269687026        1.3819392221734264     
  0.42592846457335137        1.3849324003462640     
  0.42928345306390486        1.3879555992338970     
  0.43267282225273956        1.3910091305845373     
  0.43609694044812103        1.3940933096266661     
  0.43956078546297961        1.3972229305599082     
  0.44305128963358842        1.4003547601871684     
  0.44658645723139145        1.4035483853316575     
  0.45015350743144023        1.4067588917408786     
  0.45375721963144766        1.4100016949921477     
  0.45739798834495227        1.4132771324324800     
  0.46107621283406497        1.4165855453472498     
  0.46479229697045910        1.4199272788247521     
  0.46854664929531048        1.4233026818041896     
  0.47233968307968621        1.4267121071239506     
  0.47617181638332939        1.4301559115681748     
  0.48004347211425780        1.4336344559141230     
  0.48395507808973737        1.4371481049805177     
  0.48790706710491460        1.4406972276826182     
  0.49189987698417376        1.4442821970717330     
  0.49593395066809826        1.4479033904067906     
  0.50000973624992606        1.4515611891797338     
  0.50412768707169631        1.4552559791950008     
  0.50828826176970487        1.4589881506030804     
  0.51249192435911517        1.4627580979688974     
  0.51673914429684098        1.4665662203205838     
  0.52103039655737249        1.4704129212099326     
  0.52536616170476480        1.4742986087686898     
  0.52974692597083317        1.4782236957695862     
  0.53417318132718072        1.4821885996839610     
  0.53864542557177464        1.4861937427478218     
  0.54316416241741328        1.4902395520343743     
  0.54772990150286727        1.4943264594501056     
  0.55234315861844019        1.4984549019303532     
  0.55700445564725265        1.5026253213710750     
  0.56171432075379446        1.5068381647882656     
  0.56647328843567535        1.5110938843482977     
  0.57128189960145659        1.5153929374213919     
  0.57614070171805043        1.5197357866990107     
  0.58105024890335200        1.5241229002526127     
  0.58601110198131856        1.5285547515609892     
  0.59102382869406178        1.5330318196694592     
  0.59608900376880125        1.5375545892207849     
  0.60120720911350978        1.5421235505747917     
  0.60637903384429603        1.5467391997936000     
  0.61160507458516200        1.5514020388229079     
  0.61688593574463479        1.5561125756614926     
  0.62222222957742868        1.5608713242820382     
  0.62761457656705777        1.5656788048065557     
  0.63306360594657107        1.5705355437448527     
  0.63856923372721908        1.5754420553983024     
  0.64413339800047376        1.5803989115850494     
  0.64975614732490405        1.5854066420936941     
  0.65543813814675589        1.5904657987711963     
  0.66118003496809896        1.5955769400322901     
  0.66698251034370837        1.6007406308599843     
  0.67284624472566434        1.6059574426864569     
  0.67877192601283720        1.6112279530479312     
  0.68476024831002902        1.6165527446188319     
  0.69081190870415909        1.6219324026900190     
  0.69692759879635102        1.6273675085562349     
  0.70310797923433355        1.6328586194793768     
  0.70935359455218339        1.6384062012372451     
  0.71566697613864216        1.6440122942254503     
  0.72204645313556703        1.6496756044191820     
  0.72849391850352463        1.6553976989670156     
  0.73500911656126533        1.6611782451190398     
  0.74311297611977056        1.6684238715997213     
  0.74947339754753495        1.6740528309929683     
  0.75604160255738906        1.6798695322810988     
  0.76269015586370892        1.6857560675500394     
  0.76941954836533188        1.6917128195741489     
  0.77623316732246472        1.6977428492882964     
  0.78313006481129821        1.7038452058096183     
  0.79042699587689658        1.7103128514394832     
  0.79727310691092113        1.7163585774611345     
  0.80411955230954812        1.7223995911350540     
  0.81166688799298548        1.7290841199950706     
  0.81933042389413158        1.7358710460589832     
  0.82633078684708328        1.7420392761320047     
  0.83394567991400570        1.7487705090307610     
  0.84180841411882046        1.7557225542913160     
  0.84927694225790296        1.7623109916559216     
  0.88102817496055219        1.7903318911793669     
  0.88917782850656457        1.7975185316422568     
  0.89739362574535197        1.8047599897096132     
  0.90575666014440992        1.8121322384710581     
  0.91418498915765078        1.8195581711631892     
  0.92271129383796047        1.8270683487490369     
  0.93131158809634684        1.8346411405275092     
  0.94001569214351333        1.8423030494630939     
  0.95024677558367632        1.8513709626295571     
  0.95782219917925771        1.8579753003608173     
  0.96670731572031254        1.8657843615819214     
  0.97581066100759906        1.8737886469257581     
  0.98499801135952625        1.8818629731241368     
  0.99429245634326480        1.8900293678797491     
   1.0036911966076425        1.8982849454240460     
   1.0131946372367415        1.9066299145524805     
   1.0228038991353521        1.9150651828444614     
   1.0325186524506653        1.9235918253871445     
   1.0423438720085139        1.9322109712944961     
   1.0522791459940108        1.9409239687909787     
   1.0623259233942255        1.9497320555408564     
   1.0724857041763074        1.9586364749706493     
   1.0827600371768924        1.9676385094229407     
   1.0931505133234065        1.9767394783637766     
   1.1036587633949464        1.9859407368526298     
   1.1142864576274780        1.9952436752036593     
   1.1250353071670272        2.0046497198690254     
   1.1359070656771708        2.0141603346136923     
   1.1469035313130957        2.0237770220586282     
   1.1580265491665627        2.0335013255970171     
   1.1692780136427352        2.0433348313455655     
   1.1806598702855446        2.0532791719911772     
   1.1921741211667727        2.0633360207877933     
   1.2038228262611395        2.0735071119049788     
   1.2156081048289460        2.0837942245153842     
   1.2275321416903859        2.0941991957245003     
   1.2395971899761056        2.1047239216614306     
   1.2518055751781052        2.1153703610313057     
   1.2641596992779773        2.1261405387091381     
   1.2766620456029538        2.1370365499792650     
   1.2893151835257581        2.1480605646449784     
   1.3021217738741113        2.1592148317451221     
   1.3150845747165996        2.1705016846187690     
   1.3282010100931425        2.1820343377939020     
   1.3414894601706973        2.1935897723650428     
   1.3549416768676299        2.2052908536173921     
   1.3685567660616638        2.2170248578192666     
   1.3823458863115659        2.2290130101412569     
   1.3963101497743473        2.2411498261423559     
   1.4104532337834814        2.2534384277696935     
   1.4247789414238929        2.2658820553234538     
   1.4392912497937689        2.2784841001112728     
   1.4539943224848122        2.2912481152554607     
   1.4688925230019834        2.3041778272692430     
   1.4839904298222959        2.3172771490532673     
   1.4992928524375149        2.3305501936994473     
   1.5148048491191952        2.3440012897646310     
   1.5305317465195161        2.3576349981040727     
   1.5464791611612283        2.3714561302964392     
   1.5626530232204008        2.3854697690073903     
   1.5790596030046800        2.3996812906390081     
   1.5957055404197580        2.4140963905036870     
   1.6125978777623975        2.4287211107987559     
   1.6297440967788197        2.4435618722017827     
   1.6471521602894348        2.4586255093148384     
   1.6648305593301194        2.4739193107700386     
   1.6827883666844161        2.4894510647276182     
   1.7010352981849972        2.5052291109449412     
   1.7195817829579894        2.5212624003869459     
   1.7384390444054081        2.5375605638969301     
   1.7576191943018951        2.5541339919434320     
   1.7771353421597724        2.5709939272234941     
   1.7970017239424974        2.5881525736067656     
   1.8172338534764347        2.6056232241813300     
   1.8378487025430317        2.6234204134754808     
   1.8588649162448094        2.6415600993792960     
   1.8803030727168273        2.6600598823996702     
   1.9021859983925093        2.6789392716332134     
   1.9245391552100350        2.6982200112703567     
   1.9473911199580960        2.7179264845379585     
   1.9707742389813012        2.7380862681123403     
   1.9947251751741015        2.7587305806520268     
   2.0192861991281603        2.7798953861917663     
   2.0445062658512980        2.8016222888517910     
   2.0704427512769650        2.8239599939223532     
   2.0971637464791395        2.8469662349319824     
   2.1247512298171229        2.8707104362934173     
   2.1533055975651041        2.8952775153424133     
   2.1829521704190000        2.9207733336473085     
   2.2138513575926688        2.9473332207568657     
   2.2462145119575609        2.9751352522076626     
   2.2803306947832045        3.0044226566069785     
   2.3164985342065396        3.0354203451646309     
   2.3557034847545584        3.0690338394795131     
   2.3986702012239234        3.1057916115223958     
   2.4476242192634774        3.1475828414956366     
   2.5082259990380518        3.1991405961242512     
