  0.88996418035346592        1.2836374568357733     
  0.88585155420043271        1.2856466883657809     
  0.88179465134443402        1.2876797131659621     
  0.87778609319101630        1.2897328913367727     
  0.87382531209766889        1.2918064362414210     
  0.86991191852910665        1.2939005542592006     
  0.86604552978966076        1.2960154542551368     
  0.86222576744049428        1.2981513473491098     
  0.85845225703985872        1.3003084469098181     
  0.85472462848242403        1.3024869686433285     
  0.85104251568428235        1.3046871305736780     
  0.84740555660993744        1.3069091530807526     
  0.84381339323874593        1.3091532589273376     
  0.84026567154714993        1.3114196732911254     
  0.83676204142747035        1.3137086237830551     
  0.83330215658058693        1.3160203404640185     
  0.82988567480497777        1.3183550559310082     
  0.82651225755583435        1.3207130052722249     
  0.82318157004632220        1.3230944261219517     
  0.81989328141996365        1.3254995587273115     
  0.81664706425497680        1.3279286458922921     
  0.81344259494623428        1.3303819330860529     
  0.81027955368410221        1.3328596684752978     
  0.80715762407231073        1.3353621028885647     
  0.80407649331728059        1.3378894898906319     
  0.80103585215717021        1.3404420858058974     
  0.79803539493062525        1.3430201497701697     
  0.79507481939763935        1.3456239437339106     
  0.79215382662126776        1.3482537324763753     
  0.78927212127057278        1.3509097837081363     
  0.78642941117901943        1.3535923680172401     
  0.78362540784479551        1.3563017590163842     
  0.78085982554831113        1.3590382331935873     
  0.77813238232630122        1.3618020701655835     
  0.77544279931398885        1.3645935525707520     
  0.77279080084366014        1.3674129661380543     
  0.77017611424787347        1.3702605996825163     
  0.76759847018844374        1.3731367452211987     
  0.76505760247475363        1.3760416979739440     
  0.76255324801551472        1.3789757563960099     
  0.76008514660594784        1.3819392221734264     
  0.75765304127134125        1.3849324003462640     
  0.75525667776803995        1.3879555992338970     
  0.75289580501732889        1.3910091305845373     
  0.75057017514077917        1.3940933096266661     
  0.74829786014673072        1.3972229305599082     
  0.74602513081134902        1.4003547601871684     
  0.74382152522473377        1.4035483853316575     
  0.74163491928393532        1.4067588917408786     
  0.73948237745733325        1.4100016949921477     
  0.73736366892245897        1.4132771324324800     
  0.73527856643389089        1.4165855453472498     
  0.73322684553671491        1.4199272788247521     
  0.73120828455359288        1.4233026818041896     
  0.72922266457038187        1.4267121071239506     
  0.72726976941291710        1.4301559115681748     
  0.72534938562416751        1.4336344559141230     
  0.72346130244372020        1.4371481049805177     
  0.72160531181158416        1.4406972276826182     
  0.71978120830755765        1.4442821970717330     
  0.71798878921338660        1.4479033904067906     
  0.71622785439435344        1.4515611891797338     
  0.71449820638640582        1.4552559791950008     
  0.71279965030391701        1.4589881506030804     
  0.71113199387924364        1.4627580979688974     
  0.70949504742441105        1.4665662203205838     
  0.70788862383333562        1.4704129212099326     
  0.70631253856757426        1.4742986087686898     
  0.70476660965882432        1.4782236957695862     
  0.70325065768768846        1.4821885996839610     
  0.70176450580551120        1.4861937427478218     
  0.70030797975697101        1.4902395520343743     
  0.69888090765746302        1.4943264594501056     
  0.69748312043760219        1.4984549019303532     
  0.69611445139372263        1.5026253213710750     
  0.69477473650468258        1.5068381647882656     
  0.69346381431833359        1.5110938843482977     
  0.69218152591711679        1.5153929374213919     
  0.69092771508546391        1.5197357866990107     
  0.68970222830447425        1.5241229002526127     
  0.68850491463418761        1.5285547515609892     
  0.68733562604607013        1.5330318196694592     
  0.68619421732223818        1.5375545892207849     
  0.68508054631606230        1.5421235505747917     
  0.68399447372637212        1.5467391997936000     
  0.68293586362842618        1.5514020388229079     
  0.68190458390772635        1.5561125756614926     
  0.68090050608362329        1.5608713242820382     
  0.67992350599551632        1.5656788048065557     
  0.67897346481158116        1.5705355437448527     
  0.67804837139214946        1.5754420553983024     
  0.67715153084812163        1.5803989115850494     
  0.67628123082861558        1.5854066420936941     
  0.67543735240805236        1.5904657987711963     
  0.67461977894991643        1.5955769400322901     
  0.67382839581242793        1.6007406308599843     
  0.67306308968723338        1.6059574426864569     
  0.67232374724321342        1.6112279530479312     
  0.67161025191216517        1.6165527446188319     
  0.67092247605328592        1.6219324026900190     
  0.67026026098302016        1.6273675085562349     
  0.66962335774772586        1.6328586194793768     
  0.66901123074339952        1.6384062012372451     
  0.66842797341520321        1.6440122942254503     
  0.66786779991636536        1.6496756044191820     
  0.66733326876636778        1.6553976989670156     
  0.66682195042567760        1.6611782451190398     
  0.66974953116904101        1.6684238715997213     
  0.66860179899308314        1.6740528309929683     
  0.66779312497111165        1.6798695322810988     
  0.66703464717766259        1.6857560675500394     
  0.66632496622518211        1.6917128195741489     
  0.66566891454982346        1.6977428492882964     
  0.66506189601110932        1.7038452058096183     
  0.66516874165712758        1.7103128514394832     
  0.66419265251914839        1.7163585774611345     
  0.66309518977970450        1.7223995911350540     
  0.66331427397697462        1.7290841199950706     
  0.66362549349844513        1.7358710460589832     
  0.66245699229631660        1.7420392761320047     
  0.66239509381627104        1.7487705090307610     
  0.66268411479437250        1.7557225542913160     
  0.66205663524325975        1.7623109916559216     
  0.66182880498715835        1.7903318911793669     
  0.66182431991715174        1.7975185316422568     
  0.66180272056842837        1.8047599897096132     
  0.66191199112347787        1.8121322384710581     
  0.66199828450888865        1.8195581711631892     
  0.66211979434114432        1.8270683487490369     
  0.66223143852982758        1.8346411405275092     
  0.66238491303857161        1.8423030494630939     
  0.66507150970093654        1.8513709626295571     
  0.66295839386048594        1.8579753003608173     
  0.66299709450557853        1.8657843615819214     
  0.66326727895191884        1.8737886469257581     
  0.66353460270156350        1.8818629731241368     
  0.66383643258254954        1.8900293678797491     
  0.66416582895064857        1.8982849454240460     
  0.66452134106594651        1.9066299145524805     
  0.66490271000563916        1.9150651828444614     
  0.66530732053336483        1.9235918253871445     
  0.66574110468730618        1.9322109712944961     
  0.66620122298645923        1.9409239687909787     
  0.66668783177784252        1.9497320555408564     
  0.66720113454123786        1.9586364749706493     
  0.66774137602019368        1.9676385094229407     
  0.66830882948587589        1.9767394783637766     
  0.66890379150692747        1.9859407368526298     
  0.66952657972660545        1.9952436752036593     
  0.67017753346801356        2.0046497198690254     
  0.67085701449778401        2.0141603346136923     
  0.67156540824565336        2.0237770220586282     
  0.67230312559928462        2.0335013255970171     
  0.67307060446324274        2.0433348313455655     
  0.67386831040807282        2.0532791719911772     
  0.67469674224506593        2.0633360207877933     
  0.67555643166142498        2.0735071119049788     
  0.67644794283240206        2.0837942245153842     
  0.67737187868540460        2.0941991957245003     
  0.67832888199488794        2.1047239216614306     
  0.67931963809927320        2.1153703610313057     
  0.68034487750697359        2.1261405387091381     
  0.68140537924926980        2.1370365499792650     
  0.68250197377254895        2.1480605646449784     
  0.68363554651164016        2.1592148317451221     
  0.68480704166689754        2.1705016846187690     
  0.68601056392004589        2.1820343377939020     
  0.68726675734110687        2.1935897723650428     
  0.68856229248740530        2.2052908536173921     
  0.68989336722678474        2.2170248578192666     
  0.69127102943621632        2.2290130101412569     
  0.69269370913446537        2.2411498261423559     
  0.69416293554379771        2.2534384277696935     
  0.69568029257907738        2.2658820553234538     
  0.69724747146173693        2.2784841001112728     
  0.69886627853310701        2.2912481152554607     
  0.70053864355935214        2.3041778272692430     
  0.70226662928187189        2.3172771490532673     
  0.70405244137023992        2.3305501936994473     
  0.70589843956283682        2.3440012897646310     
  0.70780715002371830        2.3576349981040727     
  0.70978127887261122        2.3714561302964392     
  0.71182372722824905        2.3854697690073903     
  0.71393760807610696        2.3996812906390081     
  0.71612626512599820        2.4140963905036870     
  0.71839329385666595        2.4287211107987559     
  0.72074256555833460        2.4435618722017827     
  0.72317825445152784        2.4586255093148384     
  0.72570486861941941        2.4739193107700386     
  0.72832728535079194        2.4894510647276182     
  0.73105079194926526        2.5052291109449412     
  0.73388113276888767        2.5212624003869459     
  0.73682456378674399        2.5375605638969301     
  0.73988791648577668        2.5541339919434320     
  0.74307867245284120        2.5709939272234941     
  0.74640505184150441        2.5881525736067656     
  0.74987611788652520        2.6056232241813300     
  0.75350190197198819        2.6234204134754808     
  0.75729355396062092        2.6415600993792960     
  0.76126352441484768        2.6600598823996702     
  0.76542578677188433        2.6789392716332134     
  0.76979611162301920        2.6982200112703567     
  0.77439240772730722        2.7179264845379585     
  0.77923520008058089        2.7380862681123403     
  0.78434798237333803        2.7587305806520268     
  0.78975820602833691        2.7798953861917663     
  0.79549802243457390        2.8016222888517910     
  0.80160555309109904        2.8239599939223532     
  0.80812656434285113        2.8469662349319824     
  0.81511679192634889        2.8707104362934173     
  0.82264527725843117        2.8952775153424133     
  0.83079916401382381        2.9207733336473085     
  0.83969125259394317        2.9473332207568657     
  0.84947180094631669        2.9751352522076626     
  0.86034854280312500        3.0044226566069785     
  0.87252883875279719        3.0354203451646309     
  0.88676195133164226        3.0690338394795131     
  0.90356199375406931        3.1057916115223958     
  0.92460330452087636        3.1475828414956366     
  0.95417363867558114        3.1991405961242512     
