   1.8201746673227901        1.1229053908009281     
   1.8146425205419572        1.1254657271724442     
   1.8091655326788538        1.1280439019320230     
   1.8036533810998225        1.1306479550865940     
   1.7981044277814489        1.1332782893268352     
   1.7925184334968463        1.1359352064429602     
   1.7868951821660111        1.1386190106374918     
   1.7812344586619635        1.1413300101474586     
   1.7755360461205907        1.1440685175564287     
   1.7697997306433833        1.1468348494361873     
   1.7640252980065143        1.1496293267198405     
   1.7582125345211173        1.1524522746939803     
   1.7523612271259903        1.1553040230682272     
   1.7464711637188746        1.1581849060175582     
   1.7405421325148622        1.1610952623228949     
   1.7345739214311926        1.1640354355018696     
   1.7285663222625909        1.1670057735106649     
   1.7225191253032803        1.1700066293173741     
   1.7164321214837117        1.1730383607886889     
   1.7103051049712863        1.1761013305369927     
   1.7041378671023231        1.1791959065687017     
   1.6979302019162490        1.1823224618566659     
   1.6916819068401356        1.1854813743706420     
   1.6853927775947890        1.1886730276391386     
   1.6790626111879732        1.1918978105680327     
   1.6726912058092054        1.1951561175416028     
   1.6662783621715638        1.1984483483973596     
   1.6598238813794994        1.2017749087241292     
   1.6533275637508114        1.2051362100721670     
   1.6467892137557922        1.2085326695939396     
   1.6402086340196838        1.2119647107147806     
   1.6335856335128534        1.2154327624579317     
   1.6269200139233955        1.2189372608605702     
   1.6202115860615525        1.2224786475102376     
   1.6134601594885740        1.2260573706549056     
   1.6066655448708378        1.2296738850909124     
   1.5998275509169471        1.2333286525795559     
   1.5929459903935690        1.2370221413838443     
   1.5860206778449730        1.2407548266118238     
   1.5790514288898705        1.2445271904103623     
   1.5720380570552288        1.2483397224040247     
   1.5649803803834139        1.2521929191750907     
   1.5578782127186233        1.2560872852602700     
   1.5507313721538605        1.2600233324481334     
   1.5435396821003753        1.2640015798100712     
   1.5367664817515068        1.2679794199601999     
   1.5290346502850500        1.2720855638217339     
   1.5221966693955209        1.2761476832057412     
   1.5148449812455318        1.2802979097429312     
   1.5074486814857444        1.2844929278897825     
   1.5000076227755852        1.2887333019382339     
   1.4925216997321165        1.2930196009665447     
   1.4849908115915045        1.2973524024605871     
   1.4774148625154053        1.3017322924360042     
   1.4697937618480108        1.3061598655678406     
   1.4621274242436804        1.3106357253353935     
   1.4544157697080893        1.3151604841793827     
   1.4466587237473583        1.3197347636497732     
   1.4388562180326079        1.3243591945039821     
   1.4310081895840527        1.3290344169601456     
   1.4231145827606759        1.3337610806613198     
   1.4151753471160022        1.3385398450737900     
   1.4071904399868553        1.3433713793940316     
   1.3991598248670709        1.3482563628977444     
   1.3910834729320207        1.3531954849630774     
   1.3829613627329318        1.3581894452875014     
   1.3747934806976645        1.3632389540223431     
   1.3665798214058555        1.3683447319343645     
   1.3583203884433142        1.3735075105087144     
   1.3500151940440048        1.3787280321789033     
   1.3416642607827756        1.3840070503481179     
   1.3332676224459812        1.3893453294841571     
   1.3248253190299670        1.3947436458861460     
   1.3163374094206985        1.4002027864788891     
   1.3078039600057023        1.4057235502870451     
   1.2992250542502579        1.4113067475727061     
   1.2906007909786896        1.4169532002356826     
   1.2819312841682073        1.4226637420524026     
   1.2732166695604930        1.4284392181241774     
   1.2644571066838894        1.4342804848599691     
   1.2556527765692740        1.4401884104375249     
   1.2468038965256563        1.4461638732999704     
   1.2379107183288254        1.4522077625362595     
   1.2289735445530467        1.4583209761760880     
   1.2199927234073633        1.4645044219086572     
   1.2109686777585040        1.4707590138494946     
   1.2019019299288707        1.4770856696256787     
   1.1927931105721679        1.4834853093672331     
   1.1836430038200279        1.4899588502553711     
   1.1744526129514048        1.4965071984143283     
   1.1650975750899311        1.5031458214803033     
   1.1558023434676998        1.5098498649492060     
   1.1464639705940725        1.5166322629522913     
   1.1370827095140252        1.5234940853146606     
   1.1276588225728472        1.5304364188606585     
   1.1181925784511508        1.5374603681023444     
   1.1086842453415999        1.5445670564423226     
   1.0991340821934754        1.5517576276601064     
   1.0895423126104853        1.5590332497040260     
   1.0799090560635702        1.5663951241975744     
   1.0702341748467727        1.5738445074043932     
   1.0605167573429435        1.5813827803088976     
   1.0507532592603417        1.5890117008931250     
   1.0409873587233545        1.5967267348942318     
   1.0311593083841648        1.6045371603567586     
   1.0213225187734731        1.6124372059316094     
   1.0113594163815507        1.6204440847826111     
  0.73948888692303705        1.6689732262225583     
  0.75327321330424601        1.6734755509819066     
  0.75996275883576692        1.6792718946531173     
  0.76674270235746955        1.6851363812532614     
  0.77367938117771029        1.6910592771420716     
  0.78062599652126963        1.6970666295355676     
  0.78777572847109067        1.7031276273124933     
  0.76654087313928820        1.7140255121746655     
  0.79233621902012064        1.7171272466751810     
  0.91075950575029641        1.7058901056289184     
  0.80614249873037258        1.7299504769473255     
  0.77105383405087180        1.7434983877958410     
  0.85159941058027533        1.7380575235889830     
  0.82654008446461358        1.7499450243492018     
  0.78106513612785688        1.7654384141012298     
  0.83403476341964899        1.7647484668014926     
  0.80393335330418725        1.8029175970759552     
  0.79642964438647612        1.8127390131654453     
  0.79918087407146687        1.8209485927841755     
  0.77514643176088338        1.8338049107779693     
  0.76363965810805901        1.8446812184735597     
  0.75107065892946268        1.8558781080368343     
  0.74279085499883268        1.8664568222187956     
  0.73230798612867054        1.8775566186715513     
  0.94678073394867690        1.8519534185931152     
  0.69630857473955454        1.9029286507599199     
  0.70046522652540122        1.9117610394804609     
  0.68849478409957277        1.9237009690032962     
  0.67886538173983424        1.9353523710324767     
  0.66846271346616004        1.9472959843851347     
  0.65788279192829424        1.9594244281133248     
  0.64726477514901892        1.9717142094100828     
  0.63664549865883879        1.9841608557225894     
  0.62601379614673158        1.9967703899854701     
  0.61544368846321384        2.0095278577455797     
  0.60487655997735978        2.0224492632942761     
  0.59431810193280832        2.0355362472262306     
  0.58377737948329544        2.0487896915494139     
  0.57326065517651992        2.0622110808809468     
  0.56277275548952455        2.0758022369769682     
  0.55231788842432727        2.0895651552687351     
  0.54190005370167804        2.1035019221674522     
  0.53152323069387120        2.1176146772415572     
  0.52119148514144042        2.1319055917591703     
  0.51090902691090689        2.1463768572780442     
  0.50068023536241257        2.1610306812275519     
  0.49050968081582286        2.1758692832815125     
  0.48040212802951920        2.1908948971499687     
  0.47036264180556148        2.2061097421340072     
  0.46039625725089484        2.2215161104967267     
  0.45050845431665876        2.2371162519095820     
  0.44070485011621408        2.2529124497410526     
  0.43099127569802748        2.2689070053901546     
  0.42137377290773825        2.2851022419140361     
  0.41185859466627067        2.3015005070702435     
  0.40245219356477308        2.3181041799308839     
  0.39316122066233639        2.3349156751593525     
  0.38399251366477416        2.3519374506892836     
  0.37495308438487068        2.3691720162283767     
  0.36543462819716993        2.3868891055359747     
  0.35677307952197201        2.4045300299557648     
  0.34815266130922640        2.4224266148721636     
  0.34023446934955087        2.4402904948285071     
  0.33195080498654789        2.4586294598454721     
  0.32384198999848368        2.4771977493011423     
  0.31591490550556106        2.4959988446056323     
  0.30817722089440025        2.5150361533172516     
  0.30063655276210210        2.5343132852794819     
  0.29330042835752168        2.5538340797563288     
  0.28617624913424722        2.5736026344510767     
  0.27927125020704135        2.5936233383715832     
  0.27259246452347013        2.6139009055099431     
  0.26614668679402381        2.6344404115309898     
  0.25994043961741786        2.6552473330046551     
  0.25397994416910269        2.6763275885967062     
  0.24827109540231257        2.6976875827333666     
  0.24281944256798949        2.7193342519851349     
  0.23763017680863857        2.7412751140202758     
  0.23270812730086854        2.7635183191029071     
  0.22805776486261442        2.7860727055489898     
  0.22368321585743106        2.8089478586794971     
  0.21958828622376403        2.8321541744463703     
  0.21577649652785752        2.8557029285342495     
  0.21225112795956100        2.8796063526417361     
  0.20901528060680694        2.9038777190342282     
  0.20607194437983303        2.9285314354915180     
  0.20342408257106404        2.9535831537196509     
  0.20107473031101528        2.9790498933069571     
  0.19902710735852330        3.0049501867070227     
  0.19728474885441788        3.0313042485264878     
  0.19585165506141000        3.0581341766587915     
  0.19473246412460454        3.0854641927208908     
  0.19393265238014573        3.1133209323717810     
  0.19345876928762490        3.1417337981204891     
  0.19331871511464416        3.1707353937923832     
  0.19352207478125183        3.2003620631560583     
  0.19408050422763934        3.2306546458752115     
  0.19500832840400381        3.2616590128136731     
  0.19632301951539405        3.2934276523816894     
  0.19804614737013310        3.3260207844239176     
  0.20020441395482810        3.3595083504992269     
  0.20283111267480847        3.3939725934245715     
  0.20596813391674365        3.4295116249944799     
  0.20966881285028799        3.4662445198153629     
  0.21400208658799003        3.5043185922886968     
  0.21905883013270178        3.5439208144116106     
  0.22496194214245629        3.5852955145930347     
  0.23188327692647337        3.6287742621006571     
  0.23992678049244615        3.6747018042089605     
  0.24992651072748864        3.7241811977594703     
  0.26210964776506801        3.7780357139422058     
  0.27795335327231002        3.8387494942383200     
  0.30105327233869733        3.9126149112735318     
