  0.75343220267061362        1.1229053908009281     
  0.75267278678875638        1.1254657271724442     
  0.75191851759791817        1.1280439019320230     
  0.75115974982843969        1.1306479550865940     
  0.75039637259856506        1.1332782893268352     
  0.74962838123338515        1.1359352064429602     
  0.74885577387265290        1.1386190106374918     
  0.74807854988297473        1.1413300101474586     
  0.74729670971739159        1.1440685175564287     
  0.74651025529062776        1.1468348494361873     
  0.74571918979850194        1.1496293267198405     
  0.74492351782805089        1.1524522746939803     
  0.74412324541817876        1.1553040230682272     
  0.74331838013744167        1.1581849060175582     
  0.74250893109802940        1.1610952623228949     
  0.74169490896678170        1.1640354355018696     
  0.74087632632369216        1.1670057735106649     
  0.74005319734959429        1.1700066293173741     
  0.73922553803606472        1.1730383607886889     
  0.73839336644504117        1.1761013305369927     
  0.73755670234446524        1.1791959065687017     
  0.73671556768197888        1.1823224618566659     
  0.73586998670116055        1.1854813743706420     
  0.73501998566462889        1.1886730276391386     
  0.73416559315430441        1.1918978105680327     
  0.73330684014108427        1.1951561175416028     
  0.73244376017610291        1.1984483483973596     
  0.73157638933120805        1.2017749087241292     
  0.73070476620844282        1.2051362100721670     
  0.72982893240068414        1.2085326695939396     
  0.72894893215746415        1.2119647107147806     
  0.72806481308822812        1.2154327624579317     
  0.72717662529721083        1.2189372608605702     
  0.72628442267676796        1.2224786475102376     
  0.72538826228712550        1.2260573706549056     
  0.72448820465144070        1.2296738850909124     
  0.72358431367045073        1.2333286525795559     
  0.72267665719662033        1.2370221413838443     
  0.72176530700610553        1.2407548266118238     
  0.72085033890758177        1.2445271904103623     
  0.71993183266786387        1.2483397224040247     
  0.71900987265140359        1.2521929191750907     
  0.71808454736314686        1.2560872852602700     
  0.71715595023671275        1.2600233324481334     
  0.71622417989798437        1.2640015798100712     
  0.71533467171353271        1.2679794199601999     
  0.71435241108949132        1.2720855638217339     
  0.71345975771768033        1.2761476832057412     
  0.71251826761581671        1.2802979097429312     
  0.71157426369882448        1.2844929278897825     
  0.71062788007589772        1.2887333019382339     
  0.70967925965018896        1.2930196009665447     
  0.70872855218979791        1.2973524024605871     
  0.70777591461416323        1.3017322924360042     
  0.70682151128894311        1.3061598655678406     
  0.70586551432236333        1.3106357253353935     
  0.70490810387017910        1.3151604841793827     
  0.70394946846001150        1.3197347636497732     
  0.70298980536641598        1.3243591945039821     
  0.70202932089728354        1.3290344169601456     
  0.70106823089227177        1.3337610806613198     
  0.70010676094697299        1.3385398450737900     
  0.69914514698594388        1.3433713793940316     
  0.69818363555966978        1.3482563628977444     
  0.69722248437872691        1.3531954849630774     
  0.69626196273961161        1.3581894452875014     
  0.69530235203130997        1.3632389540223431     
  0.69434394624335594        1.3683447319343645     
  0.69338705253206023        1.3735075105087144     
  0.69243199174430758        1.3787280321789033     
  0.69147909907894833        1.3840070503481179     
  0.69052872474540150        1.3893453294841571     
  0.68958123422562800        1.3947436458861460     
  0.68863700977711795        1.4002027864788891     
  0.68769645032606608        1.4057235502870451     
  0.68675997281011336        1.4113067475727061     
  0.68582801277243510        1.4169532002356826     
  0.68490102510382911        1.4226637420524026     
  0.68397948525161467        1.4284392181241774     
  0.68306389012664115        1.4342804848599691     
  0.68215475879353138        1.4401884104375249     
  0.68125263419683779        1.4461638732999704     
  0.68035808392464059        1.4522077625362595     
  0.67947170193457085        1.4583209761760880     
  0.67859410911885376        1.4645044219086572     
  0.67772595566575156        1.4707590138494946     
  0.67686792317103772        1.4770856696256787     
  0.67602072548680525        1.4834853093672331     
  0.67518511143276527        1.4899588502553711     
  0.67436186816267962        1.4965071984143283     
  0.67354736226398570        1.5031458214803033     
  0.67275054122056999        1.5098498649492060     
  0.67196850944056763        1.5166322629522913     
  0.67120218388894848        1.5234940853146606     
  0.67045252345553474        1.5304364188606585     
  0.66972053071935633        1.5374603681023444     
  0.66900725337466882        1.5445670564423226     
  0.66831378505429506        1.5517576276601064     
  0.66764126393921253        1.5590332497040260     
  0.66699086569318755        1.5663951241975744     
  0.66636378188078926        1.5738445074043932     
  0.66576114865269520        1.5813827803088976     
  0.66518380007297906        1.5890117008931250     
  0.66463852160723258        1.5967267348942318     
  0.66411955731950489        1.6045371603567586     
  0.66363223861363563        1.6124372059316094     
  0.66317375038855875        1.6204440847826111     
  0.66998238449360181        1.6689732262225583     
  0.66837729441419913        1.6734755509819066     
  0.66757271430055221        1.6792718946531173     
  0.66681809019453764        1.6851363812532614     
  0.66610880308667908        1.6910592771420716     
  0.66545731398010133        1.6970666295355676     
  0.66484976305536414        1.7031276273124933     
  0.66636787406910003        1.7140255121746655     
  0.66440585691899023        1.7171272466751810     
  0.66083961323631413        1.7058901056289184     
  0.66352912635835903        1.7299504769473255     
  0.66586170859514393        1.7434983877958410     
  0.66172050624609480        1.7380575235889830     
  0.66264142515725444        1.7499450243492018     
  0.66524219993758327        1.7654384141012298     
  0.66252997430886462        1.7647484668014926     
  0.66454938178334344        1.8029175970759552     
  0.66520522715598229        1.8127390131654453     
  0.66530038565187555        1.8209485927841755     
  0.66716847981501304        1.8338049107779693     
  0.66838994449535538        1.8446812184735597     
  0.66984883126779526        1.8558781080368343     
  0.67103735644366158        1.8664568222187956     
  0.67256077477937526        1.8775566186715513     
  0.66512099376331890        1.8519534185931152     
  0.67815075621992604        1.9029286507599199     
  0.67806153536396119        1.9117610394804609     
  0.68043212558676935        1.9237009690032962     
  0.68262390284060870        1.9353523710324767     
  0.68512269973961559        1.9472959843851347     
  0.68785308334851658        1.9594244281133248     
  0.69080641418139366        1.9717142094100828     
  0.69399026334464076        1.9841608557225894     
  0.69741485835922190        1.9967703899854701     
  0.70109626130032954        2.0095278577455797     
  0.70505433208913793        2.0224492632942761     
  0.70930639307502930        2.0355362472262306     
  0.71387035623256978        2.0487896915494139     
  0.71876599851014611        2.0622110808809468     
  0.72401491742434965        2.0758022369769682     
  0.72964055127737737        2.0895651552687351     
  0.73566826633476690        2.1035019221674522     
  0.74212549980242015        2.1176146772415572     
  0.74904192947951120        2.1319055917591703     
  0.75644967106666472        2.1463768572780442     
  0.76438350565800539        2.1610306812275519     
  0.77288112914444584        2.1758692832815125     
  0.78198343629796807        2.1908948971499687     
  0.79173475966500573        2.2061097421340072     
  0.80218345935312618        2.2215161104967267     
  0.81338196052916290        2.2371162519095820     
  0.82538740179853676        2.2529124497410526     
  0.83826205203614279        2.2689070053901546     
  0.85207383698176586        2.2851022419140361     
  0.86689691930185375        2.3015005070702435     
  0.88281235637409150        2.3181041799308839     
  0.89990881904631614        2.3349156751593525     
  0.91828340381032147        2.3519374506892836     
  0.93804253911087532        2.3691720162283767     
  0.96027051175737299        2.3868891055359747     
  0.98309395716464998        2.4045300299557648     
   1.0078603435907361        2.4224266148721636     
   1.0334380508430498        2.4402904948285071     
   1.0621227275812473        2.4586294598454721     
   1.0930907570445112        2.4771977493011423     
   1.1265520424132163        2.4959988446056323     
   1.1627366149092446        2.5150361533172516     
   1.2018990258939166        2.5343132852794819     
   1.2443213007108942        2.5538340797563288     
   1.2903162890594542        2.5736026344510767     
   1.3402315000136933        2.5936233383715832     
   1.3944534603044305        2.6139009055099431     
   1.4534127089585551        2.6344404115309898     
   1.5175895292642150        2.6552473330046551     
   1.5875205328240793        2.6763275885967062     
   1.6638062485914751        2.6976875827333666     
   1.7471198974934745        2.7193342519851349     
   1.8382175582719766        2.7412751140202758     
   1.9379499681815979        2.7635183191029071     
   2.0472762884841882        2.7860727055489898     
   2.1672801805236235        2.8089478586794971     
   2.2991886491409463        2.8321541744463703     
   2.4443941924402988        2.8557029285342495     
   2.6044809422446105        2.8796063526417361     
   2.7812555989141794        2.9038777190342282     
   2.9767841774537285        2.9285314354915180     
   3.1934358529327160        2.9535831537196509     
   3.4339354323935600        2.9790498933069571     
   3.7014265189648001        3.0049501867070227     
   3.9995477965193036        3.0313042485264878     
   4.3325257161188180        3.0581341766587915     
   4.7052876900003247        3.0854641927208908     
   5.1236011813537630        3.1133209323717810     
   5.5942456461941807        3.1417337981204891     
   6.1252267525751662        3.1707353937923832     
   6.7260452345838013        3.2003620631560583     
   7.4080475557892553        3.2306546458752115     
   8.1848213661060338        3.2616590128136731     
   9.0728156163335818        3.2934276523816894     
   10.092040138785961        3.3260207844239176     
   11.267050816032411        3.3595083504992269     
   12.628267744698082        3.3939725934245715     
   14.213787200728389        3.4295116249944799     
   16.071937644289321        3.4662445198153629     
   18.264928432731381        3.5043185922886968     
   20.874387464340842        3.5439208144116106     
   24.009874188568496        3.5852955145930347     
   27.822862961267802        3.6287742621006571     
   32.590705762692714        3.6747018042089605     
   38.466131303054262        3.7241811977594703     
   46.174727748953892        3.7780357139422058     
   56.694188988240953        3.8387494942383200     
   72.644047257136933        3.9126149112735318     
