           1  0.18067159947156788       0.16079125193686358        8.2986676244395347E-002   8.6936558878950118E-002
           2  0.18192597857911524       0.16115941087374389        8.2933144311795520E-002   8.7064211777947487E-002
           3  0.18318570891914365       0.16153217832763922        8.2880325440492175E-002   8.7192487809912914E-002
           4  0.18445104246461388       0.16190855995002368        8.2827581169023015E-002   8.7321665817947480E-002
           5  0.18572196440897154       0.16228855351306168        8.2774919246644652E-002   8.7451752761689650E-002
           6  0.18699845457129180       0.16267218437809047        8.2722346510515965E-002   8.7582753156434337E-002
           7  0.18828049196898239       0.16305947841633531        8.2669869946693147E-002   8.7714671459238433E-002
           8  0.18956805489047021       0.16345046161013746        8.2617496653335357E-002   8.7847512109177336E-002
           9  0.19086112089825460       0.16384516001626406        8.2565233837149477E-002   8.7981279530180562E-002
          10  0.19215966681213076       0.16424359982530484        8.2513088822728675E-002   8.8115978123860073E-002
          11  0.19346366871438037       0.16464580731619691        8.2461069047165741E-002   8.8251612273222507E-002
          12  0.19477310194372136       0.16505180886526330        8.2409182062414710E-002   8.8388186340685432E-002
          13  0.19608794109141264       0.16546163094554422        8.2357435536166382E-002   8.8525704667068772E-002
          14  0.19740815999687378       0.16587530012866036        8.2305837253226197E-002   8.8664171570389638E-002
          15  0.19873373174577677       0.16629284307609546        8.2254395115182385E-002   8.8803591345611083E-002
          16  0.20006462866929661       0.16671428652561920        8.2203117139647675E-002   8.8943968265006265E-002
          17  0.20140082232886758       0.16713965734466973        8.2152011468817676E-002   8.9085306571457704E-002
          18  0.20274228352795018       0.16756898246071117        8.2101086360480649E-002   8.9227610484562347E-002
          19  0.20408898230413483       0.16800228888227381        8.2050350192242744E-002   8.9370884197305128E-002
          20  0.20544088791832416       0.16843960373318578        8.1999811467331013E-002   8.9515131871277631E-002
          21  0.20679796886978735       0.16888095417140392        8.1949478803973172E-002   8.9660357644025510E-002
          22  0.20816019287764145       0.16932636745889731        8.1899360946590824E-002   8.9806565620494744E-002
          23  0.20952752687764944       0.16977587096295554        8.1849466766854451E-002   8.9953759871634120E-002
          24  0.21089993703384194       0.17022949209323582        8.1799805255628313E-002   9.0101944439811246E-002
          25  0.21227738872765908       0.17068725833868537        8.1750385529470573E-002   9.0251123333652136E-002
          26  0.21365984655754955       0.17114919725899694        8.1701216830350781E-002   9.0401300527644529E-002
          27  0.21504727433292331       0.17161533650102895        8.1652308529006193E-002   9.0552479959117707E-002
          28  0.21643963507858460       0.17208570377059659        8.1603670121861871E-002   9.0704665529919778E-002
          29  0.21783689103714210       0.17256032681435227        8.1555311229411578E-002   9.0857861106974719E-002
          30  0.21923900365334148       0.17303923347871969        8.1507241605993416E-002   9.1012070514704599E-002
          31  0.22064593359070586       0.17352245163278385        8.1459471129172151E-002   9.1167297541847409E-002
          32  0.22205764070717474       0.17401000926421287        8.1412009815239633E-002   9.1323545929803990E-002
          33  0.22347408409226949       0.17450193431885816        8.1364867796020840E-002   9.1480819388447571E-002
          34  0.22489522202150616       0.17499825488539703        8.1318055348036863E-002   9.1639121574870849E-002
          35  0.22632101198410229       0.17549899907652711        8.1271582874861567E-002   9.1798456104646112E-002
          36  0.22775141067688409       0.17600419505026257        8.1225460912016365E-002   9.1958826548150310E-002
          37  0.22918637401225134       0.17651387097531554        8.1179700122507858E-002   9.2120236432816915E-002
          38  0.23062585710148456       0.17702805509699815        8.1134311307875961E-002   9.2282689234461618E-002
          39  0.23206981426202755       0.17754677570606822        8.1089305404216910E-002   9.2446188379148919E-002
          40  0.23351819901881921       0.17807006113253396        8.1044693482280106E-002   9.2610737242316124E-002
          41  0.23497096411405252       0.17859793970677054        8.1000486742666730E-002   9.2776339151494899E-002
          42  0.23642806148974896       0.17913043982959601        8.0956696527542310E-002   9.2942997377017625E-002
          43  0.23788944231226519       0.17966758987685319        8.0913334306695228E-002   9.3110715140967207E-002
          44  0.23935505695039400       0.18020941828763548        8.0870411692460523E-002   9.3279495605794752E-002
          45  0.24082485497304809       0.18075595357537344        8.0827940441913312E-002   9.3449341871453206E-002
          46  0.24229757080963105       0.18131075375559788        8.0787906253344352E-002   9.3619547944226375E-002
          47  0.24377672992213251       0.18186356682892177        8.0744391123059311E-002   9.3792210533883744E-002
          48  0.24525753064620795       0.18242783051811429        8.0705441523902521E-002   9.3964562363503645E-002
          49  0.24674349537487089       0.18299359227617842        8.0664955636821994E-002   9.4138683719407187E-002
          50  0.24823337760178080       0.18356420823322883        8.0624984110263836E-002   9.4313884859081654E-002
          51  0.24972712216021481       0.18413970702550309        8.0585539605445872E-002   9.4490168502988386E-002
          52  0.25122467306428042       0.18472011746352704        8.0546634952932003E-002   9.4667537285543918E-002
          53  0.25272597355224613       0.18530546837290868        8.0508283130168917E-002   9.4845993771101589E-002
          54  0.25423096608866169       0.18589578859409298        8.0470497262541726E-002   9.5025540452147131E-002
          55  0.25573959236671590       0.18649110698179983        8.0433290624389614E-002   9.5206179747506697E-002
          56  0.25725179331127018       0.18709145240254688        8.0396676639728132E-002   9.5387914000750945E-002
          57  0.25876750908205709       0.18769685373216627        8.0360668882994549E-002   9.5570745478580008E-002
          58  0.26028667907693448       0.18830733985374959        8.0325281079843117E-002   9.5754676369140077E-002
          59  0.26180924193386707       0.18892293966084264        8.0290527108717910E-002   9.5939708779718122E-002
          60  0.26333513553689625       0.18954368204658159        8.0256421000366701E-002   9.6125844736022800E-002
          61  0.26486429701493108       0.19016959591960519        8.0222976941339272E-002   9.6313086178376112E-002
          62  0.26639666275157881       0.19080071018037947        8.0190209271562410E-002   9.6501434962424568E-002
          63  0.26793216838268996       0.19143705374265249        8.0158132488672831E-002   9.6690892854644134E-002
          64  0.26947074880498484       0.19207865551532782        8.0126761246460190E-002   9.6881461532376034E-002
          65  0.27101233817675313       0.19272554441351025        8.0096110357631298E-002   9.7073142580477473E-002
          66  0.27255686992350586       0.19337774935222685        8.0066194794013196E-002   9.7265937489948356E-002
          67  0.27410427674124210       0.19403529924918966        8.0037029688136835E-002   9.7459847655488777E-002
          68  0.27565449060089747       0.19469822302387146        8.0008630334221800E-002   9.7654874373458683E-002
          69  0.27720744275185993       0.19536654960042096        7.9981012189680151E-002   9.7851018839364035E-002
          70  0.27876306372709370       0.19604030790511368        7.9954190876058789E-002   9.8048282145956484E-002
          71  0.28032128334565787       0.19671952687383229        7.9928182181032814E-002   9.8246665280129292E-002
          72  0.28188203071504164       0.19740423545984323        7.9903002061008269E-002   9.8446169119737456E-002
          73  0.28344523425058166       0.19809446258422872        7.9878666634275369E-002   9.8646794437194082E-002
          74  0.28501082164926345       0.19879023724241318        7.9855192198706682E-002   9.8848541884537192E-002
          75  0.28657871992483752       0.19949158840159353        7.9832595216762073E-002   9.9051412003248199E-002
          76  0.28814885539034024       0.20019854507794951        7.9810892328534694E-002   9.9255405212706357E-002
          77  0.28972115367038648       0.20091113631297425        7.9790100348809179E-002   9.9460521810585484E-002
          78  0.29129553970828775       0.20162939116813269        7.9770236266917510E-002   9.9666761971062293E-002
          79  0.29287193775862530       0.20235333876821915        7.9751317254322149E-002   9.9874125737130823E-002
          80  0.29445027139218527       0.20308300830404735        7.9733360665047992E-002  0.10008261301772657     
          81  0.29603046350927287       0.20381842900757091        7.9716384032139737E-002  0.10029222358816585     
          82  0.29761243632005885       0.20455963023714382        7.9700405080342818E-002  0.10050295707720046     
          83  0.29919611135635199       0.20530664145802915        7.9685441722905939E-002  0.10071481296665703     
          84  0.30078140945698240       0.20605949231250473        7.9671512069663247E-002  0.10092779058012037     
          85  0.30236825078918966       0.20681821257011546        7.9658634418310989E-002  0.10114188908615543     
          86  0.30395655481347877       0.20758283226706417        7.9646827270430348E-002  0.10135710747831578     
          87  0.30554624025365984       0.20835338182474214        7.9636109345654751E-002  0.10157344455740240     
          88  0.30713722511500574       0.20912989201792714        7.9626499566770370E-002  0.10179089893205315     
          89  0.30872942663517788       0.20991239416177568        7.9618017076269948E-002  0.10200946899218856     
          90  0.31032276120796132       0.21070092038726637        7.9610681261505084E-002  0.10222915287100390     
          91  0.31191728091144566       0.21149500433107327        7.9604496442710171E-002  0.10245001079991002     
          92  0.31351265629760311       0.21229557515218295        7.9599509761801981E-002  0.10267192877684002     
          93  0.31510891621641424       0.21310224570390768        7.9595728406842550E-002  0.10289495668614929     
          94  0.31670597543335305       0.21391504553851359        7.9593172492667563E-002  0.10311909235614379     
          95  0.31830374814004148       0.21473400420916472        7.9591862340844033E-002  0.10334433344860421     
          96  0.31990214798526784       0.21555915119386301        7.9591818470876693E-002  0.10357067746555866     
          97  0.32150108813831890       0.21639051572018445        7.9593061576905072E-002  0.10379812176881005     
          98  0.32310048141426884       0.21722812640052744        7.9595612477074459E-002  0.10402666362399472     
          99  0.32470024056490610       0.21807201036173721        7.9599491988406199E-002  0.10425630031011114     
         100  0.32630027898423064       0.21892219111297798        7.9604720615417776E-002  0.10448702939287180     
         101  0.32790051250812130       0.21977868309015944        7.9611317749469543E-002  0.10471884943055611     
         102  0.32950086476375767       0.22064147544388671        7.9619299267328150E-002  0.10495176208061432     
         103  0.33110128498372804       0.22151047816768502        7.9628669489270290E-002  0.10518577911871727     
         104  0.33270130824724914       0.22238686122429555        7.9639620241507017E-002  0.10542074875816346     
         105  0.33430135036878156       0.22326910737986816        7.9651944060980667E-002  0.10565686710259993     
         106  0.33590108194489637       0.22415796699644727        7.9665774064575146E-002  0.10589403634361623     
         107  0.33750062965252364       0.22505282813479002        7.9681021018852993E-002  0.10613233582085020     
         108  0.33877769791172346       0.22689620434690377        7.9859376027927961E-002  0.10624788180162836     
         109  0.34043886896129166       0.22761804023469012        7.9846131484325178E-002  0.10651244994686758     
         110  0.34207035070227726       0.22843222845543787        7.9849090039753198E-002  0.10676687573896140     
         111  0.34369921653292562       0.22925928563527906        7.9854632481677179E-002  0.10702159859404620     
         112  0.34532544305575064       0.23009896418081910        7.9862742627850522E-002  0.10727664284377797     
         113  0.34694839855899928       0.23095276387356858        7.9873708325861964E-002  0.10753179963292805     
         114  0.34856836863826796       0.23181954013606576        7.9887359160530913E-002  0.10778721149209920     
         115  0.35011887526149166       0.23288813168809516        7.9936783831399169E-002  0.10801749165092592     
         116  0.35177883679120847       0.23364891870845333        7.9932818138089515E-002  0.10829109102229513     
         117  0.35345334969242836       0.23437321599257305        7.9922784690373963E-002  0.10857172017202905     
         118  0.35499578354687483       0.23547377042828252        7.9979511235589579E-002  0.10880342935051168     
         119  0.35652901459423819       0.23660174325661568        8.0041829784446558E-002  0.10903321523699037     
         120  0.35821574809408913       0.23730252707558530        8.0029013690743944E-002  0.10932313757443186     
         121  0.35978922824878468       0.23832261959993747        8.0073391235625152E-002  0.10957148241142226     
         122  0.36132642764809658       0.23944528385779179        8.0136483182956131E-002  0.10980762210085955     
         123  0.36296060144692710       0.24030047451982242        8.0153024112930113E-002  0.11008246586449172     
         124  0.36926158890711158       0.24438795611405301        8.0344173394144708E-002  0.11110928149977108     
         125  0.37083185508753702       0.24542554029692493        8.0396635248619688E-002  0.11136858116163252     
         126  0.37240416494637296       0.24645808951252338        8.0448908930568039E-002  0.11163050363304186     
         127  0.37396195871195276       0.24752990469546451        8.0509216389112279E-002  0.11188880441047346     
         128  0.37552220718476870       0.24859505695130835        8.0569079647125327E-002  0.11214993909233263     
         129  0.37707831368740186       0.24967101550920812        8.0631762178182742E-002  0.11241143727776097     
         130  0.37863526486931942       0.25074417613253169        8.0694836258321606E-002  0.11267522812083763     
         131  0.38018712797539433       0.25183021770236586        8.0761132341107045E-002  0.11293907437286228     
         132  0.38144579250174110       0.25368872908820317        8.0972508454969547E-002  0.11309381184777967     
         133  0.38325853277297756       0.25408446132049961        8.0911783781496271E-002  0.11346059522771501     
         134  0.38482225016219690       0.25513603375863542        8.0974363438261879E-002  0.11373506912381609     
         135  0.38635825613832231       0.25625878924947348        8.1051265989653259E-002  0.11400114209188525     
         136  0.38789381972731835       0.25738097156315809        8.1128993798747648E-002  0.11426916417428039     
         137  0.38942440324119559       0.25851410660822355        8.1209815764058821E-002  0.11453745337841414     
         138  0.39095071462778108       0.25965610545960865        8.1293352509289513E-002  0.11480630165470852     
         139  0.39247281455905036       0.26080656106270672        8.1379552777674072E-002  0.11507575728750617     
         140  0.39399062170755283       0.26196543209015855        8.1468438172507041E-002  0.11534581506337693     
         141  0.39550429935873671       0.26313190566578687        8.1560015897012464E-002  0.11561658398371713     
         142  0.39701310889844788       0.26430794569339444        8.1654397749880203E-002  0.11588776119037929     
         143  0.39851722707124493       0.26549266405603583        8.1751610089386972E-002  0.11615946535025103     
         144  0.40001651981621678       0.26668614627159193        8.1851704081286378E-002  0.11643167075556067     
         145  0.40151084786141933       0.26788849322375330        8.1954731067678102E-002  0.11670434888562460     
         146  0.40300006623060469       0.26909981876105310        8.2060745283424302E-002  0.11697746872096118     
         147  0.40448402558182428       0.27032024568232405        8.2169803527820773E-002  0.11725099730866971     
         148  0.40596257276229469       0.27154990413060576        8.2281964947773095E-002  0.11752489997390970     
         149  0.40743555101546064       0.27278893093040618        8.2397290957109931E-002  0.11779914039212908     
         150  0.40890279984581251       0.27403746982883148        8.2515845292345749E-002  0.11807368052447191     
         151  0.41036415485581829       0.27529567178348058        8.2637694094007438E-002  0.11834848054467716     
         152  0.41181944751854954       0.27656369539629416        8.2762906023308463E-002  0.11862349874193184     
         153  0.41326850487044142       0.27784170753614096        8.2891552415841410E-002  0.11889869139242075     
         154  0.41471114922428964       0.27912988388603865        8.3023707433908508E-002  0.11917401263984795     
         155  0.41614719792464427       0.28042840914653389        8.3159448358589336E-002  0.11944941442711222     
         156  0.41757646283281585       0.28173747911151870        8.3298855150639492E-002  0.11972484613261358     
         157  0.41899874968431827       0.28305730020733666        8.3442012058756759E-002  0.12000025459970871     
         158  0.42041385854678021       0.28438808975220198        8.3589006297385998E-002  0.12027558404909013     
         159  0.42182158263287900       0.28573007789808386        8.3739929140365696E-002  0.12055077572670968     
         160  0.42322170805714837       0.28708350806237232        8.3894875987671133E-002  0.12082576778208985     
         161  0.42461401332523618       0.28844863786397934        8.4053946650184452E-002  0.12110049506384687     
         162  0.42599826882772918       0.28982574002378420        8.4217245633891477E-002  0.12137488891641279     
         163  0.42737423621872356       0.29121510351198637        8.4384882483386783E-002  0.12164887693249762     
         164  0.42874166784453560       0.29261703454243015        8.4556972105911607E-002  0.12192238272475713     
         165  0.43010030606500704       0.29403185779157476        8.4733635150277667E-002  0.12219532565591176     
         166  0.43144988253058614       0.29545991768330115        8.4914998413106207E-002  0.12246762055206699     
         167  0.43278765355417892       0.29689690227233573        8.5108697450012011E-002  0.12274109371061509     
         168  0.43411767440557064       0.29835464639317893        8.5299617375354742E-002  0.12301147884953038     
         169  0.43543780735547816       0.29982605486837721        8.5496053633799612E-002  0.12328105519683495     
         170  0.43675179157943816       0.30131216413506950        8.5690227009486405E-002  0.12354844276582677     
         171  0.43805159672287203       0.30281237821279811        8.5897242668806759E-002  0.12381603629907596     
         172  0.43934046468106014       0.30432837605278312        8.6109872395362955E-002  0.12408235957639230     
         173  0.44061802099403824       0.30586069890672030        8.6328302530283882E-002  0.12434728329821716     
         174  0.44188387877469165       0.30740990607195501        8.6552727666811630E-002  0.12461067304212861     
         175  0.44313763101833320       0.30897659273707689        8.6783353892447498E-002  0.12487238615441239     
         176  0.44437884908897246       0.31056139252163534        8.7020399657960323E-002  0.12513227116177125     
         177  0.44560708110489666       0.31216498015766653        8.7264096707034292E-002  0.12539016714499052     
         178  0.44682185010704939       0.31378807456416741        8.7514691127381680E-002  0.12564590303055398     
         179  0.44802265213388198       0.31543144202402940        8.7772444463023527E-002  0.12589929684774542     
         180  0.44920895408176426       0.31709589972397145        8.8037634949831814E-002  0.12615015490534573     
         181  0.45038019134222945       0.31878231966108045        8.8310558880918211E-002  0.12639827088499386     
         182  0.45153576521860617       0.32049163289358540        8.8591532102931622E-002  0.12664342485269070     
         183  0.45267504006564602       0.32222483424272513        8.8880891674124038E-002  0.12688538216741860     
         184  0.45379734009859624       0.32398298754129140        8.9178997714439379E-002  0.12712389226711307     
         185  0.45490194583990951       0.32576723147288350        8.9486235467270567E-002  0.12735868732063130     
         186  0.45598809016644615       0.32757878605408369        8.9803017595808651E-002  0.12758948073251292     
         187  0.45705495382230366       0.32941896001903320        9.0129786787226523E-002  0.12781596545009657     
         188  0.45810166037545158       0.33128915911166579        9.0467018681739383E-002  0.12803781206612397     
         189  0.45912727049168872       0.33319089551176362        9.0815225197645677E-002  0.12825466667017416     
         190  0.46013077541923392       0.33512579856744551        9.1174958314895846E-002  0.12846614841026152     
         191  0.46111108950167917       0.33709562715679109        9.1546814420094144E-002  0.12867184669747581     
         192  0.46206704158140055       0.33910228389092695        9.1931439295308615E-002  0.12887131800417392     
         193  0.46299736506447220       0.34114783154804162        9.2329533882351211E-002  0.12906408217219925     
         194  0.46390068633902509       0.34323451227170304        9.2741860998030695E-002  0.12924961811828034     
         195  0.46477551129431660       0.34536476992117127        9.3169253152038348E-002  0.12942735884644552     
         196  0.46562020939874282       0.34754127653472072        9.3612621772860075E-002  0.12959668556819129     
         197  0.46643299494510293       0.34976696350361897        9.4072968077400301E-002  0.12975692079119852     
         198  0.46721190468554091       0.35204505880451042        9.4551396027651322E-002  0.12990732009254743     
         199  0.46795477103413397       0.35437913164926793        9.5049127853316179E-002  0.13004706227970153     
         200  0.46865918968689430       0.35677314649045178        9.5567522805055954E-002  0.13017523752257940     
         201  0.46932248025883744       0.35923152870185282        9.6108099954249557E-002  0.13029083295226079     
         202  0.46994163784160037       0.36175924550021699        9.6672566246112965E-002  0.13039271496623292     
         203  0.47051327295149054       0.36436190630856041        9.7262851279720522E-002  0.13047960732999750     
         204  0.47103352789986774       0.36704590535771542        9.7881155299207587E-002  0.13055006057292484     
         205  0.47149801395284102       0.36981851593694676        9.8529987379314912E-002  0.13060242979112163     
         206  0.47190164029189186       0.37268819285875404        9.9212261855642830E-002  0.13063481158712650     
         207  0.47223848389885159       0.37566478005903781        9.9931375448336995E-002  0.13064499757862738     
         208  0.47250156940804244       0.37875988188174614       0.10069133444100306       0.13063039458498502     
         209  0.47268257943749992       0.38198734894554359       0.10149692256854712       0.13058791996660279     
         210  0.47277145374383744       0.38536395069003310       0.10235393340925698       0.13051385701207113     
         211  0.47275581566746289       0.38891033905529582       0.10326950283367080       0.13040364824535569     
         212  0.47262015015421283       0.39265242564420783       0.10425258639676557       0.13025160001338154     
         213  0.47234451299269281       0.39662355577071023       0.10531470731412844       0.13005041836739187     
         214  0.47190252113661330       0.40086788450102617       0.10647112337123653       0.12979048839309917     
         215  0.47125795436330764       0.40544609432085338       0.10774279961013207       0.12945865670881912     
         216  0.47037547410989711       0.41041616620290505       0.10914830744544991       0.12904340732193451     
         217  0.46912425364158677       0.41600153857621375       0.11076917141563232       0.12849368499360300     
         218  0.46741895118203458       0.42234199944847511       0.11264925264603012       0.12778276766209759     
         219  0.46497508870491089       0.42991750353644814       0.11495561826812632       0.12680745659172241     
         220  0.46107217136022804       0.43994291143883985       0.11810686973859058       0.12531060650512602     
