           1  0.50945287903606729       0.38383820480902980        3.6585690040375214E-002   6.5570907565132272E-002
           2  0.50899386663842594       0.38310583206112869        3.6712199925132152E-002   6.5764976753892021E-002
           3  0.50853654022259953       0.38237804146855109        3.6839539851370964E-002   6.5959384013320618E-002
           4  0.50807367715523422       0.38164449622634122        3.6968541233950679E-002   6.6155600904418785E-002
           5  0.50760506443042852       0.38090499906125447        3.7099247458253666E-002   6.6353662904347493E-002
           6  0.50713061017679961       0.38015949838073315        3.7231685893326337E-002   6.6553589568366212E-002
           7  0.50665022287581651       0.37940794473442158        3.7365884177572563E-002   6.6755400381911370E-002
           8  0.50616380935977046       0.37865028850909960        3.7501870473384311E-002   6.6959115033912622E-002
           9  0.50567127452283911       0.37788647964951749        3.7639673512638507E-002   6.7164753454501944E-002
          10  0.50517252171204297       0.37711646814906735        3.7779322552052713E-002   6.7372335756268859E-002
          11  0.50466745238227340       0.37634020370818300        3.7920847426410456E-002   6.7581882280335862E-002
          12  0.50415596613165303       0.37555763582479063        3.8064278551443946E-002   6.7793413587937015E-002
          13  0.50363796066477129       0.37476871380566262        3.8209646936686062E-002   6.8006950462253926E-002
          14  0.50311333177814788       0.37397338680288411        3.8356984195298982E-002   6.8222513906884011E-002
          15  0.50258197325196097       0.37317160374845187        3.8506322567012287E-002   6.8440125157416390E-002
          16  0.50204377674340261       0.37236331328903716        3.8657694940663186E-002   6.8659805692920212E-002
          17  0.50149863213412893       0.37154846423189025        3.8811134816336731E-002   6.8881577183333070E-002
          18  0.50094642696737446       0.37072700497806055        3.8966676389901866E-002   6.9105461563991638E-002
          19  0.50038704659905620       0.36989888374846464        3.9124354541785276E-002   6.9331481010857385E-002
          20  0.49982037439464505       0.36906404886708283        3.9284204819813026E-002   6.9559657908323289E-002
          21  0.49924629108815261       0.36822244811268279        3.9446263535607151E-002   6.9790014934675321E-002
          22  0.49866467525825986       0.36737402931583851        3.9610567710004901E-002   7.0022574990137601E-002
          23  0.49807540334443007       0.36651874043524091        3.9777155080704014E-002   7.0257361191636600E-002
          24  0.49747834908680050       0.36565652901424334        3.9946064188977740E-002   7.0494396944748378E-002
          25  0.49687338375533807       0.36478734250732409        4.0117334359467773E-002   7.0733705906403488E-002
          26  0.49626037607959828       0.36391112827015637        4.0291005720399516E-002   7.0975311990302145E-002
          27  0.49563919231793474       0.36302783371199476        4.0467119205511388E-002   7.1219239351698424E-002
          28  0.49500969597930872       0.36213740606848172        4.0645716603774640E-002   7.1465512420189073E-002
          29  0.49437174763430208       0.36123979227518199        4.0826840597380946E-002   7.1714155919858719E-002
          30  0.49372520534329389       0.36033493951500467        4.1010534715038099E-002   7.1965194804389829E-002
          31  0.49306992397842109       0.35942279456303211        4.1196843438111183E-002   7.2218654344521654E-002
          32  0.49240575598631786       0.35850330469574615        4.1385812107582014E-002   7.2474560017068354E-002
          33  0.49173254990977677       0.35757641619218372        4.1577487143440547E-002   7.2732937699519287E-002
          34  0.49105015200102697       0.35664207615140497        4.1771915833118296E-002   7.2993813444292927E-002
          35  0.49035840507317296       0.35570023135391532        4.1969146505815860E-002   7.3257213627865261E-002
          36  0.48965714865970383       0.35475082852721246        4.2169228524685784E-002   7.3523164921848710E-002
          37  0.48894621860269183       0.35379381400939097        4.2372212359866386E-002   7.3791694340604994E-002
          38  0.48822544759800757       0.35282913442845193        4.2578149526989351E-002   7.4062829159885435E-002
          39  0.48749466487043697       0.35185673645404947        4.2787092648325906E-002   7.4336596953801307E-002
          40  0.48675369600396168       0.35087656672897383        4.2999095493122350E-002   7.4613025608406075E-002
          41  0.48600236250169199       0.34988857151675468        4.3214213056922413E-002   7.4892143371932549E-002
          42  0.48524048240000289       0.34889269745573176        4.3432501491194667E-002   7.5173978764237578E-002
          43  0.48446786921730312       0.34788889057889538        4.3654018271340272E-002   7.5458560707263964E-002
          44  0.48368433276719691       0.34687709728026950        4.3878822098521252E-002   7.5745918407433110E-002
          45  0.48288967917939102       0.34585726445146020        4.4106972914832794E-002   7.6036081343990355E-002
          46  0.48213253036941905       0.34488611533422320        4.4331808102943716E-002   7.6321547301124226E-002
          47  0.48126778327837411       0.34379480136460128        4.4573337468761354E-002   7.6624758747157393E-002
          48  0.48049078624132313       0.34281083993731215        4.4804661854601135E-002   7.6915507308594491E-002
          49  0.47965232863631363       0.34176104625783860        4.5046422912236768E-002   7.7216836156124208E-002
          50  0.47880188051240091       0.34070309558322420        4.5291825789100237E-002   7.7521103504737246E-002
          51  0.47793922655009508       0.33963693936840827        4.5540937968515591E-002   7.7828340323933584E-002
          52  0.47706415149889358       0.33856253384138046        4.5793827757095826E-002   7.8138577379304366E-002
          53  0.47617643570020873       0.33747983586070734        4.6050564954618851E-002   7.8451845738430309E-002
          54  0.47527585500792036       0.33638880297225926        4.6311220888159879E-002   7.8768176770179305E-002
          55  0.47436218070115077       0.33528939346150605        4.6575868448005597E-002   7.9087602144672114E-002
          56  0.47343517937986462       0.33418156639126845        4.6844582126726000E-002   7.9410153835249866E-002
          57  0.47249461284677902       0.33306528163069732        4.7117438061038734E-002   7.9735864121659603E-002
          58  0.47154023799967043       0.33194049989737540        4.7394514072812297E-002   8.0064765591694301E-002
          59  0.47057180678399513       0.33080718286200345        4.7675889701840245E-002   8.0396891134991044E-002
          60  0.46958906596239974       0.32966529307837317        4.7961646266673465E-002   8.0732273959245676E-002
          61  0.46859175722552449       0.32851479424879931        4.8251866875163314E-002   8.1070947563619544E-002
          62  0.46757961679178883       0.32735565099692621        4.8546636512391023E-002   8.1412945775420409E-002
          63  0.46655237558938462       0.32618782920808159        4.8846042042046574E-002   8.1758302714200162E-002
          64  0.46550975891238977       0.32501129586595762        4.9150172287652852E-002   8.2107052820438814E-002
          65  0.46445148646820761       0.32382601926875632        4.9459118055752947E-002   8.2459230835853187E-002
          66  0.46337727219360142       0.32263196902644420        4.9772972194820519E-002   8.2814871811872470E-002
          67  0.46228682416912459       0.32142911615787700        5.0091829640251079E-002   8.3174011105311876E-002
          68  0.46117984450416849       0.32021743316092161        5.0415787464679646E-002   8.3536684377822912E-002
          69  0.46005602929744172       0.31899689415415622        5.0744944917657499E-002   8.3902927586424467E-002
          70  0.45891506843321489       0.31776747487668616        5.1079403491364132E-002   8.4272776991750273E-002
          71  0.45775664565369212       0.31652915293401640        5.1419266945013038E-002   8.4646269135868091E-002
          72  0.45658043852046581       0.31528190795523342        5.1764641346557151E-002   8.5023440830273439E-002
          73  0.45538611758253938       0.31402572101178450        5.2115635239666183E-002   8.5404329241163562E-002
          74  0.45417334793852615       0.31276057624484921        5.2472359438305083E-002   8.5788971687498258E-002
          75  0.45294178754157505       0.31148645949668435        5.2834927329829612E-002   8.6177405828317760E-002
          76  0.45169108835865845       0.31020335955976275        5.3203454733495546E-002   8.6569669510182162E-002
          77  0.45042089600267632       0.30891126801669516        5.3578059998135759E-002   8.6965800798191786E-002
          78  0.44913084956342753       0.30761017927174511        5.3958864070457677E-002   8.7365837982076838E-002
          79  0.44782058241917078       0.30630009144814274        5.4345990407882988E-002   8.7769819469486296E-002
          80  0.44648972243676704       0.30498100670922229        5.4739564988652983E-002   8.8177783755349695E-002
          81  0.44513789155183792       0.30365293104140517        5.5139716420891591E-002   8.8589769460311829E-002
          82  0.44376470787450251       0.30231587620309508        5.5546575648214261E-002   8.9005815088645857E-002
          83  0.44236978542228672       0.30096985959606137        5.5960276032581482E-002   8.9425959054387841E-002
          84  0.44095273662486684       0.29961490642720490        5.6380952991969976E-002   8.9850239413379329E-002
          85  0.43951317166590526       0.29825104917262679        5.6808744142257048E-002   9.0278693941427429E-002
          86  0.43805070311502814       0.29687833139868686        5.7243788585177778E-002   9.0711359650501935E-002
          87  0.43656495015377073       0.29549681113985032        5.7686226245678388E-002   9.1148272355493679E-002
          88  0.43505554061380175       0.29410656219279657        5.8136197560010809E-002   9.1589466518668700E-002
          89  0.43352211891312281       0.29270768016692539        5.8593842188086685E-002   9.2034974469367897E-002
          90  0.43196435779970427       0.29130029130550072        5.9059297075135797E-002   9.2484825258188894E-002
          91  0.43036112695423889       0.28986860188098384        5.9536104808586510E-002   9.2941076383621188E-002
          92  0.42874890185515729       0.28844105577078211        6.0018399400280524E-002   9.3400156525566824E-002
          93  0.42711022938768328       0.28700462420846046        6.0509117852949663E-002   9.3863769320356782E-002
          94  0.42544459569873111       0.28555934175673903        6.1008437752260704E-002   9.4331958777080019E-002
          95  0.42375147554494214       0.28410524609711285        6.1516541055553209E-002   9.4804769293660190E-002
          96  0.42203033156474207       0.28264237763520494        6.2033614290592044E-002   9.5282245727054266E-002
          97  0.42028061292069763       0.28117077849669825        6.2559848866241580E-002   9.5764433549058198E-002
          98  0.41850175368744474       0.27969049105871641        6.3095441435052649E-002   9.6251379074286977E-002
          99  0.41669316846458032       0.27820155366852767        6.3640594743111331E-002   9.6743130085470516E-002
         100  0.41485424105740759       0.27670398937937063        6.4195519699862938E-002   9.7239737446964181E-002
         101  0.41298429988437485       0.27519777992834205        6.4760439816407708E-002   9.7741258847985624E-002
         102  0.41108253380758203       0.27368277989879625        6.5335606155267081E-002   9.8247771027564712E-002
         103  0.40914768430020487       0.27215841143386982        6.5921351812334869E-002   9.8759413067413260E-002
         104  0.40718627254523437       0.27063168220322420        6.6516649171794548E-002   9.9275257832022692E-002
         105  0.40518772996460789       0.26909309585539049        6.7123464324455609E-002   9.9796696625804607E-002
         106  0.40316089761367274       0.26755056900484436        6.7740377520650208E-002  0.10032270726102964     
         107  0.40108275443403058       0.26598755447418937        6.8371538724957479E-002  0.10085557183756479     
         108  0.33779967243234849       0.22631983001738243        8.0034096545737232E-002  0.10631967539757180     
         109  0.34145112232249397       0.22821817731260027        7.9664759521695189E-002  0.10643712727572127     
         110  0.34310633453261058       0.22904842703764813        7.9662884312068818E-002  0.10668902642370018     
         111  0.34476105841960414       0.22989291054880784        7.9663174368805045E-002  0.10694101555394024     
         112  0.34643227141590788       0.23076158566344998        7.9662534069773028E-002  0.10719180750350152     
         113  0.34808025744240356       0.23163255316712403        7.9668309142251342E-002  0.10744418052269941     
         114  0.34975524963209947       0.23253469484527112        7.9671270207666081E-002  0.10769440824295137     
         115  0.34395730584355483       0.22920209866550487        8.1062523978070178E-002  0.10849709944330760     
         116  0.35053110353698524       0.23289491822224997        8.0161517548792249E-002  0.10839013789599358     
         117  0.37844206483671006       0.25008950775904354        7.5327518093433979E-002  0.10645939274743789     
         118  0.35362258581212480       0.23463888542450304        8.0232917171947762E-002  0.10891461092537963     
         119  0.34430817242786449       0.22926162797608923        8.2305063861240341E-002  0.11001152345573011     
         120  0.36427541994348600       0.24104851529801238        7.8903027155448238E-002  0.10881505844384917     
         121  0.35799318100738259       0.23722111165931095        8.0408304869937580E-002  0.10972123548115674     
         122  0.34623285501605466       0.23032870616155049        8.2961363657339054E-002  0.11104644616521848     
         123  0.35931033794763717       0.23805386896935746        8.0838573377545991E-002  0.11039191529808001     
         124  0.35075689565484713       0.23309527816367340        8.3870409524616413E-002  0.11269639611769527     
         125  0.34855743848441634       0.23186223004393344        8.4656927242905217E-002  0.11328463316078040     
         126  0.34895440669065819       0.23215950134621632        8.4950779956545916E-002  0.11366382489393757     
         127  0.34243436824355472       0.22846141689746671        8.6584389273364787E-002  0.11460829545517247     
         128  0.33906849152330426       0.22662997022938519        8.7619990524259408E-002  0.11529729340359084     
         129  0.33535583189818485       0.22463771205583830        8.8732330108463431E-002  0.11601494497560111     
         130  0.33275738180307746       0.22329263382225129        8.9636134010316365E-002  0.11664755422335692     
         131  0.32950975194746596       0.22161533406714745        9.0675741260979770E-002  0.11733304508179969     
         132  0.38070531830771565       0.25321509964380845        8.1118195208283589E-002  0.11316522960519246     
         133  0.31847287301911253       0.21597261967344367        9.3684300314079483E-002  0.11904751654627621     
         134  0.31933205765015849       0.21652678530119940        9.3937000861491593E-002  0.11943530713185388     
         135  0.31542350933965668       0.21462428892002081        9.5146812661316152E-002  0.12017849398764034     
         136  0.31215105452892261       0.21308177111834481        9.6239584701364428E-002  0.12087686264399299     
         137  0.30859065577040429       0.21142246319583780        9.7400297637557032E-002  0.12159863598002853     
         138  0.30491614702004444       0.20973751189048717        9.8594608988531396E-002  0.12233092993768137     
         139  0.30116762999302876       0.20804853054299291        9.9814779170532900E-002  0.12307075976879925     
         140  0.29735498766374502       0.20636146619560486       0.10105911348786470       0.12381738020739450     
         141  0.29347443007215440       0.20467342808082498       0.10232887937332998       0.12457134889869891     
         142  0.28954588193088676       0.20299953529665135       0.10361986504895572       0.12533051913654189     
         143  0.28555093072255194       0.20132892073802056       0.10493642201115728       0.12609662486319703     
         144  0.28149010762309423       0.19966273292443881       0.10627877593926423       0.12686961707892999     
         145  0.27736513995033785       0.19800275126284428       0.10764689556933568       0.12764935269922512     
         146  0.27317696137442227       0.19635031141225426       0.10904091948654743       0.12843575451865716     
         147  0.26892612368423413       0.19470652523249124       0.11046107205006833       0.12922877926900259     
         148  0.26461305405502950       0.19307241463590222       0.11190761003664036       0.13002839800442198     
         149  0.26023819139823412       0.19144897910003411       0.11338079403619444       0.13083458611958695     
         150  0.25580205417247076       0.18983722730323066       0.11488087393409591       0.13164731859915602     
         151  0.25130528464772572       0.18823819530093025       0.11640807918380083       0.13246656721396907     
         152  0.24674867852914228       0.18665295670950388       0.11796261203951144       0.13329229887129518     
         153  0.24213320436518909       0.18508262758886948       0.11954464286614098       0.13412447473564418     
         154  0.23746002283368883       0.18352837057436730       0.12115430537810701       0.13496304943630952     
         155  0.23273049985799432       0.18199139601029815       0.12279169326571177       0.13580797068819778     
         156  0.22794626301322127       0.18047297976330895       0.12445684650138640       0.13665917642581188     
         157  0.22310907654441942       0.17897441083548379       0.12614977888115891       0.13751660250393136     
         158  0.21822105267074618       0.17749706765006923       0.12787043008816379       0.13838017081220511     
         159  0.21328453686256785       0.17604236972479911       0.12961869004631768       0.13924979638891730     
         160  0.20830215316435111       0.17461179035509591       0.13139438787526952       0.14012538517562856     
         161  0.20327681611639564       0.17320685667773408       0.13319728808809961       0.14100683368031261     
         162  0.19821174399342897       0.17182915023735126       0.13502708639226682       0.14189402853105407     
         163  0.19311046619188030       0.17048030569935319       0.13688340672839661       0.14278684630085664     
         164  0.18797683455579087       0.16916201119316651       0.13876579731806596       0.14368515303908264     
         165  0.18281502883594880       0.16787600694715712       0.14067372796834948       0.14458880405102612     
         166  0.17762956039663580       0.16662408385560881       0.14260658770768947       0.14549764366241505     
         167  0.17212936383933899       0.16529075230247314       0.14464301290940529       0.14643123234292652     
         168  0.16695379614081154       0.16413126811173070       0.14661356122125102       0.14734704058247700     
         169  0.16171839197179147       0.16298955409763111       0.14861952496126793       0.14827110620639020     
         170  0.15675331562893755       0.16199484096675465       0.15057207969292863       0.14918135256085058     
         171  0.15152832888606682       0.16094168198229758       0.15261759668910974       0.15011342673163028     
         172  0.14631396067785146       0.15993443804353349       0.15468252882171632       0.15104948993113265     
         173  0.14111646410268081       0.15897504085300640       0.15676579325217177       0.15198933115345553     
         174  0.13594273272438551       0.15806559286946417       0.15886613842650171       0.15293270279266113     
         175  0.13079985480529985       0.15720821807755561       0.16098225041840897       0.15387934606937748     
         176  0.12569507371187383       0.15640505761411055       0.16311276132325231       0.15482899122328431     
         177  0.12063574406065529       0.15565826560427085       0.16525625893980161       0.15578135770066309     
         178  0.11562928099820335       0.15497000471772690       0.16741129845462277       0.15673615444835562     
         179  0.11068310788723648       0.15434244279060552       0.16957641487303160       0.15769308006971672     
         180  0.10580459969289006       0.15377774985991885       0.17175013693236410       0.15865182297964656     
         181  0.10100102374069858       0.15327809607385057       0.17393100214612633       0.15961206148611848     
         182   9.6279479696376319E-002  0.15284565090761648       0.17611757256419314       0.16057346372311246     
         183   9.1646839228008328E-002  0.15248258377121859       0.17830845119049063       0.16153568742893928     
         184   8.7109686340443332E-002  0.15219106626980405       0.18050229885985031       0.16249837952965021     
         185   8.2674260073697839E-002  0.15197327648461523       0.18269785118677109       0.16346117545885586     
         186   7.8346401142839237E-002  0.15183140560190800       0.18489393521456113       0.16442369814800908     
         187   7.4131502325727974E-002  0.15176766694117333       0.18708948586541538       0.16538555668644697     
         188   7.0034464989176259E-002  0.15178430792461731       0.18928356159263429       0.16634634453182789     
         189   6.6059662060419383E-002  0.15188362517540302       0.19147535918808137       0.16730563723051559     
         190   6.2210908350902289E-002  0.15206798307938124       0.19366422753457982       0.16826298956957017     
         191   5.8491438221125798E-002  0.15233983613140012       0.19584968034938699       0.16921793209363142     
         192   5.4903891454160421E-002  0.15270175550906004       0.19803140772607569       0.17016996687757194     
         193   5.1450307189093630E-002  0.15315646036562774       0.20020928656981371       0.17111856244662738     
         194   4.8132125216874294E-002  0.15370685434541323       0.20238339021406027       0.17206314774119538     
         195   4.4950195253644604E-002  0.15435606817449904       0.20455399713847927       0.17300310492663590     
         196   4.1904792212729101E-002  0.15510750916790514       0.20672159953096012       0.17393776090437901     
         197   3.8995638235272467E-002  0.15596491897774792       0.20888691166394263       0.17486637722378282     
         198   3.6221929518243594E-002  0.15693244112523366       0.21105087896743752       0.17578813811787328     
         199   3.3582367515047007E-002  0.15801470046961746       0.21321468832504772       0.17670213623555289     
         200   3.1075193365488637E-002  0.15921689743821421       0.21537978049363177       0.17760735553769111     
         201   2.8698225084386741E-002  0.16054492073183116       0.21754786552219008       0.17850265063436374     
         202   2.6448895716614029E-002  0.16200548361947498       0.21972094279064211       0.17938672163633296     
         203   2.4324292349827491E-002  0.16360629064418042       0.22190132710175456       0.18025808321355627     
         204   2.2321165395856490E-002  0.16535625475314236       0.22409169572072726       0.18111502601879692     
         205   2.0436086791020634E-002  0.16726571980674296       0.22629508326811482       0.18195556754768624     
         206   1.8665301089554324E-002  0.16934683520887669       0.22851502114368513       0.18277739354297198     
         207   1.7004884048727440E-002  0.17161397237515846       0.23075556766555158       0.18357777238661088     
         208   1.5450741119206758E-002  0.17408428533546405       0.23302143528646829       0.18435345226607674     
         209   1.3998632725677324E-002  0.17677848211954594       0.23531814747664037       0.18510051709474551     
         210   1.2644194112583005E-002  0.17972188444095755       0.23765225976504126       0.18581418891269796     
         211   1.1382942256932467E-002  0.18294593816196456       0.24003168115468212       0.18648854738161313     
         212   1.0210299459437322E-002  0.18649038890337860       0.24246613039468987       0.18711612296808477     
         213   9.1215445444773509E-003  0.19040665509466459       0.24496787596713732       0.18768727566707594     
         214   8.1117928488667595E-003  0.19476312574502058       0.24755287079620680       0.18818921236851274     
         215   7.1758995190314484E-003  0.19965406894183949       0.25024269015418033       0.18860434339995438     
         216   6.2941096669521012E-003  0.20512947619375577       0.25306186570403721       0.18892549496840899     
         217   5.5024502840533675E-003  0.21165797511492507       0.25607563637065717       0.18905921041163037     
         218   4.7501434296484376E-003  0.21933657963249870       0.25934404586597420       0.18899426554262783     
         219   4.0383714919227844E-003  0.22895219656779489       0.26302716867963660       0.18858348794132923     
         220   3.3366661638415829E-003  0.24238893448739779       0.26753849093642335       0.18748197724021062     
