           1   1.8513582527109651      -0.18270022843438483     
           2   1.8417664960227136      -0.18175817082866175     
           3   1.8322092442674447      -0.18081565967480095     
           4   1.8225804107780499      -0.17986499356447894     
           5   1.8128776336096390      -0.17890607168315054     
           6   1.8031003337970903      -0.17793884238157887     
           7   1.7932479587446379      -0.17696325504060972     
           8   1.7833199543443561      -0.17597925917722090     
           9   1.7733157616685726      -0.17498680426890711     
          10   1.7632348226762684      -0.17398584010173934     
          11   1.7530765761949174      -0.17297631654372747     
          12   1.7428404589444608      -0.17195818362195148     
          13   1.7325259056403377      -0.17093139153583881     
          14   1.7221323493717322      -0.16989589069858901     
          15   1.7116592208094112      -0.16885163169676076     
          16   1.7011059474402102      -0.16779856526427928     
          17   1.6904719586364210      -0.16673664259434595     
          18   1.6797566790846341      -0.16566581496269883     
          19   1.6689595313801395      -0.16458603389869175     
          20   1.6580799391699130      -0.16349725138796423     
          21   1.6471173197609823      -0.16239941943936920     
          22   1.6360710908197735      -0.16129249051256433     
          23   1.6249406712210828      -0.16017641757857781     
          24   1.6137254748152432      -0.15905115376097712     
          25   1.6024249140517446      -0.15791665257163245     
          26   1.5910383998480850      -0.15677286792327028     
          27   1.5795653432063692      -0.15561975424211827     
          28   1.5680051526021797      -0.15445726632701007     
          29   1.5563572325386319      -0.15328535927880438     
          30   1.5446209895385921      -0.15210398888963095     
          31   1.5327958248499831      -0.15091311120473083     
          32   1.5208811443750119      -0.14971268317460851     
          33   1.5088763421003588      -0.14850266161361692     
          34   1.4967808200211727      -0.14728300449933496     
          35   1.4845939755300994      -0.14605367017876514     
          36   1.4723152042632306      -0.14481461757766922     
          37   1.4599438963642455      -0.14356580597781221     
          38   1.4474794437798661      -0.14230719551225768     
          39   1.4349212374956861      -0.14103874700587049     
          40   1.4222686666554725      -0.13976042194213711     
          41   1.4095211147094859      -0.13847218223248436     
          42   1.3966779674289691      -0.13717399077040948     
          43   1.3837386023210336      -0.13586581074581616     
          44   1.3707023988686411      -0.13454760635810725     
          45   1.3575687398251119      -0.13321934292397408     
          46   1.3448915918878011      -0.13192358337507137     
          47   1.3310236571968923      -0.13053310167892551     
          48   1.3181788763318369      -0.12922030483051916     
          49   1.3046746645363132      -0.12785354577707775     
          50   1.2910712185843496      -0.12647667842178212     
          51   1.2773679354925858      -0.12508967707556362     
          52   1.2635642615427229      -0.12369252003175468     
          53   1.2496596453517617      -0.12228518697951873     
          54   1.2356535382365863      -0.12086765906590369     
          55   1.2215453945180839      -0.11943991895490758     
          56   1.2073346716700017      -0.11800195087698118     
          57   1.1930208303606902      -0.11655374067203894     
          58   1.1786033346274760      -0.11509527584291934     
          59   1.1640816526798228      -0.11362654565194497     
          60   1.1494552558986215      -0.11214754109577285     
          61   1.1347236212486389      -0.11065825511736982     
          62   1.1198862286661997      -0.10915868246928984     
          63   1.1049425642027382      -0.10764881997820375     
          64   1.0898921180375498      -0.10612866645573327     
          65   1.0747343863300278      -0.10459822287488940     
          66   1.0594688708439384      -0.10305749239391382     
          67   1.0440950795458848      -0.10150648045087962     
          68   1.0286125269389736       -9.9945194838438667E-002
          69   1.0130207351104512       -9.8373645827164680E-002
          70  0.99731923326596594       -9.6791846197526787E-002
          71  0.98150755982245885       -9.5199811430210168E-002
          72  0.96558526342586504       -9.3597559855420620E-002
          73  0.94955189692793562       -9.1985112246011802E-002
          74  0.93340703274381909       -9.0362493020929691E-002
          75  0.91715024907095688       -8.8729729274456659E-002
          76  0.90078114149771005       -8.7086851703546131E-002
          77  0.88429932096198305       -8.5433894506744323E-002
          78  0.86770441352733862       -8.3770895419122304E-002
          79  0.85099606841886477       -8.2097896386349234E-002
          80  0.83417396056955317       -8.0414943789445026E-002
          81  0.81723778788093704       -7.8722088300647641E-002
          82  0.80018728929589555       -7.7019386281111935E-002
          83  0.78302224261984399       -7.5306899693462270E-002
          84  0.76574248467709827       -7.3584697593893189E-002
          85  0.74834790505264270       -7.1852855759710899E-002
          86  0.73083848182187117       -7.0111459316339442E-002
          87  0.71321431185964668       -6.8360605137907093E-002
          88  0.69547562227705439       -6.6600402588028906E-002
          89  0.67762282594709800       -6.4830977687219793E-002
          90  0.65965660216604716       -6.3052479202499789E-002
          91  0.64142132635259053       -6.1254898546950542E-002
          92  0.62319636926256916       -5.9456413569300537E-002
          93  0.60485272603106277       -5.7648814650212543E-002
          94  0.58639013104804072       -5.5832198509373931E-002
          95  0.56780832639139678       -5.4006666208247012E-002
          96  0.54910705853206432       -5.2172322862440446E-002
          97  0.53028607075210477       -5.0329276871053708E-002
          98  0.51134509409147300       -4.8477638729055528E-002
          99  0.49228381932957332       -4.6617517580732404E-002
         100  0.47310182242527571       -4.4749012162507817E-002
         101  0.45379840227668461       -4.2872189537262351E-002
         102  0.43437202292775290       -4.0987015465979049E-002
         103  0.41481828806793469       -3.9093107805181049E-002
         104  0.39518493726796988       -3.7196136830194959E-002
         105  0.37540511709601981       -3.5288645850450884E-002
         106  0.35554064230324145       -3.3376708582486536E-002
         107  0.33544925972128747       -3.1448258595822232E-002
         108  -4.3889279329527280E-003   4.4279671527114317E-004
         109   4.6018089586754036E-003  -4.6040632173216522E-004
         110   4.7482529474826103E-003  -4.7212943377594740E-004
         111   4.9067951372084688E-003  -4.8485244768237123E-004
         112   5.1571476349242850E-003  -5.0636826456162964E-004
         113   5.3174616205099922E-003  -5.1878394864957045E-004
         114   5.6227364777323196E-003  -5.4501628115044554E-004
         115  -2.8898209203992310E-002   2.8051961793282842E-003
         116  -5.9727900088233504E-003   5.7305853556854913E-004
         117  0.12908989426266321       -1.1917461924214834E-002
         118  -6.6813190050439676E-003   6.3263176067795968E-004
         119  -5.8359006111607360E-002   5.5528218405740404E-003
         120   3.0555190887367370E-002  -2.8290157772872249E-003
         121  -8.9513105921076152E-003   8.3071305296478215E-004
         122  -7.3378060959205696E-002   6.8659247582347760E-003
         123  -1.8414885193452475E-002   1.6887556043414520E-003
         124  -9.3023267439882582E-002   8.4333838843608788E-003
         125 -0.11187376266895847        1.0111856940041797E-002
         126 -0.11843241277228493        1.0641006151026922E-002
         127 -0.15743074197667034        1.4167322955616513E-002
         128 -0.18139116244685316        1.6291102056238849E-002
         129 -0.20672981495188933        1.8533413674448163E-002
         130 -0.22697980207926480        2.0286037727498929E-002
         131 -0.24998563864408074        2.2286578110938038E-002
         132  -4.1732003878332214E-003   3.4772283509809654E-004
         133 -0.31447825885547209        2.7999825689526858E-002
         134 -0.32005596578617312        2.8314097115322845E-002
         135 -0.34524598746765145        3.0471795516455735E-002
         136 -0.36770742842288556        3.2356152993081366E-002
         137 -0.39120386460685097        3.4324309408878761E-002
         138 -0.41501530767913047        3.6307917347397911E-002
         139 -0.43897481129509003        3.8290543786127174E-002
         140 -0.46303902405373915        4.0267499343960012E-002
         141 -0.48721679783844740        4.2241485888828478E-002
         142 -0.51143326394882382        4.4199111494014787E-002
         143 -0.53575210980927557        4.6149508748491996E-002
         144 -0.56016753136488884        4.8091598824859361E-002
         145 -0.58466998342421383        5.0023773596087118E-002
         146 -0.60925324674840964        5.1944779762465032E-002
         147 -0.63391281395653198        5.3853543444129848E-002
         148 -0.65864493005337743        5.5749063434965329E-002
         149 -0.68344611202540451        5.7630357715369840E-002
         150 -0.70831293161848263        5.9496438455427736E-002
         151 -0.73324189282949204        6.1346297949341988E-002
         152 -0.75822936711696942        6.3178900967163720E-002
         153 -0.78327156697455680        6.4993181373324660E-002
         154 -0.80836452369219725        6.6788039489058981E-002
         155 -0.83350408587719804        6.8562341526853920E-002
         156 -0.85868579893075769        7.0314908770508389E-002
         157 -0.88390530136450984        7.2044553478242790E-002
         158 -0.90915775884896255        7.3750027409333452E-002
         159 -0.93443823870617371        7.5430056436739168E-002
         160 -0.95974162085877013        7.7083332810902405E-002
         161 -0.98506260563839143        7.8708516384900395E-002
         162  -1.0103957174827845        8.0304235614177433E-002
         163  -1.0357353230127713        8.1869090057306693E-002
         164  -1.0610756368736494        8.3401651797975873E-002
         165  -1.0864107405899444        8.4900468283756414E-002
         166  -1.1117346025684434        8.6364065335372331E-002
         167  -1.1377451836944794        8.7865856533079434E-002
         168  -1.1629222228597988        8.9241073385761371E-002
         169  -1.1881902619215794        9.0592435842766772E-002
         170  -1.2127933694140325        9.1836100500329643E-002
         171  -1.2379691987504275        9.3101096424069496E-002
         172  -1.2630957410946388        9.4321677208134780E-002
         173  -1.2881679169762894        9.5496446540378699E-002
         174  -1.3131798775927364        9.6623912610748874E-002
         175  -1.3381259897323068        9.7702606548740967E-002
         176  -1.3630008882241889        9.8731088550013890E-002
         177  -1.3877995287765972        9.9707953874381250E-002
         178  -1.4125172468724330       0.10063183899237460     
         179  -1.4371498117937429       0.10150142693603126     
         180  -1.4616934822539238       0.10231545227806782     
         181  -1.4861450608939031       0.10307270540165359     
         182  -1.5105019449708657       0.10377203575218319     
         183  -1.5347621736315187       0.10441235402217464     
         184  -1.5589244712542860       0.10499263309144924     
         185  -1.5829882851007073       0.10551190750124029     
         186  -1.6069538158585224       0.10596927129903033     
         187  -1.6308220432494749       0.10636387425732297     
         188  -1.6545947436849169       0.10669491620491955     
         189  -1.6782745010648066       0.10696163944415504     
         190  -1.7018647104637590       0.10716331917185506     
         191  -1.7253695761116630       0.10729925183319455     
         192  -1.7487941031378100       0.10736874132397611     
         193  -1.7721440843436413       0.10737108293430930     
         194  -1.7954260841238077       0.10730554496081979     
         195  -1.8186474189068966       0.10717134776345416     
         196  -1.8418161384286822       0.10696764005764425     
         197  -1.8649410066824033       0.10669347206645075     
         198  -1.8880314867486105       0.10634776505126498     
         199  -1.9110977307913060       0.10592927652013007     
         200  -1.9341505781823110       0.10543656014084002     
         201  -1.9572015637323179       0.10486791908514448     
         202  -1.9802629414095374       0.10422135092944851     
         203  -2.0033477264032182       0.10349448167530984     
         204  -2.0264698331169284       0.10268447768025313     
         205  -2.0496438852364438       0.10178797396542949     
         206  -2.0728857964834813       0.10080091485428033     
         207  -2.0962126764830940        9.9718404899368007E-002
         208  -2.1196431826961981        9.8534501142584219E-002
         209  -2.1431979141716702        9.7241925346298608E-002
         210  -2.1668999688183388        9.5831671814381902E-002
         211  -2.1907757653014839        9.4292448043050925E-002
         212  -2.2148561626233301        9.2609879315934673E-002
         213  -2.2391783867827222        9.0765258835439067E-002
         214  -2.2637888625736471        8.8733603244654180E-002
         215  -2.2887481088856649        8.6480379988257194E-002
         216  -2.3142048395094461        8.3992908050229964E-002
         217  -2.3400868770117951        8.1082191871800546E-002
         218  -2.3667935438565801        7.7729540040242462E-002
         219  -2.3946514116580495        7.3640636200602128E-002
         220  -2.4247042927243547        6.8124293489072230E-002
