           1   30.787431753532605        29.124093892368688       0.38152715300426876       0.27282790341523427     
           2   30.781103710067885        29.126487750662754       0.38190386234067858       0.27357094060739817     
           3   30.774703740092054        29.128782342261140       0.38228825210247253       0.27432058984053420     
           4   30.768239173103499        29.131077252575256       0.38267721813582906       0.27507917137581145     
           5   30.761709361305005        29.133373893402478       0.38307082442257706       0.27584686601361458     
           6   30.755113626478931        29.135672088772935       0.38346912804240391       0.27662379721988234     
           7   30.748451281824988        29.137971630493610       0.38387218699481251       0.27741008953416851     
           8   30.741721632868778        29.140272303346752       0.38428006005647131       0.27820586937025393     
           9   30.734923977475617        29.142573887968172       0.38469280677284501       0.27901126516282371     
          10   30.728057605565038        29.144876155561150       0.38511048750623844       0.27982640720328172     
          11   30.721121799158567        29.147178871426611       0.38553316341932481       0.28065142781184038     
          12   30.714115832251384        29.149481793918131       0.38596089649292870       0.28148646133522920     
          13   30.707038970715512        29.151784674231166       0.38639374953736788       0.28233164417907447     
          14   30.699890472190223        29.154087255938730       0.38683178620627284       0.28318711482825731     
          15   30.692669586010357        29.156389275586008       0.38727507100289910       0.28405301391274618     
          16   30.685375553143999        29.158690463270201       0.38772366928487900       0.28492948426875103     
          17   30.678007605913166        29.160990537909274       0.38817764731022836       0.28581667079730633     
          18   30.670564968116739        29.163289213074371       0.38863707220588922       0.28671472073543763     
          19   30.663046854850435        29.165586194516830       0.38910201199508909       0.28762378360116964     
          20   30.655452472285841        29.167881177174340       0.38957253563173250       0.28854401112040035     
          21   30.647781017827995        29.170173851753937       0.39004871296214993       0.28947555753370185     
          22   30.640031679769603        29.172463898506543       0.39053061478397300       0.29041857939415727     
          23   30.632203637174445        29.174750986336221       0.39101831286003819       0.29137323557487338     
          24   30.624296059971886        29.177034778308180       0.39151187989197844       0.29233968753970418     
          25   30.616308108714779        29.179314928210005       0.39201138955890535       0.29331809925541708     
          26   30.608238934490902        29.181591080543733       0.39251691652594473       0.29430863723604256     
          27   30.600087678747673        29.183862868904317       0.39302853646923253       0.29531147052826479     
          28   30.591853473265786        29.186129918200240       0.39354632607238382       0.29632677085323716     
          29   30.583535440098796        29.188391845821684       0.39407036302963633       0.29735471270682684     
          30   30.575132691244473        29.190648256038642       0.39460072610039260       0.29839547318053283     
          31   30.566644328787696        29.192898746482122       0.39513749507215612       0.29944923228457676     
          32   30.558069444437120        29.195142898963052       0.39568075084150600       0.30051617261321939     
          33   30.549407119957028        29.197380294352115       0.39623057532052025       0.30159648003910272     
          34   30.540656426385063        29.199610494337527       0.39678705158020083       0.30269034298460162     
          35   30.531816424326930        29.201833052704846       0.39735026378183264       0.30379795296491752     
          36   30.522886163736214        29.204047512586932       0.39792029721144945       0.30491950452791611     
          37   30.513864683904828        29.206253409680063       0.39849723827143535       0.30605519545766380     
          38   30.504751013091450        29.208450265447809       0.39908117454297154       0.30720522653696281     
          39   30.495544168495055        29.210637589466433       0.39967219478030530       0.30836980170897865     
          40   30.486243156134922        29.212814880030233       0.40027038892392580       0.30954912816981006     
          41   30.476846970844615        29.214981627469310       0.40087584809166787       0.31074341658324639     
          42   30.467354595876152        29.217137306693232       0.40148866464528099       0.31195288080897515     
          43   30.457765003100523        29.219281386605985       0.40210893213983778       0.31317773840097396     
          44   30.448077152535969        29.221413320623224       0.40273674540584559       0.31441821024174549     
          45   30.438289992162691        29.223532545301140       0.40337220057281287       0.31567452054503586     
          46   30.428372029143869        29.225123019590018       0.40402571945089882       0.31692700391422718     
          47   30.418413206846481        29.227715317530333       0.40466633985069195       0.31823486421473485     
          48   30.408289467571159        29.229248990598357       0.40533635162165882       0.31951871365501749     
          49   30.398093217714784        29.231288052980034       0.40600369342600706       0.32083951122211435     
          50   30.387792171259438        29.233310181839251       0.40667918973484185       0.32217725074051201     
          51   30.377385200513700        29.235314712425708       0.40736294507128895       0.32353217640597659     
          52   30.366871164212561        29.237300920869856       0.40805506548068904       0.32490453411078746     
          53   30.356248907915777        29.239268065649139       0.40875565844417394       0.32629457349448643     
          54   30.345517263836701        29.241215387033964       0.40946483289990582       0.32770254798768494     
          55   30.334675050669755        29.243142106583772       0.41018269926441236       0.32912871485894218     
          56   30.323721073422732        29.245047426782413       0.41090936945283824       0.33057333526859067     
          57   30.312654123246496        29.246930530763461       0.41164495689959474       0.33203667432856604     
          58   30.301472977260968        29.248790581914037       0.41238957657949860       0.33351900115622368     
          59   30.290176398359598        29.250626722904478       0.41314334503277161       0.33502058890003078     
          60   30.278763135062455        29.252438076346127       0.41390638038085453       0.33654171484850953     
          61   30.267231921268447        29.254223742354984       0.41467880236089610       0.33808266038115253     
          62   30.255581476151249        29.255982800661840       0.41546073233313807       0.33964371115381875     
          63   30.243810503885779        29.257714307505832       0.41625229331985580       0.34122515701537159     
          64   30.231917693518078        29.259417297167587       0.41705361001735564       0.34282729216484203     
          65   30.219901718725179        29.261090780024517       0.41786480882823929       0.34445041512814861     
          66   30.207761237636117        29.262733742618813       0.41868601788211923       0.34609482883970349     
          67   30.195494892616026        29.264345146832813       0.41951736706306775       0.34776084067816526     
          68   30.183101310062224        29.265923929306481       0.42035898803453303       0.34944876251434293     
          69   30.170579100183733        29.267469000210031       0.42121101426691626       0.35115891072360578     
          70   30.157926856794489        29.268979243356565       0.42207358106310283       0.35289160627177135     
          71   30.145143157073022        29.270453514033623       0.42294682558873165       0.35464717467505846     
          72   30.132226561308510        29.271890637763239       0.42383088690623583       0.35642594600663530     
          73   30.119175612876301        29.273289415466028       0.42472590596404053       0.35822825527102770     
          74   30.105988837597234        29.274648609248839       0.42563202570218422       0.36005444167267558     
          75   30.092664743912124        29.275966954570464       0.42654939100375994       0.36190484938489620     
          76   30.079201822349713        29.277243149421949       0.42747814877915885       0.36377982700268718     
          77   30.065598545390465        29.278475855876440       0.42841844797478740       0.36567972769909080     
          78   30.051853367256886        29.279663699969827       0.42937043959517368       0.36760490929109058     
          79   30.037964723505240        29.280805264130443       0.43033427676221880       0.36955573384968238     
          80   30.023931030787338        29.281899084592862       0.43131011473996700       0.37153256760036107     
          81   30.009750686713662        29.282943653551825       0.43229811094101028       0.37353578110290842     
          82   29.995422069289784        29.283937402614772       0.43329842500934063       0.37556574827774136     
          83   29.980943536757486        29.284878704435862       0.43431121882841606       0.37762284652357825     
          84   29.966313427119012        29.285765854416489       0.43533665658013959       0.37970745558206426     
          85   29.951530058106240        29.286597076043574       0.43637490472584778       0.38181995783671530     
          86   29.936591726465267        29.287370488667293       0.43742613210015552       0.38396073623781268     
          87   29.921496707290611        29.288084080083294       0.43849050999786077       0.38613017240715197     
          88   29.906243254058857        29.288735696377568       0.43956821211486602       0.38832864579384346     
          89   29.890829597815831        29.289322992202635       0.44065941463615110       0.39055653017098652     
          90   29.875253946078420        29.289843358682230       0.44176429635862635       0.39281418846828825     
          91   29.859515445197665        29.290432447311183       0.44288304175100796       0.39511109768409780     
          92   29.843610535128096        29.290841015901641       0.44401582900437420       0.39743149166981317     
          93   29.827538162294484        29.291181113340972       0.44516284703835796       0.39978324623383449     
          94   29.811296450232383        29.291450852044353       0.44632428503294236       0.40216681076501654     
          95   29.794883499412599        29.291648307998628       0.44750033485184731       0.40458264085092094     
          96   29.778297387218622        29.291771523484083       0.44869119103217464       0.40703119855538900     
          97   29.761536168322806        29.291818513954059       0.44989705070509090       0.40951295298348223     
          98   29.744597875825825        29.291787276958615       0.45111811338657171       0.41202838096876998     
          99   29.727480524467158        29.291675819776074       0.45235458041108634       0.41457796904407779     
         100   29.710182119030137        29.291482233071644       0.45360665347079626       0.41716221861058222     
         101   29.692700676443767        29.291204855137167       0.45487453080448720       0.41978165731242378     
         102   29.675034292563765        29.290842827874062       0.45615839567030381       0.42243687796223728     
         103   29.657181366308691        29.290398098052929       0.45745837756242463       0.42512868048968683     
         104   29.639135062817292        29.289821621308867       0.45877551044001569       0.42785429438905287     
         105   29.620899618283552        29.289175974511089       0.46010890889081940       0.43061878663303832     
         106   29.602469819667970        29.288401331941383       0.46145933315221987       0.43341844438320476     
         107   29.583846445169261        29.287623088645535       0.46282644436872528       0.43626366211379747     
         108   29.560681928006645        29.564574375248004       0.46502368227268298       0.46539801629217703     
         109   29.542500952581559        29.538422765818378       0.46626823893963587       0.46587682389763313     
         110   29.523726037561978        29.519520753604009       0.46760387143676002       0.46720021703293474     
         111   29.504721450589340        29.500378561627095       0.46896222630499046       0.46854531327457827     
         112   29.485485788559490        29.480924311434741       0.47034336945225874       0.46990541841787209     
         113   29.466009368893769        29.461309212684437       0.47174891236155181       0.47129757154735091     
         114   29.446294901464128        29.441328257784551       0.47317814720547813       0.47270114076575115     
         115   29.425436988578866        29.450958322242979       0.47480000663845445       0.47726957088037264     
         116   29.405867659787052        29.411137183938365       0.47615995322186061       0.47666757322494513     
         117   29.386297406200310        29.272713268415163       0.47749874660243918       0.46684667430762505     
         118   29.364723691864064        29.370610134245183       0.47919005877853116       0.47975751231200192     
         119   29.342817824418837        29.394235350814302       0.48092148881380709       0.48593187094174822     
         120   29.322807291108749        29.295940688079266       0.48227730455743029       0.47970486123990058     
         121   29.301040779635130        29.308910317552826       0.48393848117910832       0.48469824565115666     
         122   29.278571213697568        29.343094348436505       0.48570743694356722       0.49202142011045102     
         123   29.257217064776203        29.273384578647150       0.48724771586451093       0.48881283938398340     
         124   29.166457612728962        29.247966066351847       0.49417070887712838       0.50219273403861919     
         125   29.143162198919836        29.241137173536568       0.49595561113253395       0.50563852779140728     
         126   29.119678305736393        29.223323731883522       0.49775162441232457       0.50801283629605731     
         127   29.095772377994045        29.233514462469817       0.49960225263058827       0.51335080563783542     
         128   29.071680645087483        29.230312244032643       0.50146298076466223       0.51737927296232555     
         129   29.047308970573784        29.228017097928891       0.50335119880731960       0.52158173162608457     
         130   29.022724768494687        29.221026324259025       0.50525433048526058       0.52534856283825737     
         131   28.997844483635557        29.216133331979716       0.50718738003080133       0.52941778750685986     
         132   28.968599398126965        28.972226378190175       0.50990539762296405       0.51025826937317709     
         133   28.946945387640667        29.221333231018576       0.51118899819845487       0.53951321375981531     
         134   28.921547698142682        29.200580556568791       0.51314180450688474       0.54199363960156910     
         135   28.895525680155725        29.196362855389246       0.51518462848352520       0.54646045157661394     
         136   28.869264507484193        29.189490787130790       0.51724549758231408       0.55070014961977343     
         137   28.842696835381833        29.183192200131710       0.51933686511252408       0.55509039942287897     
         138   28.815830963918977        29.176844010069438       0.52145687915648986       0.55956049212131931     
         139   28.788665807567885        29.170298162619186       0.52360546341511305       0.56409437022718112     
         140   28.761198168279446        29.163512713867007       0.52578294122341274       0.56868834488790365     
         141   28.733426402419987        29.156492978134107       0.52798977758786148       0.57334544587949066     
         142   28.705342021121233        29.149164088048707       0.53022631391599262       0.57805535245379558     
         143   28.676943008862256        29.141578922839827       0.53249317818043007       0.58282748194397294     
         144   28.648225167765279        29.133727336499526       0.53479087588903673       0.58766203726339972     
         145   28.619184220877035        29.125595820123614       0.53711991257345815       0.59255870756528206     
         146   28.589815757861530        29.117173624547409       0.53948081379181190       0.59751754518560807     
         147   28.560115246562507        29.108451358429267       0.54187412420055880       0.60253879355052908     
         148   28.530078038335844        29.099420153709698       0.54430040665463220       0.60762278076778709     
         149   28.499699368985734        29.090071246084566       0.54676024197205741       0.61276986532275313     
         150   28.468974355246253        29.080395781276238       0.54925422937909163       0.61798041074968357     
         151   28.437897990557865        29.070384703530760       0.55178298712465645       0.62325477085001957     
         152   28.406465139735758        29.060028693511718       0.55434715330365614       0.62859328139528814     
         153   28.374670532388169        29.049318138468312       0.55694738688820855       0.63399625633383572     
         154   28.342508756349268        29.038243106121502       0.55958436877938944       0.63946398450456543     
         155   28.309974248535671        29.026793334040821       0.56225880401739292       0.64499672993472301     
         156   28.277061298225281        29.014958128150980       0.56497141793519845       0.65059471207100350     
         157   28.243764010042796        29.002726669883842       0.56772296832103719       0.65625816226337097     
         158   28.210076329351232        28.990087549572909       0.57051423572889359       0.66198724711395340     
         159   28.175992011756502        28.977029061360941       0.57334603100175452       0.66778211744201865     
         160   28.141504617446543        28.963539119950802       0.57621919577456326       0.67364289714075243     
         161   28.106607499617972        28.949605255627631       0.57913460441367082       0.67956968464755907     
         162   28.071293792707234        28.935214605499617       0.58209316597431215       0.68556255408349809     
         163   28.035556398556825        28.920353915085045       0.58509582651883352       0.69162155869192921     
         164   27.999387972971601        28.905009529645302       0.58814357135667061       0.69774673284927557     
         165   27.962780910293027        28.889167394736567       0.59123742762160658       0.70393809627413961     
         166   27.925727326856300        28.872813056543521       0.59437846704062536       0.71019565879892466     
         167   27.888033850762213        28.856349556044119       0.59762673360780838       0.71668536160035679     
         168   27.850063393517782        28.838834775304555       0.60086296135388251       0.72305728531060076     
         169   27.811613134978042        28.820858520985116       0.60415320622223712       0.72951799737953804     
         170   27.772879453883782        28.801969942541284       0.60743760816930725       0.73588792140085935     
         171   27.733463893604188        28.782824622860822       0.61083242954247174       0.74247686697181003     
         172   27.693547675491192        28.763071406708264       0.61428196898903398       0.74913208467054504     
         173   27.653120307260579        28.742693862296370       0.61778771892460160       0.75585388173036239     
         174   27.612170917959222        28.721674484482794       0.62135123498537292       0.76264247628543291     
         175   27.570688139247153        28.699995421342052       0.62497415389397648       0.76949816667265680     
         176   27.528660069695313        28.677638480754897       0.62865819937975209       0.77642134753028547     
         177   27.486074236429012        28.654585134180223       0.63240518851858440       0.78341252683460327     
         178   27.442917552084342        28.630816520318902       0.63621703885932002       0.79047234492689711     
         179   27.399176268950200        28.606313441164527       0.64009577598940048       0.79760159367885342     
         180   27.354835928188937        28.581056353776390       0.64404354191202540       0.80480123698382511     
         181   27.309881303808801        28.555025355018728       0.64806260428373597       0.81207243218288006     
         182   27.264296341234665        28.528200156766371       0.65215536652845485       0.81941655198839447     
         183   27.218064089327640        28.500560050669321       0.65632437902136398       0.82683520708112090     
         184   27.171166624697793        28.472083860777619       0.66057235153589033       0.83433026938656574     
         185   27.123584967475203        28.442749881600459       0.66490216708532579       0.84190389582254777     
         186   27.075298987573127        28.412535799335515       0.66931689731166066       0.84955855238552536     
         187   27.026287298758202        28.381418595263849       0.67381981987941419       0.85729703920786815     
         188   26.976527139667741        28.349374427780283       0.67841443799883294       0.86512251620841885     
         189   26.925994239058326        28.316378491091534       0.68310450253065746       0.87303852984052444     
         190   26.874662662787109        28.282404847675160       0.68789403707826557       0.88104904123825223     
         191   26.822504638583450        28.247426231472328       0.69278736672318175       0.88915845650407643     
         192   26.769490355259467        28.211413817737768       0.69778915094199145       0.89737165957555953     
         193   26.715587731224787        28.174336955094731       0.70290442154949651       0.90569404860205549     
         194   26.660762145515594        28.136162854278084       0.70813862678987749       0.91413157721051663     
         195   26.604976125179704        28.096856226339828       0.71349768256389945       0.92269080152050331     
         196   26.548188977354741        28.056378861401548       0.71898803273341061       0.93137893536452820     
         197   26.490356356464673        28.014689136536802       0.72461672003613342       0.94020391506641343     
         198   26.431429749434333        27.971741437846465       0.73039147043697394       0.94917447707540725     
         199   26.371355860075628        27.927485477344071       0.73632079398977546       0.95830025161312360     
         200   26.310075866713973        27.881865479020114       0.74241410646019768       0.96759187682475434     
         201   26.247524521014999        27.834819200947081       0.74868187693493415       0.97706113873816680     
         202   26.183629041172278        27.786276747174764       0.75513580911366363       0.98672114511267728     
         203   26.118307741718695        27.736159109108780       0.76178906570242766       0.99658654257222012     
         204   26.051468162076326        27.684376246249975       0.76865657666873288        1.0066738245576061     
         205   25.983005502705552        27.630825211156221       0.77575528813536321        1.0170015446605356     
         206   25.912798935593528        27.575386643019353       0.78310477681624580        1.0275909763493654     
         207   25.840708524755858        27.517921329189278       0.79072774749350538        1.0384665628271323     
         208   25.766570263642695        27.458265111489595       0.79865084650974183        1.0496567434882533     
         209   25.690189516941231        27.396222095271110       0.80690573501539697        1.0611950217199171     
         210   25.611331953133284        27.331555275222591       0.81553057246733462        1.0731214465231000     
         211   25.529710593878431        27.263973175207909       0.82457213576289756        1.0854847317292882     
         212   25.444967215029475        27.193110613993422       0.83408885877090078        1.0983452921482662     
         213   25.356643294620348        27.118498831269065       0.84415558672508617        1.1117800095708013     
         214   25.264134689224388        27.039518745126678       0.85487098523054772        1.1258896357139245     
         215   25.166615129753890        26.955322183952159       0.86637004767015180        1.1408113108436213     
         216   25.063270096042093        26.865141070407557       0.87876359940344129        1.1566811908302670     
         217   24.951165426805645        26.765751370893721       0.89259802127252463        1.1739785870663539     
         218   24.828347030894438        26.655348657888123       0.90812586749725588        1.1930277371275271     
         219   24.688414329606665        26.527279506720664       0.92641538109086474        1.2148760214093153     
         220   24.515186799120830        26.364909015499236       0.95011087464406485        1.2421695200843479     
