  0.16611295911103455       0.14783458350134066     
  0.16764998339754988       0.14851299835439630     
  0.16920122959468542       0.14920073925749516     
  0.17076682929615997       0.14989674793449345     
  0.17234691531331395       0.15060109706272706     
  0.17394162168637606       0.15131388983325947     
  0.17555108369583380       0.15203523128450747     
  0.17717543787390988       0.15276522789243757     
  0.17881482201614385       0.15350398755193931     
  0.18046937519308182       0.15425161966436204     
  0.18213923776207383       0.15500823510985295     
  0.18382455137918041       0.15577394628004643     
  0.18552545901118958       0.15654886710040775     
  0.18724210494774471       0.15733311305581862     
  0.18897463481358476       0.15812680120462588     
  0.19072319558089793       0.15893005018750331     
  0.19248793558178917       0.15974298031211021     
  0.19426900452086363       0.16056571349966359     
  0.19606655348792607       0.16139837333376220     
  0.19788073497079806       0.16224108512500177     
  0.19971170286825338       0.16309397584472135     
  0.20155961250307400       0.16395717423085795     
  0.20342462063522559       0.16483081081666839     
  0.20530688547515610       0.16571501788581300     
  0.20720656669721660       0.16660992954221113     
  0.20912382545320687       0.16751568172827688     
  0.21105882438604581       0.16843241227251154     
  0.21301172764356885       0.16936026088578965     
  0.21498270089245250       0.17029936916933169     
  0.21697191133226831       0.17124988071335004     
  0.21897952770966628       0.17221194103697263     
  0.22100572033268995       0.17318569773173698     
  0.22305066108522392       0.17417130030344341     
  0.22511452344157462       0.17516890042184244     
  0.22719748248118662       0.17617865181230230     
  0.22929971490349454       0.17720071031349449     
  0.23142139904291278       0.17823523386867712     
  0.23356271488396377       0.17928238263799023     
  0.23572384407654626       0.18034231899533512     
  0.23790496995134464       0.18141520755543128     
  0.24010627753538147       0.18250121516148882     
  0.24232795356771314       0.18360051100563823     
  0.24457018651527124       0.18471326654863363     
  0.24683316658885052       0.18583965566388905     
  0.24911708575924443       0.18697985468887660     
  0.25142213777353034       0.18813864768944927     
  0.25374851817150523       0.18930277146208316     
  0.25609642430227370       0.19049003292911779     
  0.25846605534098882       0.19168745209045140     
  0.26085761230574905       0.19289960732569861     
  0.26327129807465000       0.19412669027030224     
  0.26570731740299558       0.19536889543106942     
  0.26816587694066696       0.19662642002979211     
  0.27064718524965314       0.19789946404565734     
  0.27315145282174347       0.19918823025794272     
  0.27567889209638385       0.20049292428694554     
  0.27822971747869829       0.20181375463555951     
  0.28080414535767678       0.20315093273206056     
  0.28340239412453211       0.20450467298038247     
  0.28602468419122573       0.20587519279294803     
  0.28867123800916705       0.20726271265893120     
  0.29134228008808105       0.20866745616184507     
  0.29403803701505787       0.21008965005663846     
  0.29675873747376980       0.21152952429593502     
  0.29950461226387559       0.21298731209523961     
  0.30227589432059448       0.21446324997624644     
  0.30507281873447112       0.21595757782290140     
  0.30789562277131388       0.21747053893345092     
  0.31074454589232697       0.21900238007850623     
  0.31361982977441938       0.22055335155276135     
  0.31652171833071158       0.22212370724106303     
  0.31945045773122172       0.22371370468619153     
  0.32240629642375340       0.22532360507911384     
  0.32538948515496813       0.22695367346347201     
  0.32840027699165802       0.22860417865559457     
  0.33143892734221347       0.23027539341158099     
  0.33450569397828950       0.23196759445738585     
  0.33760083705667282       0.23368106254478371     
  0.34072461914135149       0.23541608257669891     
  0.34387730522578813       0.23717294367756389     
  0.34705916275539955       0.23895193922591901     
  0.35027046165024478       0.24075336704381700     
  0.35351147432792218       0.24257752944087904     
  0.35678247572667915       0.24442473338683060     
  0.36008374332873555       0.24629529051556051     
  0.36341555718382246       0.24818951740133949     
  0.36677819993293909       0.25010773581169571     
  0.37017195683233001       0.25205027274509867     
  0.37359711577768284       0.25401746078937493     
  0.37705396732855162       0.25600963861801940     
  0.38054280473300461       0.25802642899421452     
  0.38406392395250111       0.26006947404797270     
  0.38761762368699793       0.26213852363790607     
  0.39120420540028888       0.26423393274646700     
  0.39482397334557767       0.26635606162252129     
  0.39847723459128814       0.26850527575242022     
  0.40216429904711359       0.27068194567855075     
  0.40588547949030612       0.27288644652253108     
  0.40964109159221035       0.27511915671781872     
  0.41343145394504172       0.27738045475911743     
  0.41725688808891320       0.27967071070743782     
  0.42111771853911173       0.28199026069522176     
  0.42501427281362752       0.28433932173855592     
  0.42894688146093679       0.28672009467770537     
  0.43291587808804383       0.28913057504752326     
  0.43692159938878039       0.29157231911474424     
  0.44096438517236747       0.29404473138889781     
  0.44504457839224260       0.29806839772752802     
  0.44916252517515221       0.30031087237238274     
  0.45331857485051374       0.30272302770687537     
  0.45751307998005036       0.30517707588365861     
  0.46174639638769888       0.30767315197763301     
  0.46601888318979379       0.31021428413267099     
  0.47033090282553264       0.31279916198576557     
  0.47468282108772147       0.31574417478917510     
  0.47907500715380524       0.31819809975711588     
  0.48350783361718624       0.32061171869236188     
  0.48798167651883051       0.32368521147415497     
  0.49249691537916873       0.32683350851496284     
  0.49705393323029068       0.32927685361679254     
  0.50165311664843848       0.33229256326556716     
  0.50629485578680022       0.33551355833202018     
  0.51097954440860682       0.33829739784929608     
  0.53015579722567163       0.35087237773488050     
  0.53506126842029456       0.35411656008627002     
  0.54001212938103371       0.35738149636431826     
  0.54500880009422437       0.36074786005018555     
  0.55005170443228668       0.36413328472536405     
  0.55514127018968473       0.36757002364827568     
  0.56027792911921581       0.37103365897713103     
  0.56546211696863646       0.37455357517487686     
  0.57069427351762814       0.37955250206604818     
  0.57597484261510290       0.38184735656415481     
  0.58130427221685665       0.38540304350345583     
  0.58668301442356907       0.38912764658402998     
  0.59211152551915625       0.39288648584037000     
  0.59759026600947684       0.39670219033378795     
  0.60311970066139808       0.40057149594624447     
  0.60870029854222207       0.40449433869451940     
  0.61433253305947699       0.40847136607587520     
  0.62001688200107719       0.41250177044958808     
  0.62575382757585440       0.41659004443265940     
  0.63154385645446287       0.42073528953954803     
  0.63738745981066591       0.42493846358355958     
  0.64328513336300142       0.42920057081330604     
  0.64923737741683396       0.43352265976005849     
  0.65524469690679732       0.43790581641660925     
  0.66130760143962752       0.44235116195531887     
  0.66742660533739384       0.44685985229008424     
  0.67360222768112887       0.45143307948589823     
  0.67983499235486333       0.45607207332230743     
  0.68612542809006649       0.46077810322302915     
  0.69247406851050020       0.46555248065606242     
  0.69888145217748598       0.47039656146524933     
  0.70534812263559210       0.47531174764995260     
  0.71187462845874250       0.48029949270803024     
  0.71846152329675317       0.48536130296438629     
  0.72510936592229924       0.49049873890664675     
  0.73181872027831507       0.49571342141207086     
  0.73859015552583529       0.50100703445027028     
  0.74542424609227642       0.50638132908582878     
  0.75232157172016667       0.51183812755781066     
  0.75928271751632570       0.51737932808662812     
  0.76630827400149948       0.52300690952425866     
  0.77339883716045599       0.52872293671365533     
  0.78055500849254189       0.53452956622405767     
  0.78777739506270883       0.54042361503043368     
  0.79506660955301134       0.54642285061768603     
  0.80242327031458105       0.55251840655304885     
  0.80984800142008162       0.55870876464158203     
  0.81734143271665316       0.56500445359491280     
  0.82490419987933339       0.57140594989501381     
  0.83253694446499615       0.57791628931848538     
  0.84024031396676091       0.58453862745713203     
  0.84801496186893366       0.59127628792483522     
  0.85586154770242984       0.59813277478238236     
  0.86378073710073633       0.60511178590124715     
  0.87177320185636298       0.61221722796593292     
  0.87983961997784732       0.61945323245966755     
  0.88798067574725470       0.62682417337194052     
  0.89619705977824238       0.63433468674127369     
  0.90448946907462902       0.64198969208659928     
  0.91285860708953814       0.64979441613086275     
  0.92130518378505766       0.65775441921962219     
  0.92982991569248030       0.66587562472727768     
  0.93843352597307506       0.67416435178932244     
  0.94711674447944605       0.68262735229937355     
  0.95588030781743383       0.69127185247200096     
  0.96472495940861547       0.70010559992150401     
  0.97365144955335647       0.70913691713105964     
  0.98266053549447330       0.71837476269052380     
  0.99175298148145641       0.72782880147653295     
   1.0009295588353173       0.73750948557009077     
   1.0101910460140053       0.74742814828788973     
   1.0195382286784607       0.75759711348131176     
   1.0289718997592461       0.76802982418325139     
   1.0384928595238292       0.77874099395260554     
   1.0481019156444524       0.78974678689857924     
   1.0577998832666660       0.80106503297814347     
   1.0675875850784615       0.81271548763836565     
   1.0774658513800763       0.82472014701243312     
   1.0874355201544128       0.83710363505562224     
   1.0974974371381416       0.84989368281995448     
   1.1076524558934342       0.86312178308786702     
   1.1179014378803755       0.87682373729372598     
   1.1282452525300446       0.89104094659811595     
   1.1386847773182651       0.90582148853303301     
   1.1492208978400458       0.92122185343691931     
   1.1598545078847047       0.93730923859443471     
   1.1705865095116910       0.95416472030543209     
   1.1814178131271063       0.97188778443799773     
   1.1923493375609369       0.99060283285806294     
   1.2033820101449981        1.0104693474476707     
   1.2145167667916015        1.0316977451659595     
   1.2257545520729471        1.0545761427102573     
   1.2370963193012556        1.0794022149052842     
   1.2485430306096357        1.1071604541449229     
   1.2600956570337050        1.1385745441902184     
   1.2717551785939625        1.1758690406695149     
   1.2835225843789262        1.2247034146591256     
