   1.0811930775644498        2.0334117307078214     
   1.0811733765289382        2.0332901661043539     
   1.0811532641264137        2.0331729827944569     
   1.0811331292171298        2.0330558154382672     
   1.0811129707887668        2.0329386676203018     
   1.0810927888391137        2.0328215393111142     
   1.0810725833549111        2.0327044305316950     
   1.0810523543263868        2.0325873412875688     
   1.0810321017374660        2.0324702716160186     
   1.0810118255873742        2.0323532214761153     
   1.0809915258543363        2.0322361909334488     
   1.0809712025311820        2.0321191799791345     
   1.0809508556108742        2.0320021886050608     
   1.0809304850757355        2.0318852168550321     
   1.0809100909196105        2.0317682647161730     
   1.0808896731321838        2.0316513321955960     
   1.0808692317006563        2.0315344193129783     
   1.0808487666076712        2.0314175261107477     
   1.0808282778512841        2.0313006525545121     
   1.0808077654164672        2.0311837986749124     
   1.0807872292912044        2.0310669644875863     
   1.0807666694697955        2.0309501499766665     
   1.0807460859321876        2.0308333551976161     
   1.0807254786715335        2.0307165801403295     
   1.0807048476775762        2.0305998248115569     
   1.0806841929411717        2.0304830892124457     
   1.0806635144452128        2.0303663733834436     
   1.0806428121815477        2.0302496773210175     
   1.0806220861391767        2.0301330010346073     
   1.0806013363045972        2.0300163445472617     
   1.0805805626686327        2.0298997078601309     
   1.0805597652217718        2.0297830909758239     
   1.0805389439521824        2.0296664939088425     
   1.0805180988418921        2.0295499167024174     
   1.0804972298883311        2.0294333593262359     
   1.0804763370774189        2.0293168218051920     
   1.0804554203941950        2.0292003041670634     
   1.0804344798264702        2.0290838064296253     
   1.0804135153693792        2.0289673285707872     
   1.0803925270091626        2.0288508706151389     
   1.0803715147342869        2.0287344325736427     
   1.0803504785273887        2.0286180144882873     
   1.0803294183866492        2.0285016163224938     
   1.0803083342973963        2.0283852381045864     
   1.0802872262425014        2.0282688798741124     
   1.0802660942150604        2.0281525416195754     
   1.0802449382068049        2.0280362233379905     
   1.0802237581976599        2.0279199250820890     
   1.0802025541840796        2.0278036468252814     
   1.0801813261497351        2.0276873886029119     
   1.0801600740842014        2.0275711504209566     
   1.0801387979768511        2.0274549322872519     
   1.0801174978162027        2.0273387342125906     
   1.0800961735899668        2.0272225562127053     
   1.0800748252877863        2.0271063982933226     
   1.0800534528923369        2.0269902604941343     
   1.0800320564009798        2.0268741427832841     
   1.0800106357940096        2.0267580452125613     
   1.0799891910657038        2.0266419677643182     
   1.0799677221985957        2.0265259104788695     
   1.0799462291887370        2.0264098733308762     
   1.0799247120187521        2.0262938563600894     
   1.0799031706756508        2.0261778595845721     
   1.0798816051478473        2.0260618830161548     
   1.0798600154314446        2.0259459266276405     
   1.0798384015010447        2.0258299904992501     
   1.0798167633576545        2.0257140745796152     
   1.0797951009842142        2.0255981789067219     
   1.0797734143646887        2.0254823035150435     
   1.0797517034953710        2.0253664483742413     
   1.0797299683617052        2.0252506135121644     
   1.0797082089444758        2.0251347989768242     
   1.0796864252453788        2.0250190047134367     
   1.0796646172367730        2.0249032308118253     
   1.0796427849212857        2.0247874772141095     
   1.0796209282761657        2.0246717439841100     
   1.0795990472983934        2.0245560310914792     
   1.0795771419678324        2.0244403385896659     
   1.0795552122775101        2.0243246664652372     
   1.0795332582136077        2.0242090147402854     
   1.0795112797643247        2.0240933834270263     
   1.0794892769187070        2.0239777725315893     
   1.0794672496637214        2.0238621820731488     
   1.0794451979883495        2.0237466120579528     
   1.0794231218788015        2.0236310625069782     
   1.0794010213193379        2.0235155334520871     
   1.0793788963059872        2.0234000248657202     
   1.0793567468212932        2.0232845367865249     
   1.0793345728524859        2.0231690692305273     
   1.0793123743933146        2.0230536221815445     
   1.0792901514268951        2.0229381956760699     
   1.0792679039386024        2.0228227897387789     
   1.0792456319251877        2.0227074043382887     
   1.0792233353628526        2.0225920395448984     
   1.0792010142481248        2.0224766953284474     
   1.0791786685659022        2.0223613717160465     
   1.0791562982977692        2.0222460687506616     
   1.0791339034494589        2.0221307863573439     
   1.0791114839870477        2.0220155246547797     
   1.0790890399071664        2.0219002836130726     
   1.0790665712046044        2.0217850632087861     
   1.0790440778561288        2.0216698635101844     
   1.0790215598558863        2.0215546844980365     
   1.0789990171887749        2.0214395261987406     
   1.0789764498417675        2.0213243886293872     
   1.0789538577997844        2.0212092718154873     
   1.0789312410612948        2.0210941757168053     
   1.0789085996043357        2.0209791003941842     
   1.0788859334155829        2.0208640458645450     
   1.0788632424934266        2.0207490120883271     
   1.0788405268068155        2.0206339991701556     
   1.0788177863616297        2.0205190070325854     
   1.0787950211365636        2.0204040357328457     
   1.0787722311189665        2.0202890852845008     
   1.0787494163039053        2.0201741556643995     
   1.0787265766634857        2.0200592469598719     
   1.0787037121957408        2.0199443591342501     
   1.0786808228909881        2.0198294921855542     
   1.0786579087310355        2.0197146461545583     
   1.0786349697024937        2.0195998210586996     
   1.0786120057950430        2.0194850169012755     
   1.0785890169933026        2.0193702337082491     
   1.0785660032920865        2.0192554714573654     
   1.0785429646689204        2.0191407302091644     
   1.0785199011149451        2.0190260099593833     
   1.0784968126176160        2.0189113107198686     
   1.0784736991703812        2.0187966324756510     
   1.0784505607473036        2.0186819753044918     
   1.0784273973492262        2.0185673391524044     
   1.0784042089508767        2.0184527240959476     
   1.0783809955549932        2.0183381300713132     
   1.0783577571257563        2.0182235572068099     
   1.0783344936741313        2.0181090053979882     
   1.0783112051704324        2.0179944747425664     
   1.0782878916108947        2.0178799652092381     
   1.0782645529815493        2.0177654768175244     
   1.0782411892659565        2.0176510095986551     
   1.0782178004505893        2.0175365635703861     
   1.0781943865295611        2.0174221387104101     
   1.0781709474848564        2.0173077350592830     
   1.0781474833045313        2.0171933526259278     
   1.0781239939726817        2.0170789914377929     
   1.0781004794803510        2.0169646514901696     
   1.0780769398108576        2.0168503328152174     
   1.0780533749511694        2.0167360354264585     
   1.0780297848937030        2.0166217593108975     
   1.0780061696194714        2.0165075045142786     
   1.0779825291180822        2.0163932710345298     
   1.0779588633752188        2.0162790588936415     
   1.0779351723801762        2.0161648680944202     
   1.0779114561164356        2.0160506986670486     
   1.0778877145730599        2.0159365506151730     
   1.0778639477388745        2.0158224239433657     
   1.0778401555925923        2.0157083187063431     
   1.0778163381291790        2.0155942348776028     
   1.0777924953344398        2.0154801724769951     
   1.0777686271890949        2.0153661315492086     
   1.0777447336865356        2.0152521120747822     
   1.0777208148100375        2.0151381140863909     
   1.0776968705488847        2.0150241375853293     
   1.0776729008808770        2.0149101826301079     
   1.0776489058090115        2.0147962491557214     
   1.0776248853054007        2.0146823372476010     
   1.0776008393642384        2.0145684468840233     
   1.0775767679682862        2.0144545780976237     
   1.0775526711068644        2.0143407308907983     
   1.0775285487648558        2.0142269052863631     
   1.0775044009301962        2.0141131012920548     
   1.0774802275853941        2.0139993189441645     
   1.0774560287217276        2.0138855582320949     
   1.0774318043257236        2.0137718191719061     
   1.0774075543779733        2.0136581018074615     
   1.0773832788740019        2.0135444061093191     
   1.0773589777952006        2.0134307321167126     
   1.0773346511224013        2.0133170798732540     
   1.0773102988519314        2.0132034493448598     
   1.0772859209649426        2.0130898405717108     
   1.0772615174471811        2.0129762535737248     
   1.0772370882905178        2.0128626883376874     
   1.0772126334751191        2.0127491449098174     
   1.0771881529894398        2.0126356232942224     
   1.0771636468200116        2.0125221235054038     
   1.0771391149521239        2.0124086455643528     
   1.0771145573709620        2.0122951894907097     
   1.0770899740669488        2.0121817552799239     
   1.0770653650260964        2.0120683429479849     
   1.0770407302282787        2.0119549525415490     
   1.0770160696640034        2.0118415840554471     
   1.0769913833239548        2.0117282374823793     
   1.0769666711858723        2.0116149128798746     
   1.0769419332405585        2.0115016102397809     
   1.0769171694712996        2.0113883295918678     
   1.0768923798702319        2.0112750709226122     
   1.0768675644157439        2.0111618342846547     
   1.0768427231003745        2.0110486196624100     
   1.0768178559025112        2.0109354271092723     
   1.0767929628159667        2.0108222566025393     
   1.0767680438268503        2.0107091081569557     
   1.0767430989084255        2.0105959818520303     
   1.0767181280634770        2.0104828776199888     
   1.0766931312706762        2.0103697955128395     
   1.0766681085119887        2.0102567355658341     
   1.0766430597816337        2.0101436977536444     
   1.0766179850538902        2.0100306821501426     
   1.0765928843305526        2.0099176886925947     
   1.0765677575827184        2.0098047174697373     
   1.0765426048067708        2.0096917684455380     
   1.0765174259789203        2.0095788416835885     
   1.0764922210927959        2.0094659371610555     
   1.0764669901262311        2.0093530549332179     
   1.0764417330792160        2.0092401949465626     
   1.0764164499243383        2.0091273572821011     
   1.0763911406474627        2.0090145419546066     
   1.0763658052439207        2.0089017489337673     
   1.0763404436893895        2.0087889782851311     
   1.0763150559739811        2.0086762300020888     
   1.0762896420854389        2.0085635040911285     
   1.0762642020024678        2.0084508006032635     
   1.0762387357222052        2.0083381194978607     
   1.0762132432187410        2.0082254608474486     
   1.0761877244818570        2.0081128246490114     
   1.0761621795008736        2.0080002108985782     
   1.0761366082543515        2.0078876196481406     
   1.0761110107275464        2.0077750509162837     
   1.0760853869188247        2.0076625046541441     
   1.0760597367980873        2.0075499809562496     
   1.0760340603572054        2.0074374798080616     
   1.0760083575862971        2.0073250012022266     
   1.0759826284602139        2.0072125452080067     
   1.0759568729733542        2.0071001117970830     
   1.0759310911074651        2.0069877010051407     
   1.0759052828452464        2.0068753128614603     
   1.0758794481791947        2.0067629473474238     
   1.0758535870865658        2.0066506045196002     
   1.0758276995597045        2.0065382843604391     
   1.0758017855801156        2.0064259869059526     
   1.0757758451301773        2.0063137121856047     
   1.0757498782049424        2.0062014601693954     
   1.0757238847777950        2.0060892309322194     
   1.0756978648375808        2.0059770244733204     
   1.0756718183767409        2.0058648407740227     
   1.0756457453697030        2.0057526799031318     
   1.0756196458142062        2.0056405418174417     
   1.0755935196802311        2.0055284266075688     
   1.0755673669657908        2.0054163342267137     
   1.0755411876467682        2.0053042647381871     
   1.0755149817142935        2.0051922181296229     
   1.0754887491532825        2.0050801944182219     
   1.0754624899409753        2.0049681936596224     
   1.0754362040714633        2.0048562158262184     
   1.0754098915224155        2.0047442609717354     
   1.0753835522903672        2.0046323290565686     
   1.0753571863473141        2.0045204201616480     
   1.0753307936837950        2.0044085342764966     
   1.0753043742833261        2.0042966714259380     
   1.0752779281349114        2.0041848316075770     
   1.0752514552189310        2.0040730148594035     
   1.0752249555220701        2.0039612211916467     
   1.0751984290232310        2.0038494506493079     
   1.0751718757148803        2.0037377032137691     
   1.0751452955832352        2.0036259788945956     
   1.0751186886058191        2.0035142777459627     
   1.0750920547709080        2.0034025997666802     
   1.0750653940623636        2.0032909449803902     
   1.0750387064666067        2.0031793133953029     
   1.0750119919669745        2.0030677050367469     
   1.0749852505436419        2.0029561199432937     
   1.0749584821887912        2.0028445580960588     
   1.0749316868866854        2.0027330195155155     
   1.0749048646174115        2.0026215042413402     
   1.0748780153673345        2.0025100122818102     
   1.0748511391210749        2.0023985436557616     
   1.0748242358606304        2.0022870983929888     
   1.0747973055753355        2.0021756764877829     
   1.0747703482434969        2.0020642779891316     
   1.0747433638543522        2.0019529028908827     
   1.0747163523957910        2.0018415511950769     
   1.0746893138367202        2.0017302229960889     
   1.0746622481837043        2.0016189182022210     
   1.0746351554033546        2.0015076369202860     
   1.0746080354907395        2.0013963791149387     
   1.0745808884206418        2.0012851448523152     
   1.0745537141842882        2.0011739341161565     
   1.0745265127669046        2.0010627469203373     
   1.0744992841474921        2.0009515833092615     
   1.0744720283131295        2.0008404432878377     
   1.0744447452465531        2.0007293268813160     
   1.0744174349316802        2.0006182341099792     
   1.0743900973536695        2.0005071649874546     
   1.0743627324999907        2.0003961195163336     
   1.0743353403514080        2.0002850977308437     
   1.0743079208865944        2.0001740996784458     
   1.0742804741008547        2.0000631253199272     
   1.0742529999704424        1.9999521747144111     
   1.0742254984851858        1.9998412478526528     
   1.0741979696226165        1.9997303447837029     
   1.0741704133679741        1.9996194655214929     
   1.0741428297050977        1.9995086100851847     
   1.0741152186270344        1.9993977784488124     
   1.0740875801017009        1.9992869707105054     
   1.0740599141245761        1.9991761868324780     
   1.0740322206797461        1.9990654268322050     
   1.0740044997437088        1.9989546907651814     
   1.0739767513058276        1.9988439786238470     
   1.0739489753453562        1.9987332904490862     
   1.0739211718529122        1.9986226262272528     
   1.0738933408070717        1.9985119860025584     
   1.0738654821914098        1.9984013697954870     
   1.0738375959918900        1.9982907776141914     
   1.0738096821894250        1.9981802094913377     
   1.0737817407731767        1.9980696654195809     
   1.0737537717216081        1.9979591454446066     
   1.0737257750162239        1.9978486495951702     
   1.0736977506498449        1.9977381778463374     
   1.0736696985980618        1.9976277302557524     
   1.0736416188462854        1.9975173068353556     
   1.0736135113774259        1.9974069076068819     
   1.0735853761793945        1.9972965325685617     
   1.0735572132314475        1.9971861817613514     
   1.0735290225154224        1.9970758552122838     
   1.0735008040156644        1.9969655529371360     
   1.0734725577210611        1.9968552749287960     
   1.0734442836111875        1.9967450212252063     
   1.0734159816659397        1.9966347918637508     
   1.0733876518741023        1.9965245868380863     
   1.0733592942183976        1.9964144061706803     
   1.0733309086748906        1.9963042499173347     
   1.0733024952379004        1.9961941180429514     
   1.0732740538778709        1.9960840106317947     
   1.0732455845955646        1.9959739276165391     
   1.0732170873590809        1.9958638690922408     
   1.0731885621580797        1.9957538350471116     
   1.0731600089701576        1.9956438255285289     
   1.0731314277829795        1.9955338405349976     
   1.0731028185767948        1.9954238801003499     
   1.0730741813401508        1.9953139442176995     
   1.0730455160497561        1.9952040329397924     
   1.0730168226947310        1.9950941462553633     
   1.0729881012545153        1.9949842842043801     
   1.0729593517123561        1.9948744468048150     
   1.0729305740484945        1.9947646340904150     
   1.0729017682508701        1.9946548460575841     
   1.0728729343004304        1.9945450827368820     
   1.0728440721766288        1.9944353441643341     
   1.0728151818691001        1.9943256303293819     
   1.0727862633525580        1.9942159412915348     
   1.0727573166208060        1.9941062770175400     
   1.0727283416424704        1.9939966375979714     
   1.0726993384102534        1.9938870230050316     
   1.0726703069075763        1.9937774332555609     
   1.0726412471099680        1.9936678684055384     
   1.0726121590067748        1.9935583284449119     
   1.0725830425764329        1.9934488134139907     
   1.0725538978019971        1.9933393233321819     
   1.0725247246674035        1.9932298582132084     
   1.0724955231569049        1.9931204180708397     
   1.0724662932495379        1.9930110029433323     
   1.0724370349252013        1.9929016128654111     
   1.0724077481762833        1.9927922478089162     
   1.0723784329748052        1.9926829078467523     
   1.0723490893098930        1.9925735929677191     
   1.0723197171617795        1.9924643032038192     
   1.0722903165134703        1.9923550385732609     
   1.0722608873450457        1.9922457991083879     
   1.0722314296426552        1.9921365848139314     
   1.0722019433869618        1.9920273957168657     
   1.0721724285528265        1.9919182318772828     
   1.0721428851374246        1.9918090932431944     
   1.0721133131091976        1.9916999799037871     
   1.0720837124572415        1.9915908918473053     
   1.0720540831628891        1.9914818290991247     
   1.0720244252138398        1.9913727916546771     
   1.0719947385760100        1.9912637796142039     
   1.0719650232470712        1.9911547929246329     
   1.0719352792069943        1.9910458316175599     
   1.0719055064292753        1.9909368957568474     
   1.0718757049028271        1.9908279853308299     
   1.0718458746131798        1.9907191003454219     
   1.0718160155282226        1.9906102408893589     
   1.0717861276455387        1.9905014069104303     
   1.0717562109361438        1.9903925984826265     
   1.0717262653880471        1.9902838156000557     
   1.0716962909807162        1.9901750582948743     
   1.0716662876943277        1.9900663265986005     
   1.0716362555139116        1.9899576205181186     
   1.0716061944196165        1.9898489400826649     
   1.0715761043981835        1.9897402852906632     
   1.0715459854202378        1.9896316562203142     
   1.0715158374790865        1.9895230528362307     
   1.0714856605491054        1.9894144751965044     
   1.0714554546133281        1.9893059233172554     
   1.0714252196551708        1.9891973972127666     
   1.0713949556556535        1.9890888969082674     
   1.0713646625941244        1.9889804224377758     
   1.0713343404565048        1.9888719738011642     
   1.0713039892205656        1.9887635510419286     
   1.0712736088664945        1.9886551541873287     
   1.0712431993822746        1.9885467832296471     
   1.0712127607418604        1.9884384382276283     
   1.0711822929336394        1.9883301191706786     
   1.0711517959285874        1.9882218261314986     
   1.0711212697233492        1.9881135590597887     
   1.0710907142836537        1.9880053180548196     
   1.0710601296009827        1.9878971030895172     
   1.0710295156500231        1.9877889142193663     
   1.0709988724185162        1.9876807514350725     
   1.0709681998821428        1.9875726147879775     
   1.0709374980250816        1.9874645042870727     
   1.0709067668278243        1.9873564199576683     
   1.0708760062707487        1.9872483618281449     
   1.0708452163369286        1.9871403299112129     
   1.0708143970029766        1.9870323242538694     
   1.0707835482540009        1.9869243448571481     
   1.0707526700727501        1.9868163917384478     
   1.0707217624336069        1.9867084649531677     
   1.0706908253231360        1.9866005644971012     
   1.0706598587176070        1.9864926904166267     
   1.0706288626059379        1.9863848426969588     
   1.0705978369595519        1.9862770214077807     
   1.0705667817622941        1.9861692265586512     
   1.0705356969996300        1.9860614581500902     
   1.0705045826448139        1.9859537162437211     
   1.0704734386845924        1.9858460008329126     
   1.0704422650996992        1.9857383119434764     
   1.0704110618653662        1.9856306496245038     
   1.0703798289649318        1.9855230138878852     
   1.0703485663817476        1.9854154047445018     
   1.0703172740912197        1.9853078222442107     
   1.0702859520820520        1.9852002663712707     
   1.0702546003236189        1.9850927372045775     
   1.0702232188016647        1.9849852347429757     
   1.0701918075008141        1.9848777589911095     
   1.0701603663953552        1.9847703100029825     
   1.0701288954704702        1.9846628877806476     
   1.0700973947060088        1.9845554923503448     
   1.0700658640786658        1.9844481237550942     
   1.0700343035721123        1.9843407820038803     
   1.0700027131641330        1.9842334671326221     
   1.0699710928333701        1.9841261791753562     
   1.0699394425626139        1.9840189181431098     
   1.0699077623389346        1.9839116840279849     
   1.0698760521281403        1.9838044769252507     
   1.0698443119225376        1.9836972968001763     
   1.0698125416969448        1.9835901437034047     
   1.0697807414297154        1.9834830176694171     
   1.0697489111060223        1.9833759186980715     
   1.0697170506985278        1.9832688468494097     
   1.0696851601960760        1.9831618021063644     
   1.0696532395712062        1.9830547845306135     
   1.0696212888077745        1.9829477941279947     
   1.0695893078852672        1.9828408309256385     
   1.0695572967837121        1.9827338949489597     
   1.0695252554812937        1.9826269862301729     
   1.0694931839613022        1.9825201047799990     
   1.0694610821943040        1.9824132506667724     
   1.0694289501736369        1.9823064238505006     
   1.0693967878703623        1.9821996243993496     
   1.0693645952618980        1.9820928523501804     
   1.0693323723371695        1.9819861076824836     
   1.0693001190682936        1.9818793904603083     
   1.0692678354355880        1.9817727007045502     
   1.0692355214169185        1.9816660384499256     
   1.0692031769967585        1.9815594036981330     
   1.0691708021531487        1.9814527964826856     
   1.0691383968665535        1.9813462168238445     
   1.0691059611110678        1.9812396647746664     
   1.0690734948705580        1.9811331403382753     
   1.0690409981269560        1.9810266435300539     
   1.0690084708520251        1.9809201744120535     
   1.0689759130347927        1.9808137329628366     
   1.0689433246392166        1.9807073192841758     
   1.0689107056605764        1.9806009333244896     
   1.0688780560669668        1.9804945751633789     
   1.0688453758457950        1.9803882447877768     
   1.0688126649718719        1.9802819422451914     
   1.0687799234229214        1.9801756675686195     
   1.0687471511791033        1.9800694207800862     
   1.0687143482240304        1.9799632018841611     
   1.0686815145314503        1.9798570109316604     
   1.0686486500794610        1.9797508479560113     
   1.0686157548477935        1.9796447129780925     
   1.0685828288218977        1.9795386059937787     
   1.0685498719689550        1.9794325270875630     
   1.0685168842747499        1.9793264762516929     
   1.0684838657216083        1.9792204534959930     
   1.0684508162825863        1.9791144588761982     
   1.0684177359345726        1.9790084924286659     
   1.0683846246664492        1.9789025541295460     
   1.0683514824445093        1.9787966440681810     
   1.0683183092542119        1.9786907622376830     
   1.0682851050707640        1.9785849086818472     
   1.0682518698770078        1.9784790834078725     
   1.0682186036471579        1.9783732864643895     
   1.0681853063603255        1.9782675178747300     
   1.0681519779988080        1.9781617776497089     
   1.0681186185366258        1.9780560658365953     
   1.0680852279524196        1.9779503824633839     
   1.0680518062316133        1.9778447275221884     
   1.0680183533388654        1.9777391011089807     
   1.0679848692661942        1.9776335031827090     
   1.0679513539822085        1.9775279338198417     
   1.0679178074694360        1.9774223930270767     
   1.0678842297022415        1.9773168808504997     
   1.0678506206651757        1.9772113972876406     
   1.0678169803330675        1.9771059423819497     
   1.0677833086846964        1.9770005161592086     
   1.0677496056916935        1.9768951186786909     
   1.0677158713455748        1.9767897499017533     
   1.0676821056098429        1.9766844099287328     
   1.0676483084706545        1.9765790987469711     
   1.0676144799009408        1.9764738164101061     
   1.0675806198857742        1.9763685629106960     
   1.0675467283981817        1.9762633383012633     
   1.0675128054140099        1.9761581426194481     
   1.0674788509130753        1.9760529758846028     
   1.0674448648710404        1.9759478381350273     
   1.0674108472748836        1.9758427293538845     
   1.0673767980891380        1.9757376496355241     
   1.0673427172997532        1.9756325989662726     
   1.0673086048806064        1.9755275773945811     
   1.0672744608108171        1.9754225849408396     
   1.0672402850655245        1.9753176216461270     
   1.0672060776234924        1.9752126875340097     
   1.0671718384657283        1.9751077826146006     
   1.0671375675659232        1.9750029069359707     
   1.0671032648971868        1.9748980605488504     
   1.0670689304467245        1.9747932434333835     
   1.0670345641849792        1.9746884556533018     
   1.0670001660906996        1.9745836972295989     
   1.0669657361398461        1.9744789681992749     
   1.0669312743053627        1.9743742686117982     
   1.0668967805773153        1.9742695984337337     
   1.0668622549242872        1.9741649577362526     
   1.0668276973194775        1.9740603465681272     
   1.0667931077465294        1.9739557649272315     
   1.0667584861798689        1.9738512128552543     
   1.0667238325992696        1.9737466903687630     
   1.0666891469729736        1.9736421975397185     
   1.0666544292884110        1.9735377343471030     
   1.0666196795136766        1.9734333008637377     
   1.0665848976334629        1.9733288970802847     
   1.0665500836175661        1.9732245230624184     
   1.0665152374460425        1.9731201788233017     
   1.0664803590971619        1.9730158643847673     
   1.0664454485458785        1.9729115797871679     
   1.0664105057663906        1.9728073250715021     
   1.0663755307341176        1.9727031002744311     
   1.0663405234316288        1.9725989053967756     
   1.0663054838314572        1.9724947404880773     
   1.0662704119060475        1.9723906055998601     
   1.0662353076431903        1.9722865007056871     
   1.0662001710068814        1.9721824258984915     
   1.0661650019789695        1.9720783811805105     
   1.0661298005350854        1.9719743665872815     
   1.0660945666533719        1.9718703821399672     
   1.0660593003084406        1.9717664278772413     
   1.0660240014713174        1.9716625038554125     
   1.0659886701309607        1.9715586100441240     
   1.0659533062517392        1.9714547465305119     
   1.0659179098120013        1.9713509133351590     
   1.0658824807805569        1.9712471105241152     
   1.0658470191534981        1.9711433380313532     
   1.0658115248891638        1.9710395959739595     
   1.0657759979701054        1.9709358843508644     
   1.0657404383723781        1.9708322031930248     
   1.0657048460643270        1.9707285525684402     
   1.0656692210343286        1.9706249324467551     
   1.0656335632432989        1.9705213429328279     
   1.0655978726833961        1.9704177839777373     
   1.0655621493154883        1.9703142556855162     
   1.0655263931222698        1.9702107580541006     
   1.0654906040772263        1.9701072911242585     
   1.0654547821602838        1.9700038549081502     
   1.0654189273377959        1.9699004494822041     
   1.0653830395943444        1.9697970748339328     
   1.0653471188986576        1.9696937310274218     
   1.0653111652280871        1.9695904180861414     
   1.0652751785608268        1.9694871360285320     
   1.0652391588636121        1.9693838849275400     
   1.0652031061220077        1.9692806647676253     
   1.0651670203063850        1.9691774756023110     
   1.0651309013883983        1.9690743174830521     
   1.0650947493505989        1.9689711904059359     
   1.0650585641580965        1.9688680944516070     
   1.0650223457974308        1.9687650295978307     
   1.0649860942363663        1.9686619959115128     
   1.0649498094478054        1.9685589934374210     
   1.0649134914076073        1.9684560222009142     
   1.0648771401010078        1.9683530821879276     
   1.0648407554852584        1.9682501735148055     
   1.0648043375498872        1.9681472961438264     
   1.0647678862589849        1.9680444501602850     
   1.0647314015938583        1.9679416355637018     
   1.0646948835236740        1.9678388524160426     
   1.0646583320308032        1.9677361007129557     
   1.0646217470804318        1.9676333805319191     
   1.0645851286521499        1.9675306918837903     
   1.0645484767201239        1.9674280348021294     
   1.0645117912548394        1.9673254093402091     
   1.0644750722395824        1.9672228154891411     
   1.0644383196388043        1.9671202533304881     
   1.0644015334336012        1.9670177228649246     
   1.0643647135872929        1.9669152241803551     
   1.0643278600871762        1.9668127572457317     
   1.0642909728994041        1.9667103221352695     
   1.0642540520000225        1.9666079188735026     
   1.0642170973631608        1.9665055474947155     
   1.0641801089594149        1.9664032080491376     
   1.0641430867734871        1.9663009005196121     
   1.0641060307669692        1.9661986250007337     
   1.0640689409160282        1.9660963815152894     
   1.0640318171981074        1.9659941700811276     
   1.0639946595814933        1.9658919907591610     
   1.0639574680475070        1.9657898435479599     
   1.0639202425643666        1.9656877285088958     
   1.0638829831077712        1.9655856456659235     
   1.0638456896475574        1.9654835950732925     
   1.0638083621608905        1.9653815767486975     
   1.0637710006183712        1.9652795907413909     
   1.0637336049957369        1.9651776370746910     
   1.0636961752589171        1.9650757158211078     
   1.0636587113942102        1.9649738269532433     
   1.0636212133682879        1.9648719705378017     
   1.0635836811496402        1.9647701466346839     
   1.0635461147166883        1.9646683552538309     
   1.0635085140427791        1.9645665964299022     
   1.0634708791006366        1.9644648702004248     
   1.0634332098572941        1.9643631766312866     
   1.0633955062916893        1.9642615157291505     
   1.0633577683752233        1.9641598875380788     
   1.0633199960834967        1.9640582920803775     
   1.0632821893807469        1.9639567294351710     
   1.0632443482492882        1.9638551995924467     
   1.0632064726579649        1.9637537026068026     
   1.0631685625748926        1.9636522385381090     
   1.0631306179847613        1.9635508073630801     
   1.0630926388386692        1.9634494092244283     
   1.0630546251323703        1.9633480440451936     
   1.0630165768294213        1.9632467119064656     
   1.0629784938925113        1.9631454128910928     
   1.0629403763047340        1.9630441469863280     
   1.0629022240406152        1.9629429142166988     
   1.0628640370618236        1.9628417146717547     
   1.0628258153451775        1.9627405483677220     
   1.0627875588669520        1.9626394153198854     
   1.0627492675938270        1.9625383155937210     
   1.0627109414989158        1.9624372492215989     
   1.0626725805619233        1.9623362162030595     
   1.0626341847379621        1.9622352166587538     
   1.0625957540126276        1.9621342505590669     
   1.0625572883543082        1.9620333179600924     
   1.0625187877342541        1.9619324189021261     
   1.0624802521244534        1.9618315534209487     
   1.0624416814906537        1.9617307215852520     
   1.0624030758117033        1.9616299233974868     
   1.0623644350583425        1.9615291589008605     
   1.0623257592011910        1.9614284281378365     
   1.0622870482077964        1.9613277311659369     
   1.0622483020553259        1.9612270679959303     
   1.0622095207116247        1.9611264386844947     
   1.0621707041475337        1.9610258432724796     
   1.0621318523363099        1.9609252817884095     
   1.0620929652468796        1.9608247542829242     
   1.0620540428514373        1.9607242607908351     
   1.0620150851195733        1.9606238013570798     
   1.0619760920244501        1.9605233760122478     
   1.0619370635392240        1.9604229847842900     
   1.0618979996295395        1.9603226277388091     
   1.0618589002660030        1.9602223049165688     
   1.0618197654223027        1.9601220163429298     
   1.0617805950721930        1.9600217620439206     
   1.0617413891782108        1.9599215420984137     
   1.0617021477162514        1.9598213565213343     
   1.0616628706540765        1.9597212053662512     
   1.0616235579663280        1.9596210886534835     
   1.0615842096172796        1.9595210064528943     
   1.0615448255827971        1.9594209587795712     
   1.0615054058300815        1.9593209456882903     
   1.0614659503311468        1.9592209672116851     
   1.0614264590552114        1.9591210233949554     
   1.0613869319732498        1.9590211142759917     
   1.0613473690505564        1.9589212399183560     
   1.0613077702630742        1.9588214003346762     
   1.0612681355794904        1.9587215955718575     
   1.0612284649678796        1.9586218256815835     
   1.0611887583999484        1.9585220906944505     
   1.0611490158442713        1.9584223906598515     
   1.0611092372725481        1.9583227256087139     
   1.0610694226465327        1.9582230956207034     
   1.0610295719442648        1.9581235006983613     
   1.0609896851380725        1.9580239408688391     
   1.0609497621883854        1.9579244162184417     
   1.0609098030668833        1.9578249267792129     
   1.0608698077452423        1.9577254725808628     
   1.0608297761959902        1.9576260536519634     
   1.0607897083801032        1.9575266700727909     
   1.0607496042681099        1.9574273218813776     
   1.0607094638344479        1.9573280090936362     
   1.0606692870480807        1.9572287317531794     
   1.0606290738738471        1.9571294899227951     
   1.0605888242843839        1.9570302836282303     
   1.0605485382427144        1.9569311129406950     
   1.0605082157239778        1.9568319778720196     
   1.0604678566927035        1.9567328784866804     
   1.0604274611204823        1.9566338148136802     
   1.0603870289752839        1.9565347869003791     
   1.0603465602212934        1.9564357948107909     
   1.0603060548362995        1.9563368385439333     
   1.0602655127767289        1.9562379182021137     
   1.0602249340222953        1.9561390337736961     
   1.0601843185358897        1.9560401853299787     
   1.0601436662838211        1.9559413729241359     
   1.0601029772389687        1.9558425965773321     
   1.0600622513629434        1.9557438563652236     
   1.0600214886322918        1.9556451522919638     
   1.0599806890114114        1.9555464844189900     
   1.0599398524616181        1.9554478528236663     
   1.0598989789618178        1.9553492574962266     
   1.0598580684750183        1.9552506985061990     
   1.0598171209654830        1.9551521759141139     
   1.0597761364022755        1.9550536897585622     
   1.0597351147600258        1.9549552400514270     
   1.0596940559968582        1.9548568268827813     
   1.0596529600872482        1.9547584502647366     
   1.0596118269973174        1.9546601102494585     
   1.0595706566889198        1.9545618069080990     
   1.0595294491356424        1.9544635402563950     
   1.0594882043004352        1.9543653103609822     
   1.0594469221526908        1.9542671172568760     
   1.0594056026572967        1.9541689610007735     
   1.0593642457889061        1.9540708416012333     
   1.0593228514999284        1.9539727591763398     
   1.0592814197728295        1.9538747136955668     
   1.0592399505614947        1.9537767052688735     
   1.0591984438414923        1.9536787339003756     
   1.0591568995809022        1.9535807996290191     
   1.0591153177368628        1.9534829025489078     
   1.0590736982802516        1.9533850426840043     
   1.0590320411841061        1.9532872200513549     
   1.0589903464066952        1.9531894347369547     
   1.0589486139159359        1.9530916867805774     
   1.0589068436770663        1.9529939762342621     
   1.0588650356577818        1.9528963031383531     
   1.0588231898284863        1.9527986675202333     
   1.0587813061530365        1.9527010694377176     
   1.0587393845934483        1.9526035089586768     
   1.0586974251163614        1.9525059861266616     
   1.0586554276876738        1.9524085009902166     
   1.0586133922792091        1.9523110535676564     
   1.0585713188501236        1.9522136439399429     
   1.0585292073690662        1.9521162721403429     
   1.0584870578030361        1.9520189382102706     
   1.0584448701086437        1.9519216422419345     
   1.0584026442615393        1.9518243842344600     
   1.0583603802268933        1.9517271642372342     
   1.0583180779626733        1.9516299823352008     
   1.0582757374379708        1.9515328385582902     
   1.0582333586209538        1.9514357329414702     
   1.0581909414669020        1.9513386655810858     
   1.0581484859547092        1.9512416364597733     
   1.0581059920383016        1.9511446456803685     
   1.0580634596869387        1.9510476932706067     
   1.0580208888659615        1.9509507792779859     
   1.0579782795401260        1.9508539037521078     
   1.0579356316723039        1.9507570667522032     
   1.0578929452243435        1.9506602683405094     
   1.0578502201676971        1.9505635085338517     
   1.0578074564614264        1.9504667874090946     
   1.0577646540728578        1.9503701050011677     
   1.0577218129627854        1.9502734613792332     
   1.0576789331007270        1.9501768565664248     
   1.0576360144463353        1.9500802906368060     
   1.0575930569620053        1.9499837636482755     
   1.0575500606200725        1.9498872756118568     
   1.0575070253764853        1.9497908266172745     
   1.0574639511983499        1.9496944166996140     
   1.0574208380479915        1.9495980459174080     
   1.0573776858911368        1.9495017143126003     
   1.0573344946897212        1.9494054219445855     
   1.0572912644033217        1.9493091688834148     
   1.0572479950048654        1.9492129551368365     
   1.0572046864504774        1.9491167807901963     
   1.0571613387032983        1.9490206458976607     
   1.0571179517316496        1.9489245504861092     
   1.0570745254919458        1.9488284946407557     
   1.0570310599565307        1.9487324783692768     
   1.0569875550792764        1.9486365017680489     
   1.0569440108257235        1.9485405648766918     
   1.0569004271606397        1.9484446677400220     
   1.0568568040449777        1.9483488104177868     
   1.0568131414410449        1.9482529929668035     
   1.0567694393151335        1.9481572154213298     
   1.0567256976213804        1.9480614778754552     
   1.0566819163296526        1.9479657803466992     
   1.0566380954047234        1.9478701228771718     
   1.0565942348012209        1.9477745055575055     
   1.0565503344856992        1.9476789284199234     
   1.0565063944185833        1.9475833915275746     
   1.0564624145611212        1.9474878949378067     
   1.0564183948747998        1.9473924387066532     
   1.0563743353276029        1.9472970228598203     
   1.0563302358740296        1.9472016474863638     
   1.0562860964792848        1.9471063126245713     
   1.0562419171011626        1.9470110183471867     
   1.0561976977035745        1.9469157646974935     
   1.0561534382492177        1.9468205517257871     
   1.0561091387011812        1.9467253794775143     
   1.0560647990170988        1.9466302480264055     
   1.0560204191590545        1.9465351574227825     
   1.0559759990872273        1.9464401077279820     
   1.0559315387647294        1.9463450989867397     
   1.0558870381536705        1.9462501312495295     
   1.0558424972073204        1.9461552046093682     
   1.0557979158929054        1.9460603190910941     
   1.0557532941689969        1.9459654747606145     
   1.0557086320010232        1.9458706716517078     
   1.0556639293393228        1.9457759098697571     
   1.0556191861500328        1.9456811894440018     
   1.0555744024010096        1.9455865103952648     
   1.0555295780401459        1.9454918728396109     
   1.0554847130335314        1.9453972768058474     
   1.0554398073397115        1.9453027223579529     
   1.0553948609197705        1.9452082095493475     
   1.0553498737297533        1.9451137384557307     
   1.0553048457372600        1.9450193090965058     
   1.0552597768921330        1.9449249215777242     
   1.0552146671607145        1.9448305759247824     
   1.0551695164985408        1.9447362722151365     
   1.0551243248726700        1.9446420104707878     
   1.0550790922340594        1.9445477907905926     
   1.0550338185439445        1.9444536132227399     
   1.0549885037652962        1.9443594778085436     
   1.0549431478531412        1.9442653846263060     
   1.0548977507627675        1.9441713337521189     
   1.0548523124619815        1.9440773252034034     
   1.0548068329042928        1.9439833590640654     
   1.0547613120492614        1.9438894353901479     
   1.0547157498569073        1.9437955542343035     
   1.0546701462814352        1.9437017156765770     
   1.0546245012866313        1.9436079197520426     
   1.0545788148244801        1.9435141665503908     
   1.0545330868609248        1.9434204560953963     
   1.0544873173453799        1.9433267884892675     
   1.0544415062427017        1.9432331637600280     
   1.0543956535098022        1.9431395819729727     
   1.0543497591032931        1.9430460431956087     
   1.0543038229779649        1.9429525475027274     
   1.0542578451007547        1.9428590949100968     
   1.0542118254143482        1.9427656855528683     
   1.0541657638871325        1.9426723194382229     
   1.0541196604760137        1.9425789966304892     
   1.0540735151338574        1.9424857172125403     
   1.0540273278211083        1.9423924812305384     
   1.0539810984950522        1.9422992887460375     
   1.0539348271062785        1.9422061398518322     
   1.0538885136166374        1.9421130345869586     
   1.0538421579913320        1.9420199729732599     
   1.0537957601684753        1.9419269551616001     
   1.0537493201199952        1.9418339811418641     
   1.0537028377958220        1.9417410510096373     
   1.0536563131517021        1.9416481648307726     
   1.0536097461445972        1.9415553226642583     
   1.0535631367324649        1.9414625245653072     
   1.0535164848724075        1.9413697705944097     
   1.0534697905139954        1.9412770608444563     
   1.0534230536216307        1.9411843953390180     
   1.0533762741448933        1.9410917741724898     
   1.0533294520364964        1.9409991974234209     
   1.0532825872617684        1.9409066651087934     
   1.0532356797687774        1.9408141773283865     
   1.0531887295161957        1.9407217341333785     
   1.0531417364541822        1.9406293356109581     
   1.0530947005405746        1.9405369818147555     
   1.0530476217388609        1.9404446727688265     
   1.0530004999934175        1.9403524085901860     
   1.0529533352586411        1.9402601893451168     
   1.0529061274941425        1.9401680150782066     
   1.0528588766530431        1.9400758858608658     
   1.0528115826899567        1.9399838017600666     
   1.0527642455597761        1.9398917628388950     
   1.0527168652119416        1.9397997691874653     
   1.0526694416077542        1.9397078208394991     
   1.0526219746919554        1.9396159179048782     
   1.0525744644297208        1.9395240603982327     
   1.0525269107667012        1.9394322484255682     
   1.0524793136564248        1.9393404820560067     
   1.0524316730612164        1.9392487613148881     
   1.0523839889267641        1.9391570863080205     
   1.0523362612042646        1.9390654571139860     
   1.0522884898549123        1.9389738737625928     
   1.0522406748249264        1.9388823363562986     
   1.0521928160677509        1.9387908449615550     
   1.0521449135434180        1.9386993996131154     
   1.0520969671970941        1.9386080004171298     
   1.0520489769851364        1.9385166474244322     
   1.0520009428589374        1.9384253407118732     
   1.0519528647682423        1.9383340803604991     
   1.0519047426717396        1.9382428664100306     
   1.0518565765173247        1.9381516989521574     
   1.0518083662562712        1.9380605780602140     
   1.0517601118435165        1.9379695037911506     
   1.0517118132260390        1.9378784762389618     
   1.0516634703633250        1.9377874954369090     
   1.0516150832009477        1.9376965614859993     
   1.0515666516884201        1.9376056744664951     
   1.0515181757870067        1.9375148344026407     
   1.0514696554352094        1.9374240414269150     
   1.0514210905918691        1.9373332955747098     
   1.0513724812086369        1.9372425969156415     
   1.0513238272339387        1.9371519455327153     
   1.0512751286154174        1.9370613415139264     
   1.0512263853132415        1.9369707848868152     
   1.0511775972707718        1.9368802757583603     
   1.0511287644356093        1.9367898142148743     
   1.0510798867630322        1.9366994003054181     
   1.0510309642039963        1.9366090341009736     
   1.0509819967035048        1.9365187156980355     
   1.0509329842197646        1.9364284451317202     
   1.0508839266938190        1.9363382225173775     
   1.0508348240766023        1.9362480479236091     
   1.0507856763193850        1.9361579214158682     
   1.0507364833812680        1.9360678430235838     
   1.0506872451928095        1.9359778129109078     
   1.0506379617123465        1.9358878311085417     
   1.0505886328941829        1.9357978976676131     
   1.0505392586763094        1.9357080127142856     
   1.0504898390181627        1.9356181762753475     
   1.0504403738627861        1.9355283884525540     
   1.0503908631583418        1.9354386493226707     
   1.0503413068533272        1.9353489589628801     
   1.0502917049008038        1.9352593174265793     
   1.0502420572400109        1.9351697248325799     
   1.0501923638245727        1.9350801812318448     
   1.0501426246013799        1.9349906867056132     
   1.0500928395209983        1.9349012413177344     
   1.0500430085249568        1.9348118451747740     
   1.0499931315635398        1.9347224983417106     
   1.0499432085836748        1.9346332008976503     
   1.0498932395377725        1.9345439528970783     
   1.0498432243696070        1.9344547544333750     
   1.0497931630207766        1.9343656056108935     
   1.0497430554411307        1.9342765064938949     
   1.0496929015789545        1.9341874571541695     
   1.0496427013853815        1.9340984576484652     
   1.0495924547956210        1.9340095081100177     
   1.0495421617622349        1.9339206085888152     
   1.0494918222299117        1.9338317591711087     
   1.0494414361425917        1.9337429599467557     
   1.0493910034572986        1.9336542109437778     
   1.0493405241072482        1.9335655123011684     
   1.0492899980440518        1.9334768640720104     
   1.0492394252053281        1.9333882663740583     
   1.0491888055468099        1.9332997192383827     
   1.0491381390082732        1.9332112227730600     
   1.0490874255331313        1.9331227770669313     
   1.0490366650648475        1.9330343822078042     
   1.0489858575542317        1.9329460382506509     
   1.0489350029437328        1.9328577452865827     
   1.0488841011752461        1.9327695034110177     
   1.0488331521994552        1.9326813126758311     
   1.0487821559499173        1.9325931732145614     
   1.0487311123752945        1.9325050850888550     
   1.0486800214215672        1.9324170483715624     
   1.0486288830308299        1.9323290631552357     
   1.0485776971433833        1.9322411295382409     
   1.0485264637096852        1.9321532475716185     
   1.0484751826665184        1.9320654173705929     
   1.0484238539649691        1.9319776389823016     
   1.0483724775376950        1.9318899125402926     
   1.0483210533273466        1.9318022381309996     
   1.0482695812893583        1.9317146157789833     
   1.0482180613512453        1.9316270456414226     
   1.0481664934631363        1.9315395277669380     
   1.0481148775679257        1.9314520622384230     
   1.0480632136027117        1.9313646491651992     
   1.0480115015126259        1.9312772886204201     
   1.0479597412404547        1.9311899806847395     
   1.0479079327254923        1.9311027254558768     
   1.0478560759046938        1.9310155230440025     
   1.0478041707287287        1.9309283734902305     
   1.0477522171313243        1.9308412769191901     
   1.0477002150541508        1.9307542334145276     
   1.0476481644397457        1.9306672430570235     
   1.0475960652287355        1.9305803059346787     
   1.0475439173597259        1.9304934221466432     
   1.0474917207737737        1.9304065917769972     
   1.0474394754149121        1.9303198148985492     
   1.0473871812156410        1.9302330916357011     
   1.0473348381211949        1.9301464220515019     
   1.0472824460676460        1.9300598062550181     
   1.0472300049990846        1.9299732443147528     
   1.0471775148478333        1.9298867363537839     
   1.0471249755549701        1.9298002824550706     
   1.0470723870617684        1.9297138826985070     
   1.0470197493106688        1.9296275371592706     
   1.0469670622284319        1.9295412459847960     
   1.0469143257631000        1.9294550092219662     
   1.0468615398521397        1.9293688269682818     
   1.0468087044279124        1.9292826993431538     
   1.0467558194342454        1.9291966264121130     
   1.0467028848077673        1.9291106082734188     
   1.0466499004790666        1.9290246450538717     
   1.0465968663968919        1.9289387367949322     
   1.0465437824863979        1.9288528836472825     
   1.0464906486970866        1.9287670856470567     
   1.0464374649557757        1.9286813429368066     
   1.0463842312014486        1.9285956556005190     
   1.0463309473696452        1.9285100237384412     
   1.0462776134022556        1.9284244474201371     
   1.0462242292317512        1.9283389267593927     
   1.0461707947905905        1.9282534618696414     
   1.0461173100183498        1.9281680528295193     
   1.0460637748536159        1.9280826997208340     
   1.0460101892270306        1.9279974026649886     
   1.0459565530722441        1.9279121617667130     
   1.0459028663311556        1.9278269770916199     
   1.0458491289271397        1.9277418487914870     
   1.0457953408018554        1.9276567769328170     
   1.0457415018919467        1.9275717616047929     
   1.0456876121295235        1.9274868029159711     
   1.0456336714493928        1.9274019009630536     
   1.0455796797842856        1.9273170558512658     
   1.0455256370630330        1.9272322677039782     
   1.0454715432300559        1.9271475365708040     
   1.0454173982074642        1.9270628626049251     
   1.0453632019360006        1.9269782458716205     
   1.0453089543437399        1.9268936864959032     
   1.0452546553692161        1.9268091845515656     
   1.0452003049350269        1.9267247401887331     
   1.0451459029862871        1.9266403534485435     
   1.0450914494445238        1.9265560244846354     
   1.0450369442463610        1.9264717533781772     
   1.0449823873197590        1.9263875402500932     
   1.0449277786015148        1.9263033851800244     
   1.0448731180226061        1.9262192882734528     
   1.0448184055063350        1.9261352496722797     
   1.0447636409962082        1.9260512694216734     
   1.0447088244111529        1.9259673476828927     
   1.0446539556888246        1.9258834845276356     
   1.0445990347542431        1.9257996800862922     
   1.0445440615423447        1.9257159344433470     
   1.0444890359814951        1.9256322477125336     
   1.0444339579991946        1.9255486200105061     
   1.0443788275300228        1.9254650514208103     
   1.0443236444943966        1.9253815420930391     
   1.0442684088321812        1.9252980920837508     
   1.0442131204621428        1.9252147015495900     
   1.0441577793212760        1.9251313705590458     
   1.0441023853303002        1.9250480992583114     
   1.0440469384234692        1.9249648877273824     
   1.0439914385260736        1.9248817360895445     
   1.0439358855694498        1.9247986444377876     
   1.0438802794753059        1.9247156129103327     
   1.0438246201719226        1.9246326416131359     
   1.0437689075955543        1.9245497306152521     
   1.0437131416567180        1.9244668801040237     
   1.0436573222940642        1.9243840901361182     
   1.0436014494343893        1.9243013608224429     
   1.0435455229986148        1.9242186922996278     
   1.0434895429102768        1.9241360846929458     
   1.0434335091045603        1.9240535380715462     
   1.0433774215045177        1.9239710525610993     
   1.0433212800286180        1.9238886283076282     
   1.0432650846057572        1.9238062654082828     
   1.0432088351613360        1.9237239639753274     
   1.0431525316232013        1.9236417241088657     
   1.0430961739130489        1.9235595459373527     
   1.0430397619489784        1.9234774296051367     
   1.0429832956631384        1.9233953751904549     
   1.0429267749799047        1.9233133828071360     
   1.0428701998167333        1.9232314526001846     
   1.0428135701006178        1.9231495846700319     
   1.0427568857522718        1.9230677791453816     
   1.0427001466963246        1.9229860361355735     
   1.0426433528545684        1.9229043557631176     
   1.0425865041483660        1.9228227381507030     
   1.0425296005049640        1.9227411833939998     
   1.0424726418372332        1.9226596916556411     
   1.0424156280730390        1.9225782630254220     
   1.0423585591269855        1.9224968976554444     
   1.0423014349354476        1.9224155955958029     
   1.0422442554032696        1.9223343570423028     
   1.0421870204534351        1.9222531821051732     
   1.0421297300140195        1.9221720708723615     
   1.0420723840005011        1.9220910234864115     
   1.0420149823335927        1.9220100400666178     
   1.0419575249297433        1.9219291207517759     
   1.0419000117100790        1.9218482656566738     
   1.0418424425976018        1.9217674748880307     
   1.0417848175068907        1.9216867485893823     
   1.0417271363568648        1.9216060868858431     
   1.0416693990624470        1.9215254899170624     
   1.0416116055477689        1.9214449577819752     
   1.0415537557292325        1.9213644906127891     
   1.0414958495246118        1.9212840885357574     
   1.0414378868452587        1.9212037517056544     
   1.0413798676177222        1.9211234802051307     
   1.0413217917476369        1.9210432742142141     
   1.0412636591623872        1.9209631338113522     
   1.0412054697720290        1.9208830591532422     
   1.0411472234918704        1.9208030503725984     
   1.0410889202406535        1.9207231075855251     
   1.0410305599308030        1.9206432309357928     
   1.0409721424806890        1.9205634205383757     
   1.0409136678031947        1.9204836765345290     
   1.0408551358126354        1.9204039990569499     
   1.0407965464210762        1.9203243882475274     
   1.0407378995488958        1.9202448442096456     
   1.0406791951032290        1.9201653671071011     
   1.0406204329950246        1.9200859570848190     
   1.0405616131536739        1.9200066142020895     
   1.0405027354731591        1.9199273386795697     
   1.0404437998746230        1.9198481306139632     
   1.0403848062754106        1.9197689901167321     
   1.0403257545759457        1.9196899173771593     
   1.0402666446893269        1.9196109125266445     
   1.0402074765406479        1.9195319756359461     
   1.0401482500208012        1.9194531069391885     
   1.0400889650558525        1.9193743065017275     
   1.0400296215522675        1.9192955744813052     
   1.0399702194174214        1.9192169110300394     
   1.0399107585644582        1.9191383162725035     
   1.0398512389006513        1.9190597903588007     
   1.0397916603361532        1.9189813334260297     
   1.0397320227824161        1.9189029456043123     
   1.0396723261432217        1.9188246270562390     
   1.0396125703323902        1.9187463778995510     
   1.0395527552516028        1.9186681983072458     
   1.0394928808148765        1.9185900883914502     
   1.0394329469263495        1.9185120483130009     
   1.0393729534947143        1.9184340782069744     
   1.0393129004251869        1.9183561782264253     
   1.0392527876233979        1.9182783485198094     
   1.0391926149992436        1.9182005892165415     
   1.0391323824538954        1.9181229004829357     
   1.0390720898985326        1.9180452824411853     
   1.0390117372291954        1.9179677352798721     
   1.0389513243650412        1.9178902590810689     
   1.0388908511958979        1.9178128540615149     
   1.0388303176343687        1.9177355203304776     
   1.0387697235856281        1.9176582580327315     
   1.0387090689453844        1.9175810673532698     
   1.0386483536251097        1.9175039484055318     
   1.0385875775181803        1.9174269013837342     
   1.0385267405383309        1.9173499263890776     
   1.0384658425856670        1.9172730235820663     
   1.0384048835543802        1.9171961931517458     
   1.0383438633526771        1.9171194352207024     
   1.0382827818798601        1.9170427499513401     
   1.0382216390352621        1.9169661375044740     
   1.0381604347222073        1.9168895980234533     
   1.0380991688374444        1.9168131316788821     
   1.0380378412879274        1.9167367385943377     
   1.0379764519655401        1.9166604189601766     
   1.0379150007717750        1.9165841729241406     
   1.0378534876051233        1.9165080006444994     
   1.0377919123652417        1.9164319022736600     
   1.0377302749470210        1.9163558779863508     
   1.0376685752557449        1.9162799279063827     
   1.0376068131797753        1.9162040522353401     
   1.0375449886185311        1.9161282511221311     
   1.0374831014754580        1.9160525246977098     
   1.0374211516378287        1.9159768731637090     
   1.0373591390089218        1.9159012966505695     
   1.0372970634751730        1.9158257953614930     
   1.0372349249373216        1.9157503694347886     
   1.0371727232925965        1.9156750190235932     
   1.0371104584304565        1.9155997443153374     
   1.0370481302453587        1.9155245454742251     
   1.0369857386345664        1.9154494226480439     
   1.0369232834899189        1.9153743760116042     
   1.0368607647050005        1.9152994057287296     
   1.0367981821625174        1.9152245120111040     
   1.0367355357689239        1.9151496949624507     
   1.0366728254072863        1.9150749547919084     
   1.0366100509741634        1.9150002916443352     
   1.0365472123539590        1.9149257057206510     
   1.0364843094423906        1.9148511971684754     
   1.0364213421258550        1.9147767661761290     
   1.0363583102966831        1.9147024129045085     
   1.0362952138463730        1.9146281375162499     
   1.0362320526592004        1.9145539402073066     
   1.0361688266210383        1.9144798211632006     
   1.0361055356261988        1.9144057805312977     
   1.0360421795641619        1.9143318184788600     
   1.0359787583149931        1.9142579352157090     
   1.0359152717663145        1.9141841309142229     
   1.0358517198063999        1.9141104057452141     
   1.0357881023226443        1.9140367598799211     
   1.0357244192002799        1.9139631935000505     
   1.0356606703210427        1.9138897068005249     
   1.0355968555765152        1.9138162999309118     
   1.0355329748452524        1.9137429730982816     
   1.0354690280091574        1.9136697264939637     
   1.0354050149509699        1.9135965603042728     
   1.0353409355655732        1.9135234746574366     
   1.0352767897230648        1.9134504697948382     
   1.0352125773065650        1.9133775458979074     
   1.0351482981990343        1.9133047031439454     
   1.0350839522882840        1.9132319416918750     
   1.0350195394474202        1.9131592617614803     
   1.0349550595605448        1.9130866635246595     
   1.0348905125045909        1.9130141471827078     
   1.0348258981550791        1.9129417129426323     
   1.0347612164005180        1.9128693609507383     
   1.0346964671154375        1.9127970914159869     
   1.0346316501736772        1.9127249045498922     
   1.0345667654550506        1.9126528005332033     
   1.0345018128395387        1.9125807795454781     
   1.0344367922030058        1.9125088417849905     
   1.0343717034165449        1.9124369874693694     
   1.0343065463581509        1.9123652167818253     
   1.0342413209040948        1.9122935299151471     
   1.0341760269317415        1.9122219270534035     
   1.0341106643048872        1.9121504084414143     
   1.0340452329089966        1.9120789742253463     
   1.0339797326076061        1.9120076246470346     
   1.0339141632804183        1.9119363598762451     
   1.0338485247930840        1.9118651801427813     
   1.0337828170261538        1.9117940856085851     
   1.0337170398461346        1.9117230764985724     
   1.0336511931126064        1.9116521530658437     
   1.0335852767160285        1.9115813154228800     
   1.0335192905068482        1.9115105638613774     
   1.0334532343692204        1.9114398985208307     
   1.0333871081632979        1.9113693196457513     
   1.0333209117576003        1.9112988274420675     
   1.0332546450243094        1.9112284220978761     
   1.0331883078234183        1.9111581038536594     
   1.0331219000231642        1.9110878729131280     
   1.0330554214980947        1.9110177294478510     
   1.0329888720979272        1.9109476737419335     
   1.0329222517010934        1.9108777059464150     
   1.0328555601627967        1.9108078263169368     
   1.0327887973503427        1.9107380350525913     
   1.0327219631271185        1.9106683323685854     
   1.0326550573540760        1.9105987184890512     
   1.0325880798987745        1.9105291936073026     
   1.0325210306145949        1.9104597579792701     
   1.0324539093698910        1.9103904117906239     
   1.0323867160148668        1.9103211553076018     
   1.0323194504166244        1.9102519887192624     
   1.0322521124319941        1.9101829122591774     
   1.0321847019259571        1.9101139261216875     
   1.0321172187462277        1.9100450305784953     
   1.0320496627529669        1.9099762258425184     
   1.0319820338078862        1.9099075121186357     
   1.0319143317665673        1.9098388896371605     
   1.0318465564765855        1.9097703586631196     
   1.0317787078063669        1.9097019193655935     
   1.0317107855957743        1.9096335720412134     
   1.0316427897068705        1.9095653168843594     
   1.0315747199893406        1.9094971541426755     
   1.0315065762990130        1.9094290840367198     
   1.0314383584873281        1.9093611068020317     
   1.0313700664008552        1.9092932226968675     
   1.0313016998958939        1.9092254319318496     
   1.0312332588189868        1.9091577347613602     
   1.0311647430233866        1.9090901314070952     
   1.0310961523521223        1.9090226221343733     
   1.0310274866625668        1.9089552071435030     
   1.0309587457920957        1.9088878867216243     
   1.0308899295903717        1.9088206610989553     
   1.0308210379062464        1.9087535305078789     
   1.0307520705835962        1.9086864952017470     
   1.0306830274682770        1.9086195554218934     
   1.0306139084058703        1.9085527114094898     
   1.0305447132310663        1.9084859634534193     
   1.0304754417943742        1.9084193117685277     
   1.0304060939407220        1.9083527565937644     
   1.0303366695037144        1.9082862982157285     
   1.0302671683331064        1.9082199368481634     
   1.0301975902635607        1.9081536727694313     
   1.0301279351265209        1.9080875062706335     
   1.0300582027768574        1.9080214375361209     
   1.0299883930393865        1.9079554668816403     
   1.0299185057551141        1.9078895945507399     
   1.0298485407669691        1.9078238207744027     
   1.0297784979048576        1.9077581458403934     
   1.0297083770038251        1.9076925700114957     
   1.0296381778978110        1.9076270935539115     
   1.0295679004220974        1.9075617167246111     
   1.0294975444115209        1.9074964397818230     
   1.0294271096916219        1.9074312630216939     
   1.0293565960994506        1.9073661866878746     
   1.0292860034646099        1.9073012110555596     
   1.0292153316144863        1.9072363364065672     
   1.0291445803858790        1.9071715629793400     
   1.0290737495974358        1.9071068910906548     
   1.0290028390790791        1.9070423210047811     
   1.0289318486615748        1.9069778529808810     
   1.0288607781721635        1.9069134872904840     
   1.0287896274251693        1.9068492242613968     
   1.0287183962536828        1.9067850641350153     
   1.0286470844828304        1.9067210071864407     
   1.0285756919294973        1.9066570537245839     
   1.0285042184214419        1.9065932040080700     
   1.0284326637768304        1.9065294583362968     
   1.0283610278137056        1.9064658170059314     
   1.0282893103553019        1.9064022802894514     
   1.0282175112193943        1.9063388484803458     
   1.0281456302246048        1.9062755218653984     
   1.0280736671864588        1.9062123007460654     
   1.0280016219221186        1.9061491854096486     
   1.0279294942442507        1.9060861761636809     
   1.0278572839730415        1.9060232732800699     
   1.0277849909159322        1.9059604770829366     
   1.0277126148881661        1.9058977878624006     
   1.0276401557031500        1.9058352059103387     
   1.0275676131724922        1.9057727315276694     
   1.0274949870989010        1.9057103650511826     
   1.0274222773033674        1.9056481067332240     
   1.0273494835835932        1.9055859569271596     
   1.0272766057475384        1.9055239159400965     
   1.0272036436045482        1.9054619840674862     
   1.0271305969666762        1.9054001615925489     
   1.0270574656304754        1.9053384488639162     
   1.0269842493995427        1.9052768461959266     
   1.0269109480823460        1.9052153538800738     
   1.0268375614736269        1.9051539722639563     
   1.0267640893793017        1.9050927016448509     
   1.0266905315933197        1.9050315423697808     
   1.0266168879224695        1.9049704947254533     
   1.0265431581623812        1.9049095590468741     
   1.0264693421053315        1.9048487356797401     
   1.0263954395467427        1.9047880249529521     
   1.0263214502932676        1.9047274271447687     
   1.0262473741276512        1.9046669426348473     
   1.0261732108457726        1.9046065717418044     
   1.0260989602387960        1.9045463148038819     
   1.0260246221040925        1.9044861721275277     
   1.0259501962173794        1.9044261441125880     
   1.0258756823806130        1.9043662310396763     
   1.0258010803784978        1.9043064332635797     
   1.0257263899952234        1.9042467511372179     
   1.0256516110194176        1.9041871849934773     
   1.0255767432274809        1.9041277352129955     
   1.0255017864158065        1.9040684020869967     
   1.0254267403585056        1.9040091860022776     
   1.0253516048386904        1.9039500873016622     
   1.0252763796386477        1.9038911063298887     
   1.0252010645332710        1.9038322434604880     
   1.0251256593028575        1.9037734990402826     
   1.0250501637291090        1.9037148734071176     
   1.0249745775771804        1.9036563669679887     
   1.0248989006284817        1.9035979800551661     
   1.0248231326608492        1.9035397130152709     
   1.0247472734367251        1.9034815662559259     
   1.0246713227331232        1.9034235401210280     
   1.0245952803240501        1.9033656349626629     
   1.0245191459668923        1.9033078512035810     
   1.0244429194341009        1.9032501891949127     
   1.0243666004982288        1.9031926492874685     
   1.0242901889227682        1.9031352318663504     
   1.0242136844607233        1.9030779373593834     
   1.0241370868866260        1.9030207660971250     
   1.0240603959573322        1.9029637184844730     
   1.0239836114392113        1.9029067948798306     
   1.0239067330829357        1.9028499957097884     
   1.0238297606493301        1.9027933213501425     
   1.0237526938982178        1.9027367721774451     
   1.0236755325776157        1.9026803486196942     
   1.0235982764460860        1.9026240510524461     
   1.0235209252542925        1.9025678798830894     
   1.0234434787606310        1.9025118354814903     
   1.0233659367069901        1.9024559182855567     
   1.0232882988440826        1.9024001286919709     
   1.0232105649171501        1.9023444671177234     
   1.0231327346795567        1.9022889339403259     
   1.0230548078687898        1.9022335296020958     
   1.0229767842293747        1.9021782545114918     
   1.0228986635057344        1.9021231090737558     
   1.0228204454339240        1.9020680937274923     
   1.0227421297580508        1.9020132088712567     
   1.0226637162097123        1.9019584549543975     
   1.0225852045348445        1.9019038323616608     
   1.0225065944555920        1.9018493415748852     
   1.0224278857109366        1.9017949829996703     
   1.0223490780409248        1.9017407570346010     
   1.0222701711641493        1.9016866641640826     
   1.0221911648118600        1.9016327048183348     
   1.0221120587118622        1.9015788794345783     
   1.0220328525934008        1.9015251884405098     
   1.0219535461764722        1.9014716323014973     
   1.0218741391887778        1.9014182114435831     
   1.0217946313506945        1.9013649263212151     
   1.0217150223764899        1.9013117774101580     
   1.0216353119863091        1.9012587651587975     
   1.0215554998991747        1.9012058900133497     
   1.0214755858307696        1.9011531524322209     
   1.0213955694882060        1.9011005529055398     
   1.0213154505853359        1.9010480918900976     
   1.0212352288414239        1.9009957698157121     
   1.0211549039504721        1.9009435872164429     
   1.0210744756325345        1.9008915445083150     
   1.0209939435883930        1.9008396421878979     
   1.0209133075077996        1.9007878807932150     
   1.0208325671161815        1.9007362607059410     
   1.0207517220941624        1.9006847824928437     
   1.0206707721429003        1.9006334466319226     
   1.0205897169729756        1.9005822535533148     
   1.0205085562635841        1.9005312038180828     
   1.0204272897161366        1.9004802978862489     
   1.0203459170145748        1.9004295362899710     
   1.0202644378551928        1.9003789195015757     
   1.0201828519168374        1.9003284480654536     
   1.0201011588953357        1.9002781224456184     
   1.0200193584701365        1.9002279431758360     
   1.0199374503244603        1.9001779107639658     
   1.0198554341330615        1.9001280257513555     
   1.0197733095754231        1.9000782886539198     
   1.0196910763351403        1.9000286999661147     
   1.0196087340770612        1.8999792602560692     
   1.0195262824786513        1.8999299700322474     
   1.0194437212105514        1.8998808298292498     
   1.0193610499385490        1.8998318401945182     
   1.0192782683255257        1.8997830016855892     
   1.0191953760475863        1.8997343147958259     
   1.0191123727568769        1.8996857801170319     
   1.0190292581149156        1.8996373981952008     
   1.0189460317817534        1.8995891695768712     
   1.0188626934162632        1.8995410948085052     
   1.0187792426664255        1.8994931744773238     
   1.0186956791908102        1.8994454091191388     
   1.0186120026268235        1.8993977993560081     
   1.0185282126364792        1.8993503456981320     
   1.0184443088560990        1.8993030487607263     
   1.0183602909304135        1.8992559091154926     
   1.0182761585063524        1.8992089273207657     
   1.0181919112137749        1.8991621040007629     
   1.0181075486906330        1.8991154397394729     
   1.0180230705756799        1.8990689351120182     
   1.0179384764978754        1.8990225907290093     
   1.0178537660882108        1.8989764071862445     
   1.0177689389688018        1.8989303851101349     
   1.0176839947683749        1.8988845250941426     
   1.0175989331119824        1.8988388277423036     
   1.0175137536168877        1.8987932936827014     
   1.0174284558976951        1.8987479235497475     
   1.0173430395686853        1.8987027179723870     
   1.0172575042485426        1.8986576775554220     
   1.0171718495456559        1.8986128029406815     
   1.0170860750613877        1.8985680947924766     
   1.0170001804082160        1.8985235537212453     
   1.0169141651882914        1.8984791803764474     
   1.0168280289943967        1.8984349754371541     
   1.0167417714263196        1.8983909395495711     
   1.0166553920857351        1.8983470733430314     
   1.0165688905541215        1.8983033775258722     
   1.0164822664225108        1.8982598527588670     
   1.0163955192926419        1.8982164996520661     
   1.0163086487254365        1.8981733189779491     
   1.0162216543145806        1.8981303113656720     
   1.0161345356353386        1.8980874775142911     
   1.0160472922586414        1.8980448181344514     
   1.0159599237644388        1.8980023338912733     
   1.0158724297243709        1.8979600254773579     
   1.0157848096943811        1.8979178936429943     
   1.0156970632415445        1.8978759390854865     
   1.0156091899321875        1.8978341624973765     
   1.0155211893215552        1.8977925646097205     
   1.0154330609582787        1.8977511461738223     
   1.0153448044000954        1.8977099078963171     
   1.0152564191900935        1.8976688505343287     
   1.0151679048833215        1.8976279747902889     
   1.0150792610157442        1.8975872814369508     
   1.0149904871278761        1.8975467712192606     
   1.0149015827519583        1.8975064449100438     
   1.0148125474227780        1.8974663032632140     
   1.0147233806739291        1.8974263470285488     
   1.0146340820223296        1.8973865770182439     
   1.0145446510020433        1.8973469939630241     
   1.0144550871221309        1.8973075986903121     
   1.0143653898990175        1.8972683919888118     
   1.0142755588578156        1.8972293746016118     
   1.0141855934873782        1.8971905474133854     
   1.0140954933113036        1.8971519111568291     
   1.0140052578246423        1.8971134666739435     
   1.0139148865282719        1.8970752147736509     
   1.0138243789074861        1.8970371563202666     
   1.0137337344624595        1.8969992921060350     
   1.0136429526686732        1.8969616230190174     
   1.0135520330331707        1.8969241498056308     
   1.0134609750076513        1.8968868734323405     
   1.0133697780893087        1.8968497946669070     
   1.0132784417454215        1.8968129143924148     
   1.0131869654328858        1.8967762335257858     
   1.0130953486324588        1.8967397528743202     
   1.0130035907979225        1.8967034733471755     
   1.0129116913745562        1.8966673958778042     
   1.0128196498315216        1.8966315212938916     
   1.0127274656083698        1.8965958505325378     
   1.0126351381433611        1.8965603845252899     
   1.0125426668920243        1.8965251241258718     
   1.0124500512814192        1.8964900702914567     
   1.0123572907390153        1.8964552239661558     
   1.0122643846898887        1.8964205860977050     
   1.0121713325655881        1.8963861575924912     
   1.0120781337788907        1.8963519394247763     
   1.0119847877514794        1.8963179325222461     
   1.0118912938783140        1.8962841379076152     
   1.0117976515745999        1.8962505565135694     
   1.0117038602352266        1.8962171893417041     
   1.0116099192566148        1.8961840373786540     
   1.0115158280301870        1.8961511016170403     
   1.0114215859389080        1.8961183830735200     
   1.0113271923572988        1.8960858827887652     
   1.0112326466867436        1.8960536016809604     
   1.0111379482690210        1.8960215408990457     
   1.0110430964831603        1.8959897014277607     
   1.0109480906890529        1.8959580843187647     
   1.0108529302412743        1.8959266906326770     
   1.0107576144940322        1.8958955214180235     
   1.0106621427907911        1.8958645777565815     
   1.0105665144590585        1.8958338607784910     
   1.0104707288581227        1.8958033714771103     
   1.0103747852995655        1.8957731110209801     
   1.0102786831164554        1.8957430804833111     
   1.0101824216069912        1.8957132810604880     
   1.0100860001175029        1.8956837137454638     
   1.0099894179221158        1.8956543798048804     
   1.0098926743437402        1.8956252802988911     
   1.0097957686675205        1.8955964164226158     
   1.0096987001818729        1.8955677893468925     
   1.0096014681796384        1.8955394002092589     
   1.0095040719264754        1.8955112502416558     
   1.0094065107113670        1.8954833405698934     
   1.0093087837752037        1.8954556724954799     
   1.0092108903874402        1.8954282471940309     
   1.0091128298109351        1.8954010658496756     
   1.0090146012834080        1.8953741297348263     
   1.0089162040443966        1.8953474400966401     
   1.0088176373245363        1.8953209982046613     
   1.0087189003571024        1.8952948053020915     
   1.0086199923634878        1.8952688626633090     
   1.0085209125399310        1.8952431716467244     
   1.0084216601120273        1.8952177334797145     
   1.0083222342707423        1.8951925495079123     
   1.0082226342039944        1.8951676210760824     
   1.0081228590990270        1.8951429495126419     
   1.0080229081457215        1.8951185361225056     
   1.0079227804943418        1.8950943823451256     
   1.0078224753224119        1.8950704894992703     
   1.0077219917800693        1.8950468589932803     
   1.0076213290144342        1.8950234922302305     
   1.0075204861717499        1.8950003905987858     
   1.0074194623726305        1.8949775555700836     
   1.0073182567530636        1.8949549885393462     
   1.0072168684231297        1.8949326909811555     
   1.0071152964944181        1.8949106643498168     
   1.0070135400658664        1.8948889101284885     
   1.0069115982192893        1.8948674298490888     
   1.0068094700570387        1.8948462249437505     
   1.0067071546333561        1.8948252970136727     
   1.0066046510351248        1.8948046475130851     
   1.0065019583027577        1.8947842780582618     
   1.0063990754866547        1.8947641902050496     
   1.0062960016365330        1.8947443854950976     
   1.0061927357735061        1.8947248655574085     
   1.0060892769249759        1.8947056319761151     
   1.0059856240943816        1.8946866864099274     
   1.0058817762866314        1.8946680304896224     
   1.0057777324947981        1.8946496658692786     
   1.0056734917024530        1.8946315942189491     
   1.0055690528735324        1.8946138172630063     
   1.0054644149843450        1.8945963366548986     
   1.0053595769753232        1.8945791541660064     
   1.0052545378002755        1.8945622714900709     
   1.0051492963769026        1.8945456904409168     
   1.0050438516379692        1.8945294127479209     
   1.0049382024848381        1.8945134402399346     
   1.0048323478216235        1.8944977747085185     
   1.0047262865393678        1.8944824179736792     
   1.0046200174949773        1.8944673719619316     
   1.0045135395805380        1.8944526384374993     
   1.0044068516392546        1.8944382193288882     
   1.0042999525009308        1.8944241165915021     
   1.0041928410091656        1.8944103320981340     
   1.0040855159782545        1.8943968678121683     
   1.0039779762151551        1.8943837256936882     
   1.0038702205168792        1.8943709077177990     
   1.0037622476523254        1.8943584159370594     
   1.0036540563906109        1.8943462523774754     
   1.0035456455067335        1.8943344190132427     
   1.0034370137150190        1.8943229180222676     
   1.0033281597541412        1.8943117514596179     
   1.0032190823414902        1.8943009214317839     
   1.0031097801695270        1.8942904301127408     
   1.0030002519368983        1.8942802796218077     
   1.0028904963012570        1.8942704722017614     
   1.0027805119432078        1.8942610099804853     
   1.0026702974660164        1.8942518953440630     
   1.0025598515380401        1.8942431304040221     
   1.0024491727552078        1.8942347175094059     
   1.0023382597102621        1.8942266589944947     
   1.0022271109863501        1.8942189571908639     
   1.0021157251651818        1.8942116144049983     
   1.0020041007791283        1.8942046330939193     
   1.0018922363663818        1.8941980156597804     
   1.0017801304353626        1.8941917645797754     
   1.0016677814995054        1.8941858822796620     
   1.0015551880354761        1.8941803712816345     
   1.0014423485079564        1.8941752341217053     
   1.0013292613681684        1.8941704733474491     
   1.0012159250327890        1.8941660915974827     
   1.0011023379359985        1.8941620914060424     
   1.0009884984470556        1.8941584755142107     
   1.0008744049348877        1.8941552466205289     
   1.0007600557736167        1.8941524073684199     
   1.0006454493002375        1.8941499604952687     
   1.0005305837983625        1.8941479088987934     
   1.0004154575772131        1.8941462553384953     
   1.0003000689231212        1.8941450026166182     
   1.0001844160760607        1.8941441536635173     
   1.0000684972599858        1.8941437114261139     
  0.99995231069877988        1.8941436788085133     
  0.99983585457540425        1.8941440588178500     
  0.99971912703981425        1.8941448545387038     
  0.99960212625947020        1.8941460689465570     
  0.99948485031801582        1.8941477052745417     
  0.99936729733704577        1.8941497665728200     
  0.99924946537578607        1.8941522560662214     
  0.99913135247381735        1.8941551770088885     
  0.99901295667754864        1.8941585325745218     
  0.99889427593398350        1.8941623262509517     
  0.99877530825684069        1.8941665612342395     
  0.99865605157165149        1.8941712409814273     
  0.99853650378902714        1.8941763689603013     
  0.99841666279835395        1.8941819486528590     
  0.99829652647440048        1.8941879835449020     
  0.99817609263430096        1.8941944772716264     
  0.99805535908487786        1.8942014334513522     
  0.99793432358112522        1.8942088558303976     
  0.99781298389712525        1.8942167480294021     
  0.99769133773524543        1.8942251138639037     
  0.99756938274008822        1.8942339573007407     
  0.99744711661154295        1.8942432820430917     
  0.99732453694568379        1.8942530921059806     
  0.99720164132089628        1.8942633915036988     
  0.99707842729645346        1.8942741842532844     
  0.99695489235541834        1.8942854745806177     
  0.99683103402883133        1.8942972664675042     
  0.99670684971173151        1.8943095643192152     
  0.99658233684557318        1.8943223723005957     
  0.99645749277170226        1.8943356948664403     
  0.99633231486257234        1.8943495362808578     
  0.99620680034641484        1.8943639012598799     
  0.99608094654364776        1.8943787941031480     
  0.99595475060755589        1.8943942196337142     
  0.99582820977402209        1.8944101823033304     
  0.99570132111293819        1.8944266870730893     
  0.99557408174435846        1.8944437386442681     
  0.99544648865286289        1.8944613421109113     
  0.99531853891898292        1.8944795021511882     
  0.99519022943051783        1.8944982240306880     
  0.99506155710718536        1.8945175128185900     
  0.99493251880067368        1.8945373737318389     
  0.99480311133396826        1.8945578120008173     
  0.99467333146086478        1.8945788330018374     
  0.99454317587039975        1.8946004422470790     
  0.99441264119040629        1.8946226453625772     
  0.99428172407951509        1.8946454477727985     
  0.99415042102968487        1.8946688553795894     
  0.99401872853941142        1.8946928739612332     
  0.99388664306281671        1.8947175093482496     
  0.99375416094091462        1.8947427676524182     
  0.99362127849930271        1.8947686549356701     
  0.99348799196394388        1.8947951774896725     
  0.99335429756177052        1.8948223414923397     
  0.99322019137868456        1.8948501534925994     
  0.99308566949347565        1.8948786199465695     
  0.99295072787682104        1.8949077475578022     
  0.99281536244726110        1.8949375430926310     
  0.99267956905087718        1.8949680134347520     
  0.99254334347126794        1.8949991655568401     
  0.99240668141819899        1.8950310065504361     
  0.99226957847886021        1.8950635437947838     
  0.99213203023777530        1.8950967845400497     
  0.99199403214037096        1.8951307363660455     
  0.99185557955810599        1.8951654069669306     
  0.99171666782983769        1.8952008039989137     
  0.99157729209497691        1.8952369356423286     
  0.99143744753741903        1.8952738097762536     
  0.99129712918091617        1.8953114346625775     
  0.99115633193122610        1.8953498188023032     
  0.99101505065483031        1.8953889706599889     
  0.99087328006451170        1.8954288990564336     
  0.99073101483400638        1.8954696127644830     
  0.99058824949245672        1.8955111208691675     
  0.99044497844062196        1.8955534327022465     
  0.99030119603278943        1.8955965575695002     
  0.99015689644565941        1.8956405051733998     
  0.99001207378788703        1.8956852852519095     
  0.98986672198158554        1.8957309079666640     
  0.98972083491637375        1.8957773833799578     
  0.98957440634482374        1.8958247217989672     
  0.98942742976405607        1.8958729341589402     
  0.98927989868033772        1.8959220311465697     
  0.98913180638700016        1.8959720239264439     
  0.98898314608430615        1.8960229237331845     
  0.98883391076585370        1.8960747422440092     
  0.98868409331511942        1.8961274912534831     
  0.98853368647693296        1.8961811827569441     
  0.98838268275374308        1.8962358292815111     
  0.98823107457728321        1.8962914433262856     
  0.98807885413115137        1.8963480379158910     
  0.98792601348366704        1.8964056261779971     
  0.98777254449882279        1.8964642216117014     
  0.98761843879284916        1.8965238382176548     
  0.98746368792361661        1.8965844898837603     
  0.98730828311949548        1.8966461912492767     
  0.98715221544432075        1.8967089571545779     
  0.98699547576859714        1.8967728027295876     
  0.98683805467194197        1.8968377436967183     
  0.98667994268015236        1.8969037955961607     
  0.98652112982148066        1.8969709751941046     
  0.98636160605636980        1.8970392990934597     
  0.98620136107257395        1.8971087843858736     
  0.98604038425420770        1.8971794487186771     
  0.98587866469078456        1.8972513102694406     
  0.98571619124743137        1.8973243874916106     
  0.98555295249839125        1.8973986993265073     
  0.98538893664041749        1.8974742654451422     
  0.98522413161539879        1.8975511058522279     
  0.98505852503080038        1.8976292411175164     
  0.98489210413259642        1.8977086924441924     
  0.98472485580366409        1.8977894816418788     
  0.98455676656424707        1.8978716311279338     
  0.98438782257806046        1.8979551638660164     
  0.98421800960279060        1.8980401035015071     
  0.98404731297300407        1.8981264744013899     
  0.98387571755510816        1.8982143017630158     
  0.98370320777372056        1.8983036114940672     
  0.98352976768387324        1.8983944299893296     
  0.98335538073129647        1.8984867848184814     
  0.98318002984382080        1.8985807044187111     
  0.98300369753312256        1.8986762177593912     
  0.98282636565154502        1.8987733550469821     
  0.98264801546564384        1.8988721474656656     
  0.98246862765861886        1.8989726271292575     
  0.98228818235497883        1.8990748269784374     
  0.98210665887529003        1.8991787814775516     
  0.98192403585909482        1.8992845261856823     
  0.98174029135998420        1.8993920974539058     
  0.98155540241027961        1.8995015336562164     
  0.98136934553713362        1.8996128736131492     
  0.98118209614198704        1.8997261583793017     
  0.98099362886363728        1.8998414301045998     
  0.98080391741167861        1.8999587324792553     
  0.98061293447191622        1.9000781109375500     
  0.98042065162255154        1.9001996128447267     
  0.98022703952407597        1.9003232868618141     
  0.98003206750839933        1.9004491840754865     
  0.97983570376208262        1.9005773573838614     
  0.97963791514656573        1.9007078619213740     
  0.97943866709528971        1.9008407552797859     
  0.97923792378755481        1.9009760968957239     
  0.97903564771449025        1.9011139492022200     
  0.97883179960301403        1.9012543777246962     
  0.97862633885230099        1.9013974497195605     
  0.97841922252124014        1.9015432369345140     
  0.97821040613428323        1.9016918131608858     
  0.97799984282998864        1.9018432565192986     
  0.97778748372615187        1.9019976482436127     
  0.97757327740760658        1.9021550739652326     
  0.97735716996882205        1.9023156234018712     
  0.97713910475057619        1.9024793908785493     
  0.97691902227225580        1.9026464753009713     
  0.97669685975582066        1.9028169812465119     
  0.97647255114716780        1.9029910186294101     
  0.97624602675425354        1.9031687034240412     
  0.97601721271026876        1.9033501588122861     
  0.97578603132544617        1.9035355138972052     
  0.97555240012266886        1.9037249059634687     
  0.97531623137030277        1.9039184813171448     
  0.97507743229314925        1.9041163942701234     
  0.97483590399713727        1.9043188095615728     
  0.97459154129263859        1.9045259022581371     
  0.97434423173375695        1.9047378597137463     
  0.97409385529941250        1.9049548817567823     
  0.97384028354672536        1.9051771821844339     
  0.97358337838285380        1.9054049911307960     
  0.97332299150301016        1.9056385556216824     
  0.97305896316362273        1.9058781416988864     
  0.97279112086825881        1.9061240366596914     
  0.97251927786168546        1.9063765515879525     
  0.97224323134107082        1.9066360244153078     
  0.97196276072204335        1.9069028225843216     
  0.97167762522222378        1.9071773471996021     
  0.97138756092326861        1.9074600381354267     
  0.97109227841637802        1.9077513772758983     
  0.97079145739896766        1.9080518988755475     
  0.97048474438398469        1.9083621915820697     
  0.97017174549152496        1.9086829119654223     
  0.96985202053600494        1.9090147938238244     
  0.96952507596817428        1.9093586593126537     
  0.96919035293883438        1.9097154404142680     
  0.96884721720196609        1.9100861941736649     
  0.96849494253329627        1.9104721312349864     
  0.96813269068706997        1.9108746494749957     
  0.96775948730671713        1.9112953732720321     
  0.96737418769972494        1.9117362112170917     
  0.96697543076121706        1.9121994337444459     
  0.96656158095118738        1.9126877681893941     
  0.96613063998263526        1.9132045481774052     
  0.96568012639549339        1.9137539135818256     
  0.96520689577085206        1.9143411106163548     
  0.96470686078669288        1.9149729609509138     
  0.96417455119733886        1.9156585947886127     
  0.96360235610683287        1.9164107194831326     
  0.96297915559538583        1.9172479065281980     
  0.96228758913342549        1.9181991614142015     
  0.96149789021823040        1.9193142429607284     
  0.96055116352189374        1.9206916794293076     
  0.95929839400107730        1.9225810671684869     
  0.95709151780020141        1.9260706952141713     
  0.96082861442610290        1.9196112622758768     
  0.95637348559271040        1.9268937725816511     
  0.95807667935685670        1.9238050560182787     
  0.95553847254270385        1.9280163902919121     
  0.95879642836315859        1.9221568930740698     
