   1.0811930775644498        1.2991396199784337     
   1.0811733765289382        1.2992022754884391     
   1.0811532641264137        1.2992642742488401     
   1.0811331292171298        1.2993262672274528     
   1.0811129707887668        1.2993882533538184     
   1.0810927888391137        1.2994502326306894     
   1.0810725833549111        1.2995122050482597     
   1.0810523543263868        1.2995741706006163     
   1.0810321017374660        1.2996361292743921     
   1.0810118255873742        1.2996980810744199     
   1.0809915258543363        1.2997600259806639     
   1.0809712025311820        1.2998219639903941     
   1.0809508556108742        1.2998838951009164     
   1.0809304850757355        1.2999458192971334     
   1.0809100909196105        1.3000077365774256     
   1.0808896731321838        1.3000696469353181     
   1.0808692317006563        1.3001315503614648     
   1.0808487666076712        1.3001934468410816     
   1.0808282778512841        1.3002553363775597     
   1.0808077654164672        1.3003172189588952     
   1.0807872292912044        1.3003790945766203     
   1.0807666694697955        1.3004409632297238     
   1.0807460859321876        1.3005028249003168     
   1.0807254786715335        1.3005646795860089     
   1.0807048476775762        1.3006265272804209     
   1.0806841929411717        1.3006883679784778     
   1.0806635144452128        1.3007502016657893     
   1.0806428121815477        1.3008120283384377     
   1.0806220861391767        1.3008738479892488     
   1.0806013363045972        1.3009356606080034     
   1.0805805626686327        1.3009974661896098     
   1.0805597652217718        1.3010592647286041     
   1.0805389439521824        1.3011210562167417     
   1.0805180988418921        1.3011828406387531     
   1.0804972298883311        1.3012446179971775     
   1.0804763370774189        1.3013063882811819     
   1.0804554203941950        1.3013681514791058     
   1.0804344798264702        1.3014299075821389     
   1.0804135153693792        1.3014916565904089     
   1.0803925270091626        1.3015533984933687     
   1.0803715147342869        1.3016151332833106     
   1.0803504785273887        1.3016768609455045     
   1.0803294183866492        1.3017385814836087     
   1.0803083342973963        1.3018002948860508     
   1.0802872262425014        1.3018620011384892     
   1.0802660942150604        1.3019237002386208     
   1.0802449382068049        1.3019853921823472     
   1.0802237581976599        1.3020470769520140     
   1.0802025541840796        1.3021087545490788     
   1.0801813261497351        1.3021704249601811     
   1.0801600740842014        1.3022320881788283     
   1.0801387979768511        1.3022937441982823     
   1.0801174978162027        1.3023553930108798     
   1.0800961735899668        1.3024170346079136     
   1.0800748252877863        1.3024786689830108     
   1.0800534528923369        1.3025402961216548     
   1.0800320564009798        1.3026019160264564     
   1.0800106357940096        1.3026635286800821     
   1.0799891910657038        1.3027251340816188     
   1.0799677221985957        1.3027867322163875     
   1.0799462291887370        1.3028483230854642     
   1.0799247120187521        1.3029099066742849     
   1.0799031706756508        1.3029714829734176     
   1.0798816051478473        1.3030330519750377     
   1.0798600154314446        1.3030946136804289     
   1.0798384015010447        1.3031561680655175     
   1.0798167633576545        1.3032177151373405     
   1.0797951009842142        1.3032792548817069     
   1.0797734143646887        1.3033407872854768     
   1.0797517034953710        1.3034023123504017     
   1.0797299683617052        1.3034638300649750     
   1.0797082089444758        1.3035253404125617     
   1.0796864252453788        1.3035868434010054     
   1.0796646172367730        1.3036483390037186     
   1.0796427849212857        1.3037098272294956     
   1.0796209282761657        1.3037713080576743     
   1.0795990472983934        1.3038327814904513     
   1.0795771419678324        1.3038942475099797     
   1.0795552122775101        1.3039557061140599     
   1.0795332582136077        1.3040171572923018     
   1.0795112797643247        1.3040786010366483     
   1.0794892769187070        1.3041400373402217     
   1.0794672496637214        1.3042014661934576     
   1.0794451979883495        1.3042628875894100     
   1.0794231218788015        1.3043243015178168     
   1.0794010213193379        1.3043857079659640     
   1.0793788963059872        1.3044471069351047     
   1.0793567468212932        1.3045084984106770     
   1.0793345728524859        1.3045698823836005     
   1.0793123743933146        1.3046312588524194     
   1.0792901514268951        1.3046926278031821     
   1.0792679039386024        1.3047539892246449     
   1.0792456319251877        1.3048153431189626     
   1.0792233353628526        1.3048766894640487     
   1.0792010142481248        1.3049380282617762     
   1.0791786685659022        1.3049993595003100     
   1.0791562982977692        1.3050606831640157     
   1.0791339034494589        1.3051219992654737     
   1.0791114839870477        1.3051833077709021     
   1.0790890399071664        1.3052446086821692     
   1.0790665712046044        1.3053059019992619     
   1.0790440778561288        1.3053671877007056     
   1.0790215598558863        1.3054284657856154     
   1.0789990171887749        1.3054897362422437     
   1.0789764498417675        1.3055509990611815     
   1.0789538577997844        1.3056122542307866     
   1.0789312410612948        1.3056735017552192     
   1.0789085996043357        1.3057347416146021     
   1.0788859334155829        1.3057959737993319     
   1.0788632424934266        1.3058571983134477     
   1.0788405268068155        1.3059184151264964     
   1.0788177863616297        1.3059796242514048     
   1.0787950211365636        1.3060408256690925     
   1.0787722311189665        1.3061020193707531     
   1.0787494163039053        1.3061632053565089     
   1.0787265766634857        1.3062243835997756     
   1.0787037121957408        1.3062855541040439     
   1.0786808228909881        1.3063467168640979     
   1.0786579087310355        1.3064078718645935     
   1.0786349697024937        1.3064690190958372     
   1.0786120057950430        1.3065301585516036     
   1.0785890169933026        1.3065912902199917     
   1.0785660032920865        1.3066524141008471     
   1.0785429646689204        1.3067135301739308     
   1.0785199011149451        1.3067746384348178     
   1.0784968126176160        1.3068357388748959     
   1.0784736991703812        1.3068968314923590     
   1.0784505607473036        1.3069579162628822     
   1.0784273973492262        1.3070189931936200     
   1.0784042089508767        1.3070800622607956     
   1.0783809955549932        1.3071411234738564     
   1.0783577571257563        1.3072021767966113     
   1.0783344936741313        1.3072632222482077     
   1.0783112051704324        1.3073242597997239     
   1.0782878916108947        1.3073852894528848     
   1.0782645529815493        1.3074463111973453     
   1.0782411892659565        1.3075073250199174     
   1.0782178004505893        1.3075683309107233     
   1.0781943865295611        1.3076293288691379     
   1.0781709474848564        1.3076903188799303     
   1.0781474833045313        1.3077513009352129     
   1.0781239939726817        1.3078122750225278     
   1.0781004794803510        1.3078732411373530     
   1.0780769398108576        1.3079341992662110     
   1.0780533749511694        1.3079951494000186     
   1.0780297848937030        1.3080560915360262     
   1.0780061696194714        1.3081170256578041     
   1.0779825291180822        1.3081779517596290     
   1.0779588633752188        1.3082388698306318     
   1.0779351723801762        1.3082997798643698     
   1.0779114561164356        1.3083606818476659     
   1.0778877145730599        1.3084215757738087     
   1.0778639477388745        1.3084824616358488     
   1.0778401555925923        1.3085433394148769     
   1.0778163381291790        1.3086042091112557     
   1.0777924953344398        1.3086650707144174     
   1.0777686271890949        1.3087259242078360     
   1.0777447336865356        1.3087867695900708     
   1.0777208148100375        1.3088476068475550     
   1.0776968705488847        1.3089084359739487     
   1.0776729008808770        1.3089692569493407     
   1.0776489058090115        1.3090300697834141     
   1.0776248853054007        1.3090908744496743     
   1.0776008393642384        1.3091516709474362     
   1.0775767679682862        1.3092124592627865     
   1.0775526711068644        1.3092732393892756     
   1.0775285487648558        1.3093340113154159     
   1.0775044009301962        1.3093947750332879     
   1.0774802275853941        1.3094555305284117     
   1.0774560287217276        1.3095162777969966     
   1.0774318043257236        1.3095770168293384     
   1.0774075543779733        1.3096377476088836     
   1.0773832788740019        1.3096984701366101     
   1.0773589777952006        1.3097591843969900     
   1.0773346511224013        1.3098198903736353     
   1.0773102988519314        1.3098805880685536     
   1.0772859209649426        1.3099412774659571     
   1.0772615174471811        1.3100019585551625     
   1.0772370882905178        1.3100626313330657     
   1.0772126334751191        1.3101232957825464     
   1.0771881529894398        1.3101839518964060     
   1.0771636468200116        1.3102445996650736     
   1.0771391149521239        1.3103052390774661     
   1.0771145573709620        1.3103658701225895     
   1.0770899740669488        1.3104264927954197     
   1.0770653650260964        1.3104871070859085     
   1.0770407302282787        1.3105477129766692     
   1.0770160696640034        1.3106083104628270     
   1.0769913833239548        1.3106688995398328     
   1.0769666711858723        1.3107294801877534     
   1.0769419332405585        1.3107900524022169     
   1.0769171694712996        1.3108506161698661     
   1.0768923798702319        1.3109111714877679     
   1.0768675644157439        1.3109717183369449     
   1.0768427231003745        1.3110322567149280     
   1.0768178559025112        1.3110927866026194     
   1.0767929628159667        1.3111533079991771     
   1.0767680438268503        1.3112138208946837     
   1.0767430989084255        1.3112743252639070     
   1.0767181280634770        1.3113348211166613     
   1.0766931312706762        1.3113953084341934     
   1.0766681085119887        1.3114557872016639     
   1.0766430597816337        1.3115162574187709     
   1.0766179850538902        1.3115767190615113     
   1.0765928843305526        1.3116371721385147     
   1.0765677575827184        1.3116976166221308     
   1.0765426048067708        1.3117580525145782     
   1.0765174259789203        1.3118184797942332     
   1.0764922210927959        1.3118788984600938     
   1.0764669901262311        1.3119393084924833     
   1.0764417330792160        1.3119997098978531     
   1.0764164499243383        1.3120601026503336     
   1.0763911406474627        1.3121204867397989     
   1.0763658052439207        1.3121808621671911     
   1.0763404436893895        1.3122412289102829     
   1.0763150559739811        1.3123015869640491     
   1.0762896420854389        1.3123619363204835     
   1.0762642020024678        1.3124222769609066     
   1.0762387357222052        1.3124826088885095     
   1.0762132432187410        1.3125429320793025     
   1.0761877244818570        1.3126032465276176     
   1.0761621795008736        1.3126635522276033     
   1.0761366082543515        1.3127238491603659     
   1.0761110107275464        1.3127841373149876     
   1.0760853869188247        1.3128444166963136     
   1.0760597367980873        1.3129046872752497     
   1.0760340603572054        1.3129649490486903     
   1.0760083575862971        1.3130252020117044     
   1.0759826284602139        1.3130854461410744     
   1.0759568729733542        1.3131456814368816     
   1.0759310911074651        1.3132059078840337     
   1.0759052828452464        1.3132661254687605     
   1.0758794481791947        1.3133263341888410     
   1.0758535870865658        1.3133865340240121     
   1.0758276995597045        1.3134467249718156     
   1.0758017855801156        1.3135069070169814     
   1.0757758451301773        1.3135670801454922     
   1.0757498782049424        1.3136272443579968     
   1.0757238847777950        1.3136873996297302     
   1.0756978648375808        1.3137475459541363     
   1.0756718183767409        1.3138076833289429     
   1.0756457453697030        1.3138678117306974     
   1.0756196458142062        1.3139279311632339     
   1.0755935196802311        1.3139880415978340     
   1.0755673669657908        1.3140481430388955     
   1.0755411876467682        1.3141082354644751     
   1.0755149817142935        1.3141683188707769     
   1.0754887491532825        1.3142283932467280     
   1.0754624899409753        1.3142884585721006     
   1.0754362040714633        1.3143485148466580     
   1.0754098915224155        1.3144085620506667     
   1.0753835522903672        1.3144686001867494     
   1.0753571863473141        1.3145286292285272     
   1.0753307936837950        1.3145886491715912     
   1.0753043742833261        1.3146486600031160     
   1.0752779281349114        1.3147086617167942     
   1.0752514552189310        1.3147686542963488     
   1.0752249555220701        1.3148286377325960     
   1.0751984290232310        1.3148886120075218     
   1.0751718757148803        1.3149485771188245     
   1.0751452955832352        1.3150085330570875     
   1.0751186886058191        1.3150684798023882     
   1.0750920547709080        1.3151284173478262     
   1.0750653940623636        1.3151883456808868     
   1.0750387064666067        1.3152482647924428     
   1.0750119919669745        1.3153081746694708     
   1.0749852505436419        1.3153680752954573     
   1.0749584821887912        1.3154279666679267     
   1.0749316868866854        1.3154878487749944     
   1.0749048646174115        1.3155477215999678     
   1.0748780153673345        1.3156075851336151     
   1.0748511391210749        1.3156674393644634     
   1.0748242358606304        1.3157272842781220     
   1.0747973055753355        1.3157871198688071     
   1.0747703482434969        1.3158469461176623     
   1.0747433638543522        1.3159067630188865     
   1.0747163523957910        1.3159665705649390     
   1.0746893138367202        1.3160263687258578     
   1.0746622481837043        1.3160861575164482     
   1.0746351554033546        1.3161459369039084     
   1.0746080354907395        1.3162057068894022     
   1.0745808884206418        1.3162654674498788     
   1.0745537141842882        1.3163252185819290     
   1.0745265127669046        1.3163849602749602     
   1.0744992841474921        1.3164446925110140     
   1.0744720283131295        1.3165044152816792     
   1.0744447452465531        1.3165641285734939     
   1.0744174349316802        1.3166238323743089     
   1.0743900973536695        1.3166835266735175     
   1.0743627324999907        1.3167432114631856     
   1.0743353403514080        1.3168028867275945     
   1.0743079208865944        1.3168625524482185     
   1.0742804741008547        1.3169222086267784     
   1.0742529999704424        1.3169818552418930     
   1.0742254984851858        1.3170414922884512     
   1.0741979696226165        1.3171011197470055     
   1.0741704133679741        1.3171607376069325     
   1.0741428297050977        1.3172203458561218     
   1.0741152186270344        1.3172799444933894     
   1.0740875801017009        1.3173395334876383     
   1.0740599141245761        1.3173991128405529     
   1.0740322206797461        1.3174586825403567     
   1.0740044997437088        1.3175182425661993     
   1.0739767513058276        1.3175777929124595     
   1.0739489753453562        1.3176373335616720     
   1.0739211718529122        1.3176968645096898     
   1.0738933408070717        1.3177563857382264     
   1.0738654821914098        1.3178158972348497     
   1.0738375959918900        1.3178753989899947     
   1.0738096821894250        1.3179348909881474     
   1.0737817407731767        1.3179943732235295     
   1.0737537717216081        1.3180538456776070     
   1.0737257750162239        1.3181133083356560     
   1.0736977506498449        1.3181727611962102     
   1.0736696985980618        1.3182322042375203     
   1.0736416188462854        1.3182916374492630     
   1.0736135113774259        1.3183510608183941     
   1.0735853761793945        1.3184104743376843     
   1.0735572132314475        1.3184698779896091     
   1.0735290225154224        1.3185292717598549     
   1.0735008040156644        1.3185886556369404     
   1.0734725577210611        1.3186480296148493     
   1.0734442836111875        1.3187073936765876     
   1.0734159816659397        1.3187667478054146     
   1.0733876518741023        1.3188260919951702     
   1.0733592942183976        1.3188854262325813     
   1.0733309086748906        1.3189447504963776     
   1.0733024952379004        1.3190040647871450     
   1.0732740538778709        1.3190633690768578     
   1.0732455845955646        1.3191226633737876     
   1.0732170873590809        1.3191819476471869     
   1.0731885621580797        1.3192412218920468     
   1.0731600089701576        1.3193004860890072     
   1.0731314277829795        1.3193597402306005     
   1.0731028185767948        1.3194189843007069     
   1.0730741813401508        1.3194782182929947     
   1.0730455160497561        1.3195374421869692     
   1.0730168226947310        1.3195966559771595     
   1.0729881012545153        1.3196558596462149     
   1.0729593517123561        1.3197150531816377     
   1.0729305740484945        1.3197742365672949     
   1.0729017682508701        1.3198334097961020     
   1.0728729343004304        1.3198925728526942     
   1.0728440721766288        1.3199517257201507     
   1.0728151818691001        1.3200108683932397     
   1.0727862633525580        1.3200700008493835     
   1.0727573166208060        1.3201291230885595     
   1.0727283416424704        1.3201882350807894     
   1.0726993384102534        1.3202473368247523     
   1.0726703069075763        1.3203064283081534     
   1.0726412471099680        1.3203655095093261     
   1.0726121590067748        1.3204245804227690     
   1.0725830425764329        1.3204836410304073     
   1.0725538978019971        1.3205426913194316     
   1.0725247246674035        1.3206017312782374     
   1.0724955231569049        1.3206607608954022     
   1.0724662932495379        1.3207197801534538     
   1.0724370349252013        1.3207787890358265     
   1.0724077481762833        1.3208377875410113     
   1.0723784329748052        1.3208967756431136     
   1.0723490893098930        1.3209557533366529     
   1.0723197171617795        1.3210147206055600     
   1.0722903165134703        1.3210736774371217     
   1.0722608873450457        1.3211326238151333     
   1.0722314296426552        1.3211915597303925     
   1.0722019433869618        1.3212504851676790     
   1.0721724285528265        1.3213094001043437     
   1.0721428851374246        1.3213683045445812     
   1.0721133131091976        1.3214271984583588     
   1.0720837124572415        1.3214860818401952     
   1.0720540831628891        1.3215449546754319     
   1.0720244252138398        1.3216038169568980     
   1.0719947385760100        1.3216626686516868     
   1.0719650232470712        1.3217215097644028     
   1.0719352792069943        1.3217803402788533     
   1.0719055064292753        1.3218391601710473     
   1.0718757049028271        1.3218979694353354     
   1.0718458746131798        1.3219567680619484     
   1.0718160155282226        1.3220155560205147     
   1.0717861276455387        1.3220743333154643     
   1.0717562109361438        1.3221330999200984     
   1.0717262653880471        1.3221918558275134     
   1.0716962909807162        1.3222506010210977     
   1.0716662876943277        1.3223093354847433     
   1.0716362555139116        1.3223680592082161     
   1.0716061944196165        1.3224267721756275     
   1.0715761043981835        1.3224854743788024     
   1.0715459854202378        1.3225441657902501     
   1.0715158374790865        1.3226028464097963     
   1.0714856605491054        1.3226615162145752     
   1.0714554546133281        1.3227201751920525     
   1.0714252196551708        1.3227788233300857     
   1.0713949556556535        1.3228374606138005     
   1.0713646625941244        1.3228960870262401     
   1.0713343404565048        1.3229547025584927     
   1.0713039892205656        1.3230133071915220     
   1.0712736088664945        1.3230719009096714     
   1.0712431993822746        1.3231304837061846     
   1.0712127607418604        1.3231890555578696     
   1.0711822929336394        1.3232476164585472     
   1.0711517959285874        1.3233061663815433     
   1.0711212697233492        1.3233647053304152     
   1.0710907142836537        1.3234232332721334     
   1.0710601296009827        1.3234817502043477     
   1.0710295156500231        1.3235402561046721     
   1.0709988724185162        1.3235987509663421     
   1.0709681998821428        1.3236572347680697     
   1.0709374980250816        1.3237157074987616     
   1.0709067668278243        1.3237741691431335     
   1.0708760062707487        1.3238326196854511     
   1.0708452163369286        1.3238910591134871     
   1.0708143970029766        1.3239494874070217     
   1.0707835482540009        1.3240079045564137     
   1.0707526700727501        1.3240663105487074     
   1.0707217624336069        1.3241247053612786     
   1.0706908253231360        1.3241830889860169     
   1.0706598587176070        1.3242414614025244     
   1.0706288626059379        1.3242998226053877     
   1.0705978369595519        1.3243581725684532     
   1.0705667817622941        1.3244165112803272     
   1.0705356969996300        1.3244748387316321     
   1.0705045826448139        1.3245331548983117     
   1.0704734386845924        1.3245914597726158     
   1.0704422650996992        1.3246497533392911     
   1.0704110618653662        1.3247080355769465     
   1.0703798289649318        1.3247663064735429     
   1.0703485663817476        1.3248245660171865     
   1.0703172740912197        1.3248828141864784     
   1.0702859520820520        1.3249410509759527     
   1.0702546003236189        1.3249992763570528     
   1.0702232188016647        1.3250574903207566     
   1.0701918075008141        1.3251156928566803     
   1.0701603663953552        1.3251738839421963     
   1.0701288954704702        1.3252320635675621     
   1.0700973947060088        1.3252902317168673     
   1.0700658640786658        1.3253483883702857     
   1.0700343035721123        1.3254065335162912     
   1.0700027131641330        1.3254646671365500     
   1.0699710928333701        1.3255227892134815     
   1.0699394425626139        1.3255808997347502     
   1.0699077623389346        1.3256389986929267     
   1.0698760521281403        1.3256970860552670     
   1.0698443119225376        1.3257551618206935     
   1.0698125416969448        1.3258132259672908     
   1.0697807414297154        1.3258712784772135     
   1.0697489111060223        1.3259293193409112     
   1.0697170506985278        1.3259873485339928     
   1.0696851601960760        1.3260453660511513     
   1.0696532395712062        1.3261033718677377     
   1.0696212888077745        1.3261613659726663     
   1.0695893078852672        1.3262193483496167     
   1.0695572967837121        1.3262773189828354     
   1.0695252554812937        1.3263352778545883     
   1.0694931839613022        1.3263932249528401     
   1.0694610821943040        1.3264511602509153     
   1.0694289501736369        1.3265090837489439     
   1.0693967878703623        1.3265669954205523     
   1.0693645952618980        1.3266248952469764     
   1.0693323723371695        1.3266827832233319     
   1.0693001190682936        1.3267406593243649     
   1.0692678354355880        1.3267985235349657     
   1.0692355214169185        1.3268563758368923     
   1.0692031769967585        1.3269142162198575     
   1.0691708021531487        1.3269720446658528     
   1.0691383968665535        1.3270298611599309     
   1.0691059611110678        1.3270876656793251     
   1.0690734948705580        1.3271454582131801     
   1.0690409981269560        1.3272032387480426     
   1.0690084708520251        1.3272610072585973     
   1.0689759130347927        1.3273187637401040     
   1.0689433246392166        1.3273765081577436     
   1.0689107056605764        1.3274342405141755     
   1.0688780560669668        1.3274919607797426     
   1.0688453758457950        1.3275496689477104     
   1.0688126649718719        1.3276073649963271     
   1.0687799234229214        1.3276650489074022     
   1.0687471511791033        1.3277227206655366     
   1.0687143482240304        1.3277803802595283     
   1.0686815145314503        1.3278380276665573     
   1.0686486500794610        1.3278956628686136     
   1.0686157548477935        1.3279532858501284     
   1.0685828288218977        1.3280108966020385     
   1.0685498719689550        1.3280684950935036     
   1.0685168842747499        1.3281260813160747     
   1.0684838657216083        1.3281836552570869     
   1.0684508162825863        1.3282412168927316     
   1.0684177359345726        1.3282987662038224     
   1.0683846246664492        1.3283563031857204     
   1.0683514824445093        1.3284138278064255     
   1.0683183092542119        1.3284713400571762     
   1.0682851050707640        1.3285288399168482     
   1.0682518698770078        1.3285863273733867     
   1.0682186036471579        1.3286438024044853     
   1.0681853063603255        1.3287012649938394     
   1.0681519779988080        1.3287587151286240     
   1.0681186185366258        1.3288161527865396     
   1.0680852279524196        1.3288735779504588     
   1.0680518062316133        1.3289309906116453     
   1.0680183533388654        1.3289883907362707     
   1.0679848692661942        1.3290457783235934     
   1.0679513539822085        1.3291031533445226     
   1.0679178074694360        1.3291605157868087     
   1.0678842297022415        1.3292178656284739     
   1.0678506206651757        1.3292752028596118     
   1.0678169803330675        1.3293325274588308     
   1.0677833086846964        1.3293898394093042     
   1.0677496056916935        1.3294471386857807     
   1.0677158713455748        1.3295044252869084     
   1.0676821056098429        1.3295616991775567     
   1.0676483084706545        1.3296189603499722     
   1.0676144799009408        1.3296762087803671     
   1.0675806198857742        1.3297334444596984     
   1.0675467283981817        1.3297906673643385     
   1.0675128054140099        1.3298478774742069     
   1.0674788509130753        1.3299050747738019     
   1.0674448648710404        1.3299622592428026     
   1.0674108472748836        1.3300194308744573     
   1.0673767980891380        1.3300765896349009     
   1.0673427172997532        1.3301337355163343     
   1.0673086048806064        1.3301908684961283     
   1.0672744608108171        1.3302479885581953     
   1.0672402850655245        1.3303050956815445     
   1.0672060776234924        1.3303621898495108     
   1.0671718384657283        1.3304192710483767     
   1.0671375675659232        1.3304763392554018     
   1.0671032648971868        1.3305333944471767     
   1.0670689304467245        1.3305904366173875     
   1.0670345641849792        1.3306474657394016     
   1.0670001660906996        1.3307044817967915     
   1.0669657361398461        1.3307614847695213     
   1.0669312743053627        1.3308184746341922     
   1.0668967805773153        1.3308754513878456     
   1.0668622549242872        1.3309324150017836     
   1.0668276973194775        1.3309893654528313     
   1.0667931077465294        1.3310463027303243     
   1.0667584861798689        1.3311032268126626     
   1.0667238325992696        1.3311601376845750     
   1.0666891469729736        1.3312170353170023     
   1.0666544292884110        1.3312739197038665     
   1.0666196795136766        1.3313307908159338     
   1.0665848976334629        1.3313876486440133     
   1.0665500836175661        1.3314444931607550     
   1.0665152374460425        1.3315013243514278     
   1.0664803590971619        1.3315581421991189     
   1.0664454485458785        1.3316149466826928     
   1.0664105057663906        1.3316717377804339     
   1.0663755307341176        1.3317285154719123     
   1.0663405234316288        1.3317852797453713     
   1.0663054838314572        1.3318420305770475     
   1.0662704119060475        1.3318987679428806     
   1.0662353076431903        1.3319554918375798     
   1.0662001710068814        1.3320122022268894     
   1.0661650019789695        1.3320688990984406     
   1.0661298005350854        1.3321255824320060     
   1.0660945666533719        1.3321822522106448     
   1.0660593003084406        1.3322389084131314     
   1.0660240014713174        1.3322955510138936     
   1.0659886701309607        1.3323521800088127     
   1.0659533062517392        1.3324087953645292     
   1.0659179098120013        1.3324653970642402     
   1.0658824807805569        1.3325219850798331     
   1.0658470191534981        1.3325785594158623     
   1.0658115248891638        1.3326351200315818     
   1.0657759979701054        1.3326916669154261     
   1.0657404383723781        1.3327482000478783     
   1.0657048460643270        1.3328047194003012     
   1.0656692210343286        1.3328612249681484     
   1.0656335632432989        1.3329177167137405     
   1.0655978726833961        1.3329741946371043     
   1.0655621493154883        1.3330306587006004     
   1.0655263931222698        1.3330871088927823     
   1.0654906040772263        1.3331435451913851     
   1.0654547821602838        1.3331999675815318     
   1.0654189273377959        1.3332563760322622     
   1.0653830395943444        1.3333127705345278     
   1.0653471188986576        1.3333691510602836     
   1.0653111652280871        1.3334255175916945     
   1.0652751785608268        1.3334818701120525     
   1.0652391588636121        1.3335382085909877     
   1.0652031061220077        1.3335945330204155     
   1.0651670203063850        1.3336508433745404     
   1.0651309013883983        1.3337071396286266     
   1.0650947493505989        1.3337634217712899     
   1.0650585641580965        1.3338196897702179     
   1.0650223457974308        1.3338759436186933     
   1.0649860942363663        1.3339321832876800     
   1.0649498094478054        1.3339884087539782     
   1.0649134914076073        1.3340446199985174     
   1.0648771401010078        1.3341008170127933     
   1.0648407554852584        1.3341569997552751     
   1.0648043375498872        1.3342131682229317     
   1.0647678862589849        1.3342693223822293     
   1.0647314015938583        1.3343254622205094     
   1.0646948835236740        1.3343815877101832     
   1.0646583320308032        1.3344376988397442     
   1.0646217470804318        1.3344937955772034     
   1.0645851286521499        1.3345498779075193     
   1.0645484767201239        1.3346059458095301     
   1.0645117912548394        1.3346619992574480     
   1.0644750722395824        1.3347180382408474     
   1.0644383196388043        1.3347740627267806     
   1.0644015334336012        1.3348300727023097     
   1.0643647135872929        1.3348860681330228     
   1.0643278600871762        1.3349420490136008     
   1.0642909728994041        1.3349980153130279     
   1.0642540520000225        1.3350539670123276     
   1.0642170973631608        1.3351099040902028     
   1.0641801089594149        1.3351658265212194     
   1.0641430867734871        1.3352217342967816     
   1.0641060307669692        1.3352776273805267     
   1.0640689409160282        1.3353335057537639     
   1.0640318171981074        1.3353893693991741     
   1.0639946595814933        1.3354452182885730     
   1.0639574680475070        1.3355010524093602     
   1.0639202425643666        1.3355568717332358     
   1.0638829831077712        1.3356126762410434     
   1.0638456896475574        1.3356684659063331     
   1.0638083621608905        1.3357242407116003     
   1.0637710006183712        1.3357800006314720     
   1.0637336049957369        1.3358357456468315     
   1.0636961752589171        1.3358914757266129     
   1.0636587113942102        1.3359471908643652     
   1.0636212133682879        1.3360028910301245     
   1.0635836811496402        1.3360585761958981     
   1.0635461147166883        1.3361142463458378     
   1.0635085140427791        1.3361699014579718     
   1.0634708791006366        1.3362255415095827     
   1.0634332098572941        1.3362811664710155     
   1.0633955062916893        1.3363367763271183     
   1.0633577683752233        1.3363923710535444     
   1.0633199960834967        1.3364479506311748     
   1.0632821893807469        1.3365035150269993     
   1.0632443482492882        1.3365590642299283     
   1.0632064726579649        1.3366145982127526     
   1.0631685625748926        1.3366701169471471     
   1.0631306179847613        1.3367256204250810     
   1.0630926388386692        1.3367811085977024     
   1.0630546251323703        1.3368365814702976     
   1.0630165768294213        1.3368920390091452     
   1.0629784938925113        1.3369474811797364     
   1.0629403763047340        1.3370029079717756     
   1.0629022240406152        1.3370583193651240     
   1.0628640370618236        1.3371137153238288     
   1.0628258153451775        1.3371690958301832     
   1.0627875588669520        1.3372244608662212     
   1.0627492675938270        1.3372798104019779     
   1.0627109414989158        1.3373351444154729     
   1.0626725805619233        1.3373904628927713     
   1.0626341847379621        1.3374457657900383     
   1.0625957540126276        1.3375010531004805     
   1.0625572883543082        1.3375563247963114     
   1.0625187877342541        1.3376115808533968     
   1.0624802521244534        1.3376668212485783     
   1.0624416814906537        1.3377220459508736     
   1.0624030758117033        1.3377772549454088     
   1.0623644350583425        1.3378324482073547     
   1.0623257592011910        1.3378876257118870     
   1.0622870482077964        1.3379427874304382     
   1.0622483020553259        1.3379979333460779     
   1.0622095207116247        1.3380530634305035     
   1.0621707041475337        1.3381081776592123     
   1.0621318523363099        1.3381632760106477     
   1.0620929652468796        1.3382183584578984     
   1.0620540428514373        1.3382734249780042     
   1.0620150851195733        1.3383284755451346     
   1.0619760920244501        1.3383835101374082     
   1.0619370635392240        1.3384385287332698     
   1.0618979996295395        1.3384935313019157     
   1.0618589002660030        1.3385485178186187     
   1.0618197654223027        1.3386034882624487     
   1.0617805950721930        1.3386584426124062     
   1.0617413891782108        1.3387133808341227     
   1.0617021477162514        1.3387683029092607     
   1.0616628706540765        1.3388232088097580     
   1.0616235579663280        1.3388780985158193     
   1.0615842096172796        1.3389329719952294     
   1.0615448255827971        1.3389878292295860     
   1.0615054058300815        1.3390426701902831     
   1.0614659503311468        1.3390974948543897     
   1.0614264590552114        1.3391523031957082     
   1.0613869319732498        1.3392070951900004     
   1.0613473690505564        1.3392618708063886     
   1.0613077702630742        1.3393166300267787     
   1.0612681355794904        1.3393713728243908     
   1.0612284649678796        1.3394260991714941     
   1.0611887583999484        1.3394808090451447     
   1.0611490158442713        1.3395355024182103     
   1.0611092372725481        1.3395901792676645     
   1.0610694226465327        1.3396448395584333     
   1.0610295719442648        1.3396994832748863     
   1.0609896851380725        1.3397541103948583     
   1.0609497621883854        1.3398087208815983     
   1.0609098030668833        1.3398633147119405     
   1.0608698077452423        1.3399178918629668     
   1.0608297761959902        1.3399724523124483     
   1.0607897083801032        1.3400269960246527     
   1.0607496042681099        1.3400815229749470     
   1.0607094638344479        1.3401360331437731     
   1.0606692870480807        1.3401905265048160     
   1.0606290738738471        1.3402450030268473     
   1.0605888242843839        1.3402994626880071     
   1.0605485382427144        1.3403539054548936     
   1.0605082157239778        1.3404083313088482     
   1.0604678566927035        1.3404627402182401     
   1.0604274611204823        1.3405171321600753     
   1.0603870289752839        1.3405715071069388     
   1.0603465602212934        1.3406258650269738     
   1.0603060548362995        1.3406802059047058     
   1.0602655127767289        1.3407345296987923     
   1.0602249340222953        1.3407888363962246     
   1.0601843185358897        1.3408431259634646     
   1.0601436662838211        1.3408973983712511     
   1.0601029772389687        1.3409516535983119     
   1.0600622513629434        1.3410058916097465     
   1.0600214886322918        1.3410601123886021     
   1.0599806890114114        1.3411143159034229     
   1.0599398524616181        1.3411685021188768     
   1.0598989789618178        1.3412226710211561     
   1.0598580684750183        1.3412768225769232     
   1.0598171209654830        1.3413309567547054     
   1.0597761364022755        1.3413850735286572     
   1.0597351147600258        1.3414391728796708     
   1.0596940559968582        1.3414932547688152     
   1.0596529600872482        1.3415473191768306     
   1.0596118269973174        1.3416013660743795     
   1.0595706566889198        1.3416553954271118     
   1.0595294491356424        1.3417094072147651     
   1.0594882043004352        1.3417634014042257     
   1.0594469221526908        1.3418173779702267     
   1.0594056026572967        1.3418713368820718     
   1.0593642457889061        1.3419252781209670     
   1.0593228514999284        1.3419792016409535     
   1.0592814197728295        1.3420331074328371     
   1.0592399505614947        1.3420869954525467     
   1.0591984438414923        1.3421408656823901     
   1.0591568995809022        1.3421947180957403     
   1.0591153177368628        1.3422485526524359     
   1.0590736982802516        1.3423023693294058     
   1.0590320411841061        1.3423561681057796     
   1.0589903464066952        1.3424099489430497     
   1.0589486139159359        1.3424637118143645     
   1.0589068436770663        1.3425174566896896     
   1.0588650356577818        1.3425711835419158     
   1.0588231898284863        1.3426248923472346     
   1.0587813061530365        1.3426785830740071     
   1.0587393845934483        1.3427322556882337     
   1.0586974251163614        1.3427859101617243     
   1.0586554276876738        1.3428395464652374     
   1.0586133922792091        1.3428931645768865     
   1.0585713188501236        1.3429467644592468     
   1.0585292073690662        1.3430003460866158     
   1.0584870578030361        1.3430539094312510     
   1.0584448701086437        1.3431074544527419     
   1.0584026442615393        1.3431609811338920     
   1.0583603802268933        1.3432144894448153     
   1.0583180779626733        1.3432679793468061     
   1.0582757374379708        1.3433214508147890     
   1.0582333586209538        1.3433749038224803     
   1.0581909414669020        1.3434283383280676     
   1.0581484859547092        1.3434817543183502     
   1.0581059920383016        1.3435351517498528     
   1.0580634596869387        1.3435885305978068     
   1.0580208888659615        1.3436418908326249     
   1.0579782795401260        1.3436952324240394     
   1.0579356316723039        1.3437485553394608     
   1.0578929452243435        1.3438018595452492     
   1.0578502201676971        1.3438551450193250     
   1.0578074564614264        1.3439084117245246     
   1.0577646540728578        1.3439616596339268     
   1.0577218129627854        1.3440148887123844     
   1.0576789331007270        1.3440680989357756     
   1.0576360144463353        1.3441212902676283     
   1.0575930569620053        1.3441744626750820     
   1.0575500606200725        1.3442276161372724     
   1.0575070253764853        1.3442807506134287     
   1.0574639511983499        1.3443338660764383     
   1.0574208380479915        1.3443869624933062     
   1.0573776858911368        1.3444400398351912     
   1.0573344946897212        1.3444930980687553     
   1.0572912644033217        1.3445461371578451     
   1.0572479950048654        1.3445991570822788     
   1.0572046864504774        1.3446521578018715     
   1.0571613387032983        1.3447051392846165     
   1.0571179517316496        1.3447581015050738     
   1.0570745254919458        1.3448110444232295     
   1.0570310599565307        1.3448639680184968     
   1.0569875550792764        1.3449168722478619     
   1.0569440108257235        1.3449697570825614     
   1.0569004271606397        1.3450226224927000     
   1.0568568040449777        1.3450754684441377     
   1.0568131414410449        1.3451282949039576     
   1.0567694393151335        1.3451811018444702     
   1.0567256976213804        1.3452338892230609     
   1.0566819163296526        1.3452866570163016     
   1.0566380954047234        1.3453394051945768     
   1.0565942348012209        1.3453921337159458     
   1.0565503344856992        1.3454448425530972     
   1.0565063944185833        1.3454975316710727     
   1.0564624145611212        1.3455502010361315     
   1.0564183948747998        1.3456028506148341     
   1.0563743353276029        1.3456554803815099     
   1.0563302358740296        1.3457080902942802     
   1.0562860964792848        1.3457606803241720     
   1.0562419171011626        1.3458132504333493     
   1.0561976977035745        1.3458658005913913     
   1.0561534382492177        1.3459183307662603     
   1.0561091387011812        1.3459708409267317     
   1.0560647990170988        1.3460233310347061     
   1.0560204191590545        1.3460758010577138     
   1.0559759990872273        1.3461282509607480     
   1.0559315387647294        1.3461806807126382     
   1.0558870381536705        1.3462330902809114     
   1.0558424972073204        1.3462854796222818     
   1.0557979158929054        1.3463378487105859     
   1.0557532941689969        1.3463901975091885     
   1.0557086320010232        1.3464425259896702     
   1.0556639293393228        1.3464948341053637     
   1.0556191861500328        1.3465471218288405     
   1.0555744024010096        1.3465993891347767     
   1.0555295780401459        1.3466516359736023     
   1.0554847130335314        1.3467038623178942     
   1.0554398073397115        1.3467560681311486     
   1.0553948609197705        1.3468082533797388     
   1.0553498737297533        1.3468604180241410     
   1.0553048457372600        1.3469125620389710     
   1.0552597768921330        1.3469646853770589     
   1.0552146671607145        1.3470167880114836     
   1.0551695164985408        1.3470688699021198     
   1.0551243248726700        1.3471209310228984     
   1.0550790922340594        1.3471729713281815     
   1.0550338185439445        1.3472249907849752     
   1.0549885037652962        1.3472769893622485     
   1.0549431478531412        1.3473289670194055     
   1.0548977507627675        1.3473809237162699     
   1.0548523124619815        1.3474328594277254     
   1.0548068329042928        1.3474847741115030     
   1.0547613120492614        1.3475366677325475     
   1.0547157498569073        1.3475885402564798     
   1.0546701462814352        1.3476403916419102     
   1.0546245012866313        1.3476922218589824     
   1.0545788148244801        1.3477440308636810     
   1.0545330868609248        1.3477958186288774     
   1.0544873173453799        1.3478475851073766     
   1.0544415062427017        1.3478993302708220     
   1.0543956535098022        1.3479510540812556     
   1.0543497591032931        1.3480027565002473     
   1.0543038229779649        1.3480544374873098     
   1.0542578451007547        1.3481060970168524     
   1.0542118254143482        1.3481577350333396     
   1.0541657638871325        1.3482093515131015     
   1.0541196604760137        1.3482609464182420     
   1.0540735151338574        1.3483125197060004     
   1.0540273278211083        1.3483640713429175     
   1.0539810984950522        1.3484156012916029     
   1.0539348271062785        1.3484671095066267     
   1.0538885136166374        1.3485185959562509     
   1.0538421579913320        1.3485700606129165     
   1.0537957601684753        1.3486215034161551     
   1.0537493201199952        1.3486729243465714     
   1.0537028377958220        1.3487243233579163     
   1.0536563131517021        1.3487757004112177     
   1.0536097461445972        1.3488270554691302     
   1.0535631367324649        1.3488783884953661     
   1.0535164848724075        1.3489296994524671     
   1.0534697905139954        1.3489809882941872     
   1.0534230536216307        1.3490322549921827     
   1.0533762741448933        1.3490834995000305     
   1.0533294520364964        1.3491347217751903     
   1.0532825872617684        1.3491859217906894     
   1.0532356797687774        1.3492370994984215     
   1.0531887295161957        1.3492882548629745     
   1.0531417364541822        1.3493393878390996     
   1.0530947005405746        1.3493904983905107     
   1.0530476217388609        1.3494415864881262     
   1.0530004999934175        1.3494926520793289     
   1.0529533352586411        1.3495436951240811     
   1.0529061274941425        1.3495947155882926     
   1.0528588766530431        1.3496457134304243     
   1.0528115826899567        1.3496966886104635     
   1.0527642455597761        1.3497476410890115     
   1.0527168652119416        1.3497985708198803     
   1.0526694416077542        1.3498494777713286     
   1.0526219746919554        1.3499003618917305     
   1.0525744644297208        1.3499512231541209     
   1.0525269107667012        1.3500020615078965     
   1.0524793136564248        1.3500528769119988     
   1.0524316730612164        1.3501036693362711     
   1.0523839889267641        1.3501544387301470     
   1.0523362612042646        1.3502051850498611     
   1.0522884898549123        1.3502559082639669     
   1.0522406748249264        1.3503066083226016     
   1.0521928160677509        1.3503572851848826     
   1.0521449135434180        1.3504079388179755     
   1.0520969671970941        1.3504585691708473     
   1.0520489769851364        1.3505091762063395     
   1.0520009428589374        1.3505597598809582     
   1.0519528647682423        1.3506103201495767     
   1.0519047426717396        1.3506608569778606     
   1.0518565765173247        1.3507113703182183     
   1.0518083662562712        1.3507618601274298     
   1.0517601118435165        1.3508123263665996     
   1.0517118132260390        1.3508627689872310     
   1.0516634703633250        1.3509131879561975     
   1.0516150832009477        1.3509635832232230     
   1.0515666516884201        1.3510139547430420     
   1.0515181757870067        1.3510643024847417     
   1.0514696554352094        1.3511146263896263     
   1.0514210905918691        1.3511649264238494     
   1.0513724812086369        1.3512152025447537     
   1.0513238272339387        1.3512654547060037     
   1.0512751286154174        1.3513156828601143     
   1.0512263853132415        1.3513658869749867     
   1.0511775972707718        1.3514160669980608     
   1.0511287644356093        1.3514662228819976     
   1.0510798867630322        1.3515163545889144     
   1.0510309642039963        1.3515664620754473     
   1.0509819967035048        1.3516165452913051     
   1.0509329842197646        1.3516666042021446     
   1.0508839266938190        1.3517166387527930     
   1.0508348240766023        1.3517666489001394     
   1.0507856763193850        1.3518166346016343     
   1.0507364833812680        1.3518665958241312     
   1.0506872451928095        1.3519165324997457     
   1.0506379617123465        1.3519664445946544     
   1.0505886328941829        1.3520163320699541     
   1.0505392586763094        1.3520661948671102     
   1.0504898390181627        1.3521160329534589     
   1.0504403738627861        1.3521658462766388     
   1.0503908631583418        1.3522156347906242     
   1.0503413068533272        1.3522653984495301     
   1.0502917049008038        1.3523151372133011     
   1.0502420572400109        1.3523648510249999     
   1.0501923638245727        1.3524145398451934     
   1.0501426246013799        1.3524642036264152     
   1.0500928395209983        1.3525138423256746     
   1.0500430085249568        1.3525634558889341     
   1.0499931315635398        1.3526130442728563     
   1.0499432085836748        1.3526626074301871     
   1.0498932395377725        1.3527121453202082     
   1.0498432243696070        1.3527616578918824     
   1.0497931630207766        1.3528111450914131     
   1.0497430554411307        1.3528606068751947     
   1.0496929015789545        1.3529100431976753     
   1.0496427013853815        1.3529594540169538     
   1.0495924547956210        1.3530088392715476     
   1.0495421617622349        1.3530581989212742     
   1.0494918222299117        1.3531075329164488     
   1.0494414361425917        1.3531568412064323     
   1.0493910034572986        1.3532061237565662     
   1.0493405241072482        1.3532553805032930     
   1.0492899980440518        1.3533046114053588     
   1.0492394252053281        1.3533538164046068     
   1.0491888055468099        1.3534029954651137     
   1.0491381390082732        1.3534521485312438     
   1.0490874255331313        1.3535012755520430     
   1.0490366650648475        1.3535503764767167     
   1.0489858575542317        1.3535994512631881     
   1.0489350029437328        1.3536484998595513     
   1.0488841011752461        1.3536975222130170     
   1.0488331521994552        1.3537465182817532     
   1.0487821559499173        1.3537954880029135     
   1.0487311123752945        1.3538444313321287     
   1.0486800214215672        1.3538933482219555     
   1.0486288830308299        1.3539422386199762     
   1.0485776971433833        1.3539911024719165     
   1.0485264637096852        1.3540399397358192     
   1.0484751826665184        1.3540887503530454     
   1.0484238539649691        1.3541375342824800     
   1.0483724775376950        1.3541862914605542     
   1.0483210533273466        1.3542350218358790     
   1.0482695812893583        1.3542837253728526     
   1.0482180613512453        1.3543324020016625     
   1.0481664934631363        1.3543810516802974     
   1.0481148775679257        1.3544296743579300     
   1.0480632136027117        1.3544782699766809     
   1.0480115015126259        1.3545268384883034     
   1.0479597412404547        1.3545753798420910     
   1.0479079327254923        1.3546238939829660     
   1.0478560759046938        1.3546723808528396     
   1.0478041707287287        1.3547208404108648     
   1.0477522171313243        1.3547692725950466     
   1.0477002150541508        1.3548176773534961     
   1.0476481644397457        1.3548660546352536     
   1.0475960652287355        1.3549144043871837     
   1.0475439173597259        1.3549627265534969     
   1.0474917207737737        1.3550110210817790     
   1.0474394754149121        1.3550592879229511     
   1.0473871812156410        1.3551075270141004     
   1.0473348381211949        1.3551557383080723     
   1.0472824460676460        1.3552039217461074     
   1.0472300049990846        1.3552520772796250     
   1.0471775148478333        1.3553002048456873     
   1.0471249755549701        1.3553483043919308     
   1.0470723870617684        1.3553963758664993     
   1.0470197493106688        1.3554444192188106     
   1.0469670622284319        1.3554924343792967     
   1.0469143257631000        1.3555404213044635     
   1.0468615398521397        1.3555883799377433     
   1.0468087044279124        1.3556363102165541     
   1.0467558194342454        1.3556842120923385     
   1.0467028848077673        1.3557320855078481     
   1.0466499004790666        1.3557799303983904     
   1.0465968663968919        1.3558277467214865     
   1.0465437824863979        1.3558755344059765     
   1.0464906486970866        1.3559232934104899     
   1.0464374649557757        1.3559710236658975     
   1.0463842312014486        1.3560187251180986     
   1.0463309473696452        1.3560663977087901     
   1.0462776134022556        1.3561140413874755     
   1.0462242292317512        1.3561616560921468     
   1.0461707947905905        1.3562092417608178     
   1.0461173100183498        1.3562567983403404     
   1.0460637748536159        1.3563043257765317     
   1.0460101892270306        1.3563518240051784     
   1.0459565530722441        1.3563992929660529     
   1.0459028663311556        1.3564467326090504     
   1.0458491289271397        1.3564941428614627     
   1.0457953408018554        1.3565415236728839     
   1.0457415018919467        1.3565888749868500     
   1.0456876121295235        1.3566361967415761     
   1.0456336714493928        1.3566834888784307     
   1.0455796797842856        1.3567307513364120     
   1.0455256370630330        1.3567779840497178     
   1.0454715432300559        1.3568251869716836     
   1.0454173982074642        1.3568723600284598     
   1.0453632019360006        1.3569195031690477     
   1.0453089543437399        1.3569666163268788     
   1.0452546553692161        1.3570136994484405     
   1.0452003049350269        1.3570607524604794     
   1.0451459029862871        1.3571077753177319     
   1.0450914494445238        1.3571547679457816     
   1.0450369442463610        1.3572017302888870     
   1.0449823873197590        1.3572486622807900     
   1.0449277786015148        1.3572955638660100     
   1.0448731180226061        1.3573424349821250     
   1.0448184055063350        1.3573892755571750     
   1.0447636409962082        1.3574360855442507     
   1.0447088244111529        1.3574828648661565     
   1.0446539556888246        1.3575296134688384     
   1.0445990347542431        1.3575763312828486     
   1.0445440615423447        1.3576230182507549     
   1.0444890359814951        1.3576696743072498     
   1.0444339579991946        1.3577162993861225     
   1.0443788275300228        1.3577628934297481     
   1.0443236444943966        1.3578094563632186     
   1.0442684088321812        1.3578559881356458     
   1.0442131204621428        1.3579024886701210     
   1.0441577793212760        1.3579489579123831     
   1.0441023853303002        1.3579953957880226     
   1.0440469384234692        1.3580418022395739     
   1.0439914385260736        1.3580881771983560     
   1.0439358855694498        1.3581345206033626     
   1.0438802794753059        1.3581808323817124     
   1.0438246201719226        1.3582271124687630     
   1.0437689075955543        1.3582733608095796     
   1.0437131416567180        1.3583195773178889     
   1.0436573222940642        1.3583657619417957     
   1.0436014494343893        1.3584119146150115     
   1.0435455229986148        1.3584580352641984     
   1.0434895429102768        1.3585041238191198     
   1.0434335091045603        1.3585501802240119     
   1.0433774215045177        1.3585962044082236     
   1.0433212800286180        1.3586421962955981     
   1.0432650846057572        1.3586881558227462     
   1.0432088351613360        1.3587340829221537     
   1.0431525316232013        1.3587799775293434     
   1.0430961739130489        1.3588258395723312     
   1.0430397619489784        1.3588716689748193     
   1.0429832956631384        1.3589174656777547     
   1.0429267749799047        1.3589632296126397     
   1.0428701998167333        1.3590089607025990     
   1.0428135701006178        1.3590546588824455     
   1.0427568857522718        1.3591003240793804     
   1.0427001466963246        1.3591459562255275     
   1.0426433528545684        1.3591915552495109     
   1.0425865041483660        1.3592371210796448     
   1.0425296005049640        1.3592826536513756     
   1.0424726418372332        1.3593281528824936     
   1.0424156280730390        1.3593736187095335     
   1.0423585591269855        1.3594190510526654     
   1.0423014349354476        1.3594644498588262     
   1.0422442554032696        1.3595098150363958     
   1.0421870204534351        1.3595551465160920     
   1.0421297300140195        1.3596004442347192     
   1.0420723840005011        1.3596457081140771     
   1.0420149823335927        1.3596909380822186     
   1.0419575249297433        1.3597361340620147     
   1.0419000117100790        1.3597812959823075     
   1.0418424425976018        1.3598264237741371     
   1.0417848175068907        1.3598715173584708     
   1.0417271363568648        1.3599165766613668     
   1.0416693990624470        1.3599616016044711     
   1.0416116055477689        1.3600065921204161     
   1.0415537557292325        1.3600515481326720     
   1.0414958495246118        1.3600964695663202     
   1.0414378868452587        1.3601413563386764     
   1.0413798676177222        1.3601862083858998     
   1.0413217917476369        1.3602310256184034     
   1.0412636591623872        1.3602758079733481     
   1.0412054697720290        1.3603205553668862     
   1.0411472234918704        1.3603652677215354     
   1.0410889202406535        1.3604099449640816     
   1.0410305599308030        1.3604545870137390     
   1.0409721424806890        1.3604991937971391     
   1.0409136678031947        1.3605437652340564     
   1.0408551358126354        1.3605883012462432     
   1.0407965464210762        1.3606328017528064     
   1.0407378995488958        1.3606772666830194     
   1.0406791951032290        1.3607216959500179     
   1.0406204329950246        1.3607660894717273     
   1.0405616131536739        1.3608104471887024     
   1.0405027354731591        1.3608547689983483     
   1.0404437998746230        1.3608990548311519     
   1.0403848062754106        1.3609433046132651     
   1.0403257545759457        1.3609875182501019     
   1.0402666446893269        1.3610316956625113     
   1.0402074765406479        1.3610758367866782     
   1.0401482500208012        1.3611199415161574     
   1.0400889650558525        1.3611640097883684     
   1.0400296215522675        1.3612080415164669     
   1.0399702194174214        1.3612520366148542     
   1.0399107585644582        1.3612959950050989     
   1.0398512389006513        1.3613399166017262     
   1.0397916603361532        1.3613838013227586     
   1.0397320227824161        1.3614276490878785     
   1.0396723261432217        1.3614714598077060     
   1.0396125703323902        1.3615152334049616     
   1.0395527552516028        1.3615589697875428     
   1.0394928808148765        1.3616026688789544     
   1.0394329469263495        1.3616463305901378     
   1.0393729534947143        1.3616899548382144     
   1.0393129004251869        1.3617335415357532     
   1.0392527876233979        1.3617770905961413     
   1.0391926149992436        1.3618206019378785     
   1.0391323824538954        1.3618640754691862     
   1.0390720898985326        1.3619075111102390     
   1.0390117372291954        1.3619509087630515     
   1.0389513243650412        1.3619942683579684     
   1.0388908511958979        1.3620375897893786     
   1.0388303176343687        1.3620808729799032     
   1.0387697235856281        1.3621241178428622     
   1.0387090689453844        1.3621673242803332     
   1.0386483536251097        1.3622104922136122     
   1.0385875775181803        1.3622536215420276     
   1.0385267405383309        1.3622967121898295     
   1.0384658425856670        1.3623397640648991     
   1.0384048835543802        1.3623827770676793     
   1.0383438633526771        1.3624257511160280     
   1.0382827818798601        1.3624686861169917     
   1.0382216390352621        1.3625115819777833     
   1.0381604347222073        1.3625544386104063     
   1.0380991688374444        1.3625972559191109     
   1.0380378412879274        1.3626400338206577     
   1.0379764519655401        1.3626827722136119     
   1.0379150007717750        1.3627254710080718     
   1.0378534876051233        1.3627681301108652     
   1.0377919123652417        1.3628107494302437     
   1.0377302749470210        1.3628533288685682     
   1.0376685752557449        1.3628958683412811     
   1.0376068131797753        1.3629383677430500     
   1.0375449886185311        1.3629808269822936     
   1.0374831014754580        1.3630232459722906     
   1.0374211516378287        1.3630656246068646     
   1.0373591390089218        1.3631079627992047     
   1.0372970634751730        1.3631502604423027     
   1.0372349249373216        1.3631925174466382     
   1.0371727232925965        1.3632347337184789     
   1.0371104584304565        1.3632769091546928     
   1.0370481302453587        1.3633190436583085     
   1.0369857386345664        1.3633611371361756     
   1.0369232834899189        1.3634031894882130     
   1.0368607647050005        1.3634452006168165     
   1.0367981821625174        1.3634871704112168     
   1.0367355357689239        1.3635290987896989     
   1.0366728254072863        1.3635709856419824     
   1.0366100509741634        1.3636128308746662     
   1.0365472123539590        1.3636546343792895     
   1.0364843094423906        1.3636963960614874     
   1.0364213421258550        1.3637381158156368     
   1.0363583102966831        1.3637797935433935     
   1.0362952138463730        1.3638214291456385     
   1.0362320526592004        1.3638630225142987     
   1.0361688266210383        1.3639045735436173     
   1.0361055356261988        1.3639460821381202     
   1.0360421795641619        1.3639875481966397     
   1.0359787583149931        1.3640289716064586     
   1.0359152717663145        1.3640703522644806     
   1.0358517198063999        1.3641116900681922     
   1.0357881023226443        1.3641529849144176     
   1.0357244192002799        1.3641942366972160     
   1.0356606703210427        1.3642354453066523     
   1.0355968555765152        1.3642766106449118     
   1.0355329748452524        1.3643177325983884     
   1.0354690280091574        1.3643588110575939     
   1.0354050149509699        1.3643998459141824     
   1.0353409355655732        1.3644408370750520     
   1.0352767897230648        1.3644817844166086     
   1.0352125773065650        1.3645226878312147     
   1.0351482981990343        1.3645635472116944     
   1.0350839522882840        1.3646043624562862     
   1.0350195394474202        1.3646451334459151     
   1.0349550595605448        1.3646858600746703     
   1.0348905125045909        1.3647265422282431     
   1.0348258981550791        1.3647671797906162     
   1.0347612164005180        1.3648077726618899     
   1.0346964671154375        1.3648483207250883     
   1.0346316501736772        1.3648888238624077     
   1.0345667654550506        1.3649292819638097     
   1.0345018128395387        1.3649696949194614     
   1.0344367922030058        1.3650100626144646     
   1.0343717034165449        1.3650503849282678     
   1.0343065463581509        1.3650906617491680     
   1.0342413209040948        1.3651308929631076     
   1.0341760269317415        1.3651710784577682     
   1.0341106643048872        1.3652112181042408     
   1.0340452329089966        1.3652513118002467     
   1.0339797326076061        1.3652913594170051     
   1.0339141632804183        1.3653313608453845     
   1.0338485247930840        1.3653713159594250     
   1.0337828170261538        1.3654112246514818     
   1.0337170398461346        1.3654510867966714     
   1.0336511931126064        1.3654909022620090     
   1.0335852767160285        1.3655306709524275     
   1.0335192905068482        1.3655703927239962     
   1.0334532343692204        1.3656100674740332     
   1.0333871081632979        1.3656496950708306     
   1.0333209117576003        1.3656892753929792     
   1.0332546450243094        1.3657288083237160     
   1.0331883078234183        1.3657682937315765     
   1.0331219000231642        1.3658077314951336     
   1.0330554214980947        1.3658471215011272     
   1.0329888720979272        1.3658864636057255     
   1.0329222517010934        1.3659257577007065     
   1.0328555601627967        1.3659650036493460     
   1.0327887973503427        1.3660042013299796     
   1.0327219631271185        1.3660433506162719     
   1.0326550573540760        1.3660824513791183     
   1.0325880798987745        1.3661215034976246     
   1.0325210306145949        1.3661605068335945     
   1.0324539093698910        1.3661994612675192     
   1.0323867160148668        1.3662383666577393     
   1.0323194504166244        1.3662772228834026     
   1.0322521124319941        1.3663160298112265     
   1.0321847019259571        1.3663547873182322     
   1.0321172187462277        1.3663934952602235     
   1.0320496627529669        1.3664321535086006     
   1.0319820338078862        1.3664707619367298     
   1.0319143317665673        1.3665093204107155     
   1.0318465564765855        1.3665478287869153     
   1.0317787078063669        1.3665862869475540     
   1.0317107855957743        1.3666246947398135     
   1.0316427897068705        1.3666630520384226     
   1.0315747199893406        1.3667013587031485     
   1.0315065762990130        1.3667396146011983     
   1.0314383584873281        1.3667778195949376     
   1.0313700664008552        1.3668159735406080     
   1.0313016998958939        1.3668540763068333     
   1.0312332588189868        1.3668921277502206     
   1.0311647430233866        1.3669301277359036     
   1.0310961523521223        1.3669680761166894     
   1.0310274866625668        1.3670059727630308     
   1.0309587457920957        1.3670438175211512     
   1.0308899295903717        1.3670816102525243     
   1.0308210379062464        1.3671193508177932     
   1.0307520705835962        1.3671570390715799     
   1.0306830274682770        1.3671946748713109     
   1.0306139084058703        1.3672322580741847     
   1.0305447132310663        1.3672697885241294     
   1.0304754417943742        1.3673072660848238     
   1.0304060939407220        1.3673446906131974     
   1.0303366695037144        1.3673820619525698     
   1.0302671683331064        1.3674193799661327     
   1.0301975902635607        1.3674566444988721     
   1.0301279351265209        1.3674938553919596     
   1.0300582027768574        1.3675310125155353     
   1.0299883930393865        1.3675681157031887     
   1.0299185057551141        1.3676051648082757     
   1.0298485407669691        1.3676421596869834     
   1.0297784979048576        1.3676791001796442     
   1.0297083770038251        1.3677159861330908     
   1.0296381778978110        1.3677528173929350     
   1.0295679004220974        1.3677895938068083     
   1.0294975444115209        1.3678263152218224     
   1.0294271096916219        1.3678629814740777     
   1.0293565960994506        1.3678995924139015     
   1.0292860034646099        1.3679361478826348     
   1.0292153316144863        1.3679726477192387     
   1.0291445803858790        1.3680090917743706     
   1.0290737495974358        1.3680454798766832     
   1.0290028390790791        1.3680818118688902     
   1.0289318486615748        1.3681180875948629     
   1.0288607781721635        1.3681543068944948     
   1.0287896274251693        1.3681904695919564     
   1.0287183962536828        1.3682265755347247     
   1.0286470844828304        1.3682626245606975     
   1.0285756919294973        1.3682986164979349     
   1.0285042184214419        1.3683345511880551     
   1.0284326637768304        1.3683704284610767     
   1.0283610278137056        1.3684062481472066     
   1.0282893103553019        1.3684420100831240     
   1.0282175112193943        1.3684777140991702     
   1.0281456302246048        1.3685133600270256     
   1.0280736671864588        1.3685489476943919     
   1.0280016219221186        1.3685844769318165     
   1.0279294942442507        1.3686199475642056     
   1.0278572839730415        1.3686553594259416     
   1.0277849909159322        1.3686907123362579     
   1.0277126148881661        1.3687260061237967     
   1.0276401557031500        1.3687612406157426     
   1.0275676131724922        1.3687964156368344     
   1.0274949870989010        1.3688315310013111     
   1.0274222773033674        1.3688665865461995     
   1.0273494835835932        1.3689015820801824     
   1.0272766057475384        1.3689365174245511     
   1.0272036436045482        1.3689713924029410     
   1.0271305969666762        1.3690062068422990     
   1.0270574656304754        1.3690409605508616     
   1.0269842493995427        1.3690756533458703     
   1.0269109480823460        1.3691102850506365     
   1.0268375614736269        1.3691448554721335     
   1.0267640893793017        1.3691793644311365     
   1.0266905315933197        1.3692138117340273     
   1.0266168879224695        1.3692481972033628     
   1.0265431581623812        1.3692825206480510     
   1.0264693421053315        1.3693167818733634     
   1.0263954395467427        1.3693509806887205     
   1.0263214502932676        1.3693851169173907     
   1.0262473741276512        1.3694191903537798     
   1.0261732108457726        1.3694532008087230     
   1.0260989602387960        1.3694871480873458     
   1.0260246221040925        1.3695210320029014     
   1.0259501962173794        1.3695548523422647     
   1.0258756823806130        1.3695886089248823     
   1.0258010803784978        1.3696223015492146     
   1.0257263899952234        1.3696559300135349     
   1.0256516110194176        1.3696894941215607     
   1.0255767432274809        1.3697229936627244     
   1.0255017864158065        1.3697564284510646     
   1.0254267403585056        1.3697897982735705     
   1.0253516048386904        1.3698231029287218     
   1.0252763796386477        1.3698563422141592     
   1.0252010645332710        1.3698895159188478     
   1.0251256593028575        1.3699226238386801     
   1.0250501637291090        1.3699556657715610     
   1.0249745775771804        1.3699886414954825     
   1.0248989006284817        1.3700215508087172     
   1.0248231326608492        1.3700543935052578     
   1.0247472734367251        1.3700871693609749     
   1.0246713227331232        1.3701198781695236     
   1.0245952803240501        1.3701525197214139     
   1.0245191459668923        1.3701850937869935     
   1.0244429194341009        1.3702176001557160     
   1.0243666004982288        1.3702500386170589     
   1.0242901889227682        1.3702824089500283     
   1.0242136844607233        1.3703147109210736     
   1.0241370868866260        1.3703469443233645     
   1.0240603959573322        1.3703791089287090     
   1.0239836114392113        1.3704112045210974     
   1.0239067330829357        1.3704432308652952     
   1.0238297606493301        1.3704751877392269     
   1.0237526938982178        1.3705070749199790     
   1.0236755325776157        1.3705388921701067     
   1.0235982764460860        1.3705706392658086     
   1.0235209252542925        1.3706023159738865     
   1.0234434787606310        1.3706339220709931     
   1.0233659367069901        1.3706654573140233     
   1.0232882988440826        1.3706969214708864     
   1.0232105649171501        1.3707283143032203     
   1.0231327346795567        1.3707596355830161     
   1.0230548078687898        1.3707908850632970     
   1.0229767842293747        1.3708220625060401     
   1.0228986635057344        1.3708531676734721     
   1.0228204454339240        1.3708842003178834     
   1.0227421297580508        1.3709151602019722     
   1.0226637162097123        1.3709460470735146     
   1.0225852045348445        1.3709768606980131     
   1.0225065944555920        1.3710076008125816     
   1.0224278857109366        1.3710382671752539     
   1.0223490780409248        1.3710688595455862     
   1.0222701711641493        1.3710993776577096     
   1.0221911648118600        1.3711298212610621     
   1.0221120587118622        1.3711601901018104     
   1.0220328525934008        1.3711904839281983     
   1.0219535461764722        1.3712207024773608     
   1.0218741391887778        1.3712508454965615     
   1.0217946313506945        1.3712809127243935     
   1.0217150223764899        1.3713109038925788     
   1.0216353119863091        1.3713408187401461     
   1.0215554998991747        1.3713706570055986     
   1.0214755858307696        1.3714004184235211     
   1.0213955694882060        1.3714301027185938     
   1.0213154505853359        1.3714597096242245     
   1.0212352288414239        1.3714892388807591     
   1.0211549039504721        1.3715186901981984     
   1.0210744756325345        1.3715480633190242     
   1.0209939435883930        1.3715773579623716     
   1.0209133075077996        1.3716065738345722     
   1.0208325671161815        1.3716357106858377     
   1.0207517220941624        1.3716647682124896     
   1.0206707721429003        1.3716937461358909     
   1.0205897169729756        1.3717226441898087     
   1.0205085562635841        1.3717514620700084     
   1.0204272897161366        1.3717801995000767     
   1.0203459170145748        1.3718088561824562     
   1.0202644378551928        1.3718374318355273     
   1.0201828519168374        1.3718659261565413     
   1.0201011588953357        1.3718943388644127     
   1.0200193584701365        1.3719226696579754     
   1.0199374503244603        1.3719509182418115     
   1.0198554341330615        1.3719790843104440     
   1.0197733095754231        1.3720071675647003     
   1.0196910763351403        1.3720351677108464     
   1.0196087340770612        1.3720630844329413     
   1.0195262824786513        1.3720909174311364     
   1.0194437212105514        1.3721186663974878     
   1.0193610499385490        1.3721463310190416     
   1.0192782683255257        1.3721739109794879     
   1.0191953760475863        1.3722014059795500     
   1.0191123727568769        1.3722288156910680     
   1.0190292581149156        1.3722561397979618     
   1.0189460317817534        1.3722833779829822     
   1.0188626934162632        1.3723105299279972     
   1.0187792426664255        1.3723375953021670     
   1.0186956791908102        1.3723645737883050     
   1.0186120026268235        1.3723914650437550     
   1.0185282126364792        1.3724182687566993     
   1.0184443088560990        1.3724449845844005     
   1.0183602909304135        1.3724716121952625     
   1.0182761585063524        1.3724981512607792     
   1.0181919112137749        1.3725246014323473     
   1.0181075486906330        1.3725509623718666     
   1.0180230705756799        1.3725772337428011     
   1.0179384764978754        1.3726034151973407     
   1.0178537660882108        1.3726295063908260     
   1.0177689389688018        1.3726555069685240     
   1.0176839947683749        1.3726814165843249     
   1.0175989331119824        1.3727072348881082     
   1.0175137536168877        1.3727329615213226     
   1.0174284558976951        1.3727585961226663     
   1.0173430395686853        1.3727841383311792     
   1.0172575042485426        1.3728095877918993     
   1.0171718495456559        1.3728349441379684     
   1.0170860750613877        1.3728602069948068     
   1.0170001804082160        1.3728853760021353     
   1.0169141651882914        1.3729104507875225     
   1.0168280289943967        1.3729354309683033     
   1.0167417714263196        1.3729603161706274     
   1.0166553920857351        1.3729851060239489     
   1.0165688905541215        1.3730098001338020     
   1.0164822664225108        1.3730343981181288     
   1.0163955192926419        1.3730588996085396     
   1.0163086487254365        1.3730833041879853     
   1.0162216543145806        1.3731076114798826     
   1.0161345356353386        1.3731318210860630     
   1.0160472922586414        1.3731559326037996     
   1.0159599237644388        1.3731799456421701     
   1.0158724297243709        1.3732038598009733     
   1.0157848096943811        1.3732276746618108     
   1.0156970632415445        1.3732513898204985     
   1.0156091899321875        1.3732750048727982     
   1.0155211893215552        1.3732985194019007     
   1.0154330609582787        1.3733219329837485     
   1.0153448044000954        1.3733452452060491     
   1.0152564191900935        1.3733684556399421     
   1.0151679048833215        1.3733915638715792     
   1.0150792610157442        1.3734145694649698     
   1.0149904871278761        1.3734374719906346     
   1.0149015827519583        1.3734602710097499     
   1.0148125474227780        1.3734829660874963     
   1.0147233806739291        1.3735055567886203     
   1.0146340820223296        1.3735280426583991     
   1.0145446510020433        1.3735504232640294     
   1.0144550871221309        1.3735726981431760     
   1.0143653898990175        1.3735948668433104     
   1.0142755588578156        1.3736169289235194     
   1.0141855934873782        1.3736388838998912     
   1.0140954933113036        1.3736607313315119     
   1.0140052578246423        1.3736824707438375     
   1.0139148865282719        1.3737041016703917     
   1.0138243789074861        1.3737256236268136     
   1.0137337344624595        1.3737470361479729     
   1.0136429526686732        1.3737683387394179     
   1.0135520330331707        1.3737895309462744     
   1.0134609750076513        1.3738106122475160     
   1.0133697780893087        1.3738315821784686     
   1.0132784417454215        1.3738524402391141     
   1.0131869654328858        1.3738731859177951     
   1.0130953486324588        1.3738938187330854     
   1.0130035907979225        1.3739143381718746     
   1.0129116913745562        1.3739347437119944     
   1.0128196498315216        1.3739550348609522     
   1.0127274656083698        1.3739752110918486     
   1.0126351381433611        1.3739952718774009     
   1.0125426668920243        1.3740152167119897     
   1.0124500512814192        1.3740350450570653     
   1.0123572907390153        1.3740547563758603     
   1.0122643846898887        1.3740743501293278     
   1.0121713325655881        1.3740938257879676     
   1.0120781337788907        1.3741131828005537     
   1.0119847877514794        1.3741324206277721     
   1.0118912938783140        1.3741515386996221     
   1.0117976515745999        1.3741705364713341     
   1.0117038602352266        1.3741894133752000     
   1.0116099192566148        1.3742081688463204     
   1.0115158280301870        1.3742268023153827     
   1.0114215859389080        1.3742453132040244     
   1.0113271923572988        1.3742637009248295     
   1.0112326466867436        1.3742819649243199     
   1.0111379482690210        1.3743001045783563     
   1.0110430964831603        1.3743181193092107     
   1.0109480906890529        1.3743360085172651     
   1.0108529302412743        1.3743537715978822     
   1.0107576144940322        1.3743714079475589     
   1.0106621427907911        1.3743889169509425     
   1.0105665144590585        1.3744062979753093     
   1.0104707288581227        1.3744235504271227     
   1.0103747852995655        1.3744406736574344     
   1.0102786831164554        1.3744576670440032     
   1.0101824216069912        1.3744745299246972     
   1.0100860001175029        1.3744912616963074     
   1.0099894179221158        1.3745078616707271     
   1.0098926743437402        1.3745243292196130     
   1.0097957686675205        1.3745406636711763     
   1.0096987001818729        1.3745568643587380     
   1.0096014681796384        1.3745729306227654     
   1.0095040719264754        1.3745888617726558     
   1.0094065107113670        1.3746046571473083     
   1.0093087837752037        1.3746203160297095     
   1.0092108903874402        1.3746358377384722     
   1.0091128298109351        1.3746512215863371     
   1.0090146012834080        1.3746664668572017     
   1.0089162040443966        1.3746815728392252     
   1.0088176373245363        1.3746965388113348     
   1.0087189003571024        1.3747113640574176     
   1.0086199923634878        1.3747260478489653     
   1.0085209125399310        1.3747405894290829     
   1.0084216601120273        1.3747549880777377     
   1.0083222342707423        1.3747692430355738     
   1.0082226342039944        1.3747833535410334     
   1.0081228590990270        1.3747973188339309     
   1.0080229081457215        1.3748111381586732     
   1.0079227804943418        1.3748248107148799     
   1.0078224753224119        1.3748383357361416     
   1.0077219917800693        1.3748517124254702     
   1.0076213290144342        1.3748649399841784     
   1.0075204861717499        1.3748780176146045     
   1.0074194623726305        1.3748909444905371     
   1.0073182567530636        1.3749037198058760     
   1.0072168684231297        1.3749163427261837     
   1.0071152964944181        1.3749288124203867     
   1.0070135400658664        1.3749411280447448     
   1.0069115982192893        1.3749532887371116     
   1.0068094700570387        1.3749652936621333     
   1.0067071546333561        1.3749771419291807     
   1.0066046510351248        1.3749888326888224     
   1.0065019583027577        1.3750003650384044     
   1.0063990754866547        1.3750117380896567     
   1.0062960016365330        1.3750229509553771     
   1.0061927357735061        1.3750340027171037     
   1.0060892769249759        1.3750448924661951     
   1.0059856240943816        1.3750556192675547     
   1.0058817762866314        1.3750661821903982     
   1.0057777324947981        1.3750765802924874     
   1.0056734917024530        1.3750868126226519     
   1.0055690528735324        1.3750968782088449     
   1.0054644149843450        1.3751067760964271     
   1.0053595769753232        1.3751165052904182     
   1.0052545378002755        1.3751260648148258     
   1.0051492963769026        1.3751354536528535     
   1.0050438516379692        1.3751446708087265     
   1.0049382024848381        1.3751537152517757     
   1.0048323478216235        1.3751625859577792     
   1.0047262865393678        1.3751712818894384     
   1.0046200174949773        1.3751798019717290     
   1.0045135395805380        1.3751881451746726     
   1.0044068516392546        1.3751963104128713     
   1.0042999525009308        1.3752042965878313     
   1.0041928410091656        1.3752121026209649     
   1.0040855159782545        1.3752197274013551     
   1.0039779762151551        1.3752271698130896     
   1.0038702205168792        1.3752344287310230     
   1.0037622476523254        1.3752415030002891     
   1.0036540563906109        1.3752483914691354     
   1.0035456455067335        1.3752550929962810     
   1.0034370137150190        1.3752616063717271     
   1.0033281597541412        1.3752679304178372     
   1.0032190823414902        1.3752740639352090     
   1.0031097801695270        1.3752800056980568     
   1.0030002519368983        1.3752857544915842     
   1.0028904963012570        1.3752913090562542     
   1.0027805119432078        1.3752966681628507     
   1.0026702974660164        1.3753018304948346     
   1.0025598515380401        1.3753067948158435     
   1.0024491727552078        1.3753115598082215     
   1.0023382597102621        1.3753161241535685     
   1.0022271109863501        1.3753204865268009     
   1.0021157251651818        1.3753246456046502     
   1.0020041007791283        1.3753286000097464     
   1.0018922363663818        1.3753323483754245     
   1.0017801304353626        1.3753358893042067     
   1.0016677814995054        1.3753392214083440     
   1.0015551880354761        1.3753423432616634     
   1.0014423485079564        1.3753452534274020     
   1.0013292613681684        1.3753479504575272     
   1.0012159250327890        1.3753504328677981     
   1.0011023379359985        1.3753526991992007     
   1.0009884984470556        1.3753547479203225     
   1.0008744049348877        1.3753565775046404     
   1.0007600557736167        1.3753581864358442     
   1.0006454493002375        1.3753595731592601     
   1.0005305837983625        1.3753607360617806     
   1.0004154575772131        1.3753616735655845     
   1.0003000689231212        1.3753623840708613     
   1.0001844160760607        1.3753628659285471     
   1.0000684972599858        1.3753631174757275     
  0.99995231069877988        1.3753631370544688     
  0.99983585457540425        1.3753629229645752     
  0.99971912703981425        1.3753624734723087     
  0.99960212625947020        1.3753617868697157     
  0.99948485031801582        1.3753608613566044     
  0.99936729733704577        1.3753596951823501     
  0.99924946537578607        1.3753582865297775     
  0.99913135247381735        1.3753566335636771     
  0.99901295667754864        1.3753547344634209     
  0.99889427593398350        1.3753525872979524     
  0.99877530825684069        1.3753501902198544     
  0.99865605157165149        1.3753475412859530     
  0.99853650378902714        1.3753446385406431     
  0.99841666279835395        1.3753414800111177     
  0.99829652647440048        1.3753380637133368     
  0.99817609263430096        1.3753343876030406     
  0.99805535908487786        1.3753304496304337     
  0.99793432358112522        1.3753262476923160     
  0.99781298389712525        1.3753217797144699     
  0.99769133773524543        1.3753170435468727     
  0.99756938274008822        1.3753120369787282     
  0.99744711661154295        1.3753067578715743     
  0.99732453694568379        1.3753012039733095     
  0.99720164132089628        1.3752953730189312     
  0.99707842729645346        1.3752892627290598     
  0.99695489235541834        1.3752828707433644     
  0.99683103402883133        1.3752761947660050     
  0.99670684971173151        1.3752692323504869     
  0.99658233684557318        1.3752619811132609     
  0.99645749277170226        1.3752544385625138     
  0.99633231486257234        1.3752466022522130     
  0.99620680034641484        1.3752384695760662     
  0.99608094654364776        1.3752300380456610     
  0.99595475060755589        1.3752213049870097     
  0.99582820977402209        1.3752122678312686     
  0.99570132111293819        1.3752029238267016     
  0.99557408174435846        1.3751932702896204     
  0.99544648865286289        1.3751833043897390     
  0.99531853891898292        1.3751730234171493     
  0.99519022943051783        1.3751624244500165     
  0.99506155710718536        1.3751515046135150     
  0.99493251880067368        1.3751402609652150     
  0.99480311133396826        1.3751286905399609     
  0.99467333146086478        1.3751167903044434     
  0.99454317587039975        1.3751045571614364     
  0.99441264119040629        1.3750919879552148     
  0.99428172407951509        1.3750790795769183     
  0.99415042102968487        1.3750658287380622     
  0.99401872853941142        1.3750522321698568     
  0.99388664306281671        1.3750382865647008     
  0.99375416094091462        1.3750239884982789     
  0.99362127849930271        1.3750093345409686     
  0.99348799196394388        1.3749943211625615     
  0.99335429756177052        1.3749789448472431     
  0.99322019137868456        1.3749632019311928     
  0.99308566949347565        1.3749470887565867     
  0.99295072787682104        1.3749306015566800     
  0.99281536244726110        1.3749137365188637     
  0.99267956905087718        1.3748964897634697     
  0.99254334347126794        1.3748788573543049     
  0.99240668141819899        1.3748608352869072     
  0.99226957847886021        1.3748424194321689     
  0.99213203023777530        1.3748236056748464     
  0.99199403214037096        1.3748043897580979     
  0.99185557955810599        1.3747847673570122     
  0.99171666782983769        1.3747647341276503     
  0.99157729209497691        1.3747442855165812     
  0.99143744753741903        1.3747234170396201     
  0.99129712918091617        1.3747021240491113     
  0.99115633193122610        1.3746804017820626     
  0.99101505065483031        1.3746582454514205     
  0.99087328006451170        1.3746356501144597     
  0.99073101483400638        1.3746126108059480     
  0.99058824949245672        1.3745891224170723     
  0.99044497844062196        1.3745651797152834     
  0.99030119603278943        1.3745407774373413     
  0.99015689644565941        1.3745159101421902     
  0.99001207378788703        1.3744905723347598     
  0.98986672198158554        1.3744647583322664     
  0.98972083491637375        1.3744384624403923     
  0.98957440634482374        1.3744116788352034     
  0.98942742976405607        1.3743844014295852     
  0.98927989868033772        1.3743566241737573     
  0.98913180638700016        1.3743283408040963     
  0.98898314608430615        1.3742995449810134     
  0.98883391076585370        1.3742702301598373     
  0.98868409331511942        1.3742403897016477     
  0.98853368647693296        1.3742100168419060     
  0.98838268275374308        1.3741791045744449     
  0.98823107457728321        1.3741476458450910     
  0.98807885413115137        1.3741156333547135     
  0.98792601348366704        1.3740830597076015     
  0.98777254449882279        1.3740499173138816     
  0.98761843879284916        1.3740161983417882     
  0.98746368792361661        1.3739818949312124     
  0.98730828311949548        1.3739469988898212     
  0.98715221544432075        1.3739115018811128     
  0.98699547576859714        1.3738753953924774     
  0.98683805467194197        1.3738386706267702     
  0.98667994268015236        1.3738013187706601     
  0.98652112982148066        1.3737633304977257     
  0.98636160605636980        1.3737246964528211     
  0.98620136107257395        1.3736854070223878     
  0.98604038425420770        1.3736454523039647     
  0.98587866469078456        1.3736048221154360     
  0.98571619124743137        1.3735635060781606     
  0.98555295249839125        1.3735214935419613     
  0.98538893664041749        1.3734787734924996     
  0.98522413161539879        1.3734353346893435     
  0.98505852503080038        1.3733911655796216     
  0.98489210413259642        1.3733462542698165     
  0.98472485580366409        1.3733005885281764     
  0.98455676656424707        1.3732541557844460     
  0.98438782257806046        1.3732069431425735     
  0.98421800960279060        1.3731589373276252     
  0.98404731297300407        1.3731101246685096     
  0.98387571755510816        1.3730604910517514     
  0.98370320777372056        1.3730100219558601     
  0.98352976768387324        1.3729587025311956     
  0.98335538073129647        1.3729065173407697     
  0.98318002984382080        1.3728534504645689     
  0.98300369753312256        1.3727994856156425     
  0.98282636565154502        1.3727446058754382     
  0.98264801546564384        1.3726887937798531     
  0.98246862765861886        1.3726320313269325     
  0.98228818235497883        1.3725743000077868     
  0.98210665887529003        1.3725155805416933     
  0.98192403585909482        1.3724558530189506     
  0.98174029135998420        1.3723950970077006     
  0.98155540241027961        1.3723332910846096     
  0.98136934553713362        1.3722704134062496     
  0.98118209614198704        1.3722064410357242     
  0.98099362886363728        1.3721413503485782     
  0.98080391741167861        1.3720751168563223     
  0.98061293447191622        1.3720077151127459     
  0.98042065162255154        1.3719391186296570     
  0.98022703952407597        1.3718693000946240     
  0.98003206750839933        1.3717982309315784     
  0.97983570376208262        1.3717258815106868     
  0.97963791514656573        1.3716522209654856     
  0.97943866709528971        1.3715772170902820     
  0.97923792378755481        1.3715008365437642     
  0.97903564771449025        1.3714230443900965     
  0.97883179960301403        1.3713438040319945     
  0.97862633885230099        1.3712630776985348     
  0.97841922252124014        1.3711808253649178     
  0.97821040613428323        1.3710970056447351     
  0.97799984282998864        1.3710115748858009     
  0.97778748372615187        1.3709244875886131     
  0.97757327740760658        1.3708356958740837     
  0.97735716996882205        1.3707451495540548     
  0.97713910475057619        1.3706527958762558     
  0.97691902227225580        1.3705585794789961     
  0.97669685975582066        1.3704624419099660     
  0.97647255114716780        1.3703643216849928     
  0.97624602675425354        1.3702641539357743     
  0.97601721271026876        1.3701618698779834     
  0.97578603132544617        1.3700573972293268     
  0.97555240012266886        1.3699506592278397     
  0.97531623137030277        1.3698415741894090     
  0.97507743229314925        1.3697300557905461     
  0.97483590399713727        1.3696160119862637     
  0.97459154129263859        1.3694993448973634     
  0.97434423173375695        1.3693799498706545     
  0.97409385529941250        1.3692577152267469     
  0.97384028354672536        1.3691325214622192     
  0.97358337838285380        1.3690042400661422     
  0.97332299150301016        1.3688727330467847     
  0.97305896316362273        1.3687378517812521     
  0.97279112086825881        1.3685994357870377     
  0.97251927786168546        1.3684573113189358     
  0.97224323134107082        1.3683112896958665     
  0.97196276072204335        1.3681611657187149     
  0.97167762522222378        1.3680067154074522     
  0.97138756092326861        1.3678476932422070     
  0.97109227841637802        1.3676838300647769     
  0.97079145739896766        1.3675148278770064     
  0.97048474438398469        1.3673403579483479     
  0.97017174549152496        1.3671600539154811     
  0.96985202053600494        1.3669735063584956     
  0.96952507596817428        1.3667802563246885     
  0.96919035293883438        1.3665797840255007     
  0.96884721720196609        1.3663714996623186     
  0.96849494253329627        1.3661547278968473     
  0.96813269068706997        1.3659286891912856     
  0.96775948730671713        1.3656924775377186     
  0.96737418769972494        1.3654450285615285     
  0.96697543076121706        1.3651850765894165     
  0.96656158095118738        1.3649111009475354     
  0.96613063998263526        1.3646212436013108     
  0.96568012639549339        1.3643131973493570     
  0.96520689577085206        1.3639840387026387     
  0.96470686078669288        1.3636299674235652     
  0.96417455119733886        1.3632458977213322     
  0.96360235610683287        1.3628247534763833     
  0.96297915559538583        1.3623561960982800     
  0.96228758913342549        1.3618240846168481     
  0.96149789021823040        1.3612007428257504     
  0.96055116352189374        1.3604314081293394     
  0.95929839400107730        1.3593775106305404     
  0.95709151780020141        1.3574363375035967     
  0.96082861442610290        1.3610286559808698     
  0.95637348559271040        1.3569897082157913     
  0.95807667935685670        1.3586910241759038     
  0.95553847254270385        1.3564227475765249     
  0.95879642836315859        1.3595896156194101     
