  0.62324753100733932        1.5047393652280168     
  0.62330300975261133        1.5047844591246626     
  0.62335843741043617        1.5048294094065500     
  0.62341385852511544        1.5048743544828835     
  0.62346927240477057        1.5049192938413605     
  0.62352467904878983        1.5049642274811981     
  0.62358007844958419        1.5050091553962428     
  0.62363547060173630        1.5050540775820282     
  0.62369085549600034        1.5050989940311055     
  0.62374623313239441        1.5051439047432513     
  0.62380160349820324        1.5051888097083062     
  0.62385696658954404        1.5052337089230035     
  0.62391232240266392        1.5052786023841795     
  0.62396767092729544        1.5053234900835817     
  0.62402301216021239        1.5053683720184550     
  0.62407834609562451        1.5054132481840403     
  0.62413367272623499        1.5054581185744111     
  0.62418899204197920        1.5055029831814668     
  0.62424430404217013        1.5055478420044328     
  0.62429960871814860        1.5055926950363130     
  0.62435490606308564        1.5056375422715396     
  0.62441019607400372        1.5056823837075464     
  0.62446547873917235        1.5057272193349345     
  0.62452075405491225        1.5057720491505950     
  0.62457602201545470        1.5058168731497834     
  0.62463128261572309        1.5058616913282941     
  0.62468653584575273        1.5059065036781074     
  0.62474178170108563        1.5059513101955047     
  0.62479702017545824        1.5059961108753508     
  0.62485225126112887        1.5060409057113597     
  0.62490747495298904        1.5060856946993011     
  0.62496269124570447        1.5061304778347691     
  0.62501790013254521        1.5061752551122658     
  0.62507310160297891        1.5062200265233210     
  0.62512829565595618        1.5062647920668779     
  0.62518348228333775        1.5063095517363307     
  0.62523866147641860        1.5063543055246440     
  0.62529383322828525        1.5063990534261706     
  0.62534899753638651        1.5064437954386745     
  0.62540415439282104        1.5064885315557426     
  0.62545930379096815        1.5065332617719571     
  0.62551444572070891        1.5065779860791697     
  0.62556958018137099        1.5066227044766132     
  0.62562470716446494        1.5066674169574064     
  0.62567982665997324        1.5067121235134833     
  0.62573493866411845        1.5067568241416440     
  0.62579004317232090        1.5068015188380657     
  0.62584514017272863        1.5068462075932456     
  0.62590022966364567        1.5068908904056066     
  0.62595531163553075        1.5069355672674538     
  0.62601038608244508        1.5069802381738975     
  0.62606545299834593        1.5070249031199687     
  0.62612051237663857        1.5070695621002677     
  0.62617556421025022        1.5071142151090213     
  0.62623060849328349        1.5071588621413714     
  0.62628564521556374        1.5072035031891189     
  0.62634067437592300        1.5072481382511043     
  0.62639569596274036        1.5072927673179950     
  0.62645070997292629        1.5073373903871308     
  0.62650571639621577        1.5073820074502384     
  0.62656071523063173        1.5074266185055207     
  0.62661570646596110        1.5074712235447500     
  0.62667069009466281        1.5075158225617813     
  0.62672566611007707        1.5075604155511571     
  0.62678063451021204        1.5076050025110679     
  0.62683559527996080        1.5076495834294621     
  0.62689054842033065        1.5076941583068662     
  0.62694549392128507        1.5077387271351890     
  0.62700043177345033        1.5077832899068513     
  0.62705536197488820        1.5078278466200814     
  0.62711028451714723        1.5078723972680235     
  0.62716519938884763        1.5079169418415321     
  0.62722010659141492        1.5079614803414592     
  0.62727500610831455        1.5080060127546333     
  0.62732989794157901        1.5080505390823846     
  0.62738478207761395        1.5080950593138343     
  0.62743965851498373        1.5081395734476013     
  0.62749452724176313        1.5081840814741097     
  0.62754938825402207        1.5082285833900335     
  0.62760424154369376        1.5082730791888062     
  0.62765908710394780        1.5083175688648347     
  0.62771392492841049        1.5083620524128756     
  0.62776875500951346        1.5084065298267593     
  0.62782357734083982        1.5084510011012067     
  0.62787839191431472        1.5084954662296486     
  0.62793319872067965        1.5085399252045923     
  0.62798799775785707        1.5085843780241470     
  0.62804278901550836        1.5086288246799766     
  0.62809757248616060        1.5086732651659771     
  0.62815234816634513        1.5087176994791749     
  0.62820711604607515        1.5087621276115022     
  0.62826187611673268        1.5088065495559611     
  0.62831662837667202        1.5088509653110007     
  0.62837137281165956        1.5088953748652361     
  0.62842610941991262        1.5089397782170064     
  0.62848083819251044        1.5089841753590769     
  0.62853555911850201        1.5090285662826228     
  0.62859027220174579        1.5090729509903913     
  0.62864497742176906        1.5091173294661215     
  0.62869967477685296        1.5091617017082024     
  0.62875436426409692        1.5092060677140933     
  0.62880904586961950        1.5092504274726843     
  0.62886371959014631        1.5092947809811474     
  0.62891838541673128        1.5093391282322197     
  0.62897304334173032        1.5093834692196606     
  0.62902769335618114        1.5094278039361977     
  0.62908233545946435        1.5094721323810711     
  0.62913696963843901        1.5095164545437465     
  0.62919159588522244        1.5095607704177909     
  0.62924621419914728        1.5096050800024075     
  0.62930082456147252        1.5096493832826849     
  0.62935542697608926        1.5096936802613869     
  0.62941002143024849        1.5097379709282785     
  0.62946460791646786        1.5097822552772384     
  0.62951918643203708        1.5098265333058729     
  0.62957375696009921        1.5098708050007386     
  0.62962831949978326        1.5099150703608775     
  0.62968287404540457        1.5099593293815718     
  0.62973742058607507        1.5100035820540358     
  0.62979195911386743        1.5100478283718006     
  0.62984648962275336        1.5100920683298769     
  0.62990101210354421        1.5101363019208054     
  0.62995552655335318        1.5101805291420543     
  0.63001003295861979        1.5102247499827475     
  0.63006453131420981        1.5102689644385956     
  0.63011902161265743        1.5103131725034844     
  0.63017350385024229        1.5103573741742236     
  0.63022797801129238        1.5104015694382897     
  0.63028244409655576        1.5104457582959854     
  0.63033690209080873        1.5104899407351329     
  0.63039135199594964        1.5105341167569328     
  0.63044579379027355        1.5105782863441448     
  0.63050022748072720        1.5106224495019100     
  0.63055465304935887        1.5106666062159202     
  0.63060907049407566        1.5107107564842552     
  0.63066347980654847        1.5107549003001215     
  0.63071788097691961        1.5107990376555327     
  0.63077227399712787        1.5108431685439037     
  0.63082665886374989        1.5108872929622732     
  0.63088103556598574        1.5109314109019134     
  0.63093540409673188        1.5109755223569921     
  0.63098976444640398        1.5110196273197276     
  0.63104411660975135        1.5110637257857333     
  0.63109846057674779        1.5111078177468822     
  0.63115279633958532        1.5111519031967859     
  0.63120712389380351        1.5111959821316696     
  0.63126144322801470        1.5112400545423452     
  0.63131575433595810        1.5112841204236296     
  0.63137005720908479        1.5113281797685540     
  0.63142435184102985        1.5113722325718499     
  0.63147863822181960        1.5114162788254348     
  0.63153291634493525        1.5114603185239206     
  0.63158718620370113        1.5115043516617994     
  0.63164144778523812        1.5115483782287136     
  0.63169570108661810        1.5115923982220822     
  0.63174994609931889        1.5116364116349490     
  0.63180418281168638        1.5116804184579156     
  0.63185841121979847        1.5117244186876193     
  0.63191263131358455        1.5117684123158981     
  0.63196684308661666        1.5118123993374293     
  0.63202104652542190        1.5118563797413926     
  0.63207524163202344        1.5119003535290656     
  0.63212942838942610        1.5119443206868757     
  0.63218360679424146        1.5119882812118732     
  0.63223777683600102        1.5120322350955822     
  0.63229193850831944        1.5120761823327113     
  0.63234609180204826        1.5121201229158125     
  0.63240023670991174        1.5121640568389010     
  0.63245437322134190        1.5122079840934184     
  0.63250850133106806        1.5122519046749425     
  0.63256262103097227        1.5122958185768283     
  0.63261673230926274        1.5123397257895621     
  0.63267083516331946        1.5123836263107899     
  0.63272492958181792        1.5124275201313613     
  0.63277901555312399        1.5124714072418810     
  0.63283309307509228        1.5125152876403680     
  0.63288716213624008        1.5125591613175435     
  0.63294122272796227        1.5126030282663794     
  0.63299527484534113        1.5126468884827251     
  0.63304931847630952        1.5126907419568478     
  0.63310335361386461        1.5127345886829646     
  0.63315738024983381        1.5127784286543844     
  0.63321139837529716        1.5128222618638261     
  0.63326540798121611        1.5128660883039220     
  0.63331940906181827        1.5129099079698483     
  0.63337340160857691        1.5129537208546364     
  0.63342738560920975        1.5129975269483746     
  0.63348136105798281        1.5130413262462747     
  0.63353532794923118        1.5130851187435961     
  0.63358928626936195        1.5131289044294074     
  0.63364323601278028        1.5131726832990227     
  0.63369717716928387        1.5132164553441578     
  0.63375110973412452        1.5132602205607890     
  0.63380503369405172        1.5133039789382505     
  0.63385894904456208        1.5133477304727039     
  0.63391285577242029        1.5133914751534929     
  0.63396675387387891        1.5134352129773756     
  0.63402064334043584        1.5134789439373946     
  0.63407452415572174        1.5135226680204350     
  0.63412839632148221        1.5135663852275507     
  0.63418225982464405        1.5136100955482044     
  0.63423611465415641        1.5136537989734429     
  0.63428996080649691        1.5136974955001943     
  0.63434379826588572        1.5137411851158111     
  0.63439762703346680        1.5137848678208652     
  0.63445144709147649        1.5138285436011567     
  0.63450525843772032        1.5138722124546500     
  0.63455906105758286        1.5139158743696000     
  0.63461285494716302        1.5139595293426384     
  0.63466664009283225        1.5140031773627918     
  0.63472041649461697        1.5140468184297606     
  0.63477418413565334        1.5140904525300396     
  0.63482794300723056        1.5141340796565013     
  0.63488169310650788        1.5141776998065972     
  0.63493543441851297        1.5142213129683026     
  0.63498916693713570        1.5142649191365205     
  0.63504289065483577        1.5143085183050284     
  0.63509660555851211        1.5143521104632645     
  0.63515031164638880        1.5143956956095117     
  0.63520400890248374        1.5144392737309551     
  0.63525769732052506        1.5144828448223597     
  0.63531137689386974        1.5145264088782140     
  0.63536504760931911        1.5145699658878662     
  0.63541870945779200        1.5146135158438923     
  0.63547236243820304        1.5146570587451134     
  0.63552600653201430        1.5147005945767145     
  0.63557964173418968        1.5147441233344234     
  0.63563326803859410        1.5147876450131155     
  0.63568688542969043        1.5148311596003174     
  0.63574049390398502        1.5148746670929634     
  0.63579409345020410        1.5149181674819117     
  0.63584768405762371        1.5149616607584437     
  0.63590126572156713        1.5150051469185728     
  0.63595483842796308        1.5150486259509641     
  0.63600840217204180        1.5150920978515570     
  0.63606195694236056        1.5151355626110685     
  0.63611550272794593        1.5151790202205904     
  0.63616903952572068        1.5152224706773785     
  0.63622256731919424        1.5152659139682032     
  0.63627608610142206        1.5153093500873021     
  0.63632959586767246        1.5153527790306363     
  0.63638309660206449        1.5153962007854562     
  0.63643658830316929        1.5154396153503029     
  0.63649007095235932        1.5154830227102791     
  0.63654354454831341        1.5155264228640086     
  0.63659700907608263        1.5155698157994690     
  0.63665046453011431        1.5156132015119752     
  0.63670391090098533        1.5156565799938204     
  0.63675734817455398        1.5156999512336067     
  0.63681077634706929        1.5157433152280602     
  0.63686419540466110        1.5157866719659938     
  0.63691760534507047        1.5158300214453004     
  0.63697100615090374        1.5158733636520343     
  0.63702439781620246        1.5159166985811963     
  0.63707778033068541        1.5159600262244020     
  0.63713115368745199        1.5160033465759108     
  0.63718451787422581        1.5160466596257764     
  0.63723787288270561        1.5160899653671653     
  0.63729121869969174        1.5161332637894118     
  0.63734455532043599        1.5161765548884500     
  0.63739788273625819        1.5162198386571508     
  0.63745120093317031        1.5162631150842274     
  0.63750450990374297        1.5163063841635185     
  0.63755780963790998        1.5163496458868080     
  0.63761110012710598        1.5163929002470464     
  0.63766438136090398        1.5164361472357322     
  0.63771765332687114        1.5164793868427908     
  0.63777091602002800        1.5165226190639751     
  0.63782416943050935        1.5165658438912240     
  0.63787741354582927        1.5166090613144192     
  0.63793064835738045        1.5166522713264747     
  0.63798387385551081        1.5166954739194898     
  0.63803709002890407        1.5167386690842655     
  0.63809029687078256        1.5167818568151419     
  0.63814349436757412        1.5168250371011531     
  0.63819668251241790        1.5168682099365762     
  0.63824986129765771        1.5169113753150678     
  0.63830303070387762        1.5169545332210896     
  0.63835619073491312        1.5169976836572814     
  0.63840934136995453        1.5170408266070128     
  0.63846248260572347        1.5170839620673595     
  0.63851561442644267        1.5171270900256264     
  0.63856873682645809        1.5171702104770288     
  0.63862184979642422        1.5172133234138996     
  0.63867495332313795        1.5172564288255526     
  0.63872804739839628        1.5172995267052112     
  0.63878113201127906        1.5173426170439708     
  0.63883420715162875        1.5173856998335262     
  0.63888727281002089        1.5174287750661448     
  0.63894032897848008        1.5174718427352241     
  0.63899337564484371        1.5175149028308856     
  0.63904641279572283        1.5175579553422962     
  0.63909944042789957        1.5176010002665712     
  0.63915245852647939        1.5176440375916975     
  0.63920546708492476        1.5176870673121952     
  0.63925846608903503        1.5177300894165882     
  0.63931145552944291        1.5177731038971813     
  0.63936443539587628        1.5178161107455770     
  0.63941740568375560        1.5178591099578194     
  0.63947036637296595        1.5179021015178096     
  0.63952331746043700        1.5179450854227734     
  0.63957625893602188        1.5179880616644059     
  0.63962919078489744        1.5180310302307380     
  0.63968211300020128        1.5180739911160344     
  0.63973502556879014        1.5181169443096398     
  0.63978792848457466        1.5181598898064190     
  0.63984082173397883        1.5182028275953792     
  0.63989370530654632        1.5182457576679669     
  0.63994657919326858        1.5182886800167603     
  0.63999944338201642        1.5183315946318974     
  0.64005229786577067        1.5183745015075110     
  0.64010514263089280        1.5184174006325555     
  0.64015797766558280        1.5184602919974242     
  0.64021080296509236        1.5185031755980263     
  0.64026361851394653        1.5185460514218756     
  0.64031642430281210        1.5185889194612914     
  0.64036922032074639        1.5186317797073388     
  0.64042200655992632        1.5186746321535138     
  0.64047478300716909        1.5187174767891238     
  0.64052754965086101        1.5187603136047025     
  0.64058030648096043        1.5188031425920152     
  0.64063305349023258        1.5188459637450156     
  0.64068579066564424        1.5188887770531261     
  0.64073851799438541        1.5189315825059426     
  0.64079123546915828        1.5189743800973696     
  0.64084394307887038        1.5190171698183463     
  0.64089664080832098        1.5190599516565935     
  0.64094932865359211        1.5191027256086607     
  0.64100200659601536        1.5191454916595557     
  0.64105467463564403        1.5191882498089331     
  0.64110733275233489        1.5192310000406444     
  0.64115998093928495        1.5192737423489815     
  0.64121261918219807        1.5193164767223672     
  0.64126524747304359        1.5193592031541290     
  0.64131786579915917        1.5194019216339743     
  0.64137047415302462        1.5194446321556208     
  0.64142307251981334        1.5194873347070810     
  0.64147566089232366        1.5195300292823282     
  0.64152823925742997        1.5195727158706975     
  0.64158080760428593        1.5196153944633113     
  0.64163336592020648        1.5196580650498501     
  0.64168591419729393        1.5197007276237382     
  0.64173845242329697        1.5197433821749939     
  0.64179098058500150        1.5197860286928837     
  0.64184349867556911        1.5198286671716610     
  0.64189600667885172        1.5198712975982902     
  0.64194850459054809        1.5199139199690075     
  0.64200099239073360        1.5199565342678283     
  0.64205347007443525        1.5199991404904591     
  0.64210593763087631        1.5200417386280682     
  0.64215839504440486        1.5200843286680055     
  0.64221084230797620        1.5201269106043607     
  0.64226327940769146        1.5201694844258551     
  0.64231570633256896        1.5202120501234901     
  0.64236812307212765        1.5202546076886647     
  0.64242052961613239        1.5202971571129638     
  0.64247292595106553        1.5203396983854076     
  0.64252531206396801        1.5203822314954478     
  0.64257768794958769        1.5204247564385684     
  0.64263005359006087        1.5204672732003865     
  0.64268240897812834        1.5205097817748117     
  0.64273475410100112        1.5205522821514288     
  0.64278708894760095        1.5205947743211619     
  0.64283941350502671        1.5206372582735048     
  0.64289172776419456        1.5206797340009381     
  0.64294403171250414        1.5207222014931920     
  0.64299632533384621        1.5207646607372480     
  0.64304860862592828        1.5208071117308999     
  0.64310088156858902        1.5208495544579597     
  0.64315314415451830        1.5208919889122918     
  0.64320539637155161        1.5209344150839599     
  0.64325763821151727        1.5209768329661579     
  0.64330986965263715        1.5210192425414275     
  0.64336209069294359        1.5210616438078088     
  0.64341430131940636        1.5211040367546911     
  0.64346650151497142        1.5211464213683092     
  0.64351869127218109        1.5211887976424077     
  0.64357087058148910        1.5212311655690978     
  0.64362303942228571        1.5212735251318317     
  0.64367519779254068        1.5213158763285968     
  0.64372734567359791        1.5213582191443762     
  0.64377948305745658        1.5214005535724806     
  0.64383160993069866        1.5214428796019908     
  0.64388372628041690        1.5214851972223813     
  0.64393583209670124        1.5215275064254705     
  0.64398792736656207        1.5215698072006687     
  0.64404001208114958        1.5216120995406253     
  0.64409208622159153        1.5216543834301417     
  0.64414414978308343        1.5216966588650331     
  0.64419620274904033        1.5217389258318912     
  0.64424824510828305        1.5217811843215365     
  0.64430027684985358        1.5218234343249668     
  0.64435229796131255        1.5218656758320148     
  0.64440430842915397        1.5219079088316789     
  0.64445630824393296        1.5219501333161367     
  0.64450829739121529        1.5219923492736589     
  0.64456027585796516        1.5220345566936098     
  0.64461224363606640        1.5220767555692016     
  0.64466420070861541        1.5221189458867750     
  0.64471614706772873        1.5221611276397207     
  0.64476808269461994        1.5222033008129019     
  0.64482000758656710        1.5222454654037474     
  0.64487192172152363        1.5222876213945691     
  0.64492382509349544        1.5223297687802355     
  0.64497571768602091        1.5223719075474225     
  0.64502759949075528        1.5224140376891613     
  0.64507947049186032        1.5224561591926140     
  0.64513133067878414        1.5224982720490794     
  0.64518318003863528        1.5225403762480281     
  0.64523501855849663        1.5225824717789060     
  0.64528684622707644        1.5226245586324318     
  0.64533866302911125        1.5226666367962132     
  0.64539046895453667        1.5227087062619278     
  0.64544226399191618        1.5227507670201816     
  0.64549404812453748        1.5227928190574445     
  0.64554582134326588        1.5228348623661176     
  0.64559758363255981        1.5228768969335911     
  0.64564933498478005        1.5229189227534348     
  0.64570107538133692        1.5229609398106501     
  0.64575280481140740        1.5230029480963152     
  0.64580452326515347        1.5230449476022772     
  0.64585623072513820        1.5230869383144356     
  0.64590792718229884        1.5231289202252452     
  0.64595961262387902        1.5231708933242656     
  0.64601128703360533        1.5232128575983062     
  0.64606295040031458        1.5232548130381720     
  0.64611460271282817        1.5232967596346600     
  0.64616624395501221        1.5233386973746801     
  0.64621787411900811        1.5233806262516287     
  0.64626949318489746        1.5234225462494519     
  0.64632110114297170        1.5234644573600937     
  0.64637269798283414        1.5235063595749545     
  0.64642428368760241        1.5235482528803579     
  0.64647585824721454        1.5235901372679697     
  0.64652742164825105        1.5236320127268193     
  0.64657897387533425        1.5236738792444084     
  0.64663051491744150        1.5237157368116430     
  0.64668204475983493        1.5237575854165228     
  0.64673356338836085        1.5237994250475029     
  0.64678507079138647        1.5238412556950096     
  0.64683656696000291        1.5238830773516046     
  0.64688805187198439        1.5239248899994198     
  0.64693952552166545        1.5239666936335508     
  0.64699098789242937        1.5240084882405205     
  0.64704243896989921        1.5240502738086052     
  0.64709387874392443        1.5240920503293882     
  0.64714530719651164        1.5241338177883090     
  0.64719672431982855        1.5241755761787652     
  0.64724813009581239        1.5242173254861415     
  0.64729952451346939        1.5242590657013602     
  0.64735090755907421        1.5243007968131992     
  0.64740227921924576        1.5243425188107067     
  0.64745363947939882        1.5243842316819887     
  0.64750498832822279        1.5244259354177139     
  0.64755632574633870        1.5244676300022291     
  0.64760765172867463        1.5245093154310878     
  0.64765896625620289        1.5245509916889124     
  0.64771026931385800        1.5245926587634273     
  0.64776156089375947        1.5246343166479803     
  0.64781284097755387        1.5246759653277224     
  0.64786410955193841        1.5247176047917528     
  0.64791536660212201        1.5247592350280088     
  0.64796661211743056        1.5248008560276485     
  0.64801784608316537        1.5248424677786780     
  0.64806906848610768        1.5248840702702620     
  0.64812027930908833        1.5249256634884689     
  0.64817147854100365        1.5249672474241192     
  0.64822266616959912        1.5250088220671278     
  0.64827384217617157        1.5250503874023611     
  0.64832500655286096        1.5250919434231756     
  0.64837615927610737        1.5251334901106315     
  0.64842730034196050        1.5251750274611424     
  0.64847842972940195        1.5252165554577632     
  0.64852954742955649        1.5252580740930457     
  0.64858065342560245        1.5252995833533247     
  0.64863174770256782        1.5253410832263838     
  0.64868283024700490        1.5253825737011966     
  0.64873390104761763        1.5254240547684170     
  0.64878496008687836        1.5254655264138268     
  0.64883600735006386        1.5255069886253945     
  0.64888704282338461        1.5255484413918250     
  0.64893806649668329        1.5255898847046638     
  0.64898907834833641        1.5256313185464760     
  0.64904007836835020        1.5256727429089350     
  0.64909106654457271        1.5257141577820197     
  0.64914204285905241        1.5257555631511726     
  0.64919300729621976        1.5257969590036944     
  0.64924395984798766        1.5258383453327449     
  0.64929490049215921        1.5258797221204374     
  0.64934582921850303        1.5259210893582529     
  0.64939674601035913        1.5259624470326338     
  0.64944765085587441        1.5260037951337913     
  0.64949854373776428        1.5260451336476779     
  0.64954942464177368        1.5260864625626194     
  0.64960029355571658        1.5261277818685617     
  0.64965115046212485        1.5261690915513118     
  0.64970199534648954        1.5262103915989931     
  0.64975282819850422        1.5262516820030199     
  0.64980364899486842        1.5262929627446287     
  0.64985445772938488        1.5263342338184505     
  0.64990525438122571        1.5263754952076578     
  0.64995603893825205        1.5264167469022238     
  0.65000681138319139        1.5264579888881009     
  0.65005757170519396        1.5264992211562758     
  0.65010831988725193        1.5265404436929038     
  0.65015905591488510        1.5265816564861252     
  0.65020977976907735        1.5266228595205238     
  0.65026049144329345        1.5266640527904554     
  0.65031119091342793        1.5267052362765183     
  0.65036187816956992        1.5267464099704235     
  0.65041255319351599        1.5267875738573888     
  0.65046321597465906        1.5268287279285797     
  0.65051386649484022        1.5268698721692426     
  0.65056450473764360        1.5269110065659959     
  0.65061513068916854        1.5269521311074179     
  0.65066574433286606        1.5269932457800164     
  0.65071634565931258        1.5270343505758803     
  0.65076693464499069        1.5270754454760551     
  0.65081751127977072        1.5271165304720757     
  0.65086807554600290        1.5271576055495797     
  0.65091862742927287        1.5271986706967429     
  0.65096916691268158        1.5272397258997912     
  0.65101969398162263        1.5272807711467475     
  0.65107020862282616        1.5273218064266803     
  0.65112071081847722        1.5273628317250920     
  0.65117120055037558        1.5274038470271907     
  0.65122167780916074        1.5274448523250990     
  0.65127214257495003        1.5274858476027042     
  0.65132259483303212        1.5275268328479374     
  0.65137303456699636        1.5275678080473996     
  0.65142346175847854        1.5276087731861596     
  0.65147387639989773        1.5276497282577368     
  0.65152427847014716        1.5276906732450475     
  0.65157466795101571        1.5277316081332772     
  0.65162504483087180        1.5277725329127698     
  0.65167540909225352        1.5278134475692919     
  0.65172576072107313        1.5278543520912589     
  0.65177609969596140        1.5278952464613802     
  0.65182642600765206        1.5279361306718415     
  0.65187673963467008        1.5279770047052672     
  0.65192704056597983        1.5280178685524595     
  0.65197732878119319        1.5280587221968867     
  0.65202760426635309        1.5280995656270611     
  0.65207786700633563        1.5281403988305755     
  0.65212811698400475        1.5281812217934496     
  0.65217835418166414        1.5282220345012563     
  0.65222857858242100        1.5282628369402027     
  0.65227879017386226        1.5283036291000025     
  0.65232898893723856        1.5283444109654041     
  0.65237917485377628        1.5283851825211348     
  0.65242934791430529        1.5284259437594470     
  0.65247950809471078        1.5284666946608825     
  0.65252965538207075        1.5285074352147503     
  0.65257978975958186        1.5285481654073170     
  0.65262991121198743        1.5285888852260630     
  0.65268001972180434        1.5286295946567190     
  0.65273011526927593        1.5286702936832366     
  0.65278019784598729        1.5287109822984506     
  0.65283026742793793        1.5287516604829849     
  0.65288032399998519        1.5287923282244011     
  0.65293036754094103        1.5288329855055205     
  0.65298039804685004        1.5288736323226744     
  0.65303041548989604        1.5289142686534878     
  0.65308041985755305        1.5289548944875686     
  0.65313041113318726        1.5289955098113057     
  0.65318038929528233        1.5290361146072580     
  0.65323035433495047        1.5290767088678838     
  0.65328030622598943        1.5291172925720693     
  0.65333024496189485        1.5291578657141351     
  0.65338017051639141        1.5291984282729085     
  0.65343008287700255        1.5292389802380293     
  0.65347998202538482        1.5292795215945341     
  0.65352986794731505        1.5293200523306973     
  0.65357974061995172        1.5293605724280264     
  0.65362960003196502        1.5294010818770569     
  0.65367944616198193        1.5294415806604520     
  0.65372927899411548        1.5294820687651682     
  0.65377909851297800        1.5295225461785567     
  0.65382890469590660        1.5295630128822642     
  0.65387869753220929        1.5296034688673175     
  0.65392847700147638        1.5296439141171279     
  0.65397824308419039        1.5296843486158047     
  0.65402799576767867        1.5297247723528189     
  0.65407773502821431        1.5297651853089778     
  0.65412746085566298        1.5298055874757372     
  0.65417717322795099        1.5298459788352048     
  0.65422687212631803        1.5298863593720684     
  0.65427655753375580        1.5299267290724003     
  0.65432622943932617        1.5299670879270251     
  0.65437588781424072        1.5300074359127727     
  0.65442553265021397        1.5300477730225461     
  0.65447516392282179        1.5300880992365951     
  0.65452478161850025        1.5301284145436824     
  0.65457438571606796        1.5301687189265962     
  0.65462397620264556        1.5302090123746346     
  0.65467355305443897        1.5302492948685349     
  0.65472311625683877        1.5302895663962337     
  0.65477266579171756        1.5303298269429133     
  0.65482220163864890        1.5303700764919461     
  0.65487172378532099        1.5304103150330690     
  0.65492123220744625        1.5304505425466264     
  0.65497072689128877        1.5304907590212335     
  0.65502020781185322        1.5305309644366809     
  0.65506967495929636        1.5305711587846345     
  0.65511912831040475        1.5306113420462761     
  0.65516856784820510        1.5306515142076784     
  0.65521799355451549        1.5306916752539683     
  0.65526740540887973        1.5307318251684829     
  0.65531680339981069        1.5307719639415975     
  0.65536618750113207        1.5308120915521632     
  0.65541555769590709        1.5308522079862770     
  0.65546491396801587        1.5308923132306722     
  0.65551425629549953        1.5309324072675063     
  0.65556358466468512        1.5309724900854298     
  0.65561289905356002        1.5310125616665546     
  0.65566219944483217        1.5310526219966909     
  0.65571148581751926        1.5310926710587562     
  0.65576075815526458        1.5311327088392916     
  0.65581001643754266        1.5311727353215712     
  0.65585926064705191        1.5312127504913911     
  0.65590849076028901        1.5312527543296870     
  0.65595770676666643        1.5312927468275181     
  0.65600690864310185        1.5313327279661486     
  0.65605609636769668        1.5313726977277660     
  0.65610526992482920        1.5314126560994796     
  0.65615442929564027        1.5314526030658593     
  0.65620357446087407        1.5314925386111649     
  0.65625270539766323        1.5315324627168145     
  0.65630182209067400        1.5315723753701431     
  0.65635092451979293        1.5316122765547289     
  0.65640001266753734        1.5316521662562157     
  0.65644908650923872        1.5316920444546096     
  0.65649814603167644        1.5317319111388903     
  0.65654719121306004        1.5317717662913204     
  0.65659622203114121        1.5318116098937984     
  0.65664523847417355        1.5318514419364602     
  0.65669424050908731        1.5318912623927146     
  0.65674322813115826        1.5319310712582017     
  0.65679220131520877        1.5319708685125184     
  0.65684116003545234        1.5320106541347815     
  0.65689010427914951        1.5320504281143417     
  0.65693903402801890        1.5320901904361997     
  0.65698794925563508        1.5321299410789688     
  0.65703684994522893        1.5321696800288327     
  0.65708573607959220        1.5322094072716315     
  0.65713460763548204        1.5322491227884689     
  0.65718346459370702        1.5322888265636250     
  0.65723230693925161        1.5323285185846585     
  0.65728113464146753        1.5323681988268578     
  0.65732994768906583        1.5324078672806967     
  0.65737874605983959        1.5324475239280897     
  0.65742752973335872        1.5324871687523374     
  0.65747629868963853        1.5325268017370897     
  0.65752505290476426        1.5325664228629123     
  0.65757379236311220        1.5326060321168726     
  0.65762251704390717        1.5326456294820008     
  0.65767122692626989        1.5326852149412358     
  0.65771992198737017        1.5327247884759916     
  0.65776860221047828        1.5327643500724610     
  0.65781726757294501        1.5328038997121962     
  0.65786591805400185        1.5328434373782200     
  0.65791455363438955        1.5328829630547411     
  0.65796317429211482        1.5329224767238185     
  0.65801178000725757        1.5329619783691375     
  0.65806037075818136        1.5330014679730373     
  0.65810894652558238        1.5330409455196821     
  0.65815750729009515        1.5330804109931899     
  0.65820605302757795        1.5331198643739279     
  0.65825458371702372        1.5331593056447215     
  0.65830309933939657        1.5331987347899396     
  0.65835159987569924        1.5332381517939853     
  0.65840008529974914        1.5332775566356167     
  0.65844855559389392        1.5333169493002854     
  0.65849701073526168        1.5333563297693469     
  0.65854545070538328        1.5333956980276102     
  0.65859387547913806        1.5334350540546620     
  0.65864228503883249        1.5334743978359158     
  0.65869067936118619        1.5335137293524013     
  0.65873905842601288        1.5335530485875726     
  0.65878742221131170        1.5335923555234585     
  0.65883577069622179        1.5336316501429827     
  0.65888410385620699        1.5336709324261830     
  0.65893242167354771        1.5337102023584415     
  0.65898072412586106        1.5337494599214843     
  0.65902901119039825        1.5337887050967440     
  0.65907728284666212        1.5338279378674256     
  0.65912553907221905        1.5338671582152044     
  0.65917377984655512        1.5339063661232641     
  0.65922200514280394        1.5339455615698063     
  0.65927021494454108        1.5339847445412176     
  0.65931840923162754        1.5340239150209742     
  0.65936658797632819        1.5340630729865876     
  0.65941475115810788        1.5341022184212179     
  0.65946289875637976        1.5341413513079800     
  0.65951103075114637        1.5341804716304575     
  0.65955914711493024        1.5342195793663529     
  0.65960724782644031        1.5342586744982292     
  0.65965533286681932        1.5342977570105556     
  0.65970340221372337        1.5343368268850623     
  0.65975145584213768        1.5343758841013841     
  0.65979949373206037        1.5344149286430850     
  0.65984751585729007        1.5344539604888685     
  0.65989552219938075        1.5344929796235125     
  0.65994351273309748        1.5345319860264757     
  0.65999148743769287        1.5345709796807308     
  0.66003944629012379        1.5346099605674501     
  0.66008738926486599        1.5346489286658562     
  0.66013531634513800        1.5346878839620319     
  0.66018322750044678        1.5347268264312932     
  0.66023112271519691        1.5347657560606547     
  0.66027900196303824        1.5348046728286824     
  0.66032686521976669        1.5348435767156270     
  0.66037471246537716        1.5348824677050330     
  0.66042254367264031        1.5349213457747708     
  0.66047035882390526        1.5349602109102323     
  0.66051815789370028        1.5349990630906669     
  0.66056594085457865        1.5350379022937692     
  0.66061370769034133        1.5350767285060645     
  0.66066145837462265        1.5351155417060940     
  0.66070919288180230        1.5351543418729841     
  0.66075691118935453        1.5351931289882863     
  0.66080461327832229        1.5352319030363559     
  0.66085229911912013        1.5352706639931974     
  0.66089996869267453        1.5353094118430717     
  0.66094762197452472        1.5353481465660053     
  0.66099525893743505        1.5353868681398444     
  0.66104287956172780        1.5354255765483682     
  0.66109048382087088        1.5354642717699729     
  0.66113807169245331        1.5355029537862881     
  0.66118564315116457        1.5355416225766652     
  0.66123319817793902        1.5355802781253587     
  0.66128073673945020        1.5356189204054207     
  0.66132825882161583        1.5356575494050138     
  0.66137576439202672        1.5356961650979100     
  0.66142325343217323        1.5357347674687924     
  0.66147072591870693        1.5357733564985419     
  0.66151818182127664        1.5358119321625401     
  0.66156562111828876        1.5358504944430429     
  0.66161304378959529        1.5358890433234418     
  0.66166044980549588        1.5359275787796232     
  0.66170783914250431        1.5359661007923502     
  0.66175521177537955        1.5360046093410102     
  0.66180256768046064        1.5360431044062257     
  0.66184990683582190        1.5360815859699832     
  0.66189722921530292        1.5361200540109401     
  0.66194453479156234        1.5361585085068257     
  0.66199182354019492        1.5361969494376702     
  0.66203909543633133        1.5362353767831438     
  0.66208635045888697        1.5362737905258808     
  0.66213358857863835        1.5363121906421271     
  0.66218080977242733        1.5363505771128840     
  0.66222801401602971        1.5363889499183201     
  0.66227520127853545        1.5364273090333485     
  0.66232237154127749        1.5364656544424937     
  0.66236952477880595        1.5365039861249570     
  0.66241666096105001        1.5365423040563044     
  0.66246378006507067        1.5365806082177009     
  0.66251088206733333        1.5366188985898432     
  0.66255796693597546        1.5366571751468854     
  0.66260503465435838        1.5366954378749365     
  0.66265208518972130        1.5367336867474422     
  0.66269911851916707        1.5367719217455917     
  0.66274613461728116        1.5368101428485965     
  0.66279313345824975        1.5368483500353523     
  0.66284011501504358        1.5368865432837966     
  0.66288707925992574        1.5369247225713116     
  0.66293402617137698        1.5369628878801611     
  0.66298095571986182        1.5370010391863076     
  0.66302786788114298        1.5370391764698774     
  0.66307476262680642        1.5370772997077102     
  0.66312163993398610        1.5371154088810062     
  0.66316849977350434        1.5371535039660023     
  0.66321534211788791        1.5371915849402717     
  0.66326216694609164        1.5372296517864403     
  0.66330897422647994        1.5372677044788059     
  0.66335576393459106        1.5373057429973076     
  0.66340253604288479        1.5373437673194537     
  0.66344929052598989        1.5373817774244665     
  0.66349602735608060        1.5374197732896291     
  0.66354274650377165        1.5374577548910013     
  0.66358944794833430        1.5374957222114425     
  0.66363613165812130        1.5375336752252298     
  0.66368279760604820        1.5375716139102225     
  0.66372944576832793        1.5376095382468724     
  0.66377607611349188        1.5376474482095910     
  0.66382268862034843        1.5376853437808622     
  0.66386928325573180        1.5377232249337638     
  0.66391585999402447        1.5377610916472948     
  0.66396241880910933        1.5377989439000681     
  0.66400895967233975        1.5378367816687004     
  0.66405548255599878        1.5378746049305412     
  0.66410198743487336        1.5379124136649036     
  0.66414847427591250        1.5379502078449403     
  0.66419494305620308        1.5379879874517663     
  0.66424139374954105        1.5380257524639127     
  0.66428782632313044        1.5380635028547247     
  0.66433424075187952        1.5381012386036024     
  0.66438063700673233        1.5381389596868242     
  0.66442701505913759        1.5381766660810696     
  0.66447337488066793        1.5382143577631084     
  0.66451971644712948        1.5382520347130364     
  0.66456603972554629        1.5382896969040467     
  0.66461234468988506        1.5383273443147856     
  0.66465863130927816        1.5383649769200982     
  0.66470489955681344        1.5384025946979349     
  0.66475114940480418        1.5384401976256401     
  0.66479738082575057        1.5384777856806964     
  0.66484359378864677        1.5385153588378331     
  0.66488978826533063        1.5385529170740111     
  0.66493596422642220        1.5385904603652309     
  0.66498212164438875        1.5386279886889453     
  0.66502826049106001        1.5386655020221021     
  0.66507438073252023        1.5387030003371316     
  0.66512048234387211        1.5387404836135490     
  0.66516656529459228        1.5387779518264484     
  0.66521262955860827        1.5388154049544163     
  0.66525867510002890        1.5388528429683233     
  0.66530470189320223        1.5388902658470840     
  0.66535070991358425        1.5389276735704789     
  0.66539669912363775        1.5389650661080794     
  0.66544266949764785        1.5390024434387426     
  0.66548862100495743        1.5390398055374428     
  0.66553455361658997        1.5390771523804672     
  0.66558046730024190        1.5391144839414901     
  0.66562636203109904        1.5391518002000697     
  0.66567223777281370        1.5391891011266967     
  0.66571809449974118        1.5392263867002707     
  0.66576393217918595        1.5392636568941467     
  0.66580975078594751        1.5393009116875724     
  0.66585555028432986        1.5393381510515398     
  0.66590133064528723        1.5393753749622667     
  0.66594709184092604        1.5394125833968759     
  0.66599283383814267        1.5394497763283908     
  0.66603855660398104        1.5394869537299469     
  0.66608426011364907        1.5395241155811006     
  0.66612994433299977        1.5395612618540468     
  0.66617560923182861        1.5395983925240788     
  0.66622125478021066        1.5396355075667092     
  0.66626688094440734        1.5396726069544480     
  0.66631248769692819        1.5397096906647150     
  0.66635807500255007        1.5397467586688496     
  0.66640364283515052        1.5397838109453432     
  0.66644919115781498        1.5398208474642003     
  0.66649471994367482        1.5398578682033215     
  0.66654022916066125        1.5398948731365145     
  0.66658571877651163        1.5399318622374358     
  0.66663118875773975        1.5399688354787744     
  0.66667663907875363        1.5400057928394253     
  0.66672206969819503        1.5400427342858833     
  0.66676748059136526        1.5400796597977413     
  0.66681287172611281        1.5401165693487302     
  0.66685824306761887        1.5401534629104792     
  0.66690359458599457        1.5401903404584925     
  0.66694892624927515        1.5402272019666410     
  0.66699423802111413        1.5402640474053442     
  0.66703952987249560        1.5403008767507869     
  0.66708480177656759        1.5403376899808507     
  0.66713005368876221        1.5403744870594858     
  0.66717528558660633        1.5404112679680144     
  0.66722049743324430        1.5404480326764429     
  0.66726568919558771        1.5404847811577407     
  0.66731086084129876        1.5405215133854648     
  0.66735601233870734        1.5405582293336946     
  0.66740114365559233        1.5405949289760721     
  0.66744625475472785        1.5406316122823043     
  0.66749134560860757        1.5406682792297346     
  0.66753641618002324        1.5407049297880788     
  0.66758146643378058        1.5407415639286319     
  0.66762649634290838        1.5407781816291517     
  0.66767150586913926        1.5408147828585133     
  0.66771649498116337        1.5408513675910562     
  0.66776146364201239        1.5408879357966736     
  0.66780641181978240        1.5409244874492316     
  0.66785133948621345        1.5409610225254657     
  0.66789624660054792        1.5409975409922785     
  0.66794113312853776        1.5410340428216855     
  0.66798599903938016        1.5410705279884140     
  0.66803084429794279        1.5411069964637822     
  0.66807566887010794        1.5411434482199025     
  0.66812047272188591        1.5411798832289856     
  0.66816525581571307        1.5412163014604308     
  0.66821001812179270        1.5412527028897407     
  0.66825475959942104        1.5412890874838370     
  0.66829948022130081        1.5413254552201860     
  0.66834417994730400        1.5413618060661558     
  0.66838885874246423        1.5413981399931744     
  0.66843351657753469        1.5414344569771672     
  0.66847815341237160        1.5414707569854798     
  0.66852276921041698        1.5415070399882804     
  0.66856736394162852        1.5415433059608581     
  0.66861193756616455        1.5415795548707925     
  0.66865649004886896        1.5416157866893450     
  0.66870102135889964        1.5416520013911665     
  0.66874553145565740        1.5416881989432332     
  0.66879002030583312        1.5417243793182505     
  0.66883448787289690        1.5417605424863869     
  0.66887893411915189        1.5417966884168912     
  0.66892335901279143        1.5418328170836473     
  0.66896776251491019        1.5418689284549432     
  0.66901214458877911        1.5419050225007820     
  0.66905650520007265        1.5419410991930551     
  0.66910084430921601        1.5419771584995181     
  0.66914516188480899        1.5420132003943576     
  0.66918945788633644        1.5420492248445865     
  0.66923373227581595        1.5420852318192040     
  0.66927798502297220        1.5421212212932740     
  0.66932221608256315        1.5421571932300804     
  0.66936642542268965        1.5421931476034016     
  0.66941061300671245        1.5422290843832844     
  0.66945477879583692        1.5422650035380792     
  0.66949892275074951        1.5423009050357190     
  0.66954304484034677        1.5423367888506010     
  0.66958714502245775        1.5423726549484056     
  0.66963122325766966        1.5424085032969841     
  0.66967527951159966        1.5424443338681395     
  0.66971931374702987        1.5424801466314435     
  0.66976332592275933        1.5425159415533303     
  0.66980731600629351        1.5425517186070818     
  0.66985128395380089        1.5425874777570567     
  0.66989522972795390        1.5426232189727247     
  0.66993915329160469        1.5426589422236994     
  0.66998305461276475        1.5426946474836494     
  0.67002693364062793        1.5427303347114298     
  0.67007079034264017        1.5427660038802582     
  0.67011462468359528        1.5428016549612635     
  0.67015843661748797        1.5428372879170693     
  0.67020222611247748        1.5428729027214463     
  0.67024599312584821        1.5429084993396012     
  0.67028973761823529        1.5429440777393770     
  0.67033345955051471        1.5429796378888021     
  0.67037715888652516        1.5430151797582341     
  0.67042083558096754        1.5430507033108345     
  0.67046448959802940        1.5430862085172288     
  0.67050812089740419        1.5431216953445024     
  0.67055172944120855        1.5431571637616459     
  0.67059531518557303        1.5431926137329322     
  0.67063887809239087        1.5432280452271687     
  0.67068241812129081        1.5432634582113751     
  0.67072593523553670        1.5432988526554356     
  0.67076942939264605        1.5433342285247025     
  0.67081290054867870        1.5433695857833760     
  0.67085634866512955        1.5434049243999359     
  0.67089977370243870        1.5434402443420248     
  0.67094317562289052        1.5434755455787375     
  0.67098655437825028        1.5435108280708811     
  0.67102990993171563        1.5435460917882611     
  0.67107324224124953        1.5435813366965587     
  0.67111655126430581        1.5436165627610507     
  0.67115983696697801        1.5436517699538155     
  0.67120309929957056        1.5436869582344912     
  0.67124633822456015        1.5437221275723001     
  0.67128955369511978        1.5437572779291369     
  0.67133274567638668        1.5437924092763091     
  0.67137591412293829        1.5438275215768118     
  0.67141905899171550        1.5438626147954917     
  0.67146218023966497        1.5438976888972000     
  0.67150527782861236        1.5439327438506281     
  0.67154835171476746        1.5439677796200373     
  0.67159140185399935        1.5440027961694223     
  0.67163442820794006        1.5440377934673069     
  0.67167743072687858        1.5440727714732847     
  0.67172040937108013        1.5441077301547965     
  0.67176336409900084        1.5441426694778593     
  0.67180629486651910        1.5441775894064547     
  0.67184920162827177        1.5442124899035847     
  0.67189208434561754        1.5442473709375393     
  0.67193494297083856        1.5442822324694576     
  0.67197777746566001        1.5443170744679133     
  0.67202058777957152        1.5443518968918388     
  0.67206337386866843        1.5443866997053650     
  0.67210613569748867        1.5444214828792704     
  0.67214887321204575        1.5444562463697393     
  0.67219158637330456        1.5444909901447268     
  0.67223427513742906        1.5445257141684063     
  0.67227693945669065        1.5445604184018791     
  0.67231957928870856        1.5445951028104559     
  0.67236219458947588        1.5446297673581617     
  0.67240478531265369        1.5446644120071835     
  0.67244735141035927        1.5446990367184867     
  0.67248989284373084        1.5447336414601391     
  0.67253240956269311        1.5447682261913736     
  0.67257490152237231        1.5448027908755126     
  0.67261736867847621        1.5448373354763367     
  0.67265981098539607        1.5448718599565860     
  0.67270222839619087        1.5449063642779435     
  0.67274462086546660        1.5449408484033103     
  0.67278698834985029        1.5449753122971770     
  0.67282933079822127        1.5450097559179219     
  0.67287164816790768        1.5450441792305805     
  0.67291394041015196        1.5450785821953872     
  0.67295620748148077        1.5451129647767383     
  0.67299844933056208        1.5451473269328306     
  0.67304066591187395        1.5451816686264390     
  0.67308285717999516        1.5452159898204103     
  0.67312502309025690        1.5452502904781844     
  0.67316716358751583        1.5452845705549398     
  0.67320927863078128        1.5453188300170062     
  0.67325136817200715        1.5453530688251469     
  0.67329343215969417        1.5453872869374019     
  0.67333547054997012        1.5454214843178185     
  0.67337748329412939        1.5454556609266286     
  0.67341947033941918        1.5454898167208726     
  0.67346143164518235        1.5455239516671195     
  0.67350336715497638        1.5455580657194916     
  0.67354527682858911        1.5455921588449013     
  0.67358716061064006        1.5456262309983011     
  0.67362901845383227        1.5456602821410110     
  0.67367085030856266        1.5456943122325262     
  0.67371265612941156        1.5457283212356419     
  0.67375443586467121        1.5457623091081865     
  0.67379618946260045        1.5457962758079600     
  0.67383791687615824        1.5458302212964656     
  0.67387961805761121        1.5458641455346533     
  0.67392129295393199        1.5458980484792986     
  0.67396294151404479        1.5459319300887069     
  0.67400456369235706        1.5459657903255086     
  0.67404615943087309        1.5459996291425449     
  0.67408772868379518        1.5460334465022751     
  0.67412927140194934        1.5460672423644883     
  0.67417078753307957        1.5461010166865425     
  0.67421227702672426        1.5461347694272063     
  0.67425373983100156        1.5461685005441201     
  0.67429517589138666        1.5462022099928423     
  0.67433658516376238        1.5462358977371278     
  0.67437796758904978        1.5462695637289330     
  0.67441932312060493        1.5463032079300145     
  0.67446065170329161        1.5463368302954279     
  0.67450195328892248        1.5463704307857042     
  0.67454322781864851        1.5464040093529636     
  0.67458447524861809        1.5464375659611438     
  0.67462569551919804        1.5464711005617426     
  0.67466688858081802        1.5465046131141782     
  0.67470805437807013        1.5465381035732677     
  0.67474919286144952        1.5465715718984763     
  0.67479030397750850        1.5466050180461570     
  0.67483138766764272        1.5466384419685903     
  0.67487244388673606        1.5466718436286899     
  0.67491347257319090        1.5467052229763674     
  0.67495447367791572        1.5467385799713904     
  0.67499544714331661        1.5467719145668219     
  0.67503639291844131        1.5468052267209520     
  0.67507731094787782        1.5468385163885547     
  0.67511820117560739        1.5468717835239167     
  0.67515906355032707        1.5469050280850398     
  0.67519989801121294        1.5469382500224145     
  0.67524070451043894        1.5469714492967768     
  0.67528148298601742        1.5470046258576877     
  0.67532223338813036        1.5470377796643047     
  0.67536295565603344        1.5470709106671583     
  0.67540364973801270        1.5471040188239009     
  0.67544431557631834        1.5471371040874162     
  0.67548495311722223        1.5471701664137605     
  0.67552556230050831        1.5472032057538603     
  0.67556614307031992        1.5472362220620812     
  0.67560669537615747        1.5472692152970104     
  0.67564721915015458        1.5473021854035269     
  0.67568771434335784        1.5473351323414257     
  0.67572818089880149        1.5473680560641800     
  0.67576861875551553        1.5474009565220928     
  0.67580902785428909        1.5474338336668536     
  0.67584940814368144        1.5474666874562788     
  0.67588975956408281        1.5474995178417303     
  0.67593008205275162        1.5475323247721007     
  0.67597037555393291        1.5475651082017818     
  0.67601064000948963        1.5475978680832871     
  0.67605087536288577        1.5476306043703862     
  0.67609108155342290        1.5476633170135596     
  0.67613125851794054        1.5476960059613405     
  0.67617140620270799        1.5477286711696965     
  0.67621152454872280        1.5477613125904304     
  0.67625161349228824        1.5477939301716381     
  0.67629167297610859        1.5478265238664588     
  0.67633170293859868        1.5478590936246435     
  0.67637170332079621        1.5478916393980056     
  0.67641167406179026        1.5479241611368169     
  0.67645161510032670        1.5479566587910740     
  0.67649152637910503        1.5479891323138868     
  0.67653140783110377        1.5480215816506893     
  0.67657125939934359        1.5480540067548354     
  0.67661108101788436        1.5480864075726020     
  0.67665087263544832        1.5481187840618298     
  0.67669063417942477        1.5481511361635221     
  0.67673036558941313        1.5481834638283107     
  0.67677006680844631        1.5482157670095318     
  0.67680973777096742        1.5482480456537382     
  0.67684937841493864        1.5482802997102532     
  0.67688898867542102        1.5483125291261060     
  0.67692856849056815        1.5483447338507605     
  0.67696811779979738        1.5483769138346724     
  0.67700763653675722        1.5484090690237400     
  0.67704712463804029        1.5484411993661782     
  0.67708658203745720        1.5484733048080004     
  0.67712600867503303        1.5485053853001221     
  0.67716540448551554        1.5485374407892845     
  0.67720476940455798        1.5485694712229399     
  0.67724410336341601        1.5486014765450618     
  0.67728340630359063        1.5486334567077078     
  0.67732267815239378        1.5486654116517284     
  0.67736191885183328        1.5486973413295675     
  0.67740112833212152        1.5487292456843544     
  0.67744030652701370        1.5487611246620070     
  0.67747945337254378        1.5487929782102392     
  0.67751856880042005        1.5488248062733398     
  0.67755765274633828        1.5488566087987454     
  0.67759670514225545        1.5488883857309301     
  0.67763572592104537        1.5489201370150891     
  0.67767471501401189        1.5489518625951693     
  0.67771367235806734        1.5489835624195427     
  0.67775259788110487        1.5490152364294525     
  0.67779149151355145        1.5490468845681371     
  0.67783035319832119        1.5490785067886876     
  0.67786918285423758        1.5491101030251702     
  0.67790798041855116        1.5491416732261900     
  0.67794674582586345        1.5491732173382591     
  0.67798547899926032        1.5492047352987883     
  0.67802417987040486        1.5492362270519546     
  0.67806284837901865        1.5492676925482936     
  0.67810148444162510        1.5492991317200158     
  0.67814008799853054        1.5493305445181034     
  0.67817865897672580        1.5493619308830233     
  0.67821719730375885        1.5493932907556700     
  0.67825570291106807        1.5494246240800067     
  0.67829417572604245        1.5494559307967930     
  0.67833261567800207        1.5494872108483060     
  0.67837102269711358        1.5495184641774855     
  0.67840939670825395        1.5495496907230866     
  0.67844773764310973        1.5495808904292363     
  0.67848604542508228        1.5496120632335122     
  0.67852431998587281        1.5496432090800405     
  0.67856256125047176        1.5496743279076401     
  0.67860076914687983        1.5497054196575011     
  0.67863894360072141        1.5497364842689307     
  0.67867708453783471        1.5497675216813960     
  0.67871519188693941        1.5497985318366370     
  0.67875326557074711        1.5498295146716383     
  0.67879130551876699        1.5498604701287504     
  0.67882931165012483        1.5498913981421123     
  0.67886728389966589        1.5499222986582728     
  0.67890522218220961        1.5499531716079584     
  0.67894312642802790        1.5499840169340922     
  0.67898099656232214        1.5500148345755866     
  0.67901883250375239        1.5500456244661787     
  0.67905663418171813        1.5500763865480836     
  0.67909440151319700        1.5501071207536952     
  0.67913213442904652        1.5501378270263659     
  0.67916983285074362        1.5501685053020324     
  0.67920749669570024        1.5501991555134098     
  0.67924512589084962        1.5502297776007292     
  0.67928272035699000        1.5502603714993679     
  0.67932028001488920        1.5502909371446727     
  0.67935780478802155        1.5503214744741207     
  0.67939529459528991        1.5503519834215700     
  0.67943274936253939        1.5503824639263577     
  0.67947016900525270        1.5504129159196254     
  0.67950755344545544        1.5504433393376751     
  0.67954490260305223        1.5504737341151296     
  0.67958221639870153        1.5505041001871955     
  0.67961949474977135        1.5505344374864767     
  0.67965673758066214        1.5505647459511229     
  0.67969394480416634        1.5505950255101051     
  0.67973111634057881        1.5506252760983146     
  0.67976825211292269        1.5506554976527938     
  0.67980535203306702        1.5506856901017603     
  0.67984241602383966        1.5507158533820837     
  0.67987944399642564        1.5507459874214282     
  0.67991643587179373        1.5507760921551788     
  0.67995339156845080        1.5508061675167695     
  0.67999031099952223        1.5508362134353741     
  0.68002719408152379        1.5508662298428342     
  0.68006404073280802        1.5508962166724398     
  0.68010085086800198        1.5509261738545272     
  0.68013762440285452        1.5509561013203101     
  0.68017436124558561        1.5509859989950439     
  0.68021106132068621        1.5510158668168379     
  0.68024772453653126        1.5510457047110540     
  0.68028435081069993        1.5510755126103231     
  0.68032094005238108        1.5511052904406322     
  0.68035749217848096        1.5511350381340641     
  0.68039400709944142        1.5511647556175820     
  0.68043048472973411        1.5511944428213265     
  0.68046692498319961        1.5512240996749316     
  0.68050332776867672        1.5512537261040695     
  0.68053969299602346        1.5512833220352067     
  0.68057602058086442        1.5513128873993645     
  0.68061231043543824        1.5513424221248768     
  0.68064856246545935        1.5513719261349117     
  0.68068477658177085        1.5514013993566818     
  0.68072095269562993        1.5514308417177198     
  0.68075709071761259        1.5514602531450130     
  0.68079319055677190        1.5514896335643340     
  0.68082925211967826        1.5515189828994835     
  0.68086527531963659        1.5515483010795807     
  0.68090126006091678        1.5515775880265907     
  0.68093720625004384        1.5516068436642523     
  0.68097311379406289        1.5516360679167067     
  0.68100898260831633        1.5516652607146484     
  0.68104481259102712        1.5516944219752273     
  0.68108060364932932        1.5517235516226275     
  0.68111635569016138        1.5517526495808702     
  0.68115206862380528        1.5517817157766143     
  0.68118774235028101        1.5518107501283931     
  0.68122337677717870        1.5518397525607157     
  0.68125897180706563        1.5518687229941115     
  0.68129452734147100        1.5518976613482789     
  0.68133004329083402        1.5519265675499541     
  0.68136551955588498        1.5519554415181871     
  0.68140095603682704        1.5519842831715995     
  0.68143635263790592        1.5520130924320006     
  0.68147170926342315        1.5520418692212361     
  0.68150702581480638        1.5520706134588682     
  0.68154230219009637        1.5520993250617723     
  0.68157753829203527        1.5521280039505294     
  0.68161273402214562        1.5521566500447488     
  0.68164788928261200        1.5521852632645556     
  0.68168300396618564        1.5522138435225981     
  0.68171807798055017        1.5522423907433329     
  0.68175311121813353        1.5522709048391330     
  0.68178810358251085        1.5522993857311844     
  0.68182305496744666        1.5523278333329000     
  0.68185796527697184        1.5523562475658053     
  0.68189283440533077        1.5523846283436740     
  0.68192766224189683        1.5524129755764133     
  0.68196244869735811        1.5524412891907855     
  0.68199719365463096        1.5524695690915731     
  0.68203189701993217        1.5524978152019795     
  0.68206655868275767        1.5525260274319694     
  0.68210117853834884        1.5525542056960453     
  0.68213575648442193        1.5525823499106550     
  0.68217029241015181        1.5526104599854771     
  0.68220478621039327        1.5526385358346775     
  0.68223923778429407        1.5526665773758055     
  0.68227364701371784        1.5526945845127247     
  0.68230801380036887        1.5527225571649861     
  0.68234233802977506        1.5527504952393323     
  0.68237661959579610        1.5527783986490851     
  0.68241085838949722        1.5528062673053475     
  0.68244505430018010        1.5528341011178139     
  0.68247920722167688        1.5528618999997552     
  0.68251331703789386        1.5528896638565728     
  0.68254738364306444        1.5529173926018336     
  0.68258140691874392        1.5529450861390559     
  0.68261538675815858        1.5529727443809880     
  0.68264932304732839        1.5530003672346595     
  0.68268321567786283        1.5530279546115175     
  0.68271706452929748        1.5530555064134377     
  0.68275086948974395        1.5530830225490733     
  0.68278463044832571        1.5531105029278667     
  0.68281834728982638        1.5531379474558158     
  0.68285201989338096        1.5531653560344325     
  0.68288564815256847        1.5531927285766547     
  0.68291923194100845        1.5532200649796051     
  0.68295277114769970        1.5532473651525702     
  0.68298626565294018        1.5532746289979380     
  0.68301971534125039        1.5533018564214269     
  0.68305312009399410        1.5533290473262453     
  0.68308647978908454        1.5533562016128548     
  0.68311979431112124        1.5533833191870019     
  0.68315306353784155        1.5534103999489866     
  0.68318628735157838        1.5534374438027370     
  0.68321946562745006        1.5534644506464530     
  0.68325259825051476        1.5534914203861967     
  0.68328568509179100        1.5535183529169001     
  0.68331872603078914        1.5535452481402041     
  0.68335172094638130        1.5535721059572345     
  0.68338466971389034        1.5535989262662948     
  0.68341757220993138        1.5536257089666958     
  0.68345042831084613        1.5536524539575236     
  0.68348323788530096        1.5536791611317700     
  0.68351600081291397        1.5537058303910869     
  0.68354871696934572        1.5537324616339823     
  0.68358138622223064        1.5537590547525921     
  0.68361400845043563        1.5537856096479372     
  0.68364658352218544        1.5538121262125950     
  0.68367911130335945        1.5538386043372718     
  0.68371159167614914        1.5538650439255837     
  0.68374402450162974        1.5538914448644043     
  0.68377640965212783        1.5539178070495083     
  0.68380874700122363        1.5539441303776500     
  0.68384103641329741        1.5539704147382833     
  0.68387327775624152        1.5539966600236272     
  0.68390547089709330        1.5540228661252136     
  0.68393761570372946        1.5540490329352235     
  0.68396971204364387        1.5540751603455214     
  0.68400175977770772        1.5541012482427128     
  0.68403375877478956        1.5541272965197224     
  0.68406570889844742        1.5541533050652552     
  0.68409761001057956        1.5541792737666862     
  0.68412946197960978        1.5542052025165487     
  0.68416126466113747        1.5542310911971995     
  0.68419301791857257        1.5542569396971664     
  0.68422472161583858        1.5542827479053754     
  0.68425637561427943        1.5543085157086911     
  0.68428797976609246        1.5543342429867155     
  0.68431953393654688        1.5543599296293946     
  0.68435103798523933        1.5543855755221652     
  0.68438249176586408        1.5544111805457721     
  0.68441389513968010        1.5544367445869387     
  0.68444524796110540        1.5544622675269537     
  0.68447655008436525        1.5544877492469378     
  0.68450780136725431        1.5545131896308231     
  0.68453900166362236        1.5545385885594036     
  0.68457015082781392        1.5545639459138463     
  0.68460124871192141        1.5545892615735217     
  0.68463229516906254        1.5546145354185945     
  0.68466329004910320        1.5546397673266372     
  0.68469423320711220        1.5546649571793321     
  0.68472512448906775        1.5546901048511375     
  0.68475596374636671        1.5547152102207933     
  0.68478675082898177        1.5547402731658926     
  0.68481748558554389        1.5547652935629519     
  0.68484816785830471        1.5547902712834105     
  0.68487879750228842        1.5548152062088199     
  0.68490937435600807        1.5548400982076260     
  0.68493989826510671        1.5548649471539062     
  0.68497036907608799        1.5548897529224099     
  0.68500078663727870        1.5549145153893129     
  0.68503115078595944        1.5549392344220148     
  0.68506146136426926        1.5549639098917527     
  0.68509171821768899        1.5549885416723952     
  0.68512192118188886        1.5550131296300154     
  0.68515207010034174        1.5550376736368556     
  0.68518216480793903        1.5550621735583383     
  0.68521220514854453        1.5550866292669812     
  0.68524219095803396        1.5551110406289506     
  0.68527212206979482        1.5551354075084245     
  0.68530199831932170        1.5551597297712303     
  0.68533181954995626        1.5551840072894039     
  0.68536158558801197        1.5552082399214573     
  0.68539129626897322        1.5552324275331597     
  0.68542095142488768        1.5552565699875345     
  0.68545055089207829        1.5552806671509787     
  0.68548009449142611        1.5553047188776237     
  0.68550958206226265        1.5553287250362149     
  0.68553901343160883        1.5553526854857178     
  0.68556838842598078        1.5553766000846785     
  0.68559770687495980        1.5554004686940517     
  0.68562696859929884        1.5554242911677749     
  0.68565617343382845        1.5554480673709321     
  0.68568532119747028        1.5554717971559680     
  0.68571441171538483        1.5554954803802561     
  0.68574344481205285        1.5555191169006126     
  0.68577242030656971        1.5555427065695657     
  0.68580133802175902        1.5555662492425748     
  0.68583019778130927        1.5555897447757703     
  0.68585899939704187        1.5556131930158461     
  0.68588774269219144        1.5556365938185319     
  0.68591642748734738        1.5556599470374395     
  0.68594505359201163        1.5556832525173614     
  0.68597362082593938        1.5557065101112078     
  0.68600212900660806        1.5557297196700577     
  0.68603057793956368        1.5557528810355050     
  0.68605896744091333        1.5557759940575013     
  0.68608729732673268        1.5557990585859560     
  0.68611556740651547        1.5558220744655293     
  0.68614377748215705        1.5558450415348344     
  0.68617192737074184        1.5558679596445149     
  0.68620001687664911        1.5558908286351127     
  0.68622804581088404        1.5559136483524023     
  0.68625601397316793        1.5559364186331854     
  0.68628392117028891        1.5559591393198506     
  0.68631176720819220        1.5559818102540932     
  0.68633955188429296        1.5560044312708166     
  0.68636727500336836        1.5560270022107439     
  0.68639493636443238        1.5560495229100066     
  0.68642253577187251        1.5560719932089726     
  0.68645007301816396        1.5560944129385379     
  0.68647754790194027        1.5561167819344583     
  0.68650496021778940        1.5561391000292586     
  0.68653230976595725        1.5561613670599290     
  0.68655959633519936        1.5561835828543202     
  0.68658681971916580        1.5562057472441375     
  0.68661397971128668        1.5562278600608983     
  0.68664107609887215        1.5562499211312262     
  0.68666810867483108        1.5562719302861718     
  0.68669507722299294        1.5562938873495535     
  0.68672198153729047        1.5563157921531863     
  0.68674882139448790        1.5563376445152293     
  0.68677559658323939        1.5563594442632573     
  0.68680230689282462        1.5563811912253156     
  0.68682895209700345        1.5564028852171048     
  0.68685553197846394        1.5564245260613869     
  0.68688204631725558        1.5564461135788064     
  0.68690849489430517        1.5564676475906736     
  0.68693487748377402        1.5564891279129083     
  0.68696119386517163        1.5565105543656446     
  0.68698744381261145        1.5565319267647109     
  0.68701362709566316        1.5565532449222967     
  0.68703974348795982        1.5565745086537945     
  0.68706579276215840        1.5565957177737959     
  0.68709177468836624        1.5566168720948381     
  0.68711768903037718        1.5566379714244185     
  0.68714353555666041        1.5566590155737210     
  0.68716931403939718        1.5566800043568523     
  0.68719502423248413        1.5567009375733654     
  0.68722066590833442        1.5567218150374940     
  0.68724623882537594        1.5567426365523387     
  0.68727174273392999        1.5567634019145236     
  0.68729717740978291        1.5567841109408849     
  0.68732254259635028        1.5568047634225060     
  0.68734783805164201        1.5568253591620418     
  0.68737306354026606        1.5568458979673574     
  0.68739821880408547        1.5568663796282172     
  0.68742330360076509        1.5568868039469144     
  0.68744831767522707        1.5569071707155846     
  0.68747326078110216        1.5569274797332562     
  0.68749813265928506        1.5569477307888069     
  0.68752293306270729        1.5569679236806500     
  0.68754766173235260        1.5569880581976725     
  0.68757231841170274        1.5570081341307154     
  0.68759690283797503        1.5570281512656146     
  0.68762141475160243        1.5570481093907254     
  0.68764585389580624        1.5570680082965938     
  0.68767022000008893        1.5570878477628254     
  0.68769451280287031        1.5571076275760867     
  0.68771873203746092        1.5571273475189491     
  0.68774287743346774        1.5571470073710081     
  0.68776694871822208        1.5571666069100161     
  0.68779094562838727        1.5571861459211158     
  0.68781486788315149        1.5572056241755243     
  0.68783871520826922        1.5572250414496409     
  0.68786248732822219        1.5572443975188275     
  0.68788618396646306        1.5572636921575880     
  0.68790980483835740        1.5572829251339684     
  0.68793334966672681        1.5573020962219040     
  0.68795681815888954        1.5573212051829719     
  0.68798021003975340        1.5573402517926982     
  0.68800352501543682        1.5573592358116413     
  0.68802676279792507        1.5573781570049796     
  0.68804992310059376        1.5573970151389691     
  0.68807300562425566        1.5574158099698381     
  0.68809601007535470        1.5574345412582580     
  0.68811893616071607        1.5574532087651634     
  0.68814178357984424        1.5574718122456388     
  0.68816455203351545        1.5574903514557346     
  0.68818724121582653        1.5575088261461592     
  0.68820985082547115        1.5575272360712336     
  0.68823238055825153        1.5575455809829450     
  0.68825483010409205        1.5575638606285724     
  0.68827719915077146        1.5575820747536402     
  0.68829948738558611        1.5576002231032597     
  0.68832169449883318        1.5576183054248844     
  0.68834382017307838        1.5576363214597810     
  0.68836586408557121        1.5576542709449508     
  0.68838782592138814        1.5576721536235760     
  0.68840970535788082        1.5576899692326589     
  0.68843150206534265        1.5577077175035465     
  0.68845321571893581        1.5577253981714114     
  0.68847484599493791        1.5577430109722832     
  0.68849639255471584        1.5577605556302769     
  0.68851785506632357        1.5577780318747958     
  0.68853923320537480        1.5577954394412106     
  0.68856052661752787        1.5578127780410196     
  0.68858173497203068        1.5578300474044391     
  0.68860285792447984        1.5578472472507907     
  0.68862389512706490        1.5578643772966356     
  0.68864484623827726        1.5578814372635095     
  0.68866571091031537        1.5578984268678919     
  0.68868648878365835        1.5579153458168977     
  0.68870717950665850        1.5579321938238577     
  0.68872778272684498        1.5579489706014020     
  0.68874829808340698        1.5579656758554834     
  0.68876872521044930        1.5579823092879588     
  0.68878906374844495        1.5579988706057040     
  0.68880931332689588        1.5580153595068209     
  0.68882947358377811        1.5580317756961062     
  0.68884954414285215        1.5580481188670003     
  0.68886952463092199        1.5580643887153092     
  0.68888941466847287        1.5580805849317647     
  0.68890921387756632        1.5580967072083087     
  0.68892892187910193        1.5581127552359002     
  0.68894853828152458        1.5581287286955436     
  0.68896806270549360        1.5581446272779091     
  0.68898749475312149        1.5581604506588562     
  0.68900683403159935        1.5581761985182336     
  0.68902608015418099        1.5581918705406674     
  0.68904523270729157        1.5582074663893730     
  0.68906429130248625        1.5582229857475161     
  0.68908325553011318        1.5582384282813333     
  0.68910212498449397        1.5582537936601621     
  0.68912089924821140        1.5582690815439459     
  0.68913957791445069        1.5582842916010149     
  0.68915816055798196        1.5582994234849770     
  0.68917664677639423        1.5583144768675643     
  0.68919503612640221        1.5583294513878947     
  0.68921332819772529        1.5583443467113156     
  0.68923152255785658        1.5583591624854232     
  0.68924961876631641        1.5583738983514011     
  0.68926761639981859        1.5583885539640709     
  0.68928551501495217        1.5584031289621636     
  0.68930331416170931        1.5584176229791002     
  0.68932101340730023        1.5584320356619612     
  0.68933861229684279        1.5584463666401607     
  0.68935611037414646        1.5584606155420178     
  0.68937350719539303        1.5584747820056402     
  0.68939080229547156        1.5584888656521192     
  0.68940799520921625        1.5585028661024367     
  0.68942508546936632        1.5585167829758393     
  0.68944207261303725        1.5585306158950014     
  0.68945895616318964        1.5585443644712553     
  0.68947573564898290        1.5585580283208114     
  0.68949241057951294        1.5585716070438227     
  0.68950898047843312        1.5585851002519777     
  0.68952544485404355        1.5585985075446671     
  0.68954180321541414        1.5586118285218284     
  0.68955805506753443        1.5586250627800764     
  0.68957419990878344        1.5586382099106939     
  0.68959023723092883        1.5586512694996246     
  0.68960616654515738        1.5586642411482177     
  0.68962198731830293        1.5586771244224091     
  0.68963769904427097        1.5586899189096286     
  0.68965330120245127        1.5587026241856821     
  0.68966879326790864        1.5587152398228397     
  0.68968417471502186        1.5587277653927616     
  0.68969944500983216        1.5587402004603872     
  0.68971460360615877        1.5587525445808366     
  0.68972964998090802        1.5587647973275605     
  0.68974458357529667        1.5587769582454825     
  0.68975940384599421        1.5587890268917715     
  0.68977411022345025        1.5588010028026082     
  0.68978870217329558        1.5588128855421495     
  0.68980317910728739        1.5588246746315235     
  0.68981754047285282        1.5588363696202123     
  0.68983178568900883        1.5588479700349676     
  0.68984591417675012        1.5588594754040379     
  0.68985992535989649        1.5588708852578432     
  0.68987381864165886        1.5588821991102808     
  0.68988759344208528        1.5588934164886012     
  0.68990124914509121        1.5589045368911481     
  0.68991478515531102        1.5589155598326982     
  0.68992820087200424        1.5589264848236701     
  0.68994149567530805        1.5589373113591325     
  0.68995466894621649        1.5589480389347523     
  0.68996772005863016        1.5589586670404474     
  0.68998064838791096        1.5589691951672195     
  0.68999345330010708        1.5589796227985406     
  0.69000613414206358        1.5589899494024746     
  0.69001869028194029        1.5590001744640012     
  0.69003112106163378        1.5590102974470486     
  0.69004342582027167        1.5590203178132436     
  0.69005560389593845        1.5590302350232865     
  0.69006765462817055        1.5590400485389362     
  0.69007957732648384        1.5590497577979030     
  0.69009137132014020        1.5590593622535536     
  0.69010303591747268        1.5590688613424528     
  0.69011457042402258        1.5590782544988411     
  0.69012597414411281        1.5590875411558818     
  0.69013724636242046        1.5590967207309514     
  0.69014838637450482        1.5591057926500222     
  0.69015939345604860        1.5591147563230807     
  0.69017026688327177        1.5591236111604445     
  0.69018100592238918        1.5591323565643389     
  0.69019160982623551        1.5591409919261943     
  0.69020207786237942        1.5591495166490987     
  0.69021240926188410        1.5591579301068792     
  0.69022260327956575        1.5591662316922235     
  0.69023265913493437        1.5591744207695113     
  0.69024257605432204        1.5591824967084587     
  0.69025235326293655        1.5591904588777576     
  0.69026198996397037        1.5591983066284225     
  0.69027148536467009        1.5592060393145719     
  0.69028083865372791        1.5592136562753911     
  0.69029004902026525        1.5592211568502892     
  0.69029911564389645        1.5592285403709614     
  0.69030803769645666        1.5592358061627578     
  0.69031681433439385        1.5592429535386270     
  0.69032544472275581        1.5592499818182457     
  0.69033392799901849        1.5592568902991493     
  0.69034226330997828        1.5592636782861826     
  0.69035044977467985        1.5592703450618925     
  0.69035848652273279        1.5592768899171365     
  0.69036637265948597        1.5592833121232523     
  0.69037410729162629        1.5592896109525063     
  0.69038168951529510        1.5592957856686116     
  0.69038911840026584        1.5593018355140686     
  0.69039639304196432        1.5593077597517302     
  0.69040351249836951        1.5593135576143899     
  0.69041047581661052        1.5593192283260318     
  0.69041728205339625        1.5593247711181362     
  0.69042393024264503        1.5593301852038319     
  0.69043041941194694        1.5593354697910389     
  0.69043674858061532        1.5593406240809025     
  0.69044291674600999        1.5593456472568894     
  0.69044892290481419        1.5593505385017452     
  0.69045476605731859        1.5593552970009517     
  0.69046044515730243        1.5593599219026604     
  0.69046595917600739        1.5593644123688120     
  0.69047130706779081        1.5593687675476824     
  0.69047648776735859        1.5593729865716821     
  0.69048150021319610        1.5593770685760675     
  0.69048634331198611        1.5593810126705083     
  0.69049101598681761        1.5593848179776000     
  0.69049551710154122        1.5593884835724263     
  0.69049984556816191        1.5593920085683719     
  0.69050400024312530        1.5593953920342356     
  0.69050797997950131        1.5593986330359224     
  0.69051178362215260        1.5594017306326009     
  0.69051541001389016        1.5594046838815965     
  0.69051885795927681        1.5594074918094738     
  0.69052212626626319        1.5594101534453104     
  0.69052521371927855        1.5594126677991715     
  0.69052811910554479        1.5594150338831638     
  0.69053084118342323        1.5594172506861101     
  0.69053337870117371        1.5594193171885460     
  0.69053573039579863        1.5594212323618017     
  0.69053789497709150        1.5594229951552352     
  0.69053987116699544        1.5594246045277060     
  0.69054165763719544        1.5594260593976572     
  0.69054325305800002        1.5594273586822140     
  0.69054465610251403        1.5594285013005074     
  0.69054586541458041        1.5594294861480553     
  0.69054687959639605        1.5594303120868003     
  0.69054769726838283        1.5594309779930602     
  0.69054831703242647        1.5594314827280671     
  0.69054873745403555        1.5594318251237249     
  0.69054895708531983        1.5594320040009597     
  0.69054897447709018        1.5594320181794195     
  0.69054878814784226        1.5594318664526412     
  0.69054839658970812        1.5594315475928195     
  0.69054779830682844        1.5594310603814907     
  0.69054699173834577        1.5594304035479181     
  0.69054597535089057        1.5594295758430945     
  0.69054474756234963        1.5594285759787283     
  0.69054330677429032        1.5594274026532122     
  0.69054165139207779        1.5594260545676737     
  0.69053977974403025        1.5594245303613048     
  0.69053769020781985        1.5594228287125067     
  0.69053538109251966        1.5594209482444850     
  0.69053285069438031        1.5594188875698758     
  0.69053009729197212        1.5594166452868596     
  0.69052711915123322        1.5594142199832084     
  0.69052391449263151        1.5594116102099700     
  0.69052048152720813        1.5594088145103251     
  0.69051681842489132        1.5594058313942303     
  0.69051292336856684        1.5594026593816688     
  0.69050879448478775        1.5593992969472135     
  0.69050442985433591        1.5593957425284093     
  0.69049982759852302        1.5593919945949526     
  0.69049498575770507        1.5593880515513332     
  0.69048990235696750        1.5593839117894708     
  0.69048457540504249        1.5593795736878102     
  0.69047900285061659        1.5593750355763589     
  0.69047318267724545        1.5593702958126576     
  0.69046711276265282        1.5593653526691091     
  0.69046079101817015        1.5593602044446513     
  0.69045421527665130        1.5593548493749503     
  0.69044738339282063        1.5593492857128153     
  0.69044029310901123        1.5593435116205783     
  0.69043294223615959        1.5593375253151454     
  0.69042532845517068        1.5593313249088090     
  0.69041744950815420        1.5593249085624661     
  0.69040930300791858        1.5593182743329832     
  0.69040088660358667        1.5593114203058684     
  0.69039219783821615        1.5593043444811854     
  0.69038323432626725        1.5592970449157604     
  0.69037399353210172        1.5592895195456626     
  0.69036447294227954        1.5592817663242560     
  0.69035466998880812        1.5592737831607066     
  0.69034458207931582        1.5592655679441463     
  0.69033420656587674        1.5592571185186586     
  0.69032354074837721        1.5592484326859894     
  0.69031258187713807        1.5592395082076100     
  0.69030132722366200        1.5592303428614480     
  0.69028977392870727        1.5592209343200683     
  0.69027791913542291        1.5592112802573788     
  0.69026575995016315        1.5592013783172345     
  0.69025329338950026        1.5591912260709173     
  0.69024051645537643        1.5591808210773825     
  0.69022742607018484        1.5591701608311914     
  0.69021401915419511        1.5591592428245935     
  0.69020029251609349        1.5591480644597135     
  0.69018624295609055        1.5591366231312569     
  0.69017186718803925        1.5591249161639933     
  0.69015716188244536        1.5591129408472613     
  0.69014212365078931        1.5591006944223764     
  0.69012674905312277        1.5590881740886982     
  0.69011103458924827        1.5590753769965491     
  0.69009497666094921        1.5590623002168909     
  0.69007857166457520        1.5590489408155794     
  0.69006181588553861        1.5590352957687081     
  0.69004470554853059        1.5590213620028681     
  0.69002723684944467        1.5590071364207811     
  0.69000940582624271        1.5589926157975840     
  0.68999120854753682        1.5589777969322132     
  0.68997264095422561        1.5589626765202671     
  0.68995369889193015        1.5589472511800020     
  0.68993437817188152        1.5589315175011849     
  0.68991467448217325        1.5589154719738618     
  0.68989458347650656        1.5588991110595303     
  0.68987410069228372        1.5588824311253888     
  0.68985322156301554        1.5588654284542609     
  0.68983194148174209        1.5588480992954943     
  0.68981025569924004        1.5588304397832069     
  0.68978815940883653        1.5588124460043296     
  0.68976564765431170        1.5587941139246753     
  0.68974271544939181        1.5587754394848088     
  0.68971935769645443        1.5587564185347835     
  0.68969556909432894        1.5587370467600166     
  0.68967134434374255        1.5587173198462985     
  0.68964667797461288        1.5586972333410001     
  0.68962156443907774        1.5586767827278121     
  0.68959599802296645        1.5586559633555490     
  0.68956997292072364        1.5586347704983174     
  0.68954348321307180        1.5586131993375463     
  0.68951652278608266        1.5585912448968964     
  0.68948908546458720        1.5585689021494362     
  0.68946116487390796        1.5585461659064697     
  0.68943275454307140        1.5585230309004627     
  0.68940384783528019        1.5584994917290904     
  0.68937443791378439        1.5584755428277814     
  0.68934451788938333        1.5584511785882025     
  0.68931408060872312        1.5584263931880629     
  0.68928311878270487        1.5584011806942573     
  0.68925162496384540        1.5583755350446449     
  0.68921959146976541        1.5583494499864141     
  0.68918701056820297        1.5583229192248451     
  0.68915387413000362        1.5582959361442048     
  0.68912017396460912        1.5582684940774252     
  0.68908590165970485        1.5582405861771105     
  0.68905104855674426        1.5582122053957963     
  0.68901560575751664        1.5581833444911224     
  0.68897956417895179        1.5581539960698558     
  0.68894291450064815        1.5581241525456240     
  0.68890564709671309        1.5580938060839546     
  0.68886775213142271        1.5580629486791744     
  0.68882921949653231        1.5580315721038971     
  0.68879003878965417        1.5579996678914962     
  0.68875019931257475        1.5579672273346774     
  0.68870969007110072        1.5579342414852357     
  0.68866849977953393        1.5579007011575619     
  0.68862661682131288        1.5578665968968388     
  0.68858402923508266        1.5578319189677488     
  0.68854072467874106        1.5577966573253526     
  0.68849669044971895        1.5577608016313127     
  0.68845191354109270        1.5577243412989579     
  0.68840638045264113        1.5576872653409877     
  0.68836007726196025        1.5576495624265778     
  0.68831298970397392        1.5576112209452746     
  0.68826510297888188        1.5575722288521774     
  0.68821640180926780        1.5575325737137244     
  0.68816687044134017        1.5574922427085343     
  0.68811649266360531        1.5574512226422468     
  0.68806525161274767        1.5574094997909933     
  0.68801312986966001        1.5573670599784770     
  0.68796010953349629        1.5573238886354508     
  0.68790617187741221        1.5572799705221374     
  0.68785129775471998        1.5572352900551762     
  0.68779546710812589        1.5571898309119838     
  0.68773865925514910        1.5571435762604042     
  0.68768085275546342        1.5570965086515363     
  0.68762202533499062        1.5570486099582694     
  0.68756215381814645        1.5569998613203202     
  0.68750121427678934        1.5569502432638931     
  0.68743918170375529        1.5568997354382357     
  0.68737603015613136        1.5568483167306679     
  0.68731173261152301        1.5567959651503149     
  0.68724626088451557        1.5567426577602546     
  0.68717958576289506        1.5566883707869112     
  0.68711167666164730        1.5566330793405414     
  0.68704250156039293        1.5565767573641751     
  0.68697202734735274        1.5565193779104491     
  0.68690021901387421        1.5564609124913460     
  0.68682704029113117        1.5564013315910135     
  0.68675245297161414        1.5563406041177816     
  0.68667641719609374        1.5562786976347986     
  0.68659889104371707        1.5562155780284648     
  0.68651983056214472        1.5561512095319232     
  0.68643918955488936        1.5560855545523509     
  0.68635691952350264        1.5560185736233159     
  0.68627296928458148        1.5559502250944017     
  0.68618728498212600        1.5558804651400733     
  0.68609980979467344        1.5558092475217402     
  0.68601048350223426        1.5557365232367300     
  0.68591924276063954        1.5556622407381502     
  0.68582602032709050        1.5555863453077854     
  0.68573074468030293        1.5555087787473543     
  0.68563334018108679        1.5554294795060946     
  0.68553372620649022        1.5553483819790259     
  0.68543181699945954        1.5552654163829762     
  0.68532752089191462        1.5551805081260244     
  0.68522074003858946        1.5550935775892705     
  0.68511136972860642        1.5550045395670300     
  0.68499929739029675        1.5549133024587998     
  0.68488440212602208        1.5548197678887155     
  0.68476655371459960        1.5547238298944346     
  0.68464561154043180        1.5546253740558331     
  0.68452142336683652        1.5545242764971241     
  0.68439382387927794        1.5544204027017270     
  0.68426263326905523        1.5543136063590324     
  0.68412765526577468        1.5542037277637724     
  0.68398867474604896        1.5540905918713122     
  0.68384545580439071        1.5539740067247820     
  0.68369773737079731        1.5538537598953328     
  0.68354523131630796        1.5537296169324835     
  0.68338761660187175        1.5536013166096456     
  0.68322453445175158        1.5534685669945105     
  0.68305558259232213        1.5533310407578735     
  0.68288030554911527        1.5531883672852183     
  0.68269818639483604        1.5530401259548010     
  0.68250863325174460        1.5528858351576629     
  0.68231096296237359        1.5527249390108182     
  0.68210438144793661        1.5525567913694840     
  0.68188795583068096        1.5523806331431709     
  0.68166057690342008        1.5521955617574288     
  0.68142091182928533        1.5520004926519326     
  0.68116733222100156        1.5517941007570690     
  0.68089781601695765        1.5515747406298410     
  0.68060980101618518        1.5513403272442075     
  0.68029995685833922        1.5510881504020557     
  0.67996382657794951        1.5508145829492734     
  0.67959520948760233        1.5505145784078453     
  0.67918504678083336        1.5501807636714682     
  0.67871919730585950        1.5498016278409781     
  0.67817341835421652        1.5493574342093077     
  0.67749975589154698        1.5488091316168249     
  0.67657693422242993        1.5480579091890392     
  0.67487815956763120        1.5466739631636519     
  0.67803223700444470        1.5492288500003326     
  0.67449743706011622        1.5463554164444346     
  0.67598616153702351        1.5475628677167774     
  0.67402589169755078        1.5459608679683172     
  0.67677526495803009        1.5481960314922123     
