  0.97704136758298976        1.0563703631248316     
  0.97699220499137562        1.0562979611129781     
  0.97694533979836551        1.0562276429960913     
  0.97689849193023603        1.0561573235080310     
  0.97685166358354558        1.0560870040367560     
  0.97680485474416234        1.0560166845669519     
  0.97675806542737620        1.0559463651043188     
  0.97671129563940962        1.0558760456481593     
  0.97666454540470438        1.0558057262113143     
  0.97661781470293907        1.0557354067731761     
  0.97657110357483501        1.0556650873586140     
  0.97652441201847162        1.0555947679606628     
  0.97647774003223908        1.0555244485728217     
  0.97643108764446851        1.0554541292105635     
  0.97638445485084835        1.0553838098653248     
  0.97633784165862403        1.0553134905369719     
  0.97629124808224621        1.0552431712307322     
  0.97624467414923699        1.0551728519615107     
  0.97619811984297167        1.0551025327115404     
  0.97615158518421674        1.0550322134906955     
  0.97610507018511694        1.0549618943024692     
  0.97605857483971392        1.0548915751369528     
  0.97601209918306286        1.0548212560145533     
  0.97596564321251411        1.0547509369278154     
  0.97591920693511847        1.0546806178764383     
  0.97587279035471319        1.0546102988577324     
  0.97582639349775857        1.0545399798856849     
  0.97578001636537837        1.0544696609556390     
  0.97573365896626740        1.0543993420683397     
  0.97568732131683578        1.0543290232304257     
  0.97564100342094107        1.0542587044391898     
  0.97559470528329884        1.0541883856925249     
  0.97554842691543042        1.0541180669934120     
  0.97550216834554537        1.0540477483568720     
  0.97545592955928340        1.0539774297669526     
  0.97540971057421688        1.0539071112309750     
  0.97536351140971833        1.0538367927573453     
  0.97531733207905302        1.0537664743505724     
  0.97527117257289231        1.0536961559978950     
  0.97522503290851481        1.0536258377066241     
  0.97517891309560656        1.0535555194780359     
  0.97513281316150102        1.0534852013267864     
  0.97508673308847937        1.0534148832340147     
  0.97504067289604623        1.0533445652085400     
  0.97499463261025421        1.0532742472638583     
  0.97494861222782725        1.0532039293917483     
  0.97490261175022064        1.0531336115877699     
  0.97485663121120791        1.0530632938708813     
  0.97481067059868565        1.0529929762265957     
  0.97476472993631480        1.0529226586665970     
  0.97471880923087251        1.0528523411900839     
  0.97467290849012589        1.0527820237971259     
  0.97462702772366383        1.0527117064889266     
  0.97458116694382990        1.0526413892688753     
  0.97453532615725236        1.0525710721360702     
  0.97448950539015355        1.0525007551039809     
  0.97444370462747898        1.0524304381558049     
  0.97439792390238422        1.0523601213101770     
  0.97435216320809215        1.0522898045562261     
  0.97430642257119437        1.0522194879076752     
  0.97426070198038628        1.0521491713504900     
  0.97421500146194751        1.0520788548981417     
  0.97416932102967746        1.0520085385548945     
  0.97412366069372169        1.0519382223224332     
  0.97407802044186120        1.0518679061857792     
  0.97403240032359428        1.0517975901756558     
  0.97398680031278528        1.0517272742668300     
  0.97394122043472220        1.0516569584719997     
  0.97389566071252553        1.0515866428025180     
  0.97385012113238034        1.0515163272418611     
  0.97380460171353067        1.0514460117986335     
  0.97375910248709874        1.0513756964897256     
  0.97371362342498724        1.0513053812884494     
  0.97366816458236982        1.0512350662294556     
  0.97362272592922616        1.0511647512848834     
  0.97357730750593852        1.0510944364781714     
  0.97353190929837141        1.0510241217931078     
  0.97348653134069729        1.0509538072489686     
  0.97344117362876614        1.0508834928364712     
  0.97339583617871639        1.0508131785615689     
  0.97335051900099379        1.0507428644260324     
  0.97330522210272130        1.0506725504288681     
  0.97325994549826889        1.0506022365748797     
  0.97321468919484910        1.0505319228631038     
  0.97316945320805415        1.0504616092989241     
  0.97312423755962540        1.0503912958924617     
  0.97307904223722130        1.0503209826284989     
  0.97303386726665075        1.0502506695198741     
  0.97298871266065212        1.0501803565698751     
  0.97294357841342383        1.0501100437681206     
  0.97289846454947415        1.0500397311265957     
  0.97285337108657155        1.0499694186522075     
  0.97280829801020186        1.0498991063280867     
  0.97276324536436998        1.0498287941805284     
  0.97271821313525575        1.0497584821931916     
  0.97267320134202551        1.0496881703740208     
  0.97262821001302280        1.0496178587376388     
  0.97258323910858169        1.0495475472487623     
  0.97253828870072101        1.0494772359540590     
  0.97249335877570331        1.0494069248373692     
  0.97244844932376084        1.0493366138850251     
  0.97240356038766251        1.0492663031225218     
  0.97235869195996549        1.0491959925380712     
  0.97231384405950005        1.0491256821392403     
  0.97226901669965138        1.0490553719297360     
  0.97222420989881420        1.0489850619166730     
  0.97217942363742460        1.0489147520793809     
  0.97213465795409348        1.0488444424400909     
  0.97208991286226631        1.0487741330022788     
  0.97204518834274256        1.0487038237455848     
  0.97200048445944653        1.0486335147107093     
  0.97195580117145364        1.0485632058611318     
  0.97191113851533417        1.0484928972175114     
  0.97186649650260859        1.0484225887818923     
  0.97182187512352758        1.0483522805408720     
  0.97177727443222517        1.0482819725276469     
  0.97173269441106502        1.0482116647231852     
  0.97168813506270535        1.0481413571228486     
  0.97164359641435161        1.0480710497402068     
  0.97159907847973737        1.0480007425789624     
  0.97155458126436056        1.0479304356369150     
  0.97151010478698963        1.0478601289212595     
  0.97146564903843158        1.0477898224189339     
  0.97142121405740678        1.0477195161517574     
  0.97137679984509717        1.0476492101142860     
  0.97133240641215768        1.0475789043077108     
  0.97128803375354222        1.0475085987221087     
  0.97124368191787924        1.0474382933866127     
  0.97119935087789655        1.0473679882745079     
  0.97115504068133540        1.0472976834146119     
  0.97111075129531454        1.0472273787759987     
  0.97106648279740415        1.0471570744094056     
  0.97102223513132624        1.0470867702666620     
  0.97097800835706904        1.0470164663854973     
  0.97093380246043093        1.0469461627488070     
  0.97088961745643454        1.0468758593610898     
  0.97084545336689154        1.0468055562317637     
  0.97080131020577032        1.0467352533646159     
  0.97075718796419408        1.0466649507462160     
  0.97071308666920098        1.0465946483900819     
  0.97066900632977293        1.0465243462961549     
  0.97062494696565671        1.0464540444721362     
  0.97058090857788115        1.0463837429122884     
  0.97053689118882536        1.0463134416263922     
  0.97049289481019618        1.0462431406162622     
  0.97044891943839651        1.0461728398725012     
  0.97040496510342200        1.0461025394108567     
  0.97036103180824540        1.0460322392262842     
  0.97031711956925304        1.0459619393243884     
  0.97027322839191332        1.0458916397025071     
  0.97022935829758428        1.0458213403694641     
  0.97018550929224978        1.0457510413229232     
  0.97014168138244938        1.0456807425609163     
  0.97009787460357866        1.0456104441027643     
  0.97005408894435785        1.0455401459332447     
  0.97001032442009327        1.0454698480569018     
  0.96996658106041989        1.0453995504887887     
  0.96992285885818463        1.0453292532165974     
  0.96987915783605005        1.0452589562503407     
  0.96983547799877146        1.0451886595865578     
  0.96979181938400438        1.0451183632461034     
  0.96974818195819457        1.0450480671975266     
  0.96970456577461162        1.0449777714729893     
  0.96966097082464431        1.0449074760593791     
  0.96961739713118222        1.0448371809664416     
  0.96957384469950003        1.0447668861912984     
  0.96953031354677299        1.0446965917395898     
  0.96948680368149487        1.0446262976105598     
  0.96944331512843718        1.0445560038157273     
  0.96939984788571043        1.0444857103463845     
  0.96935640196647521        1.0444154172054307     
  0.96931297740004596        1.0443451244074153     
  0.96926957417348358        1.0442748319358353     
  0.96922619231350282        1.0442045398032100     
  0.96918283184918808        1.0441342480240661     
  0.96913949276499456        1.0440639565798655     
  0.96909617508820767        1.0439936654835031     
  0.96905287883421687        1.0439233747395078     
  0.96900960399960501        1.0438530843380822     
  0.96896635061502778        1.0437827942947897     
  0.96892311868700243        1.0437125046072200     
  0.96887990822794845        1.0436422152774552     
  0.96883671925399040        1.0435719263103624     
  0.96879355178065130        1.0435016377100583     
  0.96875040580936678        1.0434313494705569     
  0.96870728135351925        1.0433610615944657     
  0.96866417844411923        1.0432907740974298     
  0.96862109708226796        1.0432204869731794     
  0.96857803726795910        1.0431502002144204     
  0.96853499903843698        1.0430799138414375     
  0.96849198239323242        1.0430096278465486     
  0.96844898735363971        1.0429393422382280     
  0.96840601391598369        1.0428690570066286     
  0.96836306211485701        1.0427987721697978     
  0.96832013194540556        1.0427284877170044     
  0.96827722344258793        1.0426582036666843     
  0.96823433659753144        1.0425879200050079     
  0.96819147142298667        1.0425176367339692     
  0.96814862796887902        1.0424473538831511     
  0.96810580620045328        1.0423770714195353     
  0.96806300615187402        1.0423067893609652     
  0.96802022784770303        1.0422365077181308     
  0.96797747127761957        1.0421662264760247     
  0.96793473648836781        1.0420959456617747     
  0.96789202344808556        1.0420256652445092     
  0.96784933221216030        1.0419553852575769     
  0.96780666276411242        1.0418851056814256     
  0.96776401514484023        1.0418148265387484     
  0.96772138934550578        1.0417445478155498     
  0.96767878540225027        1.0416742695309675     
  0.96763620328849864        1.0416039916580639     
  0.96759364305523143        1.0415337142268695     
  0.96755110471534433        1.0414634372392622     
  0.96750858825560937        1.0413931606781579     
  0.96746609371812453        1.0413228845670066     
  0.96742362110351143        1.0412526088985774     
  0.96738117041980431        1.0411823336713242     
  0.96733874170069445        1.0411120589025691     
  0.96729633492714606        1.0410417845707145     
  0.96725395014536597        1.0409715107020827     
  0.96721158735786539        1.0409012372911459     
  0.96716924656691228        1.0408309643316660     
  0.96712692780674214        1.0407606918413985     
  0.96708463109238296        1.0406904198239006     
  0.96704235640026892        1.0406201482538753     
  0.96700010378916146        1.0405498771670882     
  0.96695787325505578        1.0404796065530058     
  0.96691566479822533        1.0404093364040010     
  0.96687347846296057        1.0403390667450463     
  0.96683131423744428        1.0402687975596390     
  0.96678917214658378        1.0401985288585567     
  0.96674705221175916        1.0401282606497009     
  0.96670495442671545        1.0400579929207081     
  0.96666287882851565        1.0399877256910848     
  0.96662082541149164        1.0399174589489477     
  0.96657879420082726        1.0398471927051252     
  0.96653678521814745        1.0397769269674573     
  0.96649479845052866        1.0397066617188666     
  0.96645283394567194        1.0396363969865474     
  0.96641089170763494        1.0395661327656853     
  0.96636897173016978        1.0394958690438529     
  0.96632707405756169        1.0394256058455702     
  0.96628519866928042        1.0393553431481612     
  0.96624334562219272        1.0392850809853762     
  0.96620151489391126        1.0392148193328024     
  0.96615970652540251        1.0391445582127845     
  0.96611792051407552        1.0390742976155471     
  0.96607615687447856        1.0390040375437433     
  0.96603441564325365        1.0389337780163685     
  0.96599269680909217        1.0388635190171260     
  0.96595100040751802        1.0387932605642176     
  0.96590932642030514        1.0387230026362635     
  0.96586767489872882        1.0386527452629193     
  0.96582604584139153        1.0385824884351049     
  0.96578443926717505        1.0385122321587628     
  0.96574285517929292        1.0384419764282840     
  0.96570129360443280        1.0383717212549706     
  0.96565975455297304        1.0383014666386736     
  0.96561823805567049        1.0382312125936373     
  0.96557674410631511        1.0381609591074539     
  0.96553527271518658        1.0380907061794089     
  0.96549382391810845        1.0380204538278544     
  0.96545239771922209        1.0379502020474582     
  0.96541099413669074        1.0378799508436996     
  0.96536961318005154        1.0378097002152511     
  0.96532825486852758        1.0377394501682191     
  0.96528691922919596        1.0376692007140975     
  0.96524560625586009        1.0375989518401989     
  0.96520431596497536        1.0375287035505403     
  0.96516304838419698        1.0374584558571434     
  0.96512180352312793        1.0373882087586823     
  0.96508058139727315        1.0373179622584883     
  0.96503938202864048        1.0372477163643485     
  0.96499820541871439        1.0371774710690684     
  0.96495705160047307        1.0371072263886585     
  0.96491592057523523        1.0370369823156473     
  0.96487481234889705        1.0369667388461798     
  0.96483372698068803        1.0368964960154010     
  0.96479266442264033        1.0368262537795807     
  0.96475162474104947        1.0367560121792365     
  0.96471060792045826        1.0366857711944806     
  0.96466961400375861        1.0366155308485565     
  0.96462864298648210        1.0365452911296742     
  0.96458769488147689        1.0364750520388604     
  0.96454676971920250        1.0364048135900590     
  0.96450586750732625        1.0363345757805114     
  0.96446498826534144        1.0362643386159747     
  0.96442413200979893        1.0361941021001804     
  0.96438329875346573        1.0361238662339891     
  0.96434248850271542        1.0360536310136181     
  0.96430170128229142        1.0359833964485523     
  0.96426093712429028        1.0359131625541556     
  0.96422019601129461        1.0358429293086326     
  0.96417947798215065        1.0357726967322605     
  0.96413878303643652        1.0357024648162163     
  0.96409811120755162        1.0356322335761514     
  0.96405746250838298        1.0355620030131101     
  0.96401683695499185        1.0354917731301927     
  0.96397623453740366        1.0354215439114087     
  0.96393565531715508        1.0353513153933505     
  0.96389509927744532        1.0352810875550327     
  0.96385456643341283        1.0352108603987922     
  0.96381405682205534        1.0351406339431262     
  0.96377357044399115        1.0350704081798558     
  0.96373310732789597        1.0350001831211901     
  0.96369266747087345        1.0349299587563794     
  0.96365225090352136        1.0348597350990369     
  0.96361185764267543        1.0347895121528117     
  0.96357148769811674        1.0347192899160746     
  0.96353114109379534        1.0346490683975424     
  0.96349081783053614        1.0345788475890447     
  0.96345051793970815        1.0345086275048985     
  0.96341024144310494        1.0344384081520652     
  0.96336998833137399        1.0343681895149635     
  0.96332975864298975        1.0342979716127625     
  0.96328955238982761        1.0342277544455281     
  0.96324936958964802        1.0341575380172339     
  0.96320921024655559        1.0340873223220060     
  0.96316907438928168        1.0340171073720699     
  0.96312896203864440        1.0339468931736393     
  0.96308887320887171        1.0338766797282641     
  0.96304880790104375        1.0338064670277523     
  0.96300876614229591        1.0337362550829103     
  0.96296874795934728        1.0336660439044036     
  0.96292875335370076        1.0335958334843856     
  0.96288878234357178        1.0335256238271084     
  0.96284883496634632        1.0334554149509882     
  0.96280891120709267        1.0333852068358587     
  0.96276901111953850        1.0333149995122561     
  0.96272913467021848        1.0332447929463207     
  0.96268928191915737        1.0331745871730833     
  0.96264945286483605        1.0331043821822754     
  0.96260964753987566        1.0330341779886532     
  0.96256986594865079        1.0329639745863468     
  0.96253010811602091        1.0328937719843290     
  0.96249037404335303        1.0328235701743465     
  0.96245066376627719        1.0327533691735151     
  0.96241097728378522        1.0326831689715781     
  0.96237131462407854        1.0326129695803017     
  0.96233167580298207        1.0325427710018329     
  0.96229206084532826        1.0324725732450868     
  0.96225246975436207        1.0324023763032220     
  0.96221290255305347        1.0323321801838286     
  0.96217335926770409        1.0322619848966301     
  0.96213383989741785        1.0321917904319640     
  0.96209434448202957        1.0321215968095052     
  0.96205487300776249        1.0320514040097775     
  0.96201542553226704        1.0319812120657044     
  0.96197600204491296        1.0319110209601188     
  0.96193660256091407        1.0318408306946469     
  0.96189722711803227        1.0317706412875063     
  0.96185787571576020        1.0317004527291516     
  0.96181854838295400        1.0316302650310367     
  0.96177924513624258        1.0315600781959393     
  0.96173996598910538        1.0314898922241031     
  0.96170071095489851        1.0314197071159412     
  0.96166148006121588        1.0313495228821166     
  0.96162227333354866        1.0312793395318625     
  0.96158309076125159        1.0312091570476645     
  0.96154393239189739        1.0311389754548550     
  0.96150479822454060        1.0310687947431785     
  0.96146568828321088        1.0309986149206083     
  0.96142660258399670        1.0309284359892643     
  0.96138754115116654        1.0308582579572214     
  0.96134850399285010        1.0307880808210814     
  0.96130949113045761        1.0307179045864081     
  0.96127050260407521        1.0306477292732075     
  0.96123153838935071        1.0305775548538436     
  0.96119259854339212        1.0305073813603949     
  0.96115368306501414        1.0304372087822913     
  0.96111479197455374        1.0303670371245710     
  0.96107592527494490        1.0302968663797321     
  0.96103708302981072        1.0302266965843931     
  0.96099826521405418        1.0301565277105786     
  0.96095947185165276        1.0300863597659071     
  0.96092070298516208        1.0300161927716853     
  0.96088195861353642        1.0299460267172935     
  0.96084323874578526        1.0298758615996366     
  0.96080454343907562        1.0298056974502832     
  0.96076587266877611        1.0297355342416543     
  0.96072722648349040        1.0296653719991362     
  0.96068860488538699        1.0295952107146689     
  0.96065000789896149        1.0295250503959128     
  0.96061143554807549        1.0294548910505250     
  0.96057288784245043        1.0293847326756682     
  0.96053436480486254        1.0293145752778023     
  0.96049586644015927        1.0292444188505039     
  0.96045739279917253        1.0291742634211418     
  0.96041894386738735        1.0291041089688433     
  0.96038051968419336        1.0290339555123111     
  0.96034212026470678        1.0289638030525488     
  0.96030374562298093        1.0288936515897855     
  0.96026539577946690        1.0288235011288005     
  0.96022707075963498        1.0287533516781409     
  0.96018877056942598        1.0286832032317381     
  0.96015049523962093        1.0286130558023077     
  0.96011224479204438        1.0285429093952845     
  0.96007401922802171        1.0284727640016254     
  0.96003581858747133        1.0284026196401570     
  0.95999764287014633        1.0283324763005324     
  0.95995949212408760        1.0282623340074111     
  0.95992136632605374        1.0281921927337350     
  0.95988326553935066        1.0281220525154691     
  0.95984518975434674        1.0280519133351704     
  0.95980713900905923        1.0279817752103071     
  0.95976911330417836        1.0279116381308941     
  0.95973111267526401        1.0278415021127134     
  0.95969313713349058        1.0277713671535820     
  0.95965518669962302        1.0277012332580453     
  0.95961726139596293        1.0276311004321819     
  0.95957936123599841        1.0275609686752145     
  0.95954148625276980        1.0274908380010996     
  0.95950363645318726        1.0274207084039608     
  0.95946581185315893        1.0273505798852889     
  0.95942801249082199        1.0272804524623456     
  0.95939023836988691        1.0272103261272143     
  0.95935248952326413        1.0271402008933626     
  0.95931476594846843        1.0270700767484904     
  0.95927706769191490        1.0269999537158658     
  0.95923939476522901        1.0269298317934221     
  0.95920174717492201        1.0268597109751680     
  0.95916412496267478        1.0267895912810463     
  0.95912652813095489        1.0267194727019577     
  0.95908895670068628        1.0266493552427900     
  0.95905141070658773        1.0265792389179160     
  0.95901389016165695        1.0265091237262283     
  0.95897639507840005        1.0264390096661018     
  0.95893892549183091        1.0263688967523796     
  0.95890148139912157        1.0262987849721490     
  0.95886406285211057        1.0262286743524669     
  0.95882666985638954        1.0261585648865863     
  0.95878930242087190        1.0260884565702375     
  0.95875196058310341        1.0260183494198791     
  0.95871464435049147        1.0259482434301561     
  0.95867735374459884        1.0258781386057461     
  0.95864008879655727        1.0258080349585370     
  0.95860284951782848        1.0257379324860518     
  0.95856563593561328        1.0256678311970087     
  0.95852844807580884        1.0255977310995474     
  0.95849128595127731        1.0255276321918325     
  0.95845414956375807        1.0254575344642269     
  0.95841703897467911        1.0253874379505716     
  0.95837995417039601        1.0253173426297804     
  0.95834289518660942        1.0252472485167954     
  0.95830586204957757        1.0251771556198397     
  0.95826885476567536        1.0251070639323963     
  0.95823187337614968        1.0250369734732601     
  0.95819491787750233        1.0249668842288620     
  0.95815798831183219        1.0248967962187812     
  0.95812108468902102        1.0248267094389736     
  0.95808420703126385        1.0247566238943746     
  0.95804735535967800        1.0246865395892817     
  0.95801052969952194        1.0246164565306508     
  0.95797373006330733        1.0245463747166916     
  0.95793695649727673        1.0244762941694956     
  0.95790020898478967        1.0244062148657109     
  0.95786348757178263        1.0243361368275670     
  0.95782679228612555        1.0242660600640547     
  0.95779012312264067        1.0241959845598430     
  0.95775348012479378        1.0241259103355145     
  0.95771686331140427        1.0240558373931461     
  0.95768027270910705        1.0239857657408187     
  0.95764370832552481        1.0239156953726083     
  0.95760717018663455        1.0238456262960509     
  0.95757065831088961        1.0237755585129549     
  0.95753417273554275        1.0237054920391238     
  0.95749771346919488        1.0236354268690804     
  0.95746128052726887        1.0235653630027850     
  0.95742487395245102        1.0234953004596026     
  0.95738849373908896        1.0234252392237475     
  0.95735213995268464        1.0233551793314912     
  0.95731581257012699        1.0232851207543625     
  0.95727951164429237        1.0232150635190866     
  0.95724323717433224        1.0231450076134445     
  0.95720698919450775        1.0230749530506835     
  0.95717076773072074        1.0230048998378987     
  0.95713457280244507        1.0229348479776412     
  0.95709840441912086        1.0228647974650402     
  0.95706226261711036        1.0227947483145501     
  0.95702614742235947        1.0227247005336517     
  0.95699005885399557        1.0226546541240968     
  0.95695399691641470        1.0225846090773640     
  0.95691796166530640        1.0225145654222565     
  0.95688195310316337        1.0224445231485295     
  0.95684597124257720        1.0223744822534158     
  0.95681001612262495        1.0223044427535732     
  0.95677408777124562        1.0222344046574203     
  0.95673818618172468        1.0221643679478214     
  0.95670231141252315        1.0220943326556577     
  0.95666646346671536        1.0220242987709676     
  0.95663064237662354        1.0219542663052237     
  0.95659484815334705        1.0218842352545254     
  0.95655908083201047        1.0218142056323791     
  0.95652334043324372        1.0217441774414864     
  0.95648762697015344        1.0216741506795555     
  0.95645194047730320        1.0216041253592922     
  0.95641628097780240        1.0215341014855814     
  0.95638064847427617        1.0214640790479124     
  0.95634504302917489        1.0213940580798058     
  0.95630946462604172        1.0213240385566673     
  0.95627391331607459        1.0212540205037670     
  0.95623838911029990        1.0211840039167768     
  0.95620289204256725        1.0211139888079326     
  0.95616742211853845        1.0210439751691023     
  0.95613197937057914        1.0209739630113706     
  0.95609656382068675        1.0209039523385219     
  0.95606117551036340        1.0208339431683275     
  0.95602581442456558        1.0207639354771878     
  0.95599048062841785        1.0206939293003150     
  0.95595517412192643        1.0206239246250448     
  0.95591989494327723        1.0205539214668289     
  0.95588464309550480        1.0204839198151912     
  0.95584941861621697        1.0204139196850464     
  0.95581422153452233        1.0203439210849259     
  0.95577905186885204        1.0202739240157508     
  0.95574390964872458        1.0202039284863027     
  0.95570879487176064        1.0201339344821239     
  0.95567370759973935        1.0200639420357849     
  0.95563864783229213        1.0199939511339806     
  0.95560361560468332        1.0199239617898979     
  0.95556861093618317        1.0198539740046564     
  0.95553363385791223        1.0197839877882147     
  0.95549868439084673        1.0197140031431629     
  0.95546376254842058        1.0196440200661800     
  0.95542886836581364        1.0195740385701570     
  0.95539400187976464        1.0195040586690858     
  0.95535916308635205        1.0194340803470314     
  0.95532435202984189        1.0193641036234600     
  0.95528956872998849        1.0192941284996104     
  0.95525481321558114        1.0192241549836938     
  0.95522008552283844        1.0191541830889597     
  0.95518538563995958        1.0190842127937743     
  0.95515071361568304        1.0190142441205696     
  0.95511606948578121        1.0189442770823460     
  0.95508145325657645        1.0188743116706549     
  0.95504686495985247        1.0188043478954019     
  0.95501230461276898        1.0187343857559941     
  0.95497777226462022        1.0186644252750983     
  0.95494326791084772        1.0185944664362554     
  0.95490879160123554        1.0185245092625022     
  0.95487434333814702        1.0184545537421377     
  0.95483992316712785        1.0183845998952905     
  0.95480553110357635        1.0183146477197254     
  0.95477116716791399        1.0182446972168533     
  0.95473683139105903        1.0181747483961088     
  0.95470252380459464        1.0181048012669074     
  0.95466824443744380        1.0180348558369874     
  0.95463399329788401        1.0179649120988916     
  0.95459977042241062        1.0178949700656665     
  0.95456557584852253        1.0178250297513376     
  0.95453140956890137        1.0177550911367856     
  0.95449727164499554        1.0176851542534959     
  0.95446316208611470        1.0176152190943959     
  0.95442908092056000        1.0175452856667215     
  0.95439502816851818        1.0174753539714489     
  0.95436100386028488        1.0174054240169563     
  0.95432700803635129        1.0173354958190612     
  0.95429304068697973        1.0172655693571442     
  0.95425910187066321        1.0171956446598487     
  0.95422519160722707        1.0171257217279319     
  0.95419130994291335        1.0170558005812018     
  0.95415745684743358        1.0169858811839196     
  0.95412363239657649        1.0169159635773830     
  0.95408983659775615        1.0168460477531083     
  0.95405606947689292        1.0167761337161318     
  0.95402233108140300        1.0167062214870370     
  0.95398862140184160        1.0166363110449135     
  0.95395494050690521        1.0165664024259227     
  0.95392128837641976        1.0164964956013174     
  0.95388766507871159        1.0164265906068046     
  0.95385407062066674        1.0163566874334338     
  0.95382050503416316        1.0162867860900955     
  0.95378696833425691        1.0162168865738932     
  0.95375346057339105        1.0161469889088131     
  0.95371998175254435        1.0160770930813885     
  0.95368653191709352        1.0160071991103283     
  0.95365311108877171        1.0159373069973698     
  0.95361971928649047        1.0158674167420416     
  0.95358635656084689        1.0157975283666931     
  0.95355302291090227        1.0157276418567232     
  0.95351971837617611        1.0156577572261349     
  0.95348644299459817        1.0155878744884539     
  0.95345319677225926        1.0155179936336767     
  0.95341997976425163        1.0154481146873553     
  0.95338679196595855        1.0153782376318723     
  0.95335363342459978        1.0153083624869130     
  0.95332050417430703        1.0152384892631141     
  0.95328740423845060        1.0151686179624635     
  0.95325433361698286        1.0150987485709446     
  0.95322129238593356        1.0150288811288719     
  0.95318828053182281        1.0149590156120036     
  0.95315529811249300        1.0148891520477918     
  0.95312234513630190        1.0148192904273998     
  0.95308942164745736        1.0147494307685854     
  0.95305652765195570        1.0146795730610001     
  0.95302366320336229        1.0146097173285566     
  0.95299082831633053        1.0145398635674596     
  0.95295802301901555        1.0144700117831138     
  0.95292524735082329        1.0144001619893859     
  0.95289250131514536        1.0143303141739957     
  0.95285978496788271        1.0142604683626055     
  0.95282709831807588        1.0141906245468486     
  0.95279444142522784        1.0141207827551273     
  0.95276181428015683        1.0140509429655749     
  0.95272921693443358        1.0139811052008358     
  0.95269664941100052        1.0139112694625021     
  0.95266411173841037        1.0138414357563050     
  0.95263160395457536        1.0137716040945621     
  0.95259912605825481        1.0137017744613575     
  0.95256667811301565        1.0136319468877182     
  0.95253426014091425        1.0135621213743751     
  0.95250187216102877        1.0134922979200989     
  0.95246951421753001        1.0134224765416311     
  0.95243718631837260        1.0133526572295875     
  0.95240488850798832        1.0132828400009075     
  0.95237262080923180        1.0132130248566917     
  0.95234038326234449        1.0131432118109480     
  0.95230817588647809        1.0130734008622195     
  0.95227599871910740        1.0130035920222835     
  0.95224385178277438        1.0129337852919167     
  0.95221173512838619        1.0128639806927215     
  0.95217964874904371        1.0127941782041996     
  0.95214759269250504        1.0127243778452966     
  0.95211556700239730        1.0126545796322866     
  0.95208357169355884        1.0125847835602719     
  0.95205160679515100        1.0125149896347512     
  0.95201967233801543        1.0124451978624094     
  0.95198776836936772        1.0123754082619190     
  0.95195589490223265        1.0123056208269179     
  0.95192405197124041        1.0122358355668384     
  0.95189223959854341        1.0121660524818341     
  0.95186045783907691        1.0120962715960939     
  0.95182870669623998        1.0120264928962066     
  0.95179698621096309        1.0119567163958396     
  0.95176529642707208        1.0118869421110368     
  0.95173363734044647        1.0118171700226335     
  0.95170200904292368        1.0117474001815048     
  0.95167041149926923        1.0116776325459242     
  0.95163884476571270        1.0116078671407529     
  0.95160730889974066        1.0115381039913520     
  0.95157580390309382        1.0114683430832343     
  0.95154432979953574        1.0113985844171631     
  0.95151288665028433        1.0113288280214705     
  0.95148147447402975        1.0112590738936924     
  0.95145009328925945        1.0111893220306258     
  0.95141874314322217        1.0111195724504989     
  0.95138742406415389        1.0110498251574451     
  0.95135613606133773        1.0109800801417219     
  0.95132487921411857        1.0109103374446351     
  0.95129365351493611        1.0108405970441308     
  0.95126245900572159        1.0107708589543707     
  0.95123129571943177        1.0107011231826943     
  0.95120016368649740        1.0106313897344512     
  0.95116906295618908        1.0105616586290629     
  0.95113799353962125        1.0104919298578656     
  0.95110695547141277        1.0104222034294477     
  0.95107594878588164        1.0103524793519547     
  0.95104497352606809        1.0102827576398687     
  0.95101402970790982        1.0102130382880206     
  0.95098311737390850        1.0101433213105862     
  0.95095223655751349        1.0100736067149660     
  0.95092138728508668        1.0100038945033227     
  0.95089056959571594        1.0099341846872083     
  0.95085978351930966        1.0098644772715253     
  0.95082902909189249        1.0097947722651874     
  0.95079830634088680        1.0097250696713609     
  0.95076761529244280        1.0096553694918473     
  0.95073695599443797        1.0095856717443712     
  0.95070632848042025        1.0095159764361485     
  0.95067573277505024        1.0094462835678797     
  0.95064516890328521        1.0093765931406355     
  0.95061463692088888        1.0093069051775250     
  0.95058413684645449        1.0092372196748798     
  0.95055366872107283        1.0091675366451782     
  0.95052323256653903        1.0090978560869446     
  0.95049282843346339        1.0090281780194308     
  0.95046245634054771        1.0089585024390235     
  0.95043211632974323        1.0088888293585472     
  0.95040180843004596        1.0088191587816393     
  0.95037153267784080        1.0087494907171146     
  0.95034128910516136        1.0086798251708304     
  0.95031107775911761        1.0086101621592383     
  0.95028089865720622        1.0085405016774700     
  0.95025075183690078        1.0084708437349568     
  0.95022063733828011        1.0084011883433033     
  0.95019055518952300        1.0083315355049276     
  0.95016050542937491        1.0082618852304766     
  0.95013048808618661        1.0081922375225274     
  0.95010050321654438        1.0081225924041590     
  0.95007055083211278        1.0080529498662485     
  0.95004063095913305        1.0079833099097062     
  0.95001074365803662        1.0079136725604052     
  0.94998088895774691        1.0078440378214659     
  0.94995106688606024        1.0077744056948026     
  0.94992127746983224        1.0077047761821312     
  0.94989152076633632        1.0076351493064546     
  0.94986179680794935        1.0075655250734281     
  0.94983210561451714        1.0074959034791191     
  0.94980244722185359        1.0074262845313258     
  0.94977282167698451        1.0073566682458106     
  0.94974322900537023        1.0072870546228601     
  0.94971366925896972        1.0072174436817252     
  0.94968414245534538        1.0071478354166743     
  0.94965464864250293        1.0070782298441774     
  0.94962518784798278        1.0070086269656975     
  0.94959576010990776        1.0069390267904714     
  0.94956636547623241        1.0068694293345586     
  0.94953700395710039        1.0067998345868328     
  0.94950767562263783        1.0067302425794760     
  0.94947838047693833        1.0066606532967577     
  0.94944911857210768        1.0065910667578710     
  0.94941988994988402        1.0065214829742519     
  0.94939069463344461        1.0064519019438873     
  0.94936153267761569        1.0063823236876079     
  0.94933240409563568        1.0063127481963281     
  0.94930330893415338        1.0062431754848367     
  0.94927424724897447        1.0061736055746917     
  0.94924521904550685        1.0061040384507198     
  0.94921622437498154        1.0060344741312175     
  0.94918726328368896        1.0059649126304251     
  0.94915833580506104        1.0058953539535012     
  0.94912944195700311        1.0058257980944239     
  0.94910058180299139        1.0057562450797899     
  0.94907175536112243        1.0056866949036141     
  0.94904296267279320        1.0056171475766653     
  0.94901420379059054        1.0055476031175083     
  0.94898547873479444        1.0054780615216006     
  0.94895678755530377        1.0054085228056784     
  0.94892813028370127        1.0053389869731748     
  0.94889950696417746        1.0052694540365961     
  0.94887091761305353        1.0051999239881797     
  0.94884236231008867        1.0051303968662513     
  0.94881384104903410        1.0050608726465327     
  0.94878535390503449        1.0049913513638389     
  0.94875690089185050        1.0049218330085250     
  0.94872848204361160        1.0048523175854074     
  0.94870009742628014        1.0047828051226275     
  0.94867174706543100        1.0047132956185734     
  0.94864343098228832        1.0046437890690665     
  0.94861514923837209        1.0045742854985826     
  0.94858690186831429        1.0045047849122632     
  0.94855868891394268        1.0044352873203193     
  0.94853051041027903        1.0043657927280740     
  0.94850236638480567        1.0042963011354276     
  0.94847425688280773        1.0042268125549099     
  0.94844618195530817        1.0041573270033686     
  0.94841814163939231        1.0040878444872692     
  0.94839013597491828        1.0040183650152983     
  0.94836216498433479        1.0039488885833217     
  0.94833422872636253        1.0038794152135804     
  0.94830632723218644        1.0038099449081566     
  0.94827846053771359        1.0037404776725569     
  0.94825062870831855        1.0036710135336160     
  0.94822283175539035        1.0036015524790698     
  0.94819506971956735        1.0035320945176669     
  0.94816734266208624        1.0034626396731146     
  0.94813965061233818        1.0033931879459521     
  0.94811199360259157        1.0033237393388788     
  0.94808437170087778        1.0032542938802080     
  0.94805678490910961        1.0031848515506638     
  0.94802923329910671        1.0031154123812618     
  0.94800171689914225        1.0030459763714643     
  0.94797423574890205        1.0029765435290838     
  0.94794678988936842        1.0029071138627392     
  0.94791937936707671        1.0028376873851266     
  0.94789200423049991        1.0027682641100095     
  0.94786466450162610        1.0026988440322255     
  0.94783736023733089        1.0026294271717637     
  0.94781009147031081        1.0025600135308570     
  0.94778285825291220        1.0024906031263210     
  0.94775566061110084        1.0024211959553240     
  0.94772849860014230        1.0023517920366638     
  0.94770137226618911        1.0022823913820864     
  0.94767428162803968        1.0022129939838171     
  0.94764722675029467        1.0021435998669799     
  0.94762020766586619        1.0020742090337478     
  0.94759322442127014        1.0020048214961379     
  0.94756627705339824        1.0019354372592020     
  0.94753936560937657        1.0018660563352091     
  0.94751249014260264        1.0017966787408121     
  0.94748565067004786        1.0017273044667885     
  0.94745884725414609        1.0016579335360503     
  0.94743207993895007        1.0015885659587107     
  0.94740534875286819        1.0015192017332410     
  0.94737865375815533        1.0014498408826005     
  0.94735199497204359        1.0013804833972331     
  0.94732537246339754        1.0013111293046515     
  0.94729878626812258        1.0012417786085692     
  0.94727223642501213        1.0011724313150099     
  0.94724572298188137        1.0011030874359055     
  0.94721924598450313        1.0010337469823005     
  0.94719280546585261        1.0009644099554773     
  0.94716640149359921        1.0008950763818560     
  0.94714003409094605        1.0008257462557533     
  0.94711370329540290        1.0007564195817689     
  0.94708740917275136        1.0006870963847541     
  0.94706115175488648        1.0006177766650368     
  0.94703493109156933        1.0005484604360053     
  0.94700874722936701        1.0004791477084396     
  0.94698260021410463        1.0004098384925486     
  0.94695649007387295        1.0003405327859474     
  0.94693041687378510        1.0002712306125787     
  0.94690438064934246        1.0002019319752289     
  0.94687838145622150        1.0001326368909653     
  0.94685241933296083        1.0000633453645327     
  0.94682649432207455       0.99999405740371239     
  0.94680060646354447       0.99992477301396987     
  0.94677475581362580       0.99985549221277958     
  0.94674894241514718       0.99978621500763531     
  0.94672316631717734       0.99971694141080458     
  0.94669742755936659       0.99964767142737299     
  0.94667172618462414       0.99957840506490536     
  0.94664606226062908       0.99950914234873911     
  0.94662043581547839       0.99943988327561584     
  0.94659484690123674       0.99937062785937791     
  0.94656929555118952       0.99930137610051839     
  0.94654378184040855       0.99923212802934847     
  0.94651830579965857       0.99916288364434336     
  0.94649286745482253       0.99909364294044223     
  0.94646746688731620       0.99902440595229469     
  0.94644210412773422       0.99895517267811329     
  0.94641677922726164       0.99888594313069135     
  0.94639149223078456       0.99881671731856292     
  0.94636624319635565       0.99874749525937501     
  0.94634103214932397       0.99867827694718181     
  0.94631585916537908       0.99860906241234504     
  0.94629072427337813       0.99853985165140424     
  0.94626562753249022       0.99847064468264612     
  0.94624056896960362       0.99840144150118426     
  0.94621554865642221       0.99833224213417038     
  0.94619056663527124       0.99826304658746878     
  0.94616562294433748       0.99819385486420609     
  0.94614071764347185       0.99812466698283420     
  0.94611585079133620       0.99805548296078272     
  0.94609102241228449       0.99798630279111877     
  0.94606623256961442       0.99791712649445097     
  0.94604148131028487       0.99784795407986293     
  0.94601676867940088       0.99777878555490274     
  0.94599209473808232       0.99770962093849458     
  0.94596745952115890       0.99764046023088382     
  0.94594286309548203       0.99757130345490885     
  0.94591830548940192       0.99750215060599434     
  0.94589378677706137       0.99743300171220628     
  0.94586930698939242       0.99736385677063544     
  0.94584486617913366       0.99729471579383899     
  0.94582046440024525       0.99722557879536333     
  0.94579610171107986       0.99715644579164753     
  0.94577177813567304       0.99708731677442375     
  0.94574749376734768       0.99701819178552054     
  0.94572324862530643       0.99694907081291662     
  0.94569904276186301       0.99687995386862616     
  0.94567487624022784       0.99681084097231243     
  0.94565074910225710       0.99674173212828143     
  0.94562666139876184       0.99667262734727569     
  0.94560261319885341       0.99660352665297880     
  0.94557860454029408       0.99653443004666464     
  0.94555463545093721       0.99646533752232280     
  0.94553070603393474       0.99639624912766545     
  0.94550681629849920       0.99632716484336481     
  0.94548296631544315       0.99625808469419408     
  0.94545915613843245       0.99618900869234017     
  0.94543538581723841       0.99611993684701994     
  0.94541165539934302       0.99605086916596408     
  0.94538796493519950       0.99598180565921024     
  0.94536431449451386       0.99591274634994242     
  0.94534070410641546       0.99584369123260252     
  0.94531713384135441       0.99577464033113539     
  0.94529360376063065       0.99570559366279010     
  0.94527011388976034       0.99563655121903316     
  0.94524666430253579       0.99556751302585067     
  0.94522325504420701       0.99549847908917133     
  0.94519988618148920       0.99542944942946887     
  0.94517655776122600       0.99536042405352942     
  0.94515326981326253       0.99529140295556395     
  0.94513002242152755       0.99522238616865843     
  0.94510681564063570       0.99515337370448098     
  0.94508364951224122       0.99508436556596525     
  0.94506052409405883       0.99501536176680705     
  0.94503743944096263       0.99494636231910394     
  0.94501439560581324       0.99487736723308184     
  0.94499139265715648       0.99480837653030885     
  0.94496843063061442       0.99473939020888469     
  0.94494550960654289       0.99467040829833520     
  0.94492262960949491       0.99460143078873764     
  0.94489979071753671       0.99453245770803145     
  0.94487699298714733       0.99446348906885929     
  0.94485423644943300       0.99439452486545499     
  0.94483152118237268       0.99432556512564774     
  0.94480884724815328       0.99425660986583275     
  0.94478621468060253       0.99418765908199025     
  0.94476362355584909       0.99411871280044950     
  0.94474107392916029       0.99404977103239456     
  0.94471856583733294       0.99398083377578250     
  0.94469609935880561       0.99391190105832417     
  0.94467367453991979       0.99384297288451229     
  0.94465129144198845       0.99377404926988477     
  0.94462895012913672       0.99370513023136242     
  0.94460665064124161       0.99363621576878913     
  0.94458439304848407       0.99356730590367337     
  0.94456217741055348       0.99349840064966044     
  0.94454000377747649       0.99342950001367414     
  0.94451787222100669       0.99336060401795512     
  0.94449578277754787       0.99329171265936123     
  0.94447373552293656       0.99322282596306266     
  0.94445173052109410       0.99315394394540102     
  0.94442976780323584       0.99308506659940488     
  0.94440784746382211       0.99301619396309293     
  0.94438596954063525       0.99294732603407443     
  0.94436413409145870       0.99287846282418279     
  0.94434234118209603       0.99280960435061916     
  0.94432059088115416       0.99274075063277223     
  0.94429888322201050       0.99267190166480479     
  0.94427721828451538       0.99260305747384492     
  0.94425559613650256       0.99253421807837172     
  0.94423401682411945       0.99246538348129854     
  0.94421248040619910       0.99239655369477453     
  0.94419098695676340       0.99232772874127195     
  0.94416953651383917       0.99225890861788091     
  0.94414812916248370       0.99219009335489394     
  0.94412676496041725       0.99212128296319169     
  0.94410544396367979       0.99205247745218850     
  0.94408416620714830       0.99198367681643551     
  0.94406293180454404       0.99191488110636361     
  0.94404174079173642       0.99184609031680526     
  0.94402059321641940       0.99177730445119361     
  0.94399948917039944       0.99170852354388617     
  0.94397842868715742       0.99163974758819018     
  0.94395741184429005       0.99157097660826399     
  0.94393643870486088       0.99150221061780996     
  0.94391550933199186       0.99143344963088831     
  0.94389462377511302       0.99136469365146629     
  0.94387378212193207       0.99129594271064769     
  0.94385298442045229       0.99122719681139249     
  0.94383223073655365       0.99115845596905960     
  0.94381152112595146       0.99108972019178299     
  0.94379085566936771       0.99102098950540618     
  0.94377023442321895       0.99095226391849167     
  0.94374965745236750       0.99088354344528284     
  0.94372912480715143       0.99081482808992694     
  0.94370863656086790       0.99074611787250721     
  0.94368819279318028       0.99067741281771315     
  0.94366779356040509       0.99060871293348973     
  0.94364743892326175       0.99054001823090776     
  0.94362712893382916       0.99047132871463606     
  0.94360686368884539       0.99040264442117221     
  0.94358664323645525       0.99033396535235996     
  0.94356646764613039       0.99026529152497844     
  0.94354633698945756       0.99019662295729816     
  0.94352625130183831       0.99012795964193945     
  0.94350621068379315       0.99005930161737521     
  0.94348621518546449       0.98999064888654587     
  0.94346626489500518       0.98992200147905307     
  0.94344635984993919       0.98985335938844354     
  0.94342650013272478       0.98978472264033535     
  0.94340668581477027       0.98971609125216098     
  0.94338691696696797       0.98964746524083635     
  0.94336719364081334       0.98957884460983758     
  0.94334751590929911       0.98951022937728361     
  0.94332788384778588       0.98944161956323184     
  0.94330829750634726       0.98937301516948373     
  0.94328875698281112       0.98930441623175025     
  0.94326926233297281       0.98923582275588207     
  0.94324981361934179       0.98916723475222057     
  0.94323041091584370       0.98909865223939197     
  0.94321105430008012       0.98903007523816078     
  0.94319174382188553       0.98896150374973302     
  0.94317247956873274       0.98889293780186016     
  0.94315326158828305       0.98882437739401841     
  0.94313408997887749       0.98875582256141525     
  0.94311496481126778       0.98868727331973172     
  0.94309588612012429       0.98861872965885900     
  0.94307685401772823       0.98855019162369440     
  0.94305786855296136       0.98848165921397679     
  0.94303892979477988       0.98841313244364326     
  0.94302003782772403       0.98834461133747520     
  0.94300119271498817       0.98827609590543186     
  0.94298239452451960       0.98820758616021986     
  0.94296364333421800       0.98813908212165880     
  0.94294493922915268       0.98807058381484980     
  0.94292628225436859       0.98800209123586191     
  0.94290767250350549       0.98793360441568456     
  0.94288911004654530       0.98786512336798227     
  0.94287059495168246       0.98779664810534118     
  0.94285212729152945       0.98772817864314921     
  0.94283370714508663       0.98765971500155658     
  0.94281533458287758       0.98759125719411966     
  0.94279700966856239       0.98752280522998681     
  0.94277873249632282       0.98745435913937840     
  0.94276050312452320       0.98738591892697880     
  0.94274232163823546       0.98731748461678259     
  0.94272418809903868       0.98724905621571424     
  0.94270610260060062       0.98718063375318343     
  0.94268806521297355       0.98711221724209697     
  0.94267007600463504       0.98704380669387193     
  0.94265213504123258       0.98697540211803803     
  0.94263424243094551       0.98690700355385064     
  0.94261639822304522       0.98683861099892101     
  0.94259860249641247       0.98677022447186935     
  0.94258085534299718       0.98670184400015648     
  0.94256315682315850       0.98663346958895448     
  0.94254550701657258       0.98656510125684627     
  0.94252790601965597       0.98649673903421586     
  0.94251035387877780       0.98642838291615453     
  0.94249285070455235       0.98636003294273011     
  0.94247539654042412       0.98629168910663245     
  0.94245799149229625       0.98622335144451045     
  0.94244063563186520       0.98615501996865385     
  0.94242332904037285       0.98608669469806820     
  0.94240607178115521       0.98601837563898187     
  0.94238886394350918       0.98595006281588349     
  0.94237170561657979       0.98588175625306174     
  0.94235459686924161       0.98581345596027758     
  0.94233753777238793       0.98574516194844608     
  0.94232052841993597       0.98567687424505268     
  0.94230356889628286       0.98560859287043001     
  0.94228665926292143       0.98554031782869844     
  0.94226979963200463       0.98547204915948239     
  0.94225299006559793       0.98540378686721919     
  0.94223623063917528       0.98533553096561777     
  0.94221952143978249       0.98526728147618858     
  0.94220286254744312       0.98519903841561063     
  0.94218625404731682       0.98513080180394896     
  0.94216969603524470       0.98506257166873346     
  0.94215318856384411       0.98499434800695995     
  0.94213673174665413       0.98492613085827085     
  0.94212032564567261       0.98485792022594787     
  0.94210397035794935       0.98478971613795385     
  0.94208766595068905       0.98472151860087664     
  0.94207141253577231       0.98465332765296076     
  0.94205521016143456       0.98458514328710889     
  0.94203905894179729       0.98451696554283818     
  0.94202295894860844       0.98444879442956879     
  0.94200691027706052       0.98438062997303277     
  0.94199091299810345       0.98431247218192097     
  0.94197496719801777       0.98424432107543491     
  0.94195907298444570       0.98417617668783397     
  0.94194323040843086       0.98410803901324251     
  0.94192743958912784       0.98403990809376496     
  0.94191170059327900       0.98397178393435669     
  0.94189601352216712       0.98390366656412520     
  0.94188037845007011       0.98383555599327688     
  0.94186479546861346       0.98376745224392015     
  0.94184926467126540       0.98369935533924080     
  0.94183378613205371       0.98363126528875655     
  0.94181835996385277       0.98356318212918625     
  0.94180298622508485       0.98349510585866595     
  0.94178766503286582       0.98342703651672414     
  0.94177239645280675       0.98335897410623907     
  0.94175718059604385       0.98329091866226759     
  0.94174201753510989       0.98322287019227250     
  0.94172690736786102       0.98315482872168358     
  0.94171185017456160       0.98308679426322609     
  0.94169684606205772       0.98301876684827494     
  0.94168189511839784       0.98295074649473790     
  0.94166699740991722       0.98288273320533504     
  0.94165215307270167       0.98281472703132211     
  0.94163736216595340       0.98274672797016482     
  0.94162262478089098       0.98267873604155187     
  0.94160794102404355       0.98261075127558428     
  0.94159331099519528       0.98254277369775056     
  0.94157873476131515       0.98247480331023118     
  0.94156421242263666       0.98240684013846269     
  0.94154974409148373       0.98233888421614446     
  0.94153532985147459       0.98227093555680811     
  0.94152096979525168       0.98220299418007584     
  0.94150666400839433       0.98213506010047125     
  0.94149241259320982       0.98206713334414275     
  0.94147821566145928       0.98199921394367740     
  0.94146407328608817       0.98193130190436662     
  0.94144998556106085       0.98186339724607508     
  0.94143595259880852       0.98179550000137605     
  0.94142197448556608       0.98172761018446597     
  0.94140805132431937       0.98165972782106214     
  0.94139418320678858       0.98159185292878504     
  0.94138037023246512       0.98152398553065234     
  0.94136661250114495       0.98145612564955809     
  0.94135291009670097       0.98138827329729894     
  0.94133926314243377       0.98132042851320733     
  0.94132567171909076       0.98125259130633136     
  0.94131213594405461       0.98118476171138991     
  0.94129865587474659       0.98111693972105640     
  0.94128523165448252       0.98104912538782030     
  0.94127186337633639       0.98098131872883687     
  0.94125855112014134       0.98091351975222019     
  0.94124529499828924       0.98084572848812213     
  0.94123209510939310       0.98077794495722470     
  0.94121895156359969       0.98071016918817622     
  0.94120586445716192       0.98064240119951196     
  0.94119283388153430       0.98057464100649649     
  0.94117985995010323       0.98050688863927915     
  0.94116694276525192       0.98043914412059119     
  0.94115408243834398       0.98037140747871854     
  0.94114127905657508       0.98030367872540003     
  0.94112853272701968       0.98023595788576934     
  0.94111584355322242       0.98016824498253496     
  0.94110321165567845       0.98010054004997604     
  0.94109063711256746       0.98003284309256322     
  0.94107812005943026       0.97996515415478380     
  0.94106566057204033       0.97989747323931176     
  0.94105325877251100       0.97982980038073109     
  0.94104091476880602       0.97976213560379222     
  0.94102862865918813       0.97969447892633699     
  0.94101640055840630       0.97962683037738651     
  0.94100423056438032       0.97955918997399527     
  0.94099211879045597       0.97949155774407304     
  0.94098006534514567       0.97942393371180425     
  0.94096807034252394       0.97935631790500333     
  0.94095613387398480       0.97928871033566067     
  0.94094425606665144       0.97922111104044951     
  0.94093243703666296       0.97915352004815603     
  0.94092067684970926       0.97908593735238014     
  0.94090897566690590       0.97901836301266376     
  0.94089733357612204       0.97895079703784105     
  0.94088575067422953       0.97888323944250266     
  0.94087422710406410       0.97881569027309523     
  0.94086276297427052       0.97874814955237399     
  0.94085135835825984       0.97868061727768629     
  0.94084001342530754       0.97861309351388082     
  0.94082872824577024       0.97854557825595712     
  0.94081750294434685       0.97847807153695832     
  0.94080633764258237       0.97841057338745707     
  0.94079523244588126       0.97834308382662227     
  0.94078418747489179       0.97827560288390891     
  0.94077320284258137       0.97820813058344835     
  0.94076227865791917       0.97814066694639323     
  0.94075141504935189       0.97807321200688713     
  0.94074061211873106       0.97800576578081999     
  0.94072987000061958       0.97793832830662619     
  0.94071918879406935       0.97787089959738083     
  0.94070856862659313       0.97780347968640768     
  0.94069800961099526       0.97773606859597917     
  0.94068751187052135       0.97766866635590388     
  0.94067707552599422       0.97760127299381505     
  0.94066670068695446       0.97753388852958700     
  0.94065638748508495       0.97746651299785081     
  0.94064613602583824       0.97739914641534720     
  0.94063594645423199       0.97733178882563998     
  0.94062581885240815       0.97726444022866077     
  0.94061575338210701       0.97719710067940790     
  0.94060575014187742       0.97712977018860014     
  0.94059580925113240       0.97706244878159898     
  0.94058593085340336       0.97699513649986636     
  0.94057611504987626       0.97692783335565569     
  0.94056636198973131       0.97686053939400297     
  0.94055667176715418       0.97679325462192346     
  0.94054704451173188       0.97672597907033454     
  0.94053748036980667       0.97665871278193928     
  0.94052797944867639       0.97659145577202600     
  0.94051854187930517       0.97652420807203477     
  0.94050916779188876       0.97645696971258511     
  0.94049985730623664       0.97638974071721663     
  0.94049061055858962       0.97632252112029250     
  0.94048142765743048       0.97625531093690721     
  0.94047230875098708       0.97618811020918950     
  0.94046325396216957       0.97612091896197117     
  0.94045426342046379       0.97605373722403577     
  0.94044533725196666       0.97598656502169323     
  0.94043647559595400       0.97591940239039676     
  0.94042767856194331       0.97585224934443926     
  0.94041894630545486       0.97578510592988521     
  0.94041027895108154       0.97571797217104961     
  0.94040167661277119       0.97565084808493852     
  0.94039313944665104       0.97558373371705798     
  0.94038466756654604       0.97551662908402348     
  0.94037626112979467       0.97544953423169845     
  0.94036792025530846       0.97538244917948014     
  0.94035964507092373       0.97531537395266943     
  0.94035143572492375       0.97524830859041367     
  0.94034329235191105       0.97518125312231407     
  0.94033521507716056       0.97511420757088318     
  0.94032720404174408       0.97504717196986013     
  0.94031925938056116       0.97498014634816843     
  0.94031138125705915       0.97491313075404484     
  0.94030356977074525       0.97484612519170533     
  0.94029582508370657       0.97477912970820169     
  0.94028814732026922       0.97471214432406594     
  0.94028053663792521       0.97464516908272592     
  0.94027299316280055       0.97457820400567496     
  0.94026551704533834       0.97451124913079057     
  0.94025810841980451       0.97444430448470398     
  0.94025076742173086       0.97437737009451897     
  0.94024349420637532       0.97431044600093131     
  0.94023628892316502       0.97424353224003546     
  0.94022915169892074       0.97417662883237688     
  0.94022208267249385       0.97410973580636617     
  0.94021508200801562       0.97404285320769335     
  0.94020814984776824       0.97397598106645467     
  0.94020128633299338       0.97390911941222069     
  0.94019449160557700       0.97384226827434395     
  0.94018776581357588       0.97377542768647474     
  0.94018110911318375       0.97370859768734119     
  0.94017452163379711       0.97364177829711462     
  0.94016800353910757       0.97357496955917389     
  0.94016155498355947       0.97350817151040436     
  0.94015517611877797       0.97344138418549497     
  0.94014886706227108       0.97337460759516548     
  0.94014262799862069       0.97330784179621765     
  0.94013645907696963       0.97324108682093768     
  0.94013036044453757       0.97317434269940772     
  0.94012433223730330       0.97310760945457175     
  0.94011837462797576       0.97304088713350467     
  0.94011248776068634       0.97297417576397305     
  0.94010667179735641       0.97290747538535127     
  0.94010092690339953       0.97284078603923274     
  0.94009525320843013       0.97277410774230810     
  0.94008965087934426       0.97270744053664260     
  0.94008412008464570       0.97264078446524638     
  0.94007866097499149       0.97257413955821193     
  0.94007327370040705       0.97250750584507095     
  0.94006795842205315       0.97244088336293732     
  0.94006271531284225       0.97237427215652716     
  0.94005754452561385       0.97230767225621140     
  0.94005244621874584       0.97224108369640128     
  0.94004742054585710       0.97217450650754644     
  0.94004246769673661       0.97210794074467766     
  0.94003758780269608       0.97204138642265026     
  0.94003278105224741       0.97197484359478703     
  0.94002804759103487       0.97190831228521013     
  0.94002338760074933       0.97184179254203207     
  0.94001880122286430       0.97177528438572081     
  0.94001428863634251       0.97170878786222992     
  0.94000985003724413       0.97164230302859966     
  0.94000548553824659       0.97157582988463342     
  0.94000119535868254       0.97150936850269487     
  0.93999697962749640       0.97144291889333434     
  0.93999283853640547       0.97137648110934582     
  0.93998877225432309       0.97131005518774438     
  0.93998478093973603       0.97124364115814010     
  0.93998086478256637       0.97117723907109310     
  0.93997702395087779       0.97111084896225019     
  0.93997325859404368       0.97104447085380730     
  0.93996956892830685       0.97097810481362656     
  0.93996595509122161       0.97091175085519343     
  0.93996241728257079       0.97084540903436600     
  0.93995895566876420       0.97077907938382701     
  0.93995557042598821       0.97071276194259704     
  0.93995226173598456       0.97064645675306671     
  0.93994902976231631       0.97058016384498635     
  0.93994587470594793       0.97051388327332222     
  0.93994279672639180       0.97044761506423194     
  0.93993979603123323       0.97038135927636859     
  0.93993687278230875       0.97031511593695363     
  0.93993402716814667       0.97024888509103069     
  0.93993125935424093       0.97018266676744658     
  0.93992856955217952       0.97011646102631577     
  0.93992595793890843       0.97005026790360993     
  0.93992342468674006       0.96998408743189568     
  0.93992096998337860       0.96991791965378193     
  0.93991859403735811       0.96985176462576161     
  0.93991629700038792       0.96978562236520560     
  0.93991407910020852       0.96971949294100490     
  0.93991194050400717       0.96965337638035209     
  0.93990988141095511       0.96958727273172030     
  0.93990790200409136       0.96952118203262849     
  0.93990600247590139       0.96945510432613036     
  0.93990418303235057       0.96938903966451684     
  0.93990244385149646       0.96932298808035322     
  0.93990078513749598       0.96925694962386422     
  0.93989920707535346       0.96919092433174170     
  0.93989770987632415       0.96912491225804920     
  0.93989629371306238       0.96905891343044048     
  0.93989495881027241       0.96899292791135194     
  0.93989370535899119       0.96892695573996412     
  0.93989253355174129       0.96886099695613748     
  0.93989144359371746       0.96879505160802948     
  0.93989043568332553       0.96872911973856790     
  0.93988951001906385       0.96866320139042583     
  0.93988866682801420       0.96859729662540506     
  0.93988790629352170       0.96853140547500616     
  0.93988722861342977       0.96846552798033470     
  0.93988663401433847       0.96839966420139012     
  0.93988612267953553       0.96833381416862774     
  0.93988569483116879       0.96826797793826247     
  0.93988535069920043       0.96820215557143319     
  0.93988509045021174       0.96813634708590912     
  0.93988491432946897       0.96807055255217123     
  0.93988482253922778       0.96800477201151214     
  0.93988481527471024       0.96793900549969258     
  0.93988489276518883       0.96787325307520444     
  0.93988505522530075       0.96780751478619498     
  0.93988530287192762       0.96774179068198374     
  0.93988563591683127       0.96767608080777989     
  0.93988605457264851       0.96761038520917442     
  0.93988655907505558       0.96754470394663827     
  0.93988714962858211       0.96747903705929239     
  0.93988782645680058       0.96741338459875914     
  0.93988858978762491       0.96734774661894229     
  0.93988943982328577       0.96728212315605433     
  0.93989037681307586       0.96721651427757882     
  0.93989140097524304       0.96715092002953817     
  0.93989251252517758       0.96708534045570327     
  0.93989371168605074       0.96701977560443331     
  0.93989499871480875       0.96695422554658805     
  0.93989637381716717       0.96688869031784808     
  0.93989783721919640       0.96682316996724427     
  0.93989938916750526       0.96675766455707857     
  0.93990102987893132       0.96669217412913866     
  0.93990275959490976       0.96662669874138696     
  0.93990457855564280       0.96656123845028863     
  0.93990648698705648       0.96649579330239488     
  0.93990848512802105       0.96643036335232491     
  0.93991057321376370       0.96636494865163469     
  0.93991275148823794       0.96629954925782746     
  0.93991502018771589       0.96623416522193273     
  0.93991737956058619       0.96616879660309474     
  0.93991982983424238       0.96610344344582766     
  0.93992237126778988       0.96603810581514682     
  0.93992500410000956       0.96597278376239104     
  0.93992772857145779       0.96590747733888094     
  0.93993054492804173       0.96584218659962773     
  0.93993345343754597       0.96577691161363666     
  0.93993645431769024       0.96571165241553381     
  0.93993954784687572       0.96564640908028399     
  0.93994273427599351       0.96558118166410301     
  0.93994601384960297       0.96551597021788327     
  0.93994938680503359       0.96545077478751540     
  0.93995285341913049       0.96538559544478586     
  0.93995641394861862       0.96532043224730801     
  0.93996006863675596       0.96525528524331794     
  0.93996381776090654       0.96519015450304990     
  0.93996766156848932       0.96512504007636168     
  0.93997160033708038       0.96505994203270051     
  0.93997563430860454       0.96499486041684879     
  0.93997976375405634       0.96492979529281786     
  0.93998398895132662       0.96486474672841349     
  0.93998831016862561       0.96479971478432647     
  0.93999272764402675       0.96473469950074198     
  0.93999724167679810       0.96466970095804916     
  0.94000185253005919       0.96460471921174529     
  0.94000656047886821       0.96453975432501360     
  0.94001136577977851       0.96447480634774918     
  0.94001626874555599       0.96440987536703193     
  0.94002126961801002       0.96434496142166626     
  0.94002636868363287       0.96428006457994675     
  0.94003156622830397       0.96421518490891389     
  0.94003686252602292       0.96415032246745425     
  0.94004225788010731       0.96408547733288819     
  0.94004775254052464       0.96402064954647204     
  0.94005334681483632       0.96395583918744132     
  0.94005904098478876       0.96389104631687339     
  0.94006483533352780       0.96382627099636087     
  0.94007073016191911       0.96376151329856885     
  0.94007672575520584       0.96369677328507686     
  0.94008282239361729       0.96363205101350036     
  0.94008902039928566       0.96356734656870313     
  0.94009532004997065       0.96350266000519547     
  0.94010172163225036       0.96343799138302055     
  0.94010822547005213       0.96337334078587389     
  0.94011483184914102       0.96330870827188697     
  0.94012154106079737       0.96324409390186561     
  0.94012835343899803       0.96317949776458300     
  0.94013526927542834       0.96311491991948439     
  0.94014228886164319       0.96305036042582526     
  0.94014941251042128       0.96298581935592908     
  0.94015664056059767       0.96292129679878569     
  0.94016397329303769       0.96285679280408720     
  0.94017141103362023       0.96279230745085287     
  0.94017895408091501       0.96272784079891571     
  0.94018660277455257       0.96266339293523584     
  0.94019435742443380       0.96259896392570865     
  0.94020221834137852       0.96253455383606668     
  0.94021018586719463       0.96247016275249941     
  0.94021826031296130       0.96240579073948473     
  0.94022644200924033       0.96234143787384896     
  0.94023473126454127       0.96227710421694912     
  0.94024312842875402       0.96221278985680270     
  0.94025163382738097       0.96214849486458986     
  0.94026024779858930       0.96208421931913402     
  0.94026897065734483       0.96201996328298101     
  0.94027780275810979       0.96195572684398589     
  0.94028674443542892       0.96189151007606288     
  0.94029579602239122       0.96182731305136471     
  0.94030495787255663       0.96176313585493556     
  0.94031423031603389       0.96169897855522279     
  0.94032361371394679       0.96163484124045073     
  0.94033310838890560       0.96157072397275511     
  0.94034271472267572       0.96150662685220945     
  0.94035243305159399       0.96144254994807621     
  0.94036226370812381       0.96137849332647729     
  0.94037220707723179       0.96131445708685070     
  0.94038226351130272       0.96125044130703208     
  0.94039243336787837       0.96118644606669978     
  0.94040271699921629       0.96112247144129359     
  0.94041311478060063       0.96105851752089666     
  0.94042362706438076       0.96099458437920238     
  0.94043425422045746       0.96093067210075767     
  0.94044499663221570       0.96086678077794230     
  0.94045585466686454       0.96080291049193312     
  0.94046682869116005       0.96073906132218956     
  0.94047791907954226       0.96067523335267857     
  0.94048912622623215       0.96061142667930766     
  0.94050045050592623       0.96054764138417148     
  0.94051189227755883       0.96048387753815334     
  0.94052345196349429       0.96042013525294856     
  0.94053512991568211       0.96035641459263288     
  0.94054692653499283       0.96029271565290497     
  0.94055884224805075       0.96022903854516417     
  0.94057087738761891       0.96016538331832224     
  0.94058303239900742       0.96010175009383625     
  0.94059530767415445       0.96003813895776802     
  0.94060770357703161       0.95997454997628329     
  0.94062022055112260       0.95991098326696012     
  0.94063285897967652       0.95984743890657231     
  0.94064561928988788       0.95978391700008325     
  0.94065850187369859       0.95972041762787696     
  0.94067150716695735       0.95965694089849640     
  0.94068463555793369       0.95959348688768475     
  0.94069788747716521       0.95953005569867078     
  0.94071126334072497       0.95946664742324095     
  0.94072476358532364       0.95940326216603189     
  0.94073838863299741       0.95933990002092240     
  0.94075213889335951       0.95927656107275527     
  0.94076601482135036       0.95921324543471875     
  0.94078001683661272       0.95914995319563467     
  0.94079414537502937       0.95908668445422030     
  0.94080840088122519       0.95902343931329304     
  0.94082278380630169       0.95896021787928754     
  0.94083729456354248       0.95889702023228329     
  0.94085193362626907       0.95883384649076286     
  0.94086670144087658       0.95877069675432425     
  0.94088159845483943       0.95870757112203175     
  0.94089662511627015       0.95864446969223516     
  0.94091178189867486       0.95858139257864883     
  0.94092706924528979       0.95851833987384905     
  0.94094248765206889       0.95845531170393905     
  0.94095803754821727       0.95839230814991472     
  0.94097371942707053       0.95832932933365567     
  0.94098953375662342       0.95826637535886916     
  0.94100548099735581       0.95820344632340981     
  0.94102156165048467       0.95814054235027823     
  0.94103777619366069       0.95807766354581236     
  0.94105412509990405       0.95801481001211419     
  0.94107060886452587       0.95795198186448349     
  0.94108722797469091       0.95788917921155370     
  0.94110398293701536       0.95782640217311954     
  0.94112087423884727       0.95776365085529536     
  0.94113790237463057       0.95770092536767315     
  0.94115506785450620       0.95763822582819524     
  0.94117237119313935       0.95757555235660818     
  0.94118981290278525       0.95751290506960185     
  0.94120739348182492       0.95745028407359722     
  0.94122511345194582       0.95738768948873554     
  0.94124297334941243       0.95732512144306414     
  0.94126097367874684       0.95726258004249853     
  0.94127911496878824       0.95720006540765912     
  0.94129739776758548       0.95713757766956853     
  0.94131582260378033       0.95707511694579084     
  0.94133438999692332       0.95701268334610823     
  0.94135310051532539       0.95695027701054680     
  0.94137195469941581       0.95688789805945129     
  0.94139095305962917       0.95682554659243690     
  0.94141009620617166       0.95676322277177739     
  0.94142938466303994       0.95670092670263196     
  0.94144881899766286       0.95663865851662822     
  0.94146839978540975       0.95657641834904161     
  0.94148812757502576       0.95651420631624740     
  0.94150800293293602       0.95645202254442174     
  0.94152802646168521       0.95638986718130914     
  0.94154819873250994       0.95632774035297652     
  0.94156852031480687       0.95626564218256949     
  0.94158899180243127       0.95620357280728918     
  0.94160961380255315       0.95614153237126920     
  0.94163038689610512       0.95607952100021210     
  0.94165131169609584       0.95601753883823293     
  0.94167238878298920       0.95595558600729980     
  0.94169361878124380       0.95589366265570697     
  0.94171500229958049       0.95583176891968014     
  0.94173653996460915       0.95576990494543457     
  0.94175823239255385       0.95570807087066012     
  0.94178008019833259       0.95564626683021614     
  0.94180208403583121       0.95558449298241255     
  0.94182424451067659       0.95552274945234750     
  0.94184656228837693       0.95546103640193503     
  0.94186903801197863       0.95539935397683318     
  0.94189167229801751       0.95533770230359416     
  0.94191446585047489       0.95527608156291066     
  0.94193741928183772       0.95521449187499130     
  0.94196053327241280       0.95515293340153062     
  0.94198380848356633       0.95509140629008460     
  0.94200724561166671       0.95502991070859977     
  0.94203084531054682       0.95496844679548820     
  0.94205460829338261       0.95490701472563466     
  0.94207853518845797       0.95484561461717288     
  0.94210262675944456       0.95478424667289608     
  0.94212688365026542       0.95472291101664142     
  0.94215130657633417       0.95466160781608078     
  0.94217589627495490       0.95460033725083093     
  0.94220065341804027       0.95453909945627990     
  0.94222557874094626       0.95447789460622923     
  0.94225067299531051       0.95441672288249380     
  0.94227593686927924       0.95435558442461232     
  0.94230137111944767       0.95429447941309009     
  0.94232697650049513       0.95423340802479462     
  0.94235275372058636       0.95417237040528557     
  0.94237870355285325       0.95411136673860353     
  0.94240482676399095       0.95405039720216500     
  0.94243112412386287       0.95398946197384216     
  0.94245759637899884       0.95392856121349245     
  0.94248424431869926       0.95386769510607716     
  0.94251106870519719       0.95380686381704893     
  0.94253807036072845       0.95374606754688684     
  0.94256525005355596       0.95368530646001348     
  0.94259260859596972       0.95362458074573453     
  0.94262014679236816       0.95356389058628588     
  0.94264786545273183       0.95350323616430843     
  0.94267576540322062       0.95344261767029936     
  0.94270384748616187       0.95338203530260335     
  0.94273211247066502       0.95332148921029547     
  0.94276056126878038       0.95326097963026524     
  0.94278919469373834       0.95320050673402235     
  0.94281801360129247       0.95314007071747209     
  0.94284701885442823       0.95307967177824882     
  0.94287621131057531       0.95301931010744823     
  0.94290559184902589       0.95295898590755557     
  0.94293516138090250       0.95289869939758853     
  0.94296492073468818       0.95283845074242224     
  0.94299487084866684       0.95277824017231327     
  0.94302501260393201       0.95271806787937918     
  0.94305534695950943       0.95265793410097854     
  0.94308587475095518       0.95259783899450867     
  0.94311659698416095       0.95253778282071944     
  0.94314751453972079       0.95247776575917031     
  0.94317862838341127       0.95241778803920452     
  0.94320993946771625       0.95235784987917615     
  0.94324144872679627       0.95229795148246255     
  0.94327315715487114       0.95223809308678464     
  0.94330506568273098       0.95217827488716245     
  0.94333717535151063       0.95211849714396934     
  0.94336948712662594       0.95205876006740497     
  0.94340200198116297       0.95199906386851274     
  0.94343472094429515       0.95193940879053129     
  0.94346764503212377       0.95187979506451648     
  0.94350077527642739       0.95182022292823387     
  0.94353411269498844       0.95176069260710316     
  0.94356765832704792       0.95170120433626104     
  0.94360141326586533       0.95164175838085907     
  0.94363537852604196       0.95158235495367238     
  0.94366955519769502       0.95152299431021736     
  0.94370394437232097       0.95146367670376131     
  0.94373854713397609       0.95140440237866586     
  0.94377336455415461       0.95134517156835108     
  0.94380839779035808       0.95128598455476754     
  0.94384364792757081       0.95122684157169946     
  0.94387911610865505       0.95116774288462513     
  0.94391480347567369       0.95110868875455679     
  0.94395071116433049       0.95104967943445540     
  0.94398684036387270       0.95099071520621081     
  0.94402319221892061       0.95093179632042546     
  0.94405976792623070       0.95087292305492477     
  0.94409656867217573       0.95081409567764108     
  0.94413359566388466       0.95075531446460382     
  0.94417085014127378       0.95069657970781518     
  0.94420833328531883       0.95063789165843171     
  0.94424604638431897       0.95057925062935378     
  0.94428399063843171       0.95052065687465348     
  0.94432216735088825       0.95046211070737352     
  0.94436057779057336       0.95040361241447624     
  0.94439922322008174       0.95034516227501586     
  0.94443810495948177       0.95028676059792661     
  0.94447722430399772       0.95022840767211725     
  0.94451658259779359       0.95017010381213385     
  0.94455618117091011       0.95011184931871229     
  0.94459602137107290       0.95005364449820562     
  0.94463610455894809       0.94999548966000091     
  0.94467643213204144       0.94993738513096471     
  0.94471700544718373       0.94987933120771484     
  0.94475782593742796       0.94982132822857857     
  0.94479889499134029       0.94976337649873077     
  0.94484021407491436       0.94970547636600233     
  0.94488178460547567       0.94964762814244519     
  0.94492360806530207       0.94958983217463244     
  0.94496568591733354       0.94953208879118511     
  0.94500801964541714       0.94947439832826197     
  0.94505061080319097       0.94941676115874063     
  0.94509346084732859       0.94935917759017074     
  0.94513657134007933       0.94930164798880889     
  0.94517994386402715       0.94924417272747497     
  0.94522357995463491       0.94918675214349901     
  0.94526748120698645       0.94912938660518187     
  0.94531164921859379       0.94907207647509439     
  0.94535608559977713       0.94901482211802202     
  0.94540079201340022       0.94895762392365912     
  0.94544577010961528       0.94890048226786028     
  0.94549102151058340       0.94884339750265934     
  0.94553654796942244       0.94878637005284516     
  0.94558235116711864       0.94872940029249930     
  0.94562843282103937       0.94867248861074449     
  0.94567479469468885       0.94861563541805183     
  0.94572143852205781       0.94855884109974986     
  0.94576836611882442       0.94850210608293684     
  0.94581557923317772       0.94844543074730758     
  0.94586307977946460       0.94838881556459831     
  0.94591086950493564       0.94833226089908662     
  0.94595895031038035       0.94827576719902551     
  0.94600732409147925       0.94821933490301535     
  0.94605599274785634       0.94816296444300752     
  0.94610495816804951       0.94810665623694890     
  0.94615422233987623       0.94805041075404317     
  0.94620378722179566       0.94799422843798486     
  0.94625365482462453       0.94793810975515091     
  0.94630382713193006       0.94788205514773183     
  0.94635430619366046       0.94782606508797407     
  0.94640509407317330       0.94777014004853211     
  0.94645619284681715       0.94771428050063211     
  0.94650760465362971       0.94765848694385313     
  0.94655933157308803       0.94760275983295428     
  0.94661137581962385       0.94754709969458673     
  0.94666373958747729       0.94749150703305174     
  0.94671642504179454       0.94743598232662540     
  0.94676943441317019       0.94738052608209844     
  0.94682277003854509       0.94732513886024816     
  0.94687643417461642       0.94726982116387881     
  0.94693042911124203       0.94721457350537619     
  0.94698475722525022       0.94715939643826697     
  0.94703942091034155       0.94710429051577238     
  0.94709442253985687       0.94704925626865644     
  0.94714976455905464       0.94699429425879533     
  0.94720544946860008       0.94693940507010377     
  0.94726147970737407       0.94688458923918306     
  0.94731785788388423       0.94682984739065745     
  0.94737458649825634       0.94677518007456374     
  0.94743166816862934       0.94672058789759206     
  0.94748910553824972       0.94666607147063886     
  0.94754690120803442       0.94661163136648752     
  0.94760505798432193       0.94655726826662967     
  0.94766357849705884       0.94650298273718070     
  0.94772246554975681       0.94644877543167061     
  0.94778172195960930       0.94639464700069209     
  0.94784135056223140       0.94634059809062776     
  0.94790135420333366       0.94628662934156837     
  0.94796173583200560       0.94623274143962077     
  0.94802249839509378       0.94617893505625839     
  0.94808364492942454       0.94612521090097301     
  0.94814517840121426       0.94607156962818773     
  0.94820710190962743       0.94601801195427637     
  0.94826941865838921       0.94596453864235164     
  0.94833213169441721       0.94591115034867446     
  0.94839524427145905       0.94585784783452154     
  0.94845875965277249       0.94580463185092623     
  0.94852268111356031       0.94575150313972411     
  0.94858701207131346       0.94569846250930423     
  0.94865175580006200       0.94564551066744218     
  0.94871691585206930       0.94559264846714586     
  0.94878249563875272       0.94553987666184303     
  0.94884849876593902       0.94548719610050125     
  0.94891492873082350       0.94543460755003428     
  0.94898178932720723       0.94538211193267263     
  0.94904908409821553       0.94532971000493249     
  0.94911681693038019       0.94527740270333405     
  0.94918499148672975       0.94522519081660050     
  0.94925361176622791       0.94517307530686123     
  0.94932268161566269       0.94512105702860538     
  0.94939220514496114       0.94506913696595007     
  0.94946218621191836       0.94501731593926985     
  0.94953262906235758       0.94496559496833044     
  0.94960353783049034       0.94491397498809970     
  0.94967491675899340       0.94486245697284543     
  0.94974677011300890       0.94481104188780840     
  0.94981910226587341       0.94475973073596409     
  0.94989191769202663       0.94470852455505250     
  0.94996522095434210       0.94465742440823519     
  0.95003901650219214       0.94460643127060651     
  0.95011330910597613       0.94455554627361327     
  0.95018810347336469       0.94450477048786863     
  0.95026340436172785       0.94445410498652171     
  0.95033921672581245       0.94440355092660577     
  0.95041554550519058       0.94435310943047968     
  0.95049239580468148       0.94430278168499115     
  0.95056977267415388       0.94425256881818598     
  0.95064768141946032       0.94420247207313912     
  0.95072612730597550       0.94415249264059409     
  0.95080511577751436       0.94410263178028797     
  0.95088465233706754       0.94405289075556353     
  0.95096474258394403       0.94400327085080793     
  0.95104539219483519       0.94395377336200503     
  0.95112660694429574       0.94390439960614025     
  0.95120839281283653       0.94385515098194739     
  0.95129075572057153       0.94380602881947817     
  0.95137370182266701       0.94375703454337845     
  0.95145723737027854       0.94370816959665205     
  0.95154136861439875       0.94365943538451480     
  0.95162610216784194       0.94361083347448660     
  0.95171144447440215       0.94356236530185134     
  0.95179740225015008       0.94351403241242748     
  0.95188398239127714       0.94346583641102610     
  0.95197119179817824       0.94341777886181077     
  0.95205903762745503       0.94336986142897872     
  0.95214752703420025       0.94332208573028276     
  0.95223666740345159       0.94327445346571581     
  0.95232646630970108       0.94322696639254555     
  0.95241693134081351       0.94317962622868667     
  0.95250807037321428       0.94313243480018560     
  0.95259989133813083       0.94308539391377877     
  0.95269240247347953       0.94303850549318458     
  0.95278561198744027       0.94299177139251755     
  0.95287952828158351       0.94294519351738371     
  0.95297416020034909       0.94289877395859123     
  0.95306951646387195       0.94285251468269771     
  0.95316560613961077       0.94280641778683316     
  0.95326243838006797       0.94276048535311663     
  0.95336002266467534       0.94271471957933384     
  0.95345836859018407       0.94266912266329905     
  0.95355748592642198       0.94262369683052205     
  0.95365738483267404       0.94257844444883709     
  0.95375807549404445       0.94253336783224118     
  0.95385956848509945       0.94248846943079156     
  0.95396187449386594       0.94244375168413130     
  0.95406500449972609       0.94239921711197527     
  0.95416896985997002       0.94235486835768478     
  0.95427378191004764       0.94231070797371264     
  0.95437945252867074       0.94226673872060596     
  0.95448599378205157       0.94222296337252631     
  0.95459341798243891       0.94217938474714857     
  0.95470173788769908       0.94213600580901924     
  0.95481096619776706       0.94209282939839367     
  0.95492111647691180       0.94204985871719271     
  0.95503220224828722       0.94200709684517236     
  0.95514423742082766       0.94196454696504595     
  0.95525723633817272       0.94192221238050433     
  0.95537121376187206       0.94188009650756854     
  0.95548618470986391       0.94183820278174679     
  0.95560216459552960       0.94179653473097780     
  0.95571916939154489       0.94175509605359742     
  0.95583721537183286       0.94171389048039489     
  0.95595631926674440       0.94167292185077212     
  0.95607649831097319       0.94163219413321919     
  0.95619777023118757       0.94159171141069131     
  0.95632015324692055       0.94155147788101334     
  0.95644366603713926       0.94151149782887711     
  0.95656832783281964       0.94147177566868745     
  0.95669415844581562       0.94143231595557431     
  0.95682117834596014       0.94139312341705561     
  0.95694940858844701       0.94135420290562011     
  0.95707887066703601       0.94131555932229372     
  0.95720958697703351       0.94127719784144781     
  0.95734158061697905       0.94123912380173202     
  0.95747487517111762       0.94120134258827359     
  0.95760949518293115       0.94116385986405093     
  0.95774546598968413       0.94112668147598144     
  0.95788281369780170       0.94108981343145570     
  0.95802156511991954       0.94105326185851779     
  0.95816174824578093       0.94101703323177066     
  0.95830339196749736       0.94098113421818508     
  0.95844652588177115       0.94094557157213465     
  0.95859118112253827       0.94091035253367827     
  0.95873738931707309       0.94087548429607615     
  0.95888518378936149       0.94084097458994020     
  0.95903459881110831       0.94080683129349163     
  0.95918566990817344       0.94077306257108173     
  0.95933843401066199       0.94073967692688798     
  0.95949292958942844       0.94070668325529838     
  0.95964919624495892       0.94067409061685514     
  0.95980727547859512       0.94064190859689134     
  0.95996721029547327       0.94061014708838819     
  0.96012904550812861       0.94057881641324526     
  0.96029282790012294       0.94054792737966286     
  0.96045860583447906       0.94051749106124471     
  0.96062643004826165       0.94048751915395834     
  0.96079635374068628       0.94045802398401002     
  0.96096843167591872       0.94042901804364187     
  0.96114272207244456       0.94040051486206955     
  0.96131928497791785       0.94037252818296779     
  0.96149818384124330       0.94034507267805545     
  0.96167948472413667       0.94031816351947595     
  0.96186325720317212       0.94029181676206064     
  0.96204957419597892       0.94026604920589230     
  0.96223851235725499       0.94024087852129434     
  0.96243015210308602       0.94021632319788528     
  0.96262457839972737       0.94019240284678451     
  0.96282188058968587       0.94016913803972435     
  0.96302215294001980       0.94014655048402140     
  0.96322549549135061       0.94012466332093558     
  0.96343201324296635       0.94010350065423887     
  0.96364181777474478       0.94008308818872377     
  0.96385502790931432       0.94006345340783048     
  0.96407176910495240       0.94004462516517084     
  0.96429217521676847       0.94002663434480438     
  0.96451638854452204       0.94000951371361519     
  0.96474456130738351       0.93999329840636292     
  0.96497685590934379       0.93997802584743839     
  0.96521344612598892       0.93996373605844497     
  0.96545451892287271       0.93995047220792327     
  0.96570027503212996       0.93993828058955242     
  0.96595093065185544       0.93992721104703092     
  0.96620671925002077       0.93991731740967077     
  0.96646789361398022       0.93990865797397227     
  0.96673472831180562       0.93990129610350204     
  0.96700752193013029       0.93989530065419136     
  0.96728660040692405       0.93989074679267803     
  0.96757232111279923       0.93988771702262763     
  0.96786507570748059       0.93988630156841757     
  0.96816529811519314       0.93988660076035435     
  0.96847346675534096       0.93988872482672858     
  0.96879011504108126       0.93989279692434102     
  0.96911583911992205       0.93989895470390228     
  0.96945130712491989       0.93990735218773380     
  0.96979727610598665       0.93991816430828146     
  0.97015460493079320       0.93993158924287179     
  0.97052427718018963       0.93994785405479664     
  0.97090742840510136       0.93996722106989450     
  0.97130537832549457       0.93998999494653757     
  0.97171967751204169       0.94001653370505001     
  0.97215217019992317       0.94004726354452273     
  0.97260507207929103       0.94008269611010309     
  0.97308109098706808       0.94012345719033696     
  0.97358358966121006       0.94017032392061550     
  0.97411682949822687       0.94022428111812795     
  0.97468635101326773       0.94028660993764612     
  0.97529956979681298       0.94035902499179980     
  0.97596680586732154       0.94044391361581103     
  0.97670314076599696       0.94054476576220103     
  0.97753212731743666       0.94066703409676489     
  0.97849416638790843       0.94082007657282007     
  0.97966924565182822       0.94102243377747952     
  0.98125996175722374       0.94132110541126324     
  0.98414952887798635       0.94192116633618506     
  0.97897962532422056       0.94063163695165619     
  0.98493144932286381       0.94196232325878726     
  0.98249730273595071       0.94130775328232796     
  0.98592608499539980       0.94209030529651239     
  0.98129487334234822       0.94086201973172157     
