   1.2908447090833616E-004   1.7226222437872163     
   4.4566342556667663E-004   1.8708129836137180     
   1.1409574612162104E-003   1.9902440092706490     
   2.3821166996202529E-003   2.0893579274114877     
   4.3110137897618825E-003   2.1740546123390265     
   7.0637252969078194E-003   2.2490529300003734     
   1.0691708886788940E-002   2.3165660506681274     
   1.5264554926782147E-002   2.3791928647304581     
   2.0829851050140832E-002   2.4387311982824129     
   2.7409251897855404E-002   2.4964469895276284     
   3.5026266874401225E-002   2.5534563205432406     
   4.3685492263164545E-002   2.6105744929005006     
   5.3399841564210328E-002   2.6685723413541305     
   6.4154219300351006E-002   2.7279498000893128     
