           1  0.69049180284515854       0.32142337272180460        8.1894651701907198E-002  0.24561910753705526     
           2  0.69978168695181409       0.29708306903601167        7.5007042427522388E-002  0.25086388984595981     
           3  0.70753267852814727       0.27491384281728803        6.9120587006005554E-002  0.25528301303111395     
           4  0.71410737968215499       0.25443835223832906        6.3993226434939529E-002  0.25905530393674009     
           5  0.71974958736149464       0.23533046878341893        5.9462913931499377E-002  0.26230366019949836     
           6  0.72465293889086624       0.21730311541682953        5.5403874257033754E-002  0.26513199609456278     
           7  0.72889420258931126       0.20030537435849705        5.1759808039586699E-002  0.26757149258633706     
           8  0.73257939469615396       0.18418329850246143        4.8461598244329357E-002  0.26968007264151178     
           9  0.73577694261621829       0.16885206569595088        4.5463155262807663E-002  0.27149349323036553     
          10  0.73853583204768569       0.15426017822746468        4.2730571958741172E-002  0.27303655721017450     
          11  0.74089673134464296       0.14036503857688187        4.0235691423268799E-002  0.27433040040496076     
          12  0.74288972449532764       0.12714274774788739        3.7956933902743704E-002  0.27539015431244490     
          13  0.74453937037829365       0.11457677543861190        3.5876378717334852E-002  0.27622826854005650     
          14  0.74586322281363326       0.10266420011409651        3.3980330096684740E-002  0.27685308938002184     
