           1   1.9204957625689920        2.3846866071004631      -0.46419084453147108     
           2   1.8786472801843856        2.2694082513320013      -0.39076097114761565     
           3   1.8395114242936492        2.1708912373140143      -0.33137981302036512     
           4   1.8026045881409896        2.0847646951123440      -0.28216010697135441     
           5   1.7675866579729735        2.0081516928348901      -0.24056503486191660     
           6   1.7341786155293133        1.9389489165652596      -0.20477030103594629     
           7   1.7022533324172167        1.8759868797197554      -0.17373354730253876     
           8   1.6716449571617167        1.8181392236498621      -0.14649426648814545     
           9   1.6422374903956021        1.7646097719350480      -0.12237228153944590     
          10   1.6139409156962707        1.7148025285300079      -0.10086161283373718     
          11   1.5866769775805882        1.6682234693014082       -8.1546491720819958E-002
          12   1.5603819096046025        1.6244840913789245       -6.4102181774321920E-002
          13   1.5349997659765242        1.5832513061683271       -4.8251540191802889E-002
          14   1.5104841791469030        1.5442611076802113       -3.3776928533308270E-002
