   3.5684792745891278        1.6611242004613731     
   3.5006694061462671        1.4861629423149187     
   3.4341480917076264        1.3343480482893930     
   3.3688908455831386        1.2003447380735492     
   3.3048736473709810        1.0805667392695029     
   3.2420729331159430       0.97220684684309711     
   3.1804655866358198       0.87401484015417918     
   3.1200289310126337       0.78442995270889571     
   3.0607407202455286       0.70240362702251702     
   3.0025791310622911       0.62715764327306012     
   2.9455227548864609       0.55803784471873674     
   2.8895505899571017       0.49453558132501213     
   2.8346420335983047       0.43622158431651942     
   2.7807768746355883       0.38275949905841322     
