  0.64636764592417595        5.5503017496803624     
  0.65279288048553286        5.5857737606116515     
  0.65904677322619953        5.6204593396012843     
  0.66513545250625561        5.6543826972633058     
  0.67106468271559172        5.6875661841818808     
  0.67683995065966440        5.7200311205060892     
  0.68246648422942902        5.7517978725456480     
  0.68794926936202716        5.7828859214711663     
  0.69329306548327441        5.8133139249429338     
  0.69850241958755954        5.8430997723481486     
  0.70358167913939795        5.8722606348243342     
  0.70853500390730051        5.9008130104630014     
  0.71336637685086546        5.9287727653652684     
  0.71807961416188415        5.9561551710508054     
  0.72267837454311612        5.9829749386150226     
  0.72716616780250276        6.0092462500308459     
  0.73154636282683572        6.0349827868800814     
  0.73582219499575341        6.0601977568288632     
  0.73999677308535039        6.0849039180552484     
  0.74407308570773412        6.1091136018503125     
  0.74805400732717531        6.1328387335813428     
  0.75194230388841055        6.1560908521688287     
  0.75574063808934544        6.1788811282227005     
  0.75945157432709676        6.2012203809635587     
  0.76307758334293629        6.2231190940345602     
  0.76662104658980501        6.2445874303092843     
  0.77008426034301791        6.2656352457739928     
  0.77346943957352909        6.2862721025699191     
  0.77677872160092931        6.3065072812617924     
  0.78001416954145708        6.3263497923881200     
  0.78317777556608259        6.3458083873628697     
  0.78627146398106129        6.3648915687665593     
  0.78929709414311378        6.3836076000760791     
  0.79225646322038623        6.4019645148787152     
  0.79515130880873730        6.4199701255969952     
  0.79798331141318790        6.4376320317707014     
  0.80075409680258358        6.4549576279169774     
  0.80346523824544125        6.4719541109987020     
  0.80611825863445330        6.4886284875318845     
  0.80871463250604247        6.5049875803475707     
  0.81125578796143172        6.5210380350363373     
  0.81374310849484432        6.5367863260896755     
  0.81617793473435030        6.5522387627616183     
  0.81856156610022235        6.5674014946631001     
  0.82089526238553234        6.5822805171067937     
  0.82318024526325295        6.5968816762152844     
  0.82541769972402446        6.6112106738081451     
  0.82760877544829237        6.6252730720782509     
  0.82975458811624780        6.6390742980673707     
  0.83185622065916165        6.6526196479564454     
  0.83391472445496106        6.6659142911762856     
  0.83593112047102658        6.6789632743484866     
  0.83790640035703368        6.6917715250677219     
  0.83984152749029672        6.7043438555310111     
  0.84173743797607015        6.7166849660224086     
  0.84359504160504584        6.7287994482598226     
  0.84541522277028125        6.7406917886125353     
  0.84719884134545576        6.7523663711934212     
  0.84894673352637595        6.7638274808320373     
  0.85065971263758422        6.7750793059358800     
  0.85234424571045375        6.7861898191800130     
  0.85398949535300017        6.7970324190227203     
  0.85560217849400433        6.8076782085341456     
  0.85718299774505757        6.8181306578527519     
  0.85872787235639925        6.8283393466502478     
  0.86024726565223653        6.8384183558597700     
  0.86173685991166049        6.8483149185033714     
  0.86320156696539418        6.8580809068125399     
  0.86462925725322082        6.8675746614971453     
  0.86603724786623104        6.8769893711635213     
  0.86741011010680114        6.8861457525411272     
  0.86876021418153360        6.8951812336325009     
  0.87008420993919577        6.9040542307501234     
  0.87138265914202273        6.9127678305306279     
  0.87265610959233497        6.9213250564733606     
  0.87390509532463878        6.9297288659464016     
  0.87513013752605262        6.9379821618318056     
  0.87633174428726768        6.9460877812710597     
  0.87751041148393627        6.9540485070923834     
  0.87866662291668840        6.9618670647069463     
  0.87980085070973701        6.9695461243793169     
  0.88091355565153673        6.9770883025519623     
  0.88307617732228727        6.9917721072831096     
  0.88616961212040612        7.0128339372724540     
  0.88813632269810816        7.0262599213294079     
  0.89530356398154398        7.0754235989324847     
  0.89772715162005334        7.0921324695377361     
  0.89926964370993678        7.1027891716968767     
  0.90001979035117952        7.1079780544576572     
  0.90075624286891942        7.1130762338987612     
  0.90147927279510276        7.1180853763778487     
  0.90218914578312370        7.1230071168048408     
  0.90288612175509808        7.1278430592897353     
  0.90424239449359034        7.1372638158032693     
  0.90490306678445220        7.1418623097097846     
  0.90555091308563418        7.1463701426881405     
  0.90618708302927420        7.1507997890887633     
  0.90681180390612104        7.1551526617037240     
  0.90742529925208215        7.1594301654826857     
  0.90802778789778082        7.1636336792011868     
  0.90861948408503102        7.1677645559361594     
  0.90920059758020133        7.1718241237212483     
  0.90977133377698005        7.1758136859483983     
  0.91033189379995194        7.1797345218272728     
  0.91088247460732308        7.1835878869873966     
  0.91142326908444204        7.1873750137904917     
  0.91195446614024822        7.1910971118468190     
  0.91247625079998917        7.1947553684721779     
  0.91298880429368789        7.1983509491035793     
  0.91349230414278793        7.2018849976773209     
  0.91447434779449221        7.2087915684756743     
  0.91495020213254930        7.2121290575924490     
  0.91541919244250414        7.2154280225220617     
  0.91587996291656104        7.2186708474326755     
  0.91633223568109246        7.2218531551230019     
  0.91677747260199838        7.2249922180470287     
  0.91721451576519442        7.2280727438726604     
  0.91764394966882712        7.2311011381383068     
  0.91806591876505417        7.2340783459190288     
  0.91848056491126917        7.2370053004249337     
  0.91928950066488746        7.2427253607898923     
  0.91968194159883310        7.2454937115721316     
  0.92006865944352845        7.2482286594113772     
  0.92044872184214732        7.2509177595228103     
  0.92082225515736815        7.2535618582540291     
  0.92118938269266204        7.2561617758775956     
  0.92155022532584319        7.2587183176491248     
  0.92190490155998173        7.2612322741766064     
  0.92225352757372603        7.2637044216666489     
  0.92259621726951035        7.2661355221673585     
  0.92293308232198756        7.2685263238355651     
  0.92326423222487419        7.2708775611898862     
  0.92358977433755152        7.2731899554069734     
  0.92390981392830418        7.2754642144937769     
  0.92422445421847399        7.2777010335612715     
  0.92453379642571953        7.2799010950863572     
  0.92483793980449258        7.2820650691004110     
  0.92513698168776615        7.2841936134555212     
  0.92543101752558710        7.2862873740076353     
  0.92572014092473953        7.2883469848716391     
  0.92600444368648027        7.2903730686230999     
  0.92628401584250197        7.2923662364820174     
  0.92655894569268593        7.2943270885717233     
  0.92682931983926575        7.2962562140772853     
  0.92709522322205973        7.2981541914803083     
  0.92735673915099903        7.3000215886861604     
  0.92761394934160912        7.3018589633451114     
  0.92786693394404407        7.3036668628789130     
  0.92811577157678737        7.3054458247743472     
  0.92836053935736984        7.3071963767526675     
  0.92860131293159232        7.3089190369081827     
  0.92883816650379247        7.3106143139149573     
  0.92907117286514362        7.3122827071807226     
  0.92930040342217646        7.3139247070194946     
  0.92952592822467461        7.3155407948360534     
  0.92996649671637133        7.3187019863728997     
  0.93018094870746115        7.3202382678132025     
  0.93039232487311330        7.3217553501274271     
  0.93060032600195064        7.3232487973691125     
  0.93080501464539989        7.3247190423238866     
  0.93100645207682353        7.3261665082592629     
  0.93140011209434170        7.3289988401480048     
  0.93159185254841614        7.3303763486508853     
  0.93178087514406815        7.3317367802574038     
  0.93196693591909463        7.3330764350964150     
  0.93215008961063828        7.3343956933991219     
  0.93233038985511529        7.3356949272990937     
  0.93250788928167372        7.3369745021403592     
  0.93268263953140995        7.3382347766082283     
  0.93285469127668930        7.3394761028476072     
  0.93302409423972366        7.3406988265730426     
  0.93319089721116566        7.3419032872001235     
  0.93335514806775832        7.3430898179347883     
  0.93351689379052372        7.3442587459181041     
  0.93367618048145751        7.3454103923102094     
  0.93383305338099676        7.3465450724191275     
  0.93398755688413326        7.3476630957855740     
  0.93413973455665167        7.3487647662935132     
  0.93428962915161173        7.3498503822920052     
  0.93443728262420422        7.3509202366651998     
  0.93458273614755905        7.3519746169580031     
  0.93472603012743360        7.3530138054560688     
  0.93486720421693692        7.3540380792847557     
  0.93500629733077578        7.3550477105017276     
  0.93514334765997831        7.3560429662115316     
  0.93527839268434887        7.3570241085995818     
  0.93541146918759277        7.3579913950904219     
  0.93554261326937849        7.3589450783818773     
  0.93567186035890260        7.3598854065586146     
  0.93579924522727986        7.3608126231559234     
  0.93604870464236933        7.3626307197097249     
  0.93617056458477876        7.3635179722099355     
  0.93629079074958943        7.3643944276969648     
  0.93652644314977118        7.3661155475791293     
  0.93664158537244357        7.3669555567883265     
  0.93675524931868215        7.3677861305161372     
  0.93686733633661290        7.3686055931188914     
  0.93708700861331340        7.3702136888775343     
  0.93719442167712586        7.3709993218352317     
  0.93730048420522638        7.3717763292199097     
  0.93740510877127936        7.3725432013556151     
  0.93750832166622866        7.3733001230733901     
  0.93761014867605674        7.3740472755573023     
  0.93771061511055209        7.3747848366637214     
  0.93780974581253485        7.3755129809907665     
  0.93790756516636575        7.3762318799292697     
  0.93800409710666655        7.3769417017292076     
  0.93809936512665892        7.3776426115494447     
  0.93819339228646992        7.3783347715210601     
  0.93828620122118656        7.3790183407963532     
  0.93837781414881893        7.3796934756091312     
  0.93846825287813485        7.3803603293251356     
  0.93855753881611936        7.3810190524896493     
  0.93864569297563916        7.3816697928852841     
  0.93873273598274498        7.3823126955813665     
  0.93881868808387026        7.3829479029818739     
  0.93890356915280959        7.3835755548707809     
  0.93898739869799719        7.3841957884754468     
  0.93907019586874763        7.3848087384885606     
  0.93915197946233286        7.3854145371289279     
  0.93923276793054000        7.3860133141947486     
  0.93931257938578294        7.3866051970830160     
  0.93939143160788152        7.3871903108670436     
  0.93946934204966082        7.3877687783025809     
  0.93954632784354219        7.3883407199003122     
  0.93962240580718404        7.3889062539510109     
  0.93977196475063107        7.3900195313658923     
  0.93998989933634414        7.3916442672575515     
  0.94006069378170520        7.3921709452747457     
  0.94013088155316304        7.3926950702428185     
  0.94020026642041699        7.3932133493562446     
  0.94026888158643962        7.3937261922888524     
  0.94033674102212850        7.3942336972346485     
  0.94040385844545560        7.3947359606172842     
  0.94053597024044766        7.3957259487431033     
  0.94060089206980424        7.3962122391415779     
  0.94066517367212032        7.3966944656499889     
  0.94072877816381495        7.3971719066371602     
  0.94079171783011806        7.3976446484663407     
  0.94085400472323333        7.3981127757953580     
  0.94091565067473915        7.3985763717276853     
  0.94097666729945395        7.3990355178313356     
  0.94103706599955983        7.3994902941713523     
  0.94109685796855802        7.3999407793413123     
  0.94115605419493886        7.4003870504802354     
  0.94121466546608556        7.4008291833077990     
  0.94127270237199456        7.4012672521473437     
  0.94133017530879626        7.4017013299498506     
  0.94138709448255609        7.4021314883288252     
  0.94144346991236783        7.4025577975643913     
  0.94149931143422128        7.4029803266491108     
  0.94155462870412876        7.4033991433019413     
  0.94160943120146601        7.4038143139903925     
  0.94166372823233990        7.4042259039592668     
  0.94171752893254423        7.4046339772445293     
  0.94177084227093022        7.4050385967047756     
  0.94182367705233561        7.4054398240373995     
  0.94187604192061536        7.4058377198003633     
  0.94192794536167890        7.4062323434364910     
  0.94197939570625855        7.4066237532893346     
  0.94203040113286596        7.4070120066251643     
  0.94213113990729136        7.4077798085450430     
  0.94218082745946663        7.4081583844002203     
  0.94223013205588424        7.4085345635642508     
  0.94227902050426438        7.4089076776592924     
  0.94232752992271718        7.4092783160298481     
  0.94237562806942077        7.4096458158262966     
  0.94242336084372169        7.4100109308253677     
  0.94251770795848411        7.4107332885920343     
  0.94256428194267894        7.4110896546236988     
  0.94261054360578556        7.4114442974735084     
  0.94265643610989880        7.4117961089432631     
  0.94270200133489535        7.4121457890622597     
  0.94274721900512792        7.4124928920533009     
  0.94279210403895253        7.4128376234806179     
  0.94283666241326936        7.4131800250354054     
  0.94288089999740798        7.4135201376611990     
  0.94292482255357934        7.4138580015442344     
  0.94296843573885403        7.4141936561299353     
  0.94301174510704844        7.4145271401325594     
  0.94305475611070777        7.4148584915555187     
  0.94309747410277334        7.4151877476927632     
  0.94313990433862460        7.4155149451544613     
  0.94318205197770633        7.4158401198718344     
  0.94322392208537653        7.4161633071130364     
  0.94326551963460425        7.4164845414948779     
  0.94330684950759047        7.4168038569917298     
  0.94334791649755134        7.4171212869526641     
  0.94338872531023066        7.4174368641077830     
  0.94342928056561515        7.4177506205855153     
  0.94346958679937831        7.4180625879165021     
  0.94350964846450325        7.4183727970504272     
  0.94354946993280819        7.4186812783654510     
  0.94358905549636340        7.4189880616765436     
  0.94362840936899173        7.4192931762481056     
  0.94366753568770712        7.4195966508037596     
  0.94370643851408276        7.4198985135352498     
  0.94378360781459525        7.4204978704473996     
  0.94382183941909359        7.4207945822076020     
  0.94385988750189753        7.4210902703464168     
  0.94393539784091951        7.4216777002146959     
  0.94397282647079950        7.4219686825814826     
  0.94401007897161315        7.4222586051013799     
  0.94404713562682285        7.4225470305034236     
  0.94415726483223239        7.4234055933640608     
  0.94419355643224556        7.4236879722225524     
  0.94426572406683174        7.4242510099020622     
  0.94433720468194060        7.4248088204801306     
  0.94437268551530362        7.4250856263420388     
  0.94440802283589875        7.4253615817973087     
  0.94444320400507320        7.4256363915610635     
  0.94447823178592005        7.4259100747240563     
  0.94451310888866813        7.4261826499822270     
  0.94454783797420383        7.4264541356869689     
  0.94458242165494744        7.4267245498492418     
  0.94461686249576038        7.4269939101476643     
  0.94465116301478746        7.4272622339324021     
  0.94468532568435926        7.4275295382351878     
  0.94471935293174669        7.4277958397696189     
  0.94475324714008413        7.4280611549431779     
  0.94478701064908432        7.4283254998576078     
  0.94482064575589209        7.4285888903183324     
  0.94485415471580825        7.4288513418364897     
  0.94488753974311346        7.4291128696385229     
  0.94492080301177384        7.4293734886678671     
  0.94495394665618770        7.4296332135919005     
  0.94498697277191301        7.4298920588070292     
  0.94501988341637377        7.4301500384430277     
  0.94505268060953607        7.4304071663680542     
  0.94508536633461970        7.4306634561937974     
  0.94511794253876713        7.4309189212808047     
  0.94518276981030358        7.4314273363124776     
  0.94521503297015297        7.4316804980465268     
  0.94524718986220890        7.4319327928948651     
  0.94531121635746196        7.4324353704570925     
  0.94534306565937998        7.4326851556797333     
  0.94537483167628122        7.4329344751459967     
  0.94540650417529648        7.4331830794949738     
  0.94543808477899183        7.4334309798443634     
  0.94550098798761206        7.4339249644262857     
  0.94553229098298064        7.4341705646649388     
  0.94556351963148988        7.4344157558576676     
  0.94559466405407955        7.4346602954459122     
  0.94562572570426828        7.4349041933723008     
  0.94565670600725349        7.4351474593640559     
  0.94568760636233951        7.4353901029695368     
  0.94571842814337537        7.4356321335599098     
  0.94574917269924463        7.4358735603332793     
  0.94577984135431992        7.4361143923181920     
  0.94581043540889043        7.4363546383759704     
  0.94584095613960895        7.4365943072034018     
  0.94587140479994092        7.4368334073377724     
  0.94590178262056046        7.4370719471578628     
  0.94593209080978846        7.4373099348878995     
  0.94596233055398193        7.4375473786001418     
  0.94599250301794668        7.4377842862172372     
  0.94602260934532145        7.4380206655163477     
  0.94605265065897692        7.4382565241302299     
  0.94608262806137000        7.4384918695507443     
  0.94611254263493971        7.4387267091314433     
  0.94614239544246714        7.4389610500896959     
  0.94617218752742827        7.4391948995105803     
  0.94620191991434599        7.4394282643472653     
  0.94623159360913189        7.4396611514249393     
  0.94626120959943794        7.4398935674423843     
  0.94629076885497942        7.4401255189753543     
  0.94632027232786942        7.4403570124778886     
  0.94637912512744649        7.4408188746733064     
  0.94640845731263035        7.4410488075385208     
  0.94643774683655602        7.4412785311345067     
  0.94649618219696707        7.4417369226829955     
  0.94652531114722827        7.4419651597646759     
  0.94655440062670781        7.4421932075452268     
  0.94658344214965084        7.4424208502487241     
  0.94661243651039328        7.4426480932582724     
  0.94664138448731183        7.4428749418328399     
  0.94667028684464838        7.4431014011331227     
  0.94669914433279378        7.4433274762251891     
  0.94672795768851825        7.4435531720815593     
  0.94675672763524354        7.4437784935838689     
  0.94678545488324117        7.4440034455213606     
  0.94681414012995346        7.4442280325987484     
  0.94684278406012801        7.4444522594307232     
  0.94687138734611498        7.4446761305478653     
  0.94689995064807875        7.4448996503977067     
  0.94692847461422613        7.4451228233463098     
  0.94695695988100070        7.4453456536783325     
  0.94698540707330370        7.4455681455990224     
  0.94701381680473540        7.4457903032380752     
  0.94704218967774934        7.4460121306469782     
  0.94707052628390564        7.4462336318037590     
  0.94709882720404348        7.4464548106137389     
  0.94712709300847375        7.4466756709091486     
  0.94715532425718074        7.4468962164524921     
  0.94718352149999441        7.4471164509357930     
  0.94721168527680821        7.4473363779849473     
  0.94723981611773178        7.4475560011581088     
  0.94726791454327519        7.4477753239482514     
  0.94729598106451807        7.4479943497836931     
  0.94732401618330131        7.4482130820298966     
  0.94735202039238320        7.4484315239913634     
  0.94737999417557761        7.4486496789095735     
  0.94740793800797707        7.4488675499685950     
  0.94743585235607686        7.4490851402938087     
  0.94746373767790437        7.4493024529517307     
  0.94749159442322284        7.4495194909536746     
  0.94754723195708757        7.4499529565959879     
  0.94763048580274190        7.4506011945097494     
  0.94765815896493744        7.4508161129096688     
  0.94768582760663500        7.4510313081730093     
  0.94774109733405520        7.4514611430219340     
  0.94779626114957449        7.4518897880999297     
  0.94782379943882666        7.4521035473174315     
  0.94785132211220202        7.4523172650039289     
  0.94787882171408699        7.4525307448002245     
  0.94790629858797526        7.4527439890115108     
  0.94793375306983296        7.4529569998769487     
  0.94796118548954889        7.4531697795947096     
  0.94798859617106945        7.4533823303227429     
  0.94801598543250232        7.4535946541800815     
  0.94804335358620451        7.4538067532459831     
  0.94807070093891488        7.4540186295627748     
  0.94809802779182140        7.4542302851338871     
  0.94812533444072156        7.4544417219286467     
  0.94815262117603927        7.4546529418778817     
  0.94817988828299282        7.4548639468789446     
  0.94820713604165063        7.4550747387934919     
  0.94823436472704181        7.4552853194496844     
  0.94826157460923599        7.4554956906418557     
  0.94828876595345135        7.4557058541324457     
  0.94831593902012179        7.4559158116509163     
  0.94834309406499662        7.4561255648956868     
  0.94837023133922449        7.4563351155340341     
  0.94839735108944045        7.4565444652028017     
  0.94842445355783889        7.4567536155093865     
  0.94845153898225831        7.4569625680317682     
  0.94850566695621430        7.4573800774486871     
  0.94855972214359729        7.4577966219190710     
  0.94858671847284803        7.4580044171030258     
  0.94861370639524156        7.4582122145058660     
  0.94864067882181680        7.4584198243733972     
  0.94866763595957360        7.4586272480898259     
  0.94874843678154963        7.4592489179235493     
  0.94877531314374497        7.4594550410562341     
  0.94880219926268505        7.4596616203997010     
  0.94885593150597658        7.4600743001399827     
  0.94888276616376477        7.4602800919244485     
  0.94890959437412137        7.4604858976886943     
  0.94893640915945865        7.4606915296200409     
  0.94896321068965217        7.4608969888545964     
  0.94898999913033044        7.4611022764873471     
  0.94901677464413570        7.4613073935920067     
  0.94904353739082914        7.4615123412251343     
  0.94907028752728662        7.4617171204215405     
  0.94909702520762118        7.4619217322004170     
  0.94912375058316190        7.4621261775601804     
  0.94915046380255053        7.4623304574826070     
  0.94917716501179183        7.4625345729322250     
  0.94920385435424715        7.4627385248541245     
  0.94923053197075125        7.4629423141783233     
  0.94925719799963570        7.4631459418182402     
  0.94928385257674386        7.4633494086697372     
  0.94931049583550808        7.4635527156132397     
  0.94933712790699554        7.4637558635134642     
  0.94936374891992104        7.4639588532190704     
  0.94939035900073154        7.4641616855644148     
  0.94941695827361916        7.4643643613688289     
  0.94944354686056065        7.4645668814363200     
  0.94947012488137139        7.4647692465569477     
  0.94949669009311266        7.4649713922902894     
  0.94954979435932252        7.4653753548034434     
  0.94957633362639238        7.4655771728916172     
  0.94962938439388112        7.4659804102055114     
  0.94965588480153440        7.4661815273397183     
  0.94968238236049463        7.4663826797105903     
  0.94970887033924167        7.4665836836215504     
  0.94976182474350279        7.4669854324160729     
  0.94978827779327846        7.4671858112377532     
  0.94981472844153902        7.4673862278964567     
  0.94984116999319157        7.4675864992813406     
  0.94986760254109104        7.4677866260174204     
  0.94989402617528518        7.4679866086980251     
  0.94992044098422990        7.4681864479059907     
  0.94994684705483445        7.4683861442140742     
  0.94997324447247700        7.4685856981851604     
  0.94999963332102344        7.4687851103718188     
  0.95002601368287443        7.4689843813166217     
  0.95005238563898942        7.4691835115538936     
  0.95007874926891001        7.4693825016081377     
  0.95010510465075415        7.4695813519933738     
  0.95013145186131132        7.4697800632166844     
  0.95015779097599029        7.4699786357747477     
  0.95018412206890668        7.4701770701564882     
  0.95021044521286691        7.4703753668419957     
  0.95023676047940198        7.4705735263028332     
  0.95026306793881321        7.4707715490033486     
  0.95028936766013894        7.4709694353980556     
  0.95031565971125187        7.4711671859350659     
  0.95034194415881768        7.4713648010541549     
  0.95036822106835717        7.4715622811883762     
  0.95039449050423186        7.4717596267613722     
  0.95042075252969627        7.4719568381912005     
  0.95044700720692377        7.4721539158891801     
  0.95047325459697518        7.4723508602574569     
  0.95052573431457388        7.4727445310905587     
  0.95055195363792577        7.4729408972965299     
  0.95057817247029408        7.4731373122638569     
  0.95060438430422156        7.4733335957976585     
  0.95063058919585319        7.4735297482810630     
  0.95065678719924007        7.4737257700715158     
  0.95068297836751647        7.4739216615208051     
  0.95070916051729915        7.4741173595876687     
  0.95073534040705521        7.4743130547780110     
  0.95076151137924292        7.4745085572452297     
  0.95078767572023737        7.4747039307257062     
  0.95081383347833559        7.4748991755343592     
  0.95083998470142783        7.4750942919892180     
  0.95086612943656768        7.4752892804017890     
  0.95089226773001079        7.4754841410789936     
  0.95091839962721625        7.4756788743219360     
  0.95094452517288819        7.4758734804281683     
  0.95097064441094581        7.4760679596883426     
  0.95099675738458067        7.4762623123901237     
  0.95102286413622805        7.4764565388148441     
  0.95104896470762668        7.4766506392404306     
  0.95107505913978874        7.4768446139390239     
  0.95110114747304120        7.4770384631793307     
  0.95112722974702468        7.4772321872246135     
  0.95115330600071346        7.4774257863349813     
  0.95117937627243387        7.4776192607659180     
  0.95120544059984058        7.4778126107676206     
  0.95123149901997939        7.4780058365876734     
  0.95125755156926484        7.4781989384688510     
  0.95128359828349385        7.4783919166500308     
  0.95130963919788170        7.4785847713667906     
  0.95133567434703459        7.4787775028501589     
  0.95136170376498963        7.4789701113274161     
  0.95138772748521150        7.4791625970225812     
  0.95141374554062319        7.4793549601565861     
  0.95143975796357516        7.4795472009453370     
  0.95146576478590583        7.4797393196031603     
  0.95149176386500234        7.4799312538321168     
  0.95151776175375102        7.4801231913666495     
  0.95156974300488861        7.4805067542801282     
  0.95159571596453119        7.4806980881296568     
  0.95162168982365858        7.4808894783101714     
  0.95164765828958586        7.4810807477415278     
  0.95167362139128675        7.4812718966307301     
  0.95172553789684755        7.4816540103069045     
  0.95175147878176125        7.4818446218600183     
  0.95180336365008666        7.4822260158925413     
  0.95182928885552276        7.4824162687114448     
  0.95185521515162819        7.4826065788412937     
  0.95188113628958504        7.4827967698113778     
  0.95190705229454231        7.4829868418037915     
  0.95193296319014897        7.4831767949788386     
  0.95195886899969939        7.4833666294955181     
  0.95198476974609614        7.4835563455094416     
  0.95201066545187241        7.4837459431736235     
  0.95203655613923088        7.4839354226407160     
  0.95206244182998467        7.4841247840583254     
  0.95208832254563303        7.4843140275747491     
  0.95211419830731148        7.4845031533335966     
  0.95214006913583726        7.4846921614779340     
  0.95216593505168623        7.4848810521481184     
  0.95219179607502280        7.4850698254824071     
  0.95221765222569654        7.4852584816171772     
  0.95224350352322606        7.4854470206863102     
  0.95226934998686275        7.4856354428234848     
  0.95229519163552490        7.4858237481583094     
  0.95232102848785272        7.4860119368195885     
  0.95234686056219386        7.4862000089341265     
  0.95237268787660789        7.4863879646266493     
  0.95239851044888968        7.4865758040209052     
  0.95242432829655710        7.4867635272381712     
  0.95245014143684525        7.4869511343979145     
  0.95247594988674700        7.4871386256188064     
  0.95252755891375140        7.4875134354790429     
  0.95255334725899987        7.4877004047834621     
  0.95260492847460954        7.4880745212438296     
  0.95263070090940460        7.4882610831856198     
  0.95265647907891271        7.4884478274529158     
  0.95268224849226213        7.4886343338143888     
  0.95270801754647438        7.4888208480388787     
  0.95273377997151931        7.4890071860074201     
  0.95275953787729895        7.4891934092399763     
  0.95278529127758893        7.4893795178295877     
  0.95281104018638174        7.4895655118763838     
  0.95283678461740995        7.4897513914768066     
  0.95286252458424558        7.4899371567274153     
  0.95288826010025174        7.4901228077235320     
  0.95291399117859621        7.4903083445585521     
  0.95293971783226794        7.4904937673256367     
  0.95296544007404860        7.4906790761153834     
  0.95299115791656241        7.4908642710189142     
  0.95301687137223157        7.4910493521247954     
  0.95304258045333057        7.4912343195217144     
  0.95306828517192188        7.4914191732957374     
  0.95309398553993885        7.4916039135337318     
  0.95311968156911075        7.4917885403193223     
  0.95314537327103166        7.4919730537370839     
  0.95317106065712620        7.4921574538696909     
  0.95319674373864360        7.4923417407980786     
  0.95322242252670120        7.4925259146035916     
  0.95324809703226843        7.4927099753664415     
  0.95327376726613888        7.4928939231649210     
  0.95329943323897781        7.4930777580770789     
  0.95332509496129336        7.4932614801793491     
  0.95335075244347123        7.4934450895486631     
  0.95337640569574311        7.4936285862597352     
  0.95340205472820516        7.4938119703870054     
  0.95342769955082929        7.4939952420041012     
  0.95345333812548183        7.4941783404211790     
  0.95350460681240956        7.4945443217965213     
  0.95353023693802064        7.4947272048169644     
  0.95355585881401816        7.4949098542686787     
  0.95358148062201320        7.4950925130094177     
  0.95360709624362316        7.4952749990376013     
  0.95368393410073726        7.4958222418196812     
  0.95370951747018928        7.4960038242797014     
  0.95373511250910459        7.4961857512632255     
  0.95376070345379849        7.4963675665743148     
  0.95378629031537232        7.4965492703238734     
  0.95381187310202775        7.4967308625728819     
  0.95383745182188717        7.4969123433836256     
  0.95386302648297683        7.4970937128176214     
  0.95388859709322016        7.4972749709349245     
  0.95391416163903753        7.4974560573939470     
  0.95393972619276413        7.4976371534663082     
  0.95396528469670416        7.4978180779854675     
  0.95399083918093930        7.4979988914312958     
  0.95401638965255875        7.4981795938546689     
  0.95404193611894939        7.4983601853129462     
  0.95406747858739782        7.4985406658624409     
  0.95409301706512506        7.4987210355596865     
  0.95411855155924907        7.4989012944595732     
  0.95414408207682977        7.4990814426178334     
  0.95416960862483047        7.4992614800888138     
  0.95419513121013488        7.4994414069257953     
  0.95422064983956523        7.4996212231828130     
  0.95424616451987021        7.4998009289138956     
  0.95427167525770018        7.4999805241703505     
  0.95429718205966096        7.5001600090050378     
  0.95432268493226458        7.5003393834691376     
  0.95434818388197451        7.5005186476145642     
  0.95437367891515967        7.5006978014912660     
  0.95439917003815211        7.5008768451505894     
  0.95442465725719283        7.5010557786416978     
  0.95445014057847166        7.5012346020149065     
  0.95452658261642331        7.5017708635291767     
  0.95457750471123237        7.5021272391337650     
  0.95462842097229050        7.5024834566622403     
  0.95467931408169515        7.5028390052007596     
  0.95473020732972946        7.5031945752021745     
  0.95475563857489132        7.5033719107578918     
  0.95478107176158422        7.5035493069461090     
  0.95480650112987142        7.5037265936531137     
  0.95483192668612105        7.5039037709406973     
  0.95485734843561598        7.5040808388522748     
  0.95488276638360148        7.5042577974318299     
  0.95490818053527260        7.5044346467224106     
  0.95493359089577301        7.5046113867670865     
  0.95495899747021074        7.5047880176082193     
  0.95498440026364118        7.5049645392884496     
  0.95500979928108320        7.5051409518503114     
  0.95503519452750274        7.5053172553349894     
  0.95506058600783394        7.5054934497843195     
  0.95508597372696180        7.5056695352396368     
  0.95511135768973610        7.5058455117419047     
  0.95513673790095655        7.5060213793317940     
  0.95516211436540266        7.5061971380504620     
  0.95518748708779366        7.5063727879374866     
  0.95521285607282402        7.5065483290331416     
  0.95523822132514258        7.5067237613771347     
  0.95526358284937540        7.5068990850093504     
  0.95528894065008607        7.5070742999683784     
  0.95531429473184304        7.5072494062944379     
  0.95533964509914593        7.5074244040259988     
  0.95536499175646783        7.5075992932009967     
  0.95539033470826196        7.5077740738593359     
  0.95541567202020983        7.5079486867445695     
  0.95544100951319610        7.5081233097811122     
  0.95551700902498526        7.5086467973092503     
  0.95556763760810992        7.5089946715747891     
  0.95559294544483697        7.5091684170182944     
  0.95561825524248167        7.5093422227308810     
  0.95564356137630391        7.5095159202829631     
  0.95569416828326093        7.5098631593507346     
  0.95571945784077494        7.5100363644189416     
  0.95574474936511222        7.5102096297717100     
  0.95577003724591347        7.5103827871436390     
  0.95579532148814850        7.5105558365863860     
  0.95582060209577413        7.5107287781353742     
  0.95584587907271512        7.5109016118254850     
  0.95587115242289045        7.5110743376924027     
  0.95589642215017101        7.5112469557703232     
  0.95592168825841017        7.5114194660937308     
  0.95594695075146041        7.5115918686976197     
  0.95597220963311835        7.5117641636157888     
  0.95599746490719073        7.5119363508831949     
  0.95602271657743665        7.5121084305332406     
  0.95604796464760478        7.5122804025999006     
  0.95607320912142679        7.5124522671171814     
  0.95609845000261107        7.5126240241188107     
  0.95612368729484443        7.5127956736381662     
  0.95614892100178950        7.5129672157085796     
  0.95617415112709669        7.5131386503632562     
  0.95619937767439744        7.5133099776356103     
  0.95622460064728887        7.5134811975579581     
  0.95624982004937742        7.5136523101637547     
  0.95627503588422946        7.5138233154859959     
  0.95630024815540426        7.5139942135568916     
  0.95632545686642711        7.5141650044087474     
  0.95635066202082653        7.5143356880742900     
  0.95642625429404693        7.5148470376916325     
  0.95645144714233554        7.5150173515224585     
  0.95647663456547638        7.5151874997319075     
  0.95652700429305981        7.5155276419275872     
  0.95655217563345918        7.5156973025221046     
  0.95670322593008694        7.5167159358401872     
  0.95672831487455046        7.5168831021954254     
  0.95675346359972135        7.5170520753790626     
  0.95677860881460353        7.5172209417266220     
  0.95680375053357281        7.5173897014531015     
  0.95682888875987315        7.5175583545891183     
  0.95685402349671089        7.5177269011635133     
  0.95687915474732343        7.5178953412082095     
  0.95690428251491166        7.5180636747529448     
  0.95692940680266925        7.5182319018279422     
  0.95695452761377231        7.5184000224629681     
  0.95697964495139065        7.5185680366880359     
  0.95700475881869029        7.5187359445336348     
  0.95702986921881039        7.5189037460286343     
  0.95705497615488855        7.5190714412031241     
  0.95708007963006025        7.5192390300873226     
  0.95710517964743524        7.5194065127103951     
  0.95713027621011904        7.5195738891017037     
  0.95715536932120437        7.5197411592909393     
  0.95718045898378068        7.5199083233074946     
  0.95720554520092649        7.5200753811806482     
  0.95723062797569591        7.5202423329392794     
  0.95725570731115528        7.5204091786128977     
  0.95728078321035392        7.5205759182307581     
  0.95730585567632087        7.5207425518214137     
  0.95733092471209580        7.5209090794145421     
  0.95735599032068885        7.5210755010383048     
  0.95740610943376581        7.5214079685669333     
  0.95743116478029111        7.5215740724803783     
  0.95745621854370566        7.5217401284231880     
  0.95748126706106318        7.5219060206269965     
  0.95750631216951798        7.5220718070389818     
  0.95753135387169674        7.5222374876823963     
  0.95755639217055311        7.5224030625856591     
  0.95760646389399062        7.5227340600741455     
  0.95763148667565900        7.5228991531221983     
  0.95765651139155561        7.5230643053630910     
  0.95770655596751753        7.5233944576580090     
  0.95773156521506475        7.5235591285410486     
  0.95778158949244907        7.5238886475454620     
  0.95780658861980972        7.5240530020980483     
  0.95783158967586679        7.5242174157326298     
  0.95785658736252377        7.5243817239474700     
  0.95788158168359672        7.5245459267865993     
  0.95790657264193302        7.5247100242767537     
  0.95793156024038373        7.5248740164460770     
  0.95795654448179912        7.5250379033222092     
  0.95798152536900794        7.5252016849321262     
  0.95800650290483869        7.5253653613033773     
  0.95803147709213099        7.5255289324639802     
  0.95805644793369182        7.5256923984407313     
  0.95808141543234260        7.5258557592610735     
  0.95810637959088596        7.5260190149521531     
  0.95813134041213155        7.5261821655415382     
  0.95815629789886525        7.5263452110558458     
  0.95818125205388727        7.5265081515222114     
  0.95820620287998759        7.5266709869684574     
  0.95823115037994089        7.5268337174210345     
  0.95825609455652516        7.5269963429069939     
  0.95828103541250564        7.5271588634527831     
  0.95830597295066611        7.5273212790866690     
  0.95833090717374780        7.5274835898340386     
  0.95835583808452152        7.5276457957226039     
  0.95838076568572650        7.5278078967786959     
  0.95840568819647043        7.5279698357697917     
  0.95843061097078186        7.5281317845071154     
  0.95845552687825197        7.5282935139916667     
  0.95848044305014890        7.5284552532204039     
  0.95850535236565548        7.5286167733130132     
  0.95853026194602498        7.5287783031380879     
  0.95858007286133395        7.5291010975700159     
  0.95860496561713682        7.5292620932147631     
  0.95862986027399621        7.5294231474275231     
  0.95865475165032732        7.5295840970842942     
  0.95867963974977310        7.5297449422273806     
  0.95870452457501765        7.5299056828824575     
  0.95872940612875912        7.5300663190761474     
  0.95875428441368682        7.5302268508348238     
  0.95877915943247105        7.5303872781839090     
  0.95880403118780655        7.5305476011501575     
  0.95882889968236162        7.5307078197596882     
  0.95885376491881091        7.5308679340382945     
  0.95887862689982017        7.5310279440121768     
  0.95890348562805239        7.5311878497067664     
  0.95892834110617864        7.5313476511490025     
  0.95895319333685503        7.5315073483645394     
  0.95897804232272055        7.5316669413782007     
  0.95900288806644507        7.5318264302173059     
  0.95902773057066815        7.5319858149071388     
  0.95905256983804188        7.5321450954736298     
  0.95907740587119250        7.5323042719419373     
  0.95910223867276501        7.5324633443383995     
  0.95912706824540128        7.5326223126887637     
  0.95915189459172645        7.5327811770184745     
  0.95917671771436297        7.5329399373527757     
  0.95920153761594695        7.5330985937181172     
  0.95922635429909009        7.5332571461392934     
  0.95925116602503846        7.5334155379248937     
  0.95927597802087672        7.5335739392583498     
  0.95930078506409677        7.5337321799961074     
  0.95935039460023486        7.5340485117859792     
  0.95944958520583157        7.5346802448847709     
  0.95947434468684667        7.5348369589755801     
  0.95949912614393995        7.5349943697682153     
  0.95952390440932445        7.5351516768483240     
  0.95954867949009448        7.5353088803141244     
  0.95957344966343616        7.5354659236778465     
  0.95959822010846230        7.5356229765098499     
  0.95962298565057036        7.5357798692794393     
  0.95964774801870367        7.5359366585406971     
  0.95967250721511477        7.5360933443134801     
  0.95969726324237881        7.5362499266229399     
  0.95972201610305774        7.5364064054941506     
  0.95974676579971463        7.5365627809513072     
  0.95977151233492342        7.5367190530207289     
  0.95979625571123917        7.5368752217265724     
  0.95982099593120840        7.5370312870931073     
  0.95984573299740916        7.5371872491465339     
  0.95987046691237943        7.5373431079109352     
  0.95989519767867548        7.5374988634108906     
  0.95991992529884407        7.5376545156716794     
  0.95994464977543936        7.5378100647180180     
  0.95996937111100034        7.5379655105746348     
  0.95999408930806795        7.5381208532660207     
  0.96001880436918274        7.5382760928167558     
  0.96004351629688800        7.5384312292518842     
  0.96006822509371581        7.5385862625959614     
  0.96009293076220548        7.5387411928737453     
  0.96011763330488076        7.5388960201093287     
  0.96014233272427962        7.5390507443277874     
  0.96016702902292350        7.5392053655532161     
  0.96019172220334226        7.5393598838104818     
  0.96024110416310282        7.5396687718519582     
  0.96026578305956656        7.5398228210024474     
  0.96029046379320049        7.5399769276460180     
  0.96031513973140570        7.5401308753808909     
  0.96033981594461248        7.5402848323943994     
  0.96036448736768720        7.5404386305527975     
  0.96038915569299166        7.5405923259434360     
  0.96041382092271133        7.5407459185850385     
  0.96046314701757896        7.5410529556926669     
  0.96051245583940303        7.5413594220201787     
  0.96056175233064667        7.5416654778604890     
  0.96058639106392318        7.5418181921345653     
  0.96061102994551595        7.5419709078081381     
  0.96063566910236642        7.5421236326710908     
  0.96066030351352105        7.5422761991510967     
  0.96068493485689599        7.5424286631542206     
  0.96070956313464451        7.5425810246977143     
  0.96073418834925983        7.5427332838065260     
  0.96075881050322420        7.5428854405042776     
  0.96078342959902396        7.5430374948150174     
  0.96080804563913180        7.5431894467626037     
  0.96083265862603273        7.5433412963709143     
  0.96085726856220988        7.5434930436644230     
  0.96088187545012160        7.5436446886658199     
  0.96090647929226058        7.5437962314002114     
  0.96093108009108674        7.5439476718904759     
  0.96095567784907143        7.5440990101604593     
  0.96098027256869512        7.5442502462346930     
  0.96100486425241782        7.5444013801365601     
  0.96102945290270514        7.5445524118896667     
  0.96105403852201965        7.5447033415174021     
  0.96107862111283227        7.5448541690443918     
  0.96110320067760069        7.5450048944935322     
  0.96112777721878306        7.5451555178885759     
  0.96115234909062575        7.5453059837189169     
  0.96117692124054566        7.5454564586164210     
  0.96120148707953135        7.5456067204796708     
  0.96122605319714383        7.5457569914065719     
  0.96125061301343939        7.5459070494039677     
  0.96127517146588604        7.5460570609855218     
  0.96129972691196308        7.5462069706799202     
  0.96132428099428757        7.5463568339422640     
  0.96134883043337271        7.5465065399072042     
  0.96137337523614752        7.5466560886580485     
  0.96139791868104629        7.5468055910290017     
  0.96142246076727855        7.5469550470041753     
  0.96144699822477753        7.5471043458351375     
  0.96147153269329511        7.5472535429458372     
  0.96149606417495503        7.5474026383547406     
  0.96152059267220058        7.5475516320853764     
  0.96154511818746691        7.5477005241607866     
  0.96156964072318907        7.5478493146045995     
  0.96159416028179090        7.5479980034391332     
  0.96161867686572222        7.5481465906889982     
  0.96164319047739821        7.5482950763763998     
  0.96166770111925592        7.5484434605248261     
  0.96169220879371886        7.5485917431572442     
