   1.4139095366494324E-008   1.1966924933673833     
   8.1120578400682967E-009   1.1752357260562045     
   4.6334044174170131E-009   1.1541636827954991     
   2.6353663115073097E-009   1.1334694641444918     
   1.4930100703391568E-009   1.1131462949306650     
   8.4269948656603175E-010   1.0931875217854135     
   4.7399767399260703E-010   1.0735866108221750     
   2.6575192798477012E-010   1.0543371454141339     
   1.4855068053803301E-010   1.0354328240456758     
   8.2807603273501094E-011   1.0168674582220611     
   4.6042676553000190E-011  0.99863497042792793     
   2.5541196367623517E-011  0.98072939212892563     
   1.4138584394648651E-011  0.96314486181288617     
   7.8117169329554192E-012  0.94587562306822903     
   4.3087668068334043E-012  0.92891602269799589     
   2.3730870160339642E-012  0.91226050886837617     
   1.3053140178324603E-012  0.89590362929080258     
   7.1720241213324435E-013  0.87984002943683770     
   3.9371039694252212E-013  0.86406445078519412     
   2.1597412062287001E-013  0.84857172910024592     
   1.1841202861638823E-013  0.83335679274143526     
   6.4898866293631354E-014  0.81841466100301630     
   3.5563280885299105E-014  0.80374044248358090     
   1.9487877395516804E-014  0.78932933348481460     
   1.0680663164269527E-014  0.77517661643897295     
   5.8556376176590539E-015  0.76127765836455874     
   3.2119012386582408E-015  0.74762790934967893     
   1.7629107400381497E-015  0.73422290106260324     
   9.6837856577531107E-016  0.72105824528903095     
   5.3244126406843623E-016  0.70812963249557548     
   2.9307135684748448E-016  0.69543283041901394     
   1.6151470803238085E-016  0.68296368268083085     
   8.9134983398531438E-017  0.67071810742659699     
   4.9265236883314259E-017  0.65869209598975087     
   2.7273860095077093E-017  0.64688171157933860     
   1.5125933010579116E-017  0.63528308799127542     
   8.4046896870624533E-018  0.62389242834272318     
   4.6794854181297656E-018  0.61270600382915463     
   2.6109763126552927E-018  0.60172015250370847     
   1.4601123276659199E-018  0.59093127807842405     
   8.1845870629614754E-019  0.58033584874697597     
   4.5991938056121943E-019  0.56993039602851592     
   2.5911165905330705E-019  0.55971151363224059     
   1.4637166178164047E-019  0.54967585634232263     
   8.2915360123256376E-020  0.53982013892283442     
   4.7104533332026315E-020  0.53014113504230187     
   2.6839881786376961E-020  0.52063567621754669     
   1.5340086306687360E-020  0.51130065077646436     
   8.7951276048648063E-021  0.50213300283939544     
   5.0589473423084645E-021  0.49312973131876642     
   2.9195579652330473E-021  0.48428788893666364     
   1.6906237718786302E-021  0.47560458126002492     
   9.8238678416133383E-022  0.46707696575312579     
   5.7286889122443521E-022  0.45870225084705896     
   3.3527058224016616E-022  0.45047769502589807     
   1.9693923209660635E-022  0.44240060592924196     
   1.1611638632275108E-022  0.43446833947085522     
   6.8723617833103938E-023  0.42667829897311077     
   4.0831497534878893E-023  0.41902793431694874     
   2.4354871920620931E-023  0.41151474110707992     
   1.4594333221050124E-023  0.40413625985215745     
   8.7742670738710215E-024  0.39689007515964442     
   5.2975042191348239E-024  0.38977381494512076     
   3.2116121858428367E-024  0.38278514965576760     
   1.9535961215651870E-024  0.37592179150777161     
   1.1942191613471449E-024  0.36918149373740483     
   7.3312083925403947E-025  0.36256204986553420     
   4.5217012908354574E-025  0.35606129297531380     
   2.7986349043328400E-025  0.34967709500283273     
   1.7416921247644019E-025  0.34340736604047994     
   1.0870545768883009E-025  0.33725005365279898     
   6.8197361401361814E-026  0.33120314220461006     
   4.2985854232442638E-026  0.32526465220118089     
   2.7203453420448924E-026  0.31943263964022445     
   1.7296255765039124E-026  0.31370519537551794     
   1.1048813987542770E-026  0.30808044449193356     
   7.0860321566840837E-027  0.30255654569167068     
   4.5662124911179653E-027  0.29713169069149631     
   2.9567088041510092E-027  0.29180410363079340     
   1.9220308087504905E-027  0.28657204049021923     
   1.2562724325680271E-027  0.28143378852079137     
   8.2398420342101408E-028  0.27638766568320844     
   3.5997108593544180E-028  0.26656522950088773     
   1.0742745001775922E-028  0.25248219821910795     
   4.9271036288688078E-029  0.24350932935736327     
   2.5758814227815305E-030  0.21069536033940783     
   9.5247742580713604E-031  0.19956401602964344     
   5.1432035597374447E-031  0.19247178632795495     
   3.8434853678054562E-031  0.18902075693420428     
   2.8931351583955426E-031  0.18563160468153334     
   2.1229519952129531E-031  0.18230322010950301     
   1.6695544141385227E-031  0.17903451365035833     
   1.6713993759411311E-032  0.17582441527235232     
   1.5847827385158085E-042  0.16957585821740048     
   1.7196255501029113E-042  0.16653535403575570     
   1.8643681926084849E-042  0.16354936625624392     
   2.0195907926811256E-042  0.16061691739686729     
   2.1859305756929388E-042  0.15773704750193224     
   2.3640566113124991E-042  0.15490881382780253     
   2.5546710639783690E-042  0.15213129053428509     
   2.7585105429733875E-042  0.14940356838155097     
   2.9763475044027598E-042  0.14672475443249014     
   3.2089917019127575E-042  0.14409397176040228     
   3.4572916946242911E-042  0.14151035916192953     
   3.7221364112025814E-042  0.13897307087513655     
   4.0044567702990427E-042  0.13648127630264426     
   4.3052273642335770E-042  0.13403415973972879     
   4.6254682069728947E-042  0.13163092010729599     
   4.9662465459745224E-042  0.12927077068964210     
   5.3286787441373847E-042  0.12695293887691789     
   6.1234274054191955E-042  0.12244120664315811     
   6.5578403502777119E-042  0.12024582927802115     
   7.0191039514836755E-042  0.11808981514612504     
   7.5084109451672021E-042  0.11597245846259799     
   8.0271325089985476E-042  0.11389306609732927     
   8.5770389606963246E-042  0.11185095734806802     
   9.1594654630311310E-042  0.10984546371759042     
   9.7761516656816725E-042  0.10787592869486412     
   1.0428825843146523E-041  0.10594170754013459     
   1.1119291523370394E-041  0.10404216707386488     
   1.2621510928175665E-041  0.10034465204971510     
   1.3436664286562960E-041   9.8545467086890326E-002
   1.4297941901620610E-041   9.6778541606403048E-002
   1.5207264776378625E-041   9.5043297194014609E-002
   1.6166954122206743E-041   9.3339165806484020E-002
   1.7179429648590976E-041   9.1665589585616547E-002
   1.8247213417265406E-041   9.0022020675644285E-002
   1.9372933861786825E-041   8.8407921043882426E-002
   2.0559329951133253E-041   8.6822762304601106E-002
   2.1809255506915030E-041   8.5266025546054808E-002
   2.3125683701835940E-041   8.3737201160612854E-002
   2.4511711721754717E-041   8.2235788677937099E-002
   2.5970565624473603E-041   8.0761296601148946E-002
   2.7505605363398261E-041   7.9313242245935014E-002
   2.9120330020614963E-041   7.7891151582537677E-002
   3.0818383249416526E-041   7.6494559080577881E-002
   3.2603558907907529E-041   7.5123007556661112E-002
   3.4479806931138044E-041   7.3776048024715726E-002
   3.6451239412342380E-041   7.2453239549014073E-002
   3.8522136936282287E-041   7.1154149099829575E-002
   4.0696955151339441E-041   6.9878351411682096E-002
   4.2980331579091846E-041   6.8625428844123718E-002
   4.5377092726969222E-041   6.7394971245022445E-002
   4.7892261434158205E-041   6.6186575816295765E-002
   5.0531064531159691E-041   6.4999846982052231E-002
   5.3298940763204507E-041   6.3834396259097120E-002
   5.6201549082177846E-041   6.2689842129760462E-002
   5.9244777164261681E-041   6.1565809917003972E-002
   6.2434750341328772E-041   6.0461931661768997E-002
   6.5777840852040841E-041   5.9377846002522404E-002
   6.9280677419282495E-041   5.8313198056962466E-002
   7.2950155234629177E-041   5.7267639305846080E-002
   7.6793446309612560E-041   5.6240827478898983E-002
   8.0818010231893608E-041   5.5232426442770786E-002
   8.5031605347233477E-041   5.4242106091000344E-002
   9.4059394413265543E-041   5.2314416502695138E-002
   9.8888889388588017E-041   5.1376416224773326E-002
   1.0394258269870232E-040   5.0455234341860111E-002
   1.0922900236083249E-040   4.9550569299235833E-002
   1.1475795871997943E-040   4.8662124949073349E-002
   1.2053965237011010E-040   4.7789610453491775E-002
   1.3290517992145666E-040   4.6091233654740528E-002
   1.3950933401143447E-040   4.5264815377176908E-002
   1.4641232250475048E-040   4.4453214823404433E-002
   1.5362545046396509E-040   4.3656166310845367E-002
   1.6116159617613055E-040   4.2873408920624606E-002
   1.6903414702219674E-040   4.2104686412156415E-002
   1.7725701875968320E-040   4.1349747139262573E-002
   1.8584467594733443E-040   4.0608343967794058E-002
   1.9481215315052223E-040   3.9880234194730399E-002
   2.0417507695841908E-040   3.9165179468729314E-002
   2.1394968886209236E-040   3.8462945712100655E-002
   2.2415286895285579E-040   3.7773303044179800E-002
   2.3480216064187493E-040   3.7096025706074759E-002
   2.4591579618221915E-040   3.6430891986762456E-002
   2.5751272330551002E-040   3.5777684150510247E-002
   2.6961263277180609E-040   3.5136188365598897E-002
   2.8223598700969278E-040   3.4506194634323223E-002
   2.9540404992174544E-040   3.3887496724248060E-002
   3.0913891768891216E-040   3.3279892100696928E-002
   3.2346355090273473E-040   3.2683181860450786E-002
   3.3840180781670474E-040   3.2097170666635935E-002
   3.5397847892191817E-040   3.1521666684779320E-002
   3.7021932281238635E-040   3.0956481520010126E-002
   3.8715110352741274E-040   3.0401430155387626E-002
   4.0480162906385557E-040   2.9856330891334795E-002
   4.2319979174924272E-040   2.9321005286157623E-002
   4.4237560976027784E-040   2.8795278097631192E-002
   4.6236027052165835E-040   2.8278977225633137E-002
   4.8318617556202095E-040   2.7771933655805280E-002
   5.2749985448503304E-040   2.6784957463074383E-002
   5.5105457728812459E-040   2.6304701747268174E-002
   5.7559461232713794E-040   2.5833057042059304E-002
   6.2778972160807210E-040   2.4914985848243049E-002
   6.5552145585334601E-040   2.4468258823219947E-002
   6.8440572099571353E-040   2.4029541637580292E-002
   7.1448580103409238E-040   2.3598690674476813E-002
   7.7842759551970929E-040   2.2760025777606743E-002
   8.1238445333168024E-040   2.2351937301578289E-002
   8.4774078746550721E-040   2.1951165873689189E-002
   8.8454916354283435E-040   2.1557580298876035E-002
   9.2286692680297445E-040   2.1171051734409974E-002
   9.6275364091849533E-040   2.0791453647719081E-002
   1.0042711720527091E-039   2.0418661774967296E-002
   1.0474837771043875E-039   2.0052554080375613E-002
   1.0924581951967766E-039   1.9693010716273211E-002
   1.1392637427535239E-039   1.9339913983864299E-002
   1.1879724120711899E-039   1.8993148294698791E-002
   1.2386589737824586E-039   1.8652600132833701E-002
   1.2914010831282797E-039   1.8318158017672979E-002
   1.3462793902910270E-039   1.7989712467473492E-002
   1.4033776550341141E-039   1.7667155963505730E-002
   1.4627828654636359E-039   1.7350382914856674E-002
   1.5245853616121294E-039   1.7039289623863994E-002
   1.5888789635198895E-039   1.6733774252170028E-002
   1.6557611042858904E-039   1.6433736787384263E-002
   1.7253329680638313E-039   1.6139079010343661E-002
   1.7976996336546574E-039   1.5849704462960062E-002
   1.8729702229093498E-039   1.5565518416643987E-002
   1.9512580555056629E-039   1.5286427841294517E-002
   2.0326808092706641E-039   1.5012341374845530E-002
   2.1173606863541211E-039   1.4743169293357497E-002
   2.2054245864479236E-039   1.4478823481646015E-002
   2.2970042856119778E-039   1.4219217404436591E-002
   2.3922366229315838E-039   1.3964266078036847E-002
   2.4912636934499891E-039   1.3713886042516473E-002
   2.7013028744490966E-039   1.3226513459766604E-002
   3.0487012263097396E-039   1.2527737392266943E-002
   3.1737852794842520E-039   1.2303114392695260E-002
   3.3038417744924434E-039   1.2082518895485495E-002
   3.4390427220438111E-039   1.1865878687305464E-002
   3.5795895373660182E-039   1.1653122849611936E-002
   3.7256892696473467E-039   1.1444181735434955E-002
   3.8775569014712471E-039   1.1238986946578378E-002
   4.1995035262734981E-039   1.0839568861969526E-002
   4.3700424648494996E-039   1.0645214814179351E-002
   4.5473010305780131E-039   1.0454345544831326E-002
   4.7315324169988807E-039   1.0266898571662162E-002
   4.9230059786726107E-039   1.0082812532718805E-002
   5.1220013792456447E-039   9.9020271662713655E-003
   5.3288089834026921E-039   9.7244832910859808E-003
   5.5437302641459875E-039   9.5501227870514044E-003
   5.7670782259471549E-039   9.3788885761531497E-003
   5.9991778441174209E-039   9.2107246037885521E-003
   6.2403665200920768E-039   9.0455758204169776E-003
   6.4909945549012914E-039   8.8833881635389574E-003
   6.7514256403022144E-039   8.7241085399985211E-003
   7.0220373682013287E-039   8.5676848086028538E-003
   7.3032217604119250E-039   8.4140657630534903E-003
   7.5953858167182320E-039   8.2632011151836417E-003
   7.8989520861267390E-039   8.1150414784960032E-003
   8.2143592577999084E-039   7.9695383519957797E-003
   8.5420627755360548E-039   7.8266441043136955E-003
   8.8825354753043363E-039   7.6863119581133642E-003
   9.2362682464685569E-039   7.5484959747785874E-003
   9.6037707191852773E-039   7.4131510393749935E-003
   9.9855719769853454E-039   7.2802328458814068E-003
   1.0382221296719615E-038   7.1496978826859434E-003
   1.0794288916838933E-038   7.0215034183422403E-003
   1.1222366834163779E-038   6.8956074875810786E-003
   1.1667069631691171E-038   6.7719688775727347E-003
   1.2608937451049016E-038   6.5313024499874459E-003
   1.3107430193399494E-038   6.4141958487322461E-003
   1.3625260814908845E-038   6.2991889750830723E-003
   1.4163154620378013E-038   6.1862441808119657E-003
   1.4721894821515753E-038   6.0753244927257023E-003
   1.5302261277285251E-038   5.9663936005623988E-003
   1.5905102400354771E-038   5.8594158451050647E-003
   1.7181658203000490E-038   5.6511802928348384E-003
   1.7857184630693930E-038   5.5498543287959921E-003
   1.8558809359036904E-038   5.4503451446962703E-003
   1.9287549684148239E-038   5.3526201655744845E-003
   2.0044447872100976E-038   5.2566474005402136E-003
   2.0830564287106226E-038   5.1623954323014084E-003
   2.1647022713639248E-038   5.0698334068797635E-003
   2.2494983922506831E-038   4.9789310235104399E-003
   2.3375652885118498E-038   4.8896585247229256E-003
   2.4290280453344555E-038   4.8019866865997574E-003
   2.5240165102215466E-038   4.7158868092098353E-003
   2.6226654738095078E-038   4.6313307072133950E-003
   2.7251148577415181E-038   4.5482907006352824E-003
   2.8315099092918594E-038   4.4667396058037977E-003
   2.9420014038437840E-038   4.3866507264519270E-003
   3.0567458546656841E-038   4.3079978449781214E-003
   3.1759057308492141E-038   4.2307552138638582E-003
   3.2996496834410967E-038   4.1548975472449640E-003
   3.4281527800831086E-038   4.0804000126341824E-003
   3.5615967487303175E-038   4.0072382227920676E-003
   3.7001702304247660E-038   3.9353882277436822E-003
   3.8440690418071608E-038   3.8648265069384201E-003
   3.9934964473879826E-038   3.7955299615503885E-003
   4.1486634423701426E-038   3.7274759069168754E-003
   4.3097890460545952E-038   3.6606420651123929E-003
   4.4771006063586668E-038   3.5950065576558438E-003
   4.6508341159638153E-038   3.5305478983484657E-003
   4.8312345403840044E-038   3.4672449862401659E-003
   5.0185561584702526E-038   3.4050770987220399E-003
   5.4150313113540394E-038   3.2840653581459787E-003
   5.6247370893910535E-038   3.2251818911288965E-003
   5.8424851705783582E-038   3.1673542078158004E-003
   6.3033387287959317E-038   3.0547908106896338E-003
   6.5470857838875847E-038   3.0000182485360976E-003
   6.8001716564474172E-038   2.9462277613431002E-003
   7.0629480194232756E-038   2.8934017404542234E-003
   7.9132042212719731E-038   2.7405390910461708E-003
   8.2185762130923897E-038   2.6914010789854904E-003
   8.8648358557221337E-038   2.5957523991718837E-003
   9.5614714093738090E-038   2.5035029414294530E-003
   9.9298877278464996E-038   2.4586150001729991E-003
   1.0312391325563866E-037   2.4145319020972291E-003
   1.0709514717116330E-037   2.3712392163209939E-003
   1.1121814313662332E-037   2.3287227707096091E-003
   1.1549867653595848E-037   2.2869686472355246E-003
   1.1994274203509381E-037   2.2459631774221583E-003
   1.2455656189568643E-037   2.2056929378694414E-003
   1.2934659460533650E-037   2.1661447458595942E-003
   1.3431954383273834E-037   2.1273056550416649E-003
   1.3948236772641770E-037   2.0891629511934685E-003
   1.4484228855740250E-037   2.0517041480594901E-003
   1.5040680273972547E-037   2.0149169832634579E-003
   1.5618369121624434E-037   1.9787894142941445E-003
   1.6218103024923037E-037   1.9433096145632044E-003
   1.6840720261267689E-037   1.9084659695336452E-003
   1.7487090921374451E-037   1.8742470729177453E-003
   1.8158118115036264E-037   1.8406417229431312E-003
   1.8854739222680511E-037   1.8076389186857998E-003
   1.9577927194361127E-037   1.7752278564689026E-003
   2.0328691898056851E-037   1.7433979263260979E-003
   2.1108081518625704E-037   1.7121387085283055E-003
   2.1917184010251659E-037   1.6814399701727452E-003
   2.2757128603785760E-037   1.6512916618331224E-003
   2.4534273894950202E-037   1.5926070351995106E-003
   2.5473959718837143E-037   1.5640515061215862E-003
   2.6449446568753008E-037   1.5360079792029499E-003
   2.8513332135338187E-037   1.4814203755414001E-003
   2.9604593899086220E-037   1.4548584292009472E-003
   3.0737425451914001E-037   1.4287727399749750E-003
   3.1913398363405556E-037   1.4031547685480245E-003
   3.3134151221140847E-037   1.3779961287150150E-003
   3.5716872526823298E-037   1.3290240481399684E-003
   3.7082421693154989E-037   1.3051945760774095E-003
   3.8499958902555334E-037   1.2817923677198037E-003
   3.9971449568460564E-037   1.2588097622061344E-003
   4.1498942278000319E-037   1.2362392360350319E-003
   4.3084563293158572E-037   1.2140734006019069E-003
   4.4730519492840329E-037   1.1923049997802468E-003
   4.6439101426669175E-037   1.1709269075462700E-003
   4.8212686484473928E-037   1.1499321256461803E-003
   5.0053742185627429E-037   1.1293137813052517E-003
   5.1964829593029216E-037   1.1090651249779718E-003
   5.3948606856150852E-037   1.0891795281385420E-003
   5.6007832888820487E-037   1.0696504811109804E-003
   5.8145371185165568E-037   1.0504715909381423E-003
   6.0364193780976078E-037   1.0316365792889504E-003
   6.2667385364231064E-037   1.0131392804031362E-003
   6.5058147542166491E-037   9.9497363907284273E-004
   6.7539803268651391E-037   9.7713370866040817E-004
   7.0115801440245041E-037   9.5961364915170635E-004
   7.2789721665181852E-037   9.4240772524437598E-004
   7.5565279213971610E-037   9.2551030447032736E-004
   7.8446330156400310E-037   9.0891585535192898E-004
   8.1436876693999617E-037   8.9261894559123777E-004
   8.4541072692484965E-037   8.7661424029170294E-004
   8.7763229425791224E-037   8.6089650021175048E-004
   9.1107821535990278E-037   8.4546058004968691E-004
   9.4579493219553013E-037   8.3030142675935678E-004
   9.8183064646971840E-037   8.1541407789598880E-004
   1.0580612595025183E-036   7.8643538696019743E-004
   1.0983616040794061E-036   7.7233455852988723E-004
   1.1401929056479095E-036   7.5848655870536003E-004
   1.2286824401524198E-036   7.3153099323316215E-004
   1.2754630436689406E-036   7.1841460351053778E-004
   1.3240203658714075E-036   7.0553339135516078E-004
   1.3744215610283656E-036   6.9288314002071110E-004
   1.4267365421237737E-036   6.8045970836734873E-004
   1.4810378704986262E-036   6.6825902950609683E-004
   1.5374008560823031E-036   6.5627710946751267E-004
   1.5959036614460464E-036   6.4451002589424058E-004
   1.6566274097801283E-036   6.3295392675699841E-004
   1.7196562969685970E-036   6.2160502909359473E-004
   1.7850777078716873E-036   6.1045961777055438E-004
   1.8529823370878559E-036   5.9951404426694243E-004
   1.9234643141654565E-036   5.8876472547999875E-004
   1.9966213336463518E-036   5.7820814255218802E-004
   2.0725547900125451E-036   5.6784083971927459E-004
   2.1513699177085660E-036   5.5765942317906466E-004
   2.2331759364622897E-036   5.4766055998041420E-004
   2.3180862021317500E-036   5.3784097693217387E-004
   2.4062183632499490E-036   5.2819745953168592E-004
   2.4976945234575460E-036   5.1872685091249710E-004
   2.5926414101443354E-036   5.0942605081093619E-004
   2.6911905494067525E-036   5.0029201455122454E-004
   2.7934784476435145E-036   4.9132175204878541E-004
   2.8996467800510337E-036   4.8251232683141641E-004
   3.0098425861758661E-036   4.7386085507801837E-004
   3.1242184729833639E-036   4.6536450467455937E-004
   3.2429328254677495E-036   4.5702049428696014E-004
   3.3661500253280325E-036   4.4882609245061361E-004
   3.4940406778596259E-036   4.4077861667621510E-004
   3.6267818474705809E-036   4.3287543257163882E-004
   3.7645573020910828E-036   4.2511395297955065E-004
   3.9075577667335849E-036   4.1749163713048225E-004
   4.0559811868723913E-036   4.1000598981110132E-004
   4.2100330015425037E-036   4.0265456054738001E-004
   4.3699264268432281E-036   3.9543494280242305E-004
   4.5358827502594643E-036   3.8834477318866923E-004
   4.8869120957539230E-036   3.7454353592305438E-004
   5.4649591202449574E-036   3.5475585265067468E-004
   5.6724300723532555E-036   3.4839506129283592E-004
   5.8877678572976319E-036   3.4214831926327713E-004
   6.3432422551298145E-036   3.2998884021219764E-004
   6.8338998579054301E-036   3.1826149226470444E-004
   7.0932622801564086E-036   3.1255504673490057E-004
   7.3624558182732511E-036   3.0695091807778183E-004
   7.6418518440674673E-036   3.0144727174636477E-004
   7.9318366987878811E-036   2.9604230608719009E-004
   8.2328113442780692E-036   2.9073425175054100E-004
   8.5451919158458854E-036   2.8552137111123680E-004
   8.8694102962145562E-036   2.8040195769980824E-004
   9.2059147112030717E-036   2.7537433564387543E-004
   9.5551703477016927E-036   2.7043685911953813E-004
   9.9176599953449195E-036   2.6558791181260677E-004
   1.0293884712106761E-035   2.6082590638949244E-004
   1.0684364515413316E-035   2.5614928397758142E-004
   1.1089639098903696E-035   2.5155651365492979E-004
   1.1510268576871820E-035   2.4704609194910399E-004
   1.1946834256302310E-035   2.4261654234501316E-004
   1.2399939438497200E-035   2.3826641480156058E-004
   1.2870210250729814E-035   2.3399428527696230E-004
   1.3358296509536581E-035   2.2979875526258094E-004
   1.3864872616523509E-035   2.2567845132511315E-004
   1.4390638487974569E-035   2.2163202465698829E-004
   1.4936320519892697E-035   2.1765815063482668E-004
   1.5502672589090456E-035   2.1375552838581629E-004
   1.6090477092491068E-035   2.0992288036186498E-004
   1.6700546025512927E-035   2.0615895192138562E-004
   1.7990882074787242E-035   1.9883234730009669E-004
   1.9380808104265212E-035   1.9176612009524487E-004
   2.0115493498413135E-035   1.8832774333468101E-004
   2.0878004912777189E-035   1.8495101685280928E-004
   2.1669393031440136E-035   1.8163483525684485E-004
   2.2490750690953433E-035   1.7837811297375479E-004
   2.5146205976871784E-035   1.6895413614940354E-004
   2.6099211688982261E-035   1.6592477947759558E-004
   2.7088314114823226E-035   1.6294973933247490E-004
   2.9180290296065144E-035   1.5715873049145982E-004
   3.0286046865650990E-035   1.5434086607217046E-004
   3.1433672598691948E-035   1.5157352611220112E-004
   3.2624748157664456E-035   1.4885580470530159E-004
   3.3860917553565252E-035   1.4618681218816907E-004
   3.5143886970831478E-035   1.4356567484921155E-004
   3.6475427116572652E-035   1.4099153464253180E-004
   3.7857375660362977E-035   1.3846354890704142E-004
   3.9291639764472959E-035   1.3598089009061066E-004
   4.0780198711733167E-035   1.3354274547916354E-004
   4.2325106630465633E-035   1.3114831693063084E-004
   4.3928495324282250E-035   1.2879682061367286E-004
   4.5592577207904216E-035   1.2648748675108743E-004
   4.7319648353226714E-035   1.2421955936781944E-004
   4.9112091652354210E-035   1.2199229604348634E-004
   5.0972380098612894E-035   1.1980496766934277E-004
   5.2903080191334025E-035   1.1765685820960225E-004
   5.4906855470735967E-035   1.1554726446703747E-004
   5.6986470185212349E-035   1.1347549585278580E-004
   5.9144793096668802E-035   1.1144087416027885E-004
   6.1384801432012298E-035   1.0944273334322904E-004
   6.3709584980968212E-035   1.0748041929759317E-004
   6.6122350349926290E-035   1.0555328964745000E-004
   6.8626425377672481E-035   1.0366071353471121E-004
   7.1225239388203749E-035   1.0180207141260876E-004
   7.6721829914651481E-035   9.8184166296594802E-005
   7.9626883416626497E-035   9.6423718958546555E-005
   8.5771214161218443E-035   9.2996953065824369E-005
   8.9018816890431508E-035   9.1329512737647729E-005
   9.2389314109988370E-035   8.9691969703483072E-005
   9.5887343146768319E-035   8.8083787903254484E-005
   1.0328548284501449E-034   8.4953411649892706E-005
   1.0719576923453188E-034   8.3430192448281248E-005
   1.1125401297904831E-034   8.1934284648190860E-005
   1.1546579665753286E-034   8.0465198554735936E-005
   1.1983692631900768E-034   7.9022453253285656E-005
   1.2437342746758490E-034   7.7605576452034788E-005
   1.2908155335296644E-034   7.6214104327395246E-005
   1.3396779357481113E-034   7.4847581372160235E-005
   1.3903888301213651E-034   7.3505560246392025E-005
   1.4430181108925867E-034   7.2187601630981272E-005
   1.4976383139379321E-034   7.0893274083834093E-005
   1.5543247165587171E-034   6.9622153898636407E-005
   1.6131554410447743E-034   6.8373824966150423E-005
   1.6742115621391798E-034   6.7147878637999854E-005
   1.7375772186117416E-034   6.5943913592894955E-005
   1.8033397289593317E-034   6.4761535705258567E-005
   1.8715897115649161E-034   6.3600357916206100E-005
   1.9424212093292392E-034   6.2460000106839079E-005
   2.0159318190295742E-034   6.1340088973811478E-005
   2.0922228256015151E-034   6.0240257907126217E-005
   2.1713993413793775E-034   5.9160146870122566E-005
   2.2535704507667163E-034   5.8099402281616941E-005
   2.3388493601935637E-034   5.7057676900154641E-005
   2.4273535538641175E-034   5.6034629710339190E-005
   2.5192049552871341E-034   5.5029925811198298E-005
   2.6145300950129696E-034   5.4043236306551581E-005
   2.7134602846150887E-034   5.3074238197345359E-005
   2.8161317972478197E-034   5.2122614275915819E-005
   3.0332701816043755E-034   5.0270248501504955E-005
   3.1480354141350602E-034   4.9368900264863903E-005
   3.2671408918585314E-034   4.8483713250176460E-005
   3.3907502947141201E-034   4.7614397685871181E-005
   3.5190338579541894E-034   4.6760668995996071E-005
   3.6521682485380728E-034   4.5922247707061424E-005
   3.7903368080303309E-034   4.5098859356552072E-005
   3.9337295337240836E-034   4.4290234403080169E-005
   4.0825446945011446E-034   4.3496108138149610E-005
   4.2369863939373388E-034   4.2716220599501457E-005
   4.3972675602348548E-034   4.1950316486014170E-005
   4.5636088845181950E-034   4.1198145074128926E-005
   4.7362393950035272E-034   4.0459460135773451E-005
   4.9153967717806794E-034   3.9734019857758263E-005
   5.1013276735700969E-034   3.9021586762616940E-005
   5.2942880767244034E-034   3.8321927630866917E-005
   5.4945436271290066E-034   3.7634813424663414E-005
   5.7023700052320454E-034   3.6960019212822195E-005
   5.9180533050335005E-034   3.6297324097187362E-005
   6.1418904271903797E-034   3.5646511140318734E-005
   6.3741894871509582E-034   3.5007367294475798E-005
   6.6152702385396090E-034   3.4379683331875666E-005
   6.8654645125804640E-034   3.3763253776200407E-005
   7.1251166741529824E-034   3.3157876835333848E-005
   7.3945840949576323E-034   3.2563354335303008E-005
   7.6742376446581538E-034   3.1979491655404689E-005
   7.9644622003869580E-034   3.1406097664495479E-005
   8.2656571757188818E-034   3.0842984658423517E-005
   8.5782370694041626E-034   3.0289968298582274E-005
   8.9026320348740965E-034   2.9746867551566460E-005
   9.2392884713255525E-034   2.9213504629909195E-005
   9.5886696369279186E-034   2.8689704933882520E-005
   9.9512562853505704E-034   2.8175296994340905E-005
   1.0327547326207640E-033   2.7670112416589574E-005
   1.0718060510528102E-033   2.7173985825259843E-005
   1.1123333141882322E-033   2.6686754810171989E-005
   1.1543922814654168E-033   2.6208259873169628E-005
   1.1980407345617878E-033   2.5738344375906823E-005
   1.2433389739868685E-033   2.5276854488571392E-005
   1.3391359338806220E-033   2.4378549965863905E-005
   1.3897661929774425E-033   2.3941441264820988E-005
   1.4423099857519447E-033   2.3512169946099671E-005
   1.4968544915278680E-033   2.3090595485016848E-005
   1.5534295175245039E-033   2.2676579876504610E-005
   1.6731061618332527E-033   2.1870685524744503E-005
   1.7363569054025342E-033   2.1478542966880096E-005
   1.8701195868260553E-033   2.0715225193418997E-005
   1.9408148164861838E-033   2.0343800100918219E-005
   2.0141815553042760E-033   1.9979034680134757E-005
   2.0903204649485376E-033   1.9620809522799582E-005
   2.1693362485516366E-033   1.9269007361640301E-005
   2.2513375622504755E-033   1.8923513031992856E-005
   2.3364371643865796E-033   1.8584213434101868E-005
   2.4247520702541608E-033   1.8250997496096600E-005
   2.5164037127963382E-033   1.7923756137630778E-005
   2.6115181093229480E-033   1.7602382234174689E-005
   2.7102260344571166E-033   1.7286770581947027E-005
   2.8126631997485642E-033   1.6976817863475984E-005
   2.9189704398868776E-033   1.6672422613777536E-005
   3.0292939060835047E-033   1.6373485187140126E-005
   3.1437852666619205E-033   1.6079907724505272E-005
   3.2626019152783443E-033   1.5791594121432476E-005
   3.3859071869252223E-033   1.5508449996639094E-005
   3.5138705821216949E-033   1.5230382661103911E-005
   3.6466679996191081E-033   1.4957301087724708E-005
   3.7844819777315719E-033   1.4689115881520159E-005
   3.9275019449265031E-033   1.4425739250365719E-005
   4.0759244797676759E-033   1.4167084976254234E-005
   4.2299535807029999E-033   1.3913068387072124E-005
   4.3898009460583355E-033   1.3663606328881217E-005
   4.5556862644906419E-033   1.3418617138697936E-005
   4.7278375164883799E-033   1.3178020617760442E-005
   4.9064912872369795E-033   1.2941738005274802E-005
   5.2842983898911536E-033   1.2481806498089437E-005
   5.4839695373900922E-033   1.2258007041899939E-005
   5.9062234440933387E-033   1.1822374389502559E-005
   6.1293837007742524E-033   1.1610398586188807E-005
   6.3609741384834064E-033   1.1402223520333570E-005
   6.6013104402984552E-033   1.1197781044511471E-005
   6.8507240708046948E-033   1.0997004233184197E-005
   7.1095569396709098E-033   1.0799827360791809E-005
   7.3781648989262526E-033   1.0606185880237241E-005
   7.6569169669910577E-033   1.0416016401756309E-005
   7.9461960877252692E-033   1.0229256672166622E-005
   8.2463996554054974E-033   1.0045845554488737E-005
   8.5579400601404203E-033   9.8657230079325015E-006
   8.8812452533726215E-033   9.6888300682422833E-006
   9.2167593348085599E-033   9.5151088283947716E-006
   9.5649431616867538E-033   9.3445024196425910E-006
   9.9262749806385709E-033   9.1769549928981071E-006
   1.0301251083778625E-032   9.0124117004507977E-006
   1.0690386489230044E-032   8.8508186780124601E-006
   1.1094215647511522E-032   8.6921230270845059E-006
   1.1513293174292767E-032   8.5362727976412533E-006
   1.1948194611226784E-032   8.3832169711236773E-006
   1.2399517214868458E-032   8.2329054437383560E-006
   1.2867880775937712E-032   8.0852890100554401E-006
   1.3353928469083861E-032   7.9403193469011284E-006
   1.3858327734626300E-032   7.7979489975386995E-006
   1.4381771194030942E-032   7.6581313561332072E-006
   1.4924977599419100E-032   7.5208206524948595E-006
   1.5488692818861771E-032   7.3859719370958065E-006
   1.6073690859216873E-032   7.2535410663555850E-006
   1.6680774927116751E-032   7.1234846881905418E-006
   1.7310778530407263E-032   6.9957602278221427E-006
   1.7964566620343808E-032   6.8703258738399385E-006
   1.8643036777855770E-032   6.7471405645143069E-006
   1.9347120443628274E-032   6.6261639743545766E-006
   2.0077783095577718E-032   6.5073565009083403E-006
   2.1622900388456936E-032   6.2760940319852662E-006
   2.2439476962846108E-032   6.1635633312756133E-006
   2.3286875099193308E-032   6.0530503120311504E-006
   2.4166265221607735E-032   5.9445187971156131E-006
   2.5078848664697398E-032   5.8379332580507176E-006
   2.8028543492686620E-032   5.5295066982626680E-006
   2.9086905394978254E-032   5.4303623482635873E-006
   3.0185225456144031E-032   5.3329956617475606E-006
   3.1325001460559148E-032   5.2373747651134964E-006
   3.2507797545690907E-032   5.1434683562557395E-006
   3.3735290710542873E-032   5.0512456943170207E-006
   3.5009003697784094E-032   4.9606765896252656E-006
   3.6330845982835180E-032   4.8717313938108682E-006
   3.7702577490317462E-032   4.7843809901010300E-006
   3.9126078009222644E-032   4.6985967837882752E-006
   4.0603307936134035E-032   4.6143506928697551E-006
   4.2136286892011086E-032   4.5316151388544000E-006
   4.3727120556487828E-032   4.4503630377349868E-006
   4.5377991521348254E-032   4.3705677911219845E-006
   4.7091164686076199E-032   4.2922032775363778E-006
   4.8868990359869582E-032   4.2152438438586998E-006
   5.0713907482604233E-032   4.1396642969312496E-006
   5.2628446964256605E-032   4.0654398953110106E-006
   5.4615235153123209E-032   3.9925463411703609E-006
   5.6676997432184257E-032   3.9209597723429979E-006
   5.8816561952724937E-032   3.8506567545125683E-006
   6.1036863508090784E-032   3.7816142735412243E-006
   6.3340947553459365E-032   3.7138097279358648E-006
   6.5731974375928548E-032   3.6472209214493649E-006
   6.8213223424139618E-032   3.5818260558144691E-006
   7.0788097798445277E-032   3.5176037236080401E-006
   7.3460128912714487E-032   3.4545329012431806E-006
   7.6232981329003829E-032   3.3925929420870046E-006
   7.9110457777449985E-032   3.3317635697018819E-006
   8.2096504362388583E-032   3.2720248712077601E-006
   8.5195215967151647E-032   3.2133572907636230E-006
   9.5210674600852765E-032   3.0435909212709035E-006
   1.0253322398029586E-031   2.9354259005368052E-006
   1.1041873811567991E-031   2.8311049153557907E-006
   1.1891043619018191E-031   2.7304913540096440E-006
   1.2805496612342673E-031   2.6334534597720685E-006
   1.3290113250606642E-031   2.5862354987912166E-006
   1.3790240634903127E-031   2.5398641583689741E-006
   1.4310646361603552E-031   2.4943242585535819E-006
   1.4850683155348129E-031   2.4496008915706043E-006
   1.5411091250126160E-031   2.4056794169428150E-006
   1.5992638798957280E-031   2.3625454566975236E-006
   1.6596122908990608E-031   2.3201848906598419E-006
   1.7222370732593384E-031   2.2785838518303918E-006
   1.7872240599351296E-031   2.2377287218458120E-006
   1.8546623190750402E-031   2.1976061265207384E-006
   1.9246442759238735E-031   2.1582029314696633E-006
   1.9972658392843370E-031   2.1195062378072976E-006
   2.0726265327940004E-031   2.0815033779260630E-006
   2.1508296310884895E-031   2.0441819113492727E-006
   2.2319823011483446E-031   2.0075296206586263E-006
   2.3161957489247634E-031   1.9715345074948041E-006
   2.4035853715175049E-031   1.9361847886296937E-006
   2.4942709150620261E-031   1.9014688921091033E-006
   2.5883766385764494E-031   1.8673754534645962E-006
   2.6860314839727046E-031   1.8338933119932502E-006
   2.7873692524888440E-031   1.8010115071041528E-006
   2.8925287877042465E-031   1.7687192747303704E-006
   3.0016541655750599E-031   1.7370060438052527E-006
   3.1148948914396671E-031   1.7058614328019538E-006
   3.2324061046091345E-031   1.6752752463349429E-006
   3.3543487906064980E-031   1.6452374718225020E-006
   3.4808897518220699E-031   1.6157382762090511E-006
   3.6122030835949870E-031   1.5867680027461919E-006
   4.0366080196755788E-031   1.5029367263961449E-006
   4.3468856514405144E-031   1.4495244294161071E-006
   4.5108531342681311E-031   1.4235343790907497E-006
   4.6810039199862718E-031   1.3980103317538313E-006
   4.8575703861225198E-031   1.3729439319468986E-006
   5.2309275351907488E-031   1.3241513994722085E-006
   5.4282279330890294E-031   1.3004092942601301E-006
   5.6329681274659485E-031   1.2770928862607162E-006
   5.8454276930625456E-031   1.2541945427002408E-006
   6.0658975647790133E-031   1.2317067676610176E-006
   6.2946796385275035E-031   1.2096221996275642E-006
   6.5320871839053864E-031   1.1879336090767674E-006
   6.7784452725806691E-031   1.1666338961112361E-006
   7.0340912226577707E-031   1.1457160881351312E-006
   7.2993750599435312E-031   1.1251733375716250E-006
   7.5746599965249954E-031   1.1049989196213069E-006
   7.8603229272189567E-031   1.0851862300607829E-006
   8.1567549450160598E-031   1.0657287830807236E-006
   8.4643618755250316E-031   1.0466202091627199E-006
   8.7835648319046419E-031   1.0278542529941628E-006
   9.1148007904995644E-031   1.0094247714205326E-006
   9.4585231881761099E-031   9.9132573143440127E-007
   9.8152025421318693E-031   9.7355120820046995E-007
   1.0185327093001379E-030   9.5609538311608049E-007
   1.0569403472320698E-030   9.3895254190640290E-007
   1.0967957394936262E-030   9.2211707275387544E-007
   1.1381534377507495E-030   9.0558346446112442E-007
   1.1810700484255603E-030   8.8934630464682437E-007
   1.2256043100472600E-030   8.7340027797396107E-007
   1.2718171735294231E-030   8.5774016440977068E-007
   1.3197718854741329E-030   8.4236083751697036E-007
   1.3695340746044872E-030   8.2725726277557034E-007
   1.5303593129293598E-030   7.8355205061581870E-007
   1.5880455798603751E-030   7.6950292055994183E-007
   1.6479325203335797E-030   7.5570569215523078E-007
   1.7745351375805531E-030   7.2884895484221548E-007
   1.8414365666904355E-030   7.1578065421097760E-007
   2.2992504515234055E-030   6.4214703560567123E-007
   2.3859222311307792E-030   6.3063330501032464E-007
   2.4758639470189414E-030   6.1932601621860213E-007
   2.5691948987347040E-030   6.0822146771795455E-007
   2.6660427528926477E-030   5.9731602436415046E-007
   2.7665399838212345E-030   5.8660611619129093E-007
   2.8708240539691960E-030   5.7608823724314587E-007
   2.9790376017657648E-030   5.6575894442548454E-007
   3.0913286363464352E-030   5.5561485637892265E-007
   3.2078507397201796E-030   5.4565265237203921E-007
   3.3287632765391459E-030   5.3586907121430501E-007
   3.4542316117436314E-030   5.2626091018850180E-007
   3.5844273363915505E-030   5.1682502400231728E-007
   3.7195285019740975E-030   5.0755832375868077E-007
   3.8597198635844483E-030   4.9845777594462767E-007
   4.0051931322205251E-030   4.8952040143822830E-007
   4.1561472365282261E-030   4.8074327453337608E-007
   4.3127885944820076E-030   4.7212352198203076E-007
   4.4753313952152585E-030   4.6365832205363530E-007
   4.6439978914955084E-030   4.5534490361142507E-007
   4.8190187031669385E-030   4.4718054520525242E-007
   5.0006331320136502E-030   4.3916257418072342E-007
   5.1890894885386075E-030   4.3128836580427985E-007
   5.3846454309337943E-030   4.2355534240396913E-007
   5.5875683168103038E-030   4.1596097252564621E-007
   5.7981355682810646E-030   4.0850277010426243E-007
   6.0166350506200202E-030   4.0117829365005432E-007
   6.4786361213189608E-030   3.8692097077940689E-007
   6.7227700060714396E-030   3.7998345713809383E-007
   6.9761005304550872E-030   3.7317033348635900E-007
   7.2389730094740440E-030   3.6647936950505671E-007
   7.5117472908116006E-030   3.5990837486478118E-007
   7.7947962132778664E-030   3.5345519850884958E-007
   8.0885066490954668E-030   3.4711772794914151E-007
   8.7095343678707803E-030   3.3478164297188847E-007
   9.0376974899379400E-030   3.2877899025885332E-007
   9.3782222744291629E-030   3.2288396542909596E-007
   1.0098233137767919E-029   3.1140911492561095E-007
   1.0478699749131165E-029   3.0582553288694876E-007
   1.1283166046343358E-029   2.9495691553283917E-007
   1.1708259473472857E-029   2.8966832230671553E-007
   1.2149364355030008E-029   2.8447455383918726E-007
   1.2607081492171108E-029   2.7937390991727647E-007
   1.3082036278249213E-029   2.7436472081291049E-007
   1.3574877641848426E-029   2.6944534673633763E-007
   1.4086278932128748E-029   2.6461417729931635E-007
   1.4616938837475585E-029   2.5986963098795646E-007
   1.5167582338520484E-029   2.5521015464499600E-007
   1.5738961697321906E-029   2.5063422296136167E-007
   1.6331857483706409E-029   2.4614033797686013E-007
   1.6947079639758037E-029   2.4172702858979719E-007
   1.7585468585032662E-029   2.3739285007541462E-007
   1.8247896362697533E-029   2.3313638361294501E-007
   1.8935267829337085E-029   2.2895623582115303E-007
   1.9648521888837431E-029   2.2485103830220408E-007
   2.0388632773282225E-029   2.2081944719370714E-007
   2.1156611371855038E-029   2.1686014272879798E-007
   2.1953506609165275E-029   2.1297182880410200E-007
   2.2780406876295795E-029   2.0915323255544706E-007
   2.3638441514920445E-029   2.0540310394118442E-007
   2.4528782357846570E-029   2.0172021533297548E-007
   2.5452645326495823E-029   1.9810336111392884E-007
   2.6411292089877764E-029   1.9455135728392190E-007
   2.7406031784449889E-029   1.9106304107202378E-007
   2.8438220487195736E-029   1.8763727055584279E-007
   2.9509274630496624E-029   1.8427292428771990E-007
   3.0620647187680561E-029   1.8096890092761222E-007
   3.1773865848461301E-029   1.7772411888255975E-007
   3.2970494743512498E-029   1.7453751595262694E-007
   3.4212178365529337E-029   1.7140804898317484E-007
   3.6837540041771658E-029   1.6531644349089878E-007
   3.8224883783276265E-029   1.6235231084246229E-007
   3.9664273925150975E-029   1.5944132525049654E-007
   4.1157943926807983E-029   1.5658253378544248E-007
   4.2707841331945111E-029   1.5377500060382172E-007
   4.4316081967278537E-029   1.5101780664187918E-007
   4.5984861249566140E-029   1.4831004931471949E-007
   4.7716457177137278E-029   1.4565084222084689E-007
   4.9513233434742574E-029   1.4303931485198744E-007
   5.1377642616388235E-029   1.4047461230812942E-007
   5.3312229567295570E-029   1.3795589501766332E-007
   5.5319634853353180E-029   1.3548233846254331E-007
   5.7402598359591580E-029   1.3305313290837671E-007
   5.9563963025013068E-029   1.3066748313934996E-007
   6.1806678717178431E-029   1.2832460819791313E-007
   6.4133806252136968E-029   1.2602374112912578E-007
   6.6548521565715273E-029   1.2376412872959247E-007
   6.9054120043006860E-029   1.2154503130089175E-007
   7.1654021007630891E-029   1.1936572240743641E-007
   7.4351772382236907E-029   1.1722548863866794E-007
   7.7151055522536237E-029   1.1512362937551530E-007
   8.0055690234926083E-029   1.1305945656104813E-007
   8.3069639980794447E-029   1.1103229447523018E-007
   8.6197017276655239E-029   1.0904147951372344E-007
   8.9442089298128091E-029   1.0708635997065090E-007
   9.2809283694560869E-029   1.0516629582525511E-007
   9.6303194620736483E-029   1.0328065853238782E-007
   9.9928580732348285E-029   1.0142883081674587E-007
   1.0369041300214276E-028   9.9610206470806941E-008
   1.0759379881651685E-028   9.7824190156381794E-008
   1.1584677792661299E-028   9.4347653450146757E-008
   1.3429968167011021E-028   8.7760843143617534E-008
   1.3935474764456796E-028   8.6187286545598202E-008
   1.4460013946640030E-028   8.4641943901301808E-008
   1.5004289771740980E-028   8.3124309333033760E-008
   1.5569044587731016E-028   8.1633886033513122E-008
   1.6155047255598383E-028   8.0170186103240037E-008
   1.6763101197092656E-028   7.8732730390778658E-008
   1.7394031483067442E-028   7.7321048335904001E-008
   1.8048699962327176E-028   7.5934677815561284E-008
   1.8727999434481075E-028   7.4573164992585515E-008
   1.9432856265090497E-028   7.3236064167138383E-008
   2.0164231647191990E-028   7.1922937630801395E-008
   2.0923122910386253E-028   7.0633355523292480E-008
   2.1710564878947696E-028   6.9366895691747368E-008
   2.2527631280652266E-028   6.8123143552524075E-008
   2.3375436208855730E-028   6.6901691955489259E-008
   2.4255135639914061E-028   6.5702141050731394E-008
   2.5167929006413888E-028   6.4524098157670181E-008
   2.6115060830615771E-028   6.3367177636509123E-008
   2.7097822419024025E-028   6.2231000761992768E-008
   2.8117553620144020E-028   6.1115195599431473E-008
   2.9175644648571588E-028   6.0019396882942707E-008
   3.0273537977910632E-028   5.8943245895881638E-008
   3.1412730304164111E-028   5.7886390353412008E-008
   3.2594774583570979E-028   5.6848484287182533E-008
   3.3821282146236916E-028   5.5829187932074532E-008
   3.5093924889903948E-028   5.4828167614974438E-008
   3.6414437555250810E-028   5.3845095645546273E-008
   3.7784620088031428E-028   5.2879650208959298E-008
   3.9206340088102257E-028   5.1931515260538963E-008
   4.0681535352145349E-028   5.1000380422310069E-008
   4.3800478091393063E-028   4.9187897290206743E-008
   4.5448459727500699E-028   4.8305955668507940E-008
   4.7158432362029333E-028   4.7439827307122236E-008
   4.8932713869987681E-028   4.6589228673448270E-008
   5.0773734755731838E-028   4.5753881318640135E-008
   5.2683991425053995E-028   4.4933511786454584E-008
   5.4666090856848312E-028   4.4127851523732646E-008
   5.6722734335290844E-028   4.3336636792489071E-008
   6.1070980003265948E-028   4.1796512531884245E-008
   6.5752413228621359E-028   4.0311122161900900E-008
   7.0792567633701333E-028   3.8878520515607437E-008
   7.3455657320228763E-028   3.8181426569296296E-008
   7.6218898977406006E-028   3.7496831554620032E-008
   7.9086063161257554E-028   3.6824511365067369E-008
   8.2061036174519898E-028   3.6164245912369820E-008
   8.5147877337749481E-028   3.5515819054452218E-008
   8.8350791697381333E-028   3.4879018524678932E-008
   9.1674142308418261E-028   3.4253635862366410E-008
   9.5122456167116278E-028   3.3639466344541746E-008
   9.8700430370056877E-028   3.3036308918926785E-008
   1.0241293850318636E-027   3.2443966138120513E-008
   1.0626503727064908E-027   3.1862244094964877E-008
   1.1026197337348108E-027   3.1290952359067368E-008
   1.1440919064324894E-027   3.0729903914462603E-008
   1.1871233745067317E-027   3.0178915098391391E-008
   1.2317727438269400E-027   2.9637805541177630E-008
   1.2781008221591515E-027   2.9106398107183242E-008
   1.3261707018753748E-027   2.8584518836821114E-008
   1.3760478457125758E-027   2.8071996889609644E-008
   1.4278001758358900E-027   2.7568664488245337E-008
   1.4814981661879690E-027   2.7074356863681180E-008
   1.5372149383277583E-027   2.6588912201187943E-008
   1.5950263608534060E-027   2.6112171587382694E-008
   1.6550111525775655E-027   2.5643978958208676E-008
   1.7172508396080573E-027   2.5184181047845262E-008
   1.7818306161380866E-027   2.4732627338536561E-008
   1.8488377982040604E-027   2.4289170011318102E-008
   1.9183642527746368E-027   2.3853663897626905E-008
   1.9905039780944644E-027   2.3425966431780759E-008
   2.0653556860005673E-027   2.3005937604307071E-008
   2.1430211265961050E-027   2.2593439916110929E-008
   2.2236062122321040E-027   2.2188338333463529E-008
   2.3072202674215719E-027   2.1790500243797667E-008
   2.3939770931222280E-027   2.1399795412297162E-008
   2.4839952010936024E-027   2.1016095939262409E-008
   2.5773971492460602E-027   2.0639276218242604E-008
   2.6743096315340548E-027   2.0269212894917287E-008
   2.7748647786854029E-027   1.9905784826715218E-008
   2.8791994582598571E-027   1.9548873043158411E-008
   2.9874556785187122E-027   1.9198360706915569E-008
   3.0997807814505557E-027   1.8854133075555138E-008
   3.2163276430489692E-027   1.8516077463983244E-008
   3.3372548810531855E-027   1.8184083207555986E-008
   3.4627270705886569E-027   1.7858041625852366E-008
   3.5929149677407646E-027   1.7537845987097116E-008
   3.7279957416929880E-027   1.7223391473221466E-008
   3.8681532154343548E-027   1.6914575145550002E-008
