   1.4139095366494324E-008   1.9478283960491967     
   8.1120578400682967E-009   1.9327635871155633     
   4.6334044174170131E-009   1.9179134130053919     
   2.6353663115073097E-009   1.9032754106976000     
   1.4930100703391568E-009   1.8888471179586019     
   8.4269948656603175E-010   1.8746260898099578     
   4.7399767399260703E-010   1.8606098984191999     
   2.6575192798477012E-010   1.8467961330571678     
   1.4855068053803301E-010   1.8331824000948380     
   8.2807603273501094E-011   1.8197663230230492     
   4.6042676553000190E-011   1.8065455424843651     
   2.5541196367623517E-011   1.7935177163135618     
   1.4138584394648651E-011   1.7806805195802577     
   7.8117169329554192E-012   1.7680316446352000     
   4.3087668068334043E-012   1.7555688011558983     
   2.3730870160339642E-012   1.7432897161929874     
   1.3053140178324603E-012   1.7311921342156433     
   7.1720241213324435E-013   1.7192738171562159     
   3.9371039694252212E-013   1.7075325444539846     
   2.1597412062287001E-013   1.6959661130972570     
   1.1841202861638823E-013   1.6845723376641577     
   6.4898866293631354E-014   1.6733490503617570     
   3.5563280885299105E-014   1.6622941010634347     
   1.9487877395516804E-014   1.6514053573443539     
   1.0680663164269527E-014   1.6406807045149272     
   5.8556376176590539E-015   1.6301180456521813     
   3.2119012386582408E-015   1.6197153016288863     
   1.7629107400381497E-015   1.6094704111403828     
   9.6837856577531107E-016   1.5993813307289886     
   5.3244126406843623E-016   1.5894460348059236     
   2.9307135684748448E-016   1.5796625156706416     
   1.6151470803238085E-016   1.5700287835275177     
   8.9134983398531438E-017   1.5605428664998056     
   4.9265236883314259E-017   1.5512028106408113     
   2.7273860095077093E-017   1.5420066799422147     
   1.5125933010579116E-017   1.5329525563394757     
   8.4046896870624533E-018   1.5240385397143057     
   4.6794854181297656E-018   1.5152627478941194     
   2.6109763126552927E-018   1.5066233166484719     
   1.4601123276659199E-018   1.4981183996823990     
   8.1845870629614754E-019   1.4897461686266786     
   4.5991938056121943E-019   1.4815048130249584     
   2.5911165905330705E-019   1.4733925403177361     
   1.4637166178164047E-019   1.4654075758231935     
   8.2915360123256376E-020   1.4575481627148532     
   4.7104533332026315E-020   1.4498125619960645     
   2.6839881786376961E-020   1.4421990524713211     
   1.5340086306687360E-020   1.4347059307144030     
   8.7951276048648063E-021   1.4273315110333604     
   5.0589473423084645E-021   1.4200741254323468     
   2.9195579652330473E-021   1.4129321235703118     
   1.6906237718786302E-021   1.4059038727165927     
   9.8238678416133383E-022   1.3989877577034016     
   5.7286889122443521E-022   1.3921821808752521     
   3.3527058224016616E-022   1.3854855620353541     
   1.9693923209660635E-022   1.3788963383890067     
   1.1611638632275108E-022   1.3724129644840191     
   6.8723617833103938E-023   1.3660339121482221     
   4.0831497534878893E-023   1.3597576704240768     
   2.4354871920620931E-023   1.3535827455004614     
   1.4594333221050124E-023   1.3475239258105050     
   8.7742670738710215E-024   1.3415470227378554     
   5.2975042191348239E-024   1.3356669174638269     
   3.2116121858428367E-024   1.3298823262091111     
   1.9535961215651870E-024   1.3241767805764169     
   1.1942191613471449E-024   1.3185793373317545     
   7.3312083925403947E-025   1.3130732280077679     
   4.5217012908354574E-025   1.3076710656712693     
   2.7986349043328400E-025   1.3023295898527083     
   1.7416921247644019E-025   1.2971027419942724     
   1.0870545768883009E-025   1.2919351871450264     
   6.8197361401361814E-026   1.2868656829679868     
   4.2985854232442638E-026   1.2818796004868642     
   2.7203453420448924E-026   1.2769756773126004     
   1.7296255765039124E-026   1.2721526668476535     
   1.1048813987542770E-026   1.2674093383250962     
   7.0860321566840837E-027   1.2627444763886537     
   4.5662124911179653E-027   1.2581568813593815     
   2.9567088041510092E-027   1.2536453688461637     
   1.9220308087504905E-027   1.2492087697549961     
   1.2562724325680271E-027   1.2448459301503674     
   8.2398420342101408E-028   1.2405557111395742     
   3.5997108593544180E-028   1.2321886356742047     
   1.0742745001775922E-028   1.2201551018865038     
   4.9271036288688078E-029   1.2124649920231605     
   2.5758814227815305E-030   1.1841870876252776     
   9.5247742580713604E-031   1.1745384144552613     
   5.1432035597374447E-031   1.1683758352398061     
   3.8434853678054562E-031   1.1653729144267033     
   2.8931351583955426E-031   1.1624211163052425     
   2.1229519952129531E-031   1.1595196136961450     
   1.6695544141385227E-031   1.1566675914221303     
   1.6713993759411311E-032   1.1538642461767827     
   1.5847827385158085E-042   1.1484004323320387     
   1.7196255501029113E-042   1.1457430476633153     
   1.8643681926084849E-042   1.1431264970269250     
   2.0195907926811256E-042   1.1405547623218106     
   2.1859305756929388E-042   1.1380271300380207     
   2.3640566113124991E-042   1.1355428763267184     
   2.5546710639783690E-042   1.1331012880870297     
   2.7585105429733875E-042   1.1307016629188165     
   2.9763475044027598E-042   1.1283433089951225     
   3.2089917019127575E-042   1.1260255449340295     
   3.4572916946242911E-042   1.1237476996724682     
   3.7221364112025814E-042   1.1215091123391938     
   4.0044567702990427E-042   1.1193091321290303     
   4.3052273642335770E-042   1.1171471181779058     
   4.6254682069728947E-042   1.1150224394380792     
   4.9662465459745224E-042   1.1129344745543674     
   5.3286787441373847E-042   1.1108826117410908     
   6.1234274054191955E-042   1.1068933031761603     
   6.5578403502777119E-042   1.1049376886497699     
   7.0191039514836755E-042   1.1030242736633695     
   7.5084109451672021E-042   1.1011440707308544     
   8.0271325089985476E-042   1.0992940365172494     
   8.5770389606963246E-042   1.0974809853086414     
   9.1594654630311310E-042   1.0956970311439407     
   9.7761516656816725E-042   1.0939440756183210     
   1.0428825843146523E-041   1.0922216040672394     
   1.1119291523370394E-041   1.0905291020912902     
   1.2621510928175665E-041   1.0872380203342777     
   1.3436664286562960E-041   1.0856264089784720     
   1.4297941901620610E-041   1.0840487846369129     
   1.5207264776378625E-041   1.0824986956995588     
   1.6166954122206743E-041   1.0809756572300340     
   1.7179429648590976E-041   1.0794792095312198     
   1.8247213417265406E-041   1.0780089003444935     
   1.9372933861786825E-041   1.0765642846987109     
   2.0559329951133253E-041   1.0751449248061833     
   2.1809255506915030E-041   1.0737503899597807     
   2.3125683701835940E-041   1.0723802564311053     
   2.4511711721754717E-041   1.0710341073696967     
   2.5970565624473603E-041   1.0697115327030540     
   2.7505605363398261E-041   1.0684121290381692     
   2.9120330020614963E-041   1.0671354995637181     
   3.0818383249416526E-041   1.0658812539534792     
   3.2603558907907529E-041   1.0646490082707438     
   3.4479806931138044E-041   1.0634383848738647     
   3.6451239412342380E-041   1.0622490123228394     
   3.8522136936282287E-041   1.0610805252868725     
   4.0696955151339441E-041   1.0599325644530315     
   4.2980331579091846E-041   1.0588047764361370     
   4.5377092726969222E-041   1.0576968136894107     
   4.7892261434158205E-041   1.0566083344163104     
   5.0531064531159691E-041   1.0555390024835836     
   5.3298940763204507E-041   1.0544884873350340     
   5.6201549082177846E-041   1.0534564639066653     
   5.9244777164261681E-041   1.0524426125425834     
   6.2434750341328772E-041   1.0514466189121052     
   6.5777840852040841E-041   1.0504681739280020     
   6.9280677419282495E-041   1.0495069736653555     
   7.2950155234629177E-041   1.0485627192819658     
   7.6793446309612560E-041   1.0476351169393767     
   8.0818010231893608E-041   1.0467238777251386     
   8.5031605347233477E-041   1.0458287175759515     
   9.4059394413265543E-041   1.0440873608410133     
   9.8888889388588017E-041   1.0432369451502801     
   1.0394258269870232E-040   1.0424033518721070     
   1.0922900236083249E-040   1.0415844905643090     
   1.1475795871997943E-040   1.0407801016030613     
   1.2053965237011010E-040   1.0399899327974012     
   1.3290517992145666E-040   1.0384527154182908     
   1.3950933401143447E-040   1.0377022912828626     
   1.4641232250475048E-040   1.0369665634397005     
   1.5362545046396509E-040   1.0362438597080570     
   1.6116159617613055E-040   1.0355339503418513     
   1.6903414702219674E-040   1.0348366116469410     
   1.7725701875968320E-040   1.0341516237454060     
   1.8584467594733443E-040   1.0334787705110007     
   1.9481215315052223E-040   1.0328178395084557     
   2.0417507695841908E-040   1.0321686219335033     
   2.1394968886209236E-040   1.0315309125539796     
   2.2415286895285579E-040   1.0309045096514904     
   2.3480216064187493E-040   1.0302892149642597     
   2.4591579618221915E-040   1.0296848336304589     
   2.5751272330551002E-040   1.0290911741326889     
   2.6961263277180609E-040   1.0285080482431095     
   2.8223598700969278E-040   1.0279352709693503     
   2.9540404992174544E-040   1.0273726605013580     
   3.0913891768891216E-040   1.0268200381589128     
   3.2346355090273473E-040   1.0262772283400001     
   3.3840180781670474E-040   1.0257440584699522     
   3.5397847892191817E-040   1.0252203589512867     
   3.7021932281238635E-040   1.0247059631143838     
   3.8715110352741274E-040   1.0242007071689148     
   4.0480162906385557E-040   1.0237044301559246     
   4.2319979174924272E-040   1.0232169739007453     
   4.4237560976027784E-040   1.0227381829665529     
   4.6236027052165835E-040   1.0222679046086647     
   4.8318617556202095E-040   1.0218059887295479     
   5.2749985448503304E-040   1.0209071630752879     
   5.5105457728812459E-040   1.0204689542404779     
   5.7559461232713794E-040   1.0200388874748736     
   6.2778972160807210E-040   1.0192024610379495     
   6.5552145585334601E-040   1.0187946549227545     
   6.8440572099571353E-040   1.0183945383368813     
   7.1448580103409238E-040   1.0180015457673073     
   7.7842759551970929E-040   1.0172367966287963     
   8.1238445333168024E-040   1.0168640615953568     
   8.4774078746550721E-040   1.0164983255356841     
   8.8454916354283435E-040   1.0161391052380881     
   9.2286692680297445E-040   1.0157862850727035     
   9.6275364091849533E-040   1.0154397517179965     
   1.0042711720527091E-039   1.0150993938342481     
   1.0474837771043875E-039   1.0147651020295219     
   1.0924581951967766E-039   1.0144367688265448     
   1.1392637427535239E-039   1.0141142886299117     
   1.1879724120711899E-039   1.0137975576939513     
   1.2386589737824586E-039   1.0134864740910610     
   1.2914010831282797E-039   1.0131809376806389     
   1.3462793902910270E-039   1.0128808500783713     
   1.4033776550341141E-039   1.0125861146261690     
   1.4627828654636359E-039   1.0122966363625325     
   1.5245853616121294E-039   1.0120123219933623     
   1.5888789635198895E-039   1.0117330798633764     
   1.6557611042858904E-039   1.0114588199278098     
   1.7253329680638313E-039   1.0111894537247912     
   1.7976996336546574E-039   1.0109248943479654     
   1.8729702229093498E-039   1.0106650564197668     
   1.9512580555056629E-039   1.0104098560649635     
   2.0326808092706641E-039   1.0101592108847872     
   2.1173606863541211E-039   1.0099130399313301     
   2.2054245864479236E-039   1.0096712636825620     
   2.2970042856119778E-039   1.0094338040175799     
   2.3922366229315838E-039   1.0092005841924010     
   2.4912636934499891E-039   1.0089715288160583     
   2.7013028744490966E-039   1.0085257389785933     
   3.0487012263097396E-039   1.0078864704905564     
   3.1737852794842520E-039   1.0076805597707459     
   3.3038417744924434E-039   1.0074786863768657     
   3.4390427220438111E-039   1.0072803873368632     
   3.5795895373660182E-039   1.0070856313552268     
   3.7256892696473467E-039   1.0068943553599730     
   3.8775569014712471E-039   1.0067064973790429     
   4.1995035262734981E-039   1.0063408742101563     
   4.3700424648494996E-039   1.0061628281640860     
   4.5473010305780131E-039   1.0059880441249747     
   4.7315324169988807E-039   1.0058163843389947     
   4.9230059786726107E-039   1.0056477930968857     
   5.1220013792456447E-039   1.0054822157094272     
   5.3288089834026921E-039   1.0053195984563452     
   5.5437302641459875E-039   1.0051598885693207     
   5.7670782259471549E-039   1.0050030342153480     
   5.9991778441174209E-039   1.0048489844803226     
   6.2403665200920768E-039   1.0046976893529269     
   6.4909945549012914E-039   1.0045490997088304     
   6.7514256403022144E-039   1.0044031672950942     
   7.0220373682013287E-039   1.0042598447149036     
   7.3032217604119250E-039   1.0041190854125197     
   7.5953858167182320E-039   1.0039808436585145     
   7.8989520861267390E-039   1.0038450745352572     
   8.2143592577999084E-039   1.0037117339226371     
   8.5420627755360548E-039   1.0035807784840407     
   8.8825354753043363E-039   1.0034521656525774     
   9.2362682464685569E-039   1.0033258536175398     
   9.6037707191852773E-039   1.0032018013110726     
   9.9855719769853454E-039   1.0030799683951128     
   1.0382221296719615E-038   1.0029603152485354     
   1.0794288916838933E-038   1.0028428029545178     
   1.1222366834163779E-038   1.0027273932881156     
   1.1667069631691171E-038   1.0026140487040851     
   1.2608937451049016E-038   1.0023934355414827     
   1.3107430193399494E-038   1.0022860399467182     
   1.3625260814908845E-038   1.0021805934105388     
   1.4163154620378013E-038   1.0020770267492043     
   1.4721894821515753E-038   1.0019753280576418     
   1.5302261277285251E-038   1.0018754357285180     
   1.5905102400354771E-038   1.0017773445602096     
   1.7181658203000490E-038   1.0015864051087688     
   1.7857184630693930E-038   1.0014934555309056     
   1.8558809359036904E-038   1.0014022006979078     
   1.9287549684148239E-038   1.0013125687197773     
   2.0044447872100976E-038   1.0012245515551763     
   2.0830564287106226E-038   1.0011381050088377     
   2.1647022713639248E-038   1.0010532060839543     
   2.2494983922506831E-038   1.0009698271169700     
   2.3375652885118498E-038   1.0008879409359599     
   2.4290280453344555E-038   1.0008075208533302     
   2.5240165102215466E-038   1.0007285406572299     
   2.6226654738095078E-038   1.0006509746031116     
   2.7251148577415181E-038   1.0005747974054566     
   2.8315099092918594E-038   1.0004999842296332     
   2.9420014038437840E-038   1.0004265106838939     
   3.0567458546656841E-038   1.0003543528115384     
   3.1759057308492141E-038   1.0002834870831643     
   3.2996496834410967E-038   1.0002138903891109     
   3.4281527800831086E-038   1.0001455400319985     
   3.5615967487303175E-038   1.0000784137194141     
   3.7001702304247660E-038   1.0000124895567111     
   3.8440690418071608E-038  0.99994774603995773     
   3.9934964473879826E-038  0.99988416204899089     
   4.1486634423701426E-038  0.99982171684060295     
   4.3097890460545952E-038  0.99976039004183814     
   4.4771006063586668E-038  0.99970016164341624     
   4.6508341159638153E-038  0.99964101199327215     
   4.8312345403840044E-038  0.99958292179020347     
   5.0185561584702526E-038  0.99952587207762833     
   5.4150313113540394E-038  0.99941482563232376     
   5.6247370893910535E-038  0.99936077997163331     
   5.8424851705783582E-038  0.99930770940680280     
   6.3033387287959317E-038  0.99920440914297526     
   6.5470857838875847E-038  0.99915413506117745     
   6.8001716564474172E-038  0.99910476621653888     
   7.0629480194232756E-038  0.99905628078517483     
   7.9132042212719731E-038  0.99891598807790549     
   8.2185762130923897E-038  0.99887087580672673     
   8.8648358557221337E-038  0.99878308398277149     
   9.5614714093738090E-038  0.99869840653051278     
   9.9298877278464996E-038  0.99865719958559840     
   1.0312391325563866E-037  0.99861673367806292     
   1.0709514717116330E-037  0.99857699280764889     
   1.1121814313662332E-037  0.99853796399224448     
   1.1549867653595848E-037  0.99849963448244927     
   1.1994274203509381E-037  0.99846199175682748     
   1.2455656189568643E-037  0.99842502351784801     
   1.2934659460533650E-037  0.99838871768788628     
   1.3431954383273834E-037  0.99835306240530275     
   1.3948236772641770E-037  0.99831804602059337     
   1.4484228855740250E-037  0.99828365709260203     
   1.5040680273972547E-037  0.99824988438480711     
   1.5618369121624434E-037  0.99821671686166469     
   1.6218103024923037E-037  0.99818414368502983     
   1.6840720261267689E-037  0.99815215421062853     
   1.7487090921374451E-037  0.99812073798459977     
   1.8158118115036264E-037  0.99808988474009508     
   1.8854739222680511E-037  0.99805958439394393     
   1.9577927194361127E-037  0.99802982704337284     
   2.0328691898056851E-037  0.99800060296278270     
   2.1108081518625704E-037  0.99797190260059154     
   2.1917184010251659E-037  0.99794371657612002     
   2.2757128603785760E-037  0.99791603567654530     
   2.4534273894950202E-037  0.99786215319746796     
   2.5473959718837143E-037  0.99783593405413573     
   2.6449446568753008E-037  0.99781018477928396     
   2.8513332135338187E-037  0.99776006285388541     
   2.9604593899086220E-037  0.99773567288860154     
   3.0737425451914001E-037  0.99771172050392853     
   3.1913398363405556E-037  0.99768819740497094     
   3.3134151221140847E-037  0.99766509590088226     
   3.5716872526823298E-037  0.99762012785946597     
   3.7082421693154989E-037  0.99759824610176562     
   3.8499958902555334E-037  0.99757675678715629     
   3.9971449568460564E-037  0.99755565263075319     
   4.1498942278000319E-037  0.99753492673169264     
   4.3084563293158572E-037  0.99751457231281893     
   4.4730519492840329E-037  0.99749458271831370     
   4.6439101426669175E-037  0.99747495141152553     
   4.8212686484473928E-037  0.99745567197283935     
   5.0053742185627429E-037  0.99743673809758537     
   5.1964829593029216E-037  0.99741814359398129     
   5.3948606856150852E-037  0.99739988238111521     
   5.6007832888820487E-037  0.99738194848696393     
   5.8145371185165568E-037  0.99736433604644348     
   6.0364193780976078E-037  0.99734703929949808     
   6.2667385364231064E-037  0.99733005258922180     
   6.5058147542166491E-037  0.99731337036001166     
   6.7539803268651391E-037  0.99729698715575932     
   7.0115801440245041E-037  0.99728089761806693     
   7.2789721665181852E-037  0.99726509648450345     
   7.5565279213971610E-037  0.99724957858688534     
   7.8446330156400310E-037  0.99723433884959145     
   8.1436876693999617E-037  0.99721937228790591     
   8.4541072692484965E-037  0.99720467400639445     
   8.7763229425791224E-037  0.99719023919730310     
   9.1107821535990278E-037  0.99717606313899343     
   9.4579493219553013E-037  0.99716214119439828     
   9.8183064646971840E-037  0.99714846880951091     
   1.0580612595025183E-036  0.99712185473075499     
   1.0983616040794061E-036  0.99710890468796154     
   1.1401929056479095E-036  0.99709618661148158     
   1.2286824401524198E-036  0.99707143012905675     
   1.2754630436689406E-036  0.99705938401850014     
   1.3240203658714075E-036  0.99704755365565090     
   1.3744215610283656E-036  0.99703593536749247     
   1.4267365421237737E-036  0.99702452535302644     
   1.4810378704986262E-036  0.99701331987941610     
   1.5374008560823031E-036  0.99700231528070105     
   1.5959036614460464E-036  0.99699150795659830     
   1.6566274097801283E-036  0.99698089437133042     
   1.7196562969685970E-036  0.99697047105246472     
   1.7850777078716873E-036  0.99696023458978555     
   1.8529823370878559E-036  0.99695018163417648     
   1.9234643141654565E-036  0.99694030889652741     
   1.9966213336463518E-036  0.99693061314665954     
   2.0725547900125451E-036  0.99692109121227168     
   2.1513699177085660E-036  0.99691173997790350     
   2.2331759364622897E-036  0.99690255638391578     
   2.3180862021317500E-036  0.99689353742549447     
   2.4062183632499490E-036  0.99688468015166554     
   2.4976945234575460E-036  0.99687598166433244     
   2.5926414101443354E-036  0.99686743911732967     
   2.6911905494067525E-036  0.99685904971549255     
   2.7934784476435145E-036  0.99685081071374215     
   2.8996467800510337E-036  0.99684271941619018     
   3.0098425861758661E-036  0.99683477317525893     
   3.1242184729833639E-036  0.99682696939081306     
   3.2429328254677495E-036  0.99681930550931186     
   3.3661500253280325E-036  0.99681177902297524     
   3.4940406778596259E-036  0.99680438746896249     
   3.6267818474705809E-036  0.99679712842856905     
   3.7645573020910828E-036  0.99678999952643377     
   3.9075577667335849E-036  0.99678299842976648     
   4.0559811868723913E-036  0.99677612284757999     
   4.2100330015425037E-036  0.99676937052994663     
   4.3699264268432281E-036  0.99676273926725845     
   4.5358827502594643E-036  0.99675622688950882     
   4.8869120957539230E-036  0.99674355009955162     
   5.4649591202449574E-036  0.99672537451976417     
   5.6724300723532555E-036  0.99671953249978096     
   5.8877678572976319E-036  0.99671379473685362     
   6.3432422551298145E-036  0.99670262578109470     
   6.8338998579054301E-036  0.99669185390319082     
   7.0932622801564086E-036  0.99668661255289859     
   7.3624558182732511E-036  0.99668146498904620     
   7.6418518440674673E-036  0.99667640971290372     
   7.9318366987878811E-036  0.99667144507002159     
   8.2328113442780692E-036  0.99666656943562837     
   8.5451919158458854E-036  0.99666178121407567     
   8.8694102962145562E-036  0.99665707883831400     
   9.2059147112030717E-036  0.99665246076938285     
   9.5551703477016927E-036  0.99664792549590508     
   9.9176599953449195E-036  0.99664347153359478     
   1.0293884712106761E-035  0.99663909742477030     
   1.0684364515413316E-035  0.99663480173787722     
   1.1089639098903696E-035  0.99663058306702368     
   1.1510268576871820E-035  0.99662644003151435     
   1.1946834256302310E-035  0.99662237127540476     
   1.2399939438497200E-035  0.99661837546705567     
   1.2870210250729814E-035  0.99661445129869519     
   1.3358296509536581E-035  0.99661059748599556     
   1.3864872616523509E-035  0.99660681276764951     
   1.4390638487974569E-035  0.99660309590495877     
   1.4936320519892697E-035  0.99659944568142955     
   1.5502672589090456E-035  0.99659586090237418     
   1.6090477092491068E-035  0.99659234039451949     
   1.6700546025512927E-035  0.99658888300562487     
   1.7990882074787242E-035  0.99658215294524344     
   1.9380808104265212E-035  0.99657566218040972     
   2.0115493498413135E-035  0.99657250394240227     
   2.0878004912777189E-035  0.99656940220130230     
   2.1669393031440136E-035  0.99656635607154676     
   2.2490750690953433E-035  0.99656336455611516     
   2.5146205976871784E-035  0.99655470769725185     
   2.6099211688982261E-035  0.99655192537284543     
   2.7088314114823226E-035  0.99654919253191210     
   2.9180290296065144E-035  0.99654387296437230     
   3.0286046865650990E-035  0.99654128466022107     
   3.1433672598691948E-035  0.99653874265430309     
   3.2624748157664456E-035  0.99653624622464787     
   3.3860917553565252E-035  0.99653379455413171     
   3.5143886970831478E-035  0.99653138684029041     
   3.6475427116572652E-035  0.99652902229504692     
   3.7857375660362977E-035  0.99652670014445111     
   3.9291639764472959E-035  0.99652441962842775     
   4.0780198711733167E-035  0.99652218000052684     
   4.2325106630465633E-035  0.99651998052768231     
   4.3928495324282250E-035  0.99651782048996718     
   4.5592577207904216E-035  0.99651569918036287     
   4.7319648353226714E-035  0.99651361590452381     
   4.9112091652354210E-035  0.99651156998055468     
   5.0972380098612894E-035  0.99650956073878261     
   5.2903080191334025E-035  0.99650758752154101     
   5.4906855470735967E-035  0.99650564968295408     
   5.6986470185212349E-035  0.99650374658872443     
   5.9144793096668802E-035  0.99650187761592601     
   6.1384801432012298E-035  0.99650004215280075     
   6.3709584980968212E-035  0.99649823959855799     
   6.6122350349926290E-035  0.99649646936317737     
   6.8626425377672481E-035  0.99649473086721674     
   7.1225239388203749E-035  0.99649302357767378     
   7.6721829914651481E-035  0.99648970021098260     
   7.9626883416626497E-035  0.99648808304842351     
   8.5771214161218443E-035  0.99648493518722892     
   8.9018816890431508E-035  0.99648340356138498     
   9.2389314109988370E-035  0.99648189932915443     
   9.5887343146768319E-035  0.99648042206717724     
   1.0328548284501449E-034  0.99647754646498132     
   1.0719576923453188E-034  0.99647614731039225     
   1.1125401297904831E-034  0.99647477317978472     
   1.1546579665753286E-034  0.99647342368681935     
   1.1983692631900768E-034  0.99647209838975648     
   1.2437342746758490E-034  0.99647079685478324     
   1.2908155335296644E-034  0.99646951865586386     
   1.3396779357481113E-034  0.99646826337460048     
   1.3903888301213651E-034  0.99646703060009678     
   1.4430181108925867E-034  0.99646581992882366     
   1.4976383139379321E-034  0.99646463096448479     
   1.5543247165587171E-034  0.99646346331789193     
   1.6131554410447743E-034  0.99646231660683160     
   1.6742115621391798E-034  0.99646119045594439     
   1.7375772186117416E-034  0.99646008449660006     
   1.8033397289593317E-034  0.99645899836677732     
   1.8715897115649161E-034  0.99645793171094577     
   1.9424212093292392E-034  0.99645688417994904     
   2.0159318190295742E-034  0.99645585543089044     
   2.0922228256015151E-034  0.99645484512702109     
   2.1713993413793775E-034  0.99645385293763034     
   2.2535704507667163E-034  0.99645287853793585     
   2.3388493601935637E-034  0.99645192160897800     
   2.4273535538641175E-034  0.99645098183751657     
   2.5192049552871341E-034  0.99645005891592786     
   2.6145300950129696E-034  0.99644915254210153     
   2.7134602846150887E-034  0.99644826241934514     
   2.8161317972478197E-034  0.99644738825628587     
   3.0332701816043755E-034  0.99644568663133271     
   3.1480354141350602E-034  0.99644485868936106     
   3.2671408918585314E-034  0.99644404555443833     
   3.3907502947141201E-034  0.99644324699886189     
   3.5190338579541894E-034  0.99644246276122717     
   3.6521682485380728E-034  0.99644169258481963     
   3.7903368080303309E-034  0.99644093621752794     
   3.9337295337240836E-034  0.99644019342788659     
   4.0825446945011446E-034  0.99643946392436322     
   4.2369863939373388E-034  0.99643874751654782     
   4.3972675602348548E-034  0.99643804395379842     
   4.5636088845181950E-034  0.99643735300580949     
   4.7362393950035272E-034  0.99643667444640327     
   4.9153967717806794E-034  0.99643600805345711     
   5.1013276735700969E-034  0.99643535360883106     
   5.2942880767244034E-034  0.99643471089829594     
   5.4945436271290066E-034  0.99643407971146392     
   5.7023700052320454E-034  0.99643345984171905     
   5.9180533050335005E-034  0.99643285108614954     
   6.1418904271903797E-034  0.99643225324548212     
   6.3741894871509582E-034  0.99643166612401668     
   6.6152702385396090E-034  0.99643108952956050     
   6.8654645125804640E-034  0.99643052327336823     
   7.1251166741529824E-034  0.99642996717007781     
   7.3945840949576323E-034  0.99642942103765098     
   7.6742376446581538E-034  0.99642888469731306     
   7.9644622003869580E-034  0.99642835797349438     
   8.2656571757188818E-034  0.99642784069377388     
   8.5782370694041626E-034  0.99642733268882155     
   8.9026320348740965E-034  0.99642683379234254     
   9.2392884713255525E-034  0.99642634384102546     
   9.5886696369279186E-034  0.99642586267448541     
   9.9512562853505704E-034  0.99642539013521314     
   1.0327547326207640E-033  0.99642492606852462     
   1.0718060510528102E-033  0.99642447032250847     
   1.1123333141882322E-033  0.99642402274797615     
   1.1543922814654168E-033  0.99642358319841562     
   1.1980407345617878E-033  0.99642315153935268     
   1.2433389739868685E-033  0.99642272760124484     
   1.3391359338806220E-033  0.99642190239175332     
   1.3897661929774425E-033  0.99642150087850978     
   1.4423099857519447E-033  0.99642110654586447     
   1.4968544915278680E-033  0.99642071928357712     
   1.5534295175245039E-033  0.99642033896487514     
   1.6731061618332527E-033  0.99641959864557084     
   1.7363569054025342E-033  0.99641923843643587     
   1.8701195868260553E-033  0.99641853722903595     
   1.9408148164861838E-033  0.99641819605015880     
   2.0141815553042760E-033  0.99641786097287599     
   2.0903204649485376E-033  0.99641753190351257     
   2.1693362485516366E-033  0.99641720873434614     
   2.2513375622504755E-033  0.99641689135958667     
   2.3364371643865796E-033  0.99641657967534170     
   2.4247520702541608E-033  0.99641627357958096     
   2.5164037127963382E-033  0.99641597297210383     
   2.6115181093229480E-033  0.99641567775450612     
   2.7102260344571166E-033  0.99641538783014771     
   2.8126631997485642E-033  0.99641510310412218     
   2.9189704398868776E-033  0.99641482348322330     
   3.0292939060835047E-033  0.99641454887591752     
   3.1437852666619205E-033  0.99641427919231140     
   3.2626019152783443E-033  0.99641401434412358     
   3.3859071869252223E-033  0.99641375424465539     
   3.5138705821216949E-033  0.99641349880876340     
   3.6466679996191081E-033  0.99641324795282937     
   3.7844819777315719E-033  0.99641300159473589     
   3.9275019449265031E-033  0.99641275965383680     
   4.0759244797676759E-033  0.99641252205093234     
   4.2299535807029999E-033  0.99641228870824261     
   4.3898009460583355E-033  0.99641205954938261     
   4.5556862644906419E-033  0.99641183449933624     
   4.7278375164883799E-033  0.99641161348443363     
   4.9064912872369795E-033  0.99641139643232379     
   5.2842983898911536E-033  0.99641097392393496     
   5.4839695373900922E-033  0.99641076834857878     
   5.9062234440933387E-033  0.99641036816185014     
   6.1293837007742524E-033  0.99641017345152971     
   6.3609741384834064E-033  0.99640998221503518     
   6.6013104402984552E-033  0.99640979441564859     
   6.8507240708046948E-033  0.99640960997541395     
   7.1095569396709098E-033  0.99640942884620043     
   7.3781648989262526E-033  0.99640925096463251     
   7.6569169669910577E-033  0.99640907627248054     
   7.9461960877252692E-033  0.99640890471255861     
   8.2463996554054974E-033  0.99640873622870596     
   8.5579400601404203E-033  0.99640857076576839     
   8.8812452533726215E-033  0.99640840826958155     
   9.2167593348085599E-033  0.99640824868695166     
   9.5649431616867538E-033  0.99640809196563884     
   9.9262749806385709E-033  0.99640793805433947     
   1.0301251083778625E-032  0.99640778690267029     
   1.0690386489230044E-032  0.99640763846115166     
   1.1094215647511522E-032  0.99640749268119011     
   1.1513293174292767E-032  0.99640734951506438     
   1.1948194611226784E-032  0.99640720891590839     
   1.2399517214868458E-032  0.99640707083769664     
   1.2867880775937712E-032  0.99640693523522850     
   1.3353928469083861E-032  0.99640680206411369     
   1.3858327734626300E-032  0.99640667128075855     
   1.4381771194030942E-032  0.99640654284235042     
   1.4924977599419100E-032  0.99640641670684504     
   1.5488692818861771E-032  0.99640629283295024     
   1.6073690859216873E-032  0.99640617118011665     
   1.6680774927116751E-032  0.99640605170852004     
   1.7310778530407263E-032  0.99640593437905078     
   1.7964566620343808E-032  0.99640581915330073     
   1.8643036777855770E-032  0.99640570599355049     
   1.9347120443628274E-032  0.99640559486275648     
   2.0077783095577718E-032  0.99640548572689835     
   2.1622900388456936E-032  0.99640527328584394     
   2.2439476962846108E-032  0.99640516991127437     
   2.3286875099193308E-032  0.99640506839463783     
   2.4166265221607735E-032  0.99640496869385209     
   2.5078848664697398E-032  0.99640487078285611     
   2.8028543492686620E-032  0.99640458744711202     
   2.9086905394978254E-032  0.99640449638237971     
   3.0185225456144031E-032  0.99640440693993848     
   3.1325001460559148E-032  0.99640431910120331     
   3.2507797545690907E-032  0.99640423283741897     
   3.3735290710542873E-032  0.99640414812034661     
   3.5009003697784094E-032  0.99640406492225364     
   3.6330845982835180E-032  0.99640398321590462     
   3.7702577490317462E-032  0.99640390297455284     
   3.9126078009222644E-032  0.99640382417362638     
   4.0603307936134035E-032  0.99640374678224153     
   4.2136286892011086E-032  0.99640367078015157     
   4.3727120556487828E-032  0.99640359614078178     
   4.5377991521348254E-032  0.99640352283969791     
   4.7091164686076199E-032  0.99640345085290472     
   4.8868990359869582E-032  0.99640338015683672     
   5.0713907482604233E-032  0.99640331072835142     
   5.2628446964256605E-032  0.99640324254472112     
   5.4615235153123209E-032  0.99640317558362557     
   5.6676997432184257E-032  0.99640310982314451     
   5.8816561952724937E-032  0.99640304524175094     
   6.1036863508090784E-032  0.99640298181830400     
   6.3340947553459365E-032  0.99640291953204163     
   6.5731974375928548E-032  0.99640285836257358     
   6.8213223424139618E-032  0.99640279828987643     
   7.0788097798445277E-032  0.99640273929428513     
   7.3460128912714487E-032  0.99640268135648635     
   7.6232981329003829E-032  0.99640262445751449     
   7.9110457777449985E-032  0.99640256857874310     
   8.2096504362388583E-032  0.99640251370188015     
   8.5195215967151647E-032  0.99640245980896114     
   9.5210674600852765E-032  0.99640230385321016     
   1.0253322398029586E-031  0.99640220449480066     
   1.1041873811567991E-031  0.99640210866404888     
   1.1891043619018191E-031  0.99640201624201552     
   1.2805496612342673E-031  0.99640192709858200     
   1.3290113250606642E-031  0.99640188372542315     
   1.3790240634903127E-031  0.99640184112800578     
   1.4310646361603552E-031  0.99640179929436190     
   1.4850683155348129E-031  0.99640175821079713     
   1.5411091250126160E-031  0.99640171786386222     
   1.5992638798957280E-031  0.99640167824034953     
   1.6596122908990608E-031  0.99640163932728809     
   1.7222370732593384E-031  0.99640160111193898     
   1.7872240599351296E-031  0.99640156358179333     
   1.8546623190750402E-031  0.99640152672456428     
   1.9246442759238735E-031  0.99640149052818694     
   1.9972658392843370E-031  0.99640145498081201     
   2.0726265327940004E-031  0.99640142007080357     
   2.1508296310884895E-031  0.99640138578673243     
   2.2319823011483446E-031  0.99640135211737668     
   2.3161957489247634E-031  0.99640131905171359     
   2.4035853715175049E-031  0.99640128657891924     
   2.4942709150620261E-031  0.99640125468836338     
   2.5883766385764494E-031  0.99640122336960690     
   2.6860314839727046E-031  0.99640119261239679     
   2.7873692524888440E-031  0.99640116240666499     
   2.8925287877042465E-031  0.99640113274252329     
   3.0016541655750599E-031  0.99640110361026069     
   3.1148948914396671E-031  0.99640107500034114     
   3.2324061046091345E-031  0.99640104690339881     
   3.3543487906064980E-031  0.99640101931023528     
   3.4808897518220699E-031  0.99640099221239309     
   3.6122030835949870E-031  0.99640096559927827     
   4.0366080196755788E-031  0.99640088858774623     
   4.3468856514405144E-031  0.99640083952413572     
   4.5108531342681311E-031  0.99640081565034588     
   4.6810039199862718E-031  0.99640079220356015     
   4.8575703861225198E-031  0.99640076917717690     
   5.2309275351907488E-031  0.99640072435462046     
   5.4282279330890294E-031  0.99640070254573310     
   5.6329681274659485E-031  0.99640068112691837     
   5.8454276930625456E-031  0.99640066009214423     
   6.0658975647790133E-031  0.99640063943452439     
   6.2946796385275035E-031  0.99640061914729672     
   6.5320871839053864E-031  0.99640059922381974     
   6.7784452725806691E-031  0.99640057965757212     
   7.0340912226577707E-031  0.99640056044214786     
   7.2993750599435312E-031  0.99640054157125713     
   7.5746599965249954E-031  0.99640052303872262     
   7.8603229272189567E-031  0.99640050483847720     
   8.1567549450160598E-031  0.99640048696456318     
   8.4643618755250316E-031  0.99640046941112881     
   8.7835648319046419E-031  0.99640045217242879     
   9.1148007904995644E-031  0.99640043524281918     
   9.4585231881761099E-031  0.99640041861675854     
   9.8152025421318693E-031  0.99640040228880378     
   1.0185327093001379E-030  0.99640038625361016     
   1.0569403472320698E-030  0.99640037050592833     
   1.0967957394936262E-030  0.99640035504060309     
   1.1381534377507495E-030  0.99640033985257204     
   1.1810700484255603E-030  0.99640032493686292     
   1.2256043100472600E-030  0.99640031028859344     
   1.2718171735294231E-030  0.99640029590296786     
   1.3197718854741329E-030  0.99640028177527751     
   1.3695340746044872E-030  0.99640026790089742     
   1.5303593129293598E-030  0.99640022775287995     
   1.5880455798603751E-030  0.99640021484685326     
   1.6479325203335797E-030  0.99640020217250291     
   1.7745351375805531E-030  0.99640017750095144     
   1.8414365666904355E-030  0.99640016549673693     
   2.2992504515234055E-030  0.99640009785084294     
   2.3859222311307792E-030  0.99640008727904528     
   2.4758639470189414E-030  0.99640007689199117     
   2.5691948987347040E-030  0.99640006669117831     
   2.6660427528926477E-030  0.99640005667326648     
   2.7665399838212345E-030  0.99640004683497652     
   2.8708240539691960E-030  0.99640003717308723     
   2.9790376017657648E-030  0.99640002768443625     
   3.0913286363464352E-030  0.99640001836591741     
   3.2078507397201796E-030  0.99640000921448024     
   3.3287632765391459E-030  0.99640000022712838     
   3.4542316117436314E-030  0.99639999140092039     
   3.5844273363915505E-030  0.99639998273296659     
   3.7195285019740975E-030  0.99639997422042981     
   3.8597198635844483E-030  0.99639996586052337     
   4.0051931322205251E-030  0.99639995765051015     
   4.1561472365282261E-030  0.99639994958770317     
   4.3127885944820076E-030  0.99639994166946266     
   4.4753313952152585E-030  0.99639993389319637     
   4.6439978914955084E-030  0.99639992625635898     
   4.8190187031669385E-030  0.99639991875645073     
   5.0006331320136502E-030  0.99639991139101625     
   5.1890894885386075E-030  0.99639990415764412     
   5.3846454309337943E-030  0.99639989705396692     
   5.5875683168103038E-030  0.99639989007765883     
   5.7981355682810646E-030  0.99639988322643647     
   6.0166350506200202E-030  0.99639987649805672     
   6.4786361213189608E-030  0.99639986340118947     
   6.7227700060714396E-030  0.99639985702827727     
   6.9761005304550872E-030  0.99639985076950222     
   7.2389730094740440E-030  0.99639984462307707     
   7.5117472908116006E-030  0.99639983858685754     
   7.7947962132778664E-030  0.99639983265886767     
   8.0885066490954668E-030  0.99639982683716732     
   8.7095343678707803E-030  0.99639981550480528     
   9.0376974899379400E-030  0.99639980999091304     
   9.3782222744291629E-030  0.99639980457565014     
   1.0098233137767919E-029  0.99639979403444845     
   1.0478699749131165E-029  0.99639978890550429     
   1.1283166046343358E-029  0.99639977892120979     
   1.1708259473472857E-029  0.99639977406323510     
   1.2149364355030008E-029  0.99639976929215712     
   1.2607081492171108E-029  0.99639976460662494     
   1.3082036278249213E-029  0.99639976000510466     
   1.3574877641848426E-029  0.99639975548608972     
   1.4086278932128748E-029  0.99639975104810108     
   1.4616938837475585E-029  0.99639974668968567     
   1.5167582338520484E-029  0.99639974240941709     
   1.5738961697321906E-029  0.99639973820589356     
   1.6331857483706409E-029  0.99639973407773974     
   1.6947079639758037E-029  0.99639973002360416     
   1.7585468585032662E-029  0.99639972604215910     
   1.8247896362697533E-029  0.99639972213210148     
   1.8935267829337085E-029  0.99639971829215146     
   1.9648521888837431E-029  0.99639971452105236     
   2.0388632773282225E-029  0.99639971081756884     
   2.1156611371855038E-029  0.99639970718048887     
   2.1953506609165275E-029  0.99639970360862229     
   2.2780406876295795E-029  0.99639970010079892     
   2.3638441514920445E-029  0.99639969665587169     
   2.4528782357846570E-029  0.99639969327271194     
   2.5452645326495823E-029  0.99639968995021200     
   2.6411292089877764E-029  0.99639968668728540     
   2.7406031784449889E-029  0.99639968348286267     
   2.8438220487195736E-029  0.99639968033595983     
   2.9509274630496624E-029  0.99639967724535383     
   3.0620647187680561E-029  0.99639967421028741     
   3.1773865848461301E-029  0.99639967122951734     
   3.2970494743512498E-029  0.99639966830231308     
   3.4212178365529337E-029  0.99639966542747549     
   3.6837540041771658E-029  0.99639965983151368     
   3.8224883783276265E-029  0.99639965710873069     
   3.9664273925150975E-029  0.99639965443465328     
   4.1157943926807983E-029  0.99639965180852186     
   4.2707841331945111E-029  0.99639964922947732     
   4.4316081967278537E-029  0.99639964669667547     
   4.5984861249566140E-029  0.99639964420928651     
   4.7716457177137278E-029  0.99639964176649665     
   4.9513233434742574E-029  0.99639963936750608     
   5.1377642616388235E-029  0.99639963701152989     
   5.3312229567295570E-029  0.99639963469779635     
   5.5319634853353180E-029  0.99639963242554797     
   5.7402598359591580E-029  0.99639963019404121     
   5.9563963025013068E-029  0.99639962800254545     
   6.1806678717178431E-029  0.99639962585034336     
   6.4133806252136968E-029  0.99639962373673041     
   6.6548521565715273E-029  0.99639962166101470     
   6.9054120043006860E-029  0.99639961962251622     
   7.1654021007630891E-029  0.99639961762056894     
   7.4351772382236907E-029  0.99639961565451596     
   7.7151055522536237E-029  0.99639961372371477     
   8.0055690234926083E-029  0.99639961182753289     
   8.3069639980794447E-029  0.99639960996534949     
   8.6197017276655239E-029  0.99639960813655559     
   8.9442089298128091E-029  0.99639960634055158     
   9.2809283694560869E-029  0.99639960457675003     
   9.6303194620736483E-029  0.99639960284457385     
   9.9928580732348285E-029  0.99639960114348980     
   1.0369041300214276E-028  0.99639959947283829     
   1.0759379881651685E-028  0.99639959783217524     
   1.1584677792661299E-028  0.99639959463850802     
   1.3429968167011021E-028  0.99639958858754596     
   1.3935474764456796E-028  0.99639958714233079     
   1.4460013946640030E-028  0.99639958572275455     
   1.5004289771740980E-028  0.99639958432863118     
   1.5569044587731016E-028  0.99639958295950481     
   1.6155047255598383E-028  0.99639958161495401     
   1.6763101197092656E-028  0.99639958029445708     
   1.7394031483067442E-028  0.99639957899766340     
   1.8048699962327176E-028  0.99639957772412158     
   1.8727999434481075E-028  0.99639957647341437     
   1.9432856265090497E-028  0.99639957524513212     
   2.0164231647191990E-028  0.99639957403887336     
   2.0923122910386253E-028  0.99639957285424274     
   2.1710564878947696E-028  0.99639957169085258     
   2.2527631280652266E-028  0.99639957054832218     
   2.3375436208855730E-028  0.99639956942627739     
   2.4255135639914061E-028  0.99639956832435084     
   2.5167929006413888E-028  0.99639956724218171     
   2.6115060830615771E-028  0.99639956617941627     
   2.7097822419024025E-028  0.99639956513570627     
   2.8117553620144020E-028  0.99639956411070985     
   2.9175644648571588E-028  0.99639956310409161     
   3.0273537977910632E-028  0.99639956211552216     
   3.1412730304164111E-028  0.99639956114467798     
   3.2594774583570979E-028  0.99639956019124076     
   3.3821282146236916E-028  0.99639955925489920     
   3.5093924889903948E-028  0.99639955833534599     
   3.6414437555250810E-028  0.99639955743228037     
   3.7784620088031428E-028  0.99639955654540679     
   3.9206340088102257E-028  0.99639955567443517     
   4.0681535352145349E-028  0.99639955481907982     
   4.3800478091393063E-028  0.99639955315407036     
   4.5448459727500699E-028  0.99639955234393840     
   4.7158432362029333E-028  0.99639955154829907     
   4.8932713869987681E-028  0.99639955076694142     
   5.0773734755731838E-028  0.99639954999956248     
   5.2683991425053995E-028  0.99639954924595786     
   5.4666090856848312E-028  0.99639954850586543     
   5.6722734335290844E-028  0.99639954777904327     
   6.1070980003265948E-028  0.99639954636423234     
   6.5752413228621359E-028  0.99639954499973005     
   7.0792567633701333E-028  0.99639954368372030     
   7.3455657320228763E-028  0.99639954304338507     
   7.6218898977406006E-028  0.99639954241451778     
   7.9086063161257554E-028  0.99639954179690127     
   8.2061036174519898E-028  0.99639954119037100     
   8.5147877337749481E-028  0.99639954059471569     
   8.8350791697381333E-028  0.99639954000974051     
   9.1674142308418261E-028  0.99639953943525406     
   9.5122456167116278E-028  0.99639953887106836     
   9.8700430370056877E-028  0.99639953831699812     
   1.0241293850318636E-027  0.99639953777286261     
   1.0626503727064908E-027  0.99639953723848373     
   1.1026197337348108E-027  0.99639953671368597     
   1.1440919064324894E-027  0.99639953619829802     
   1.1871233745067317E-027  0.99639953569215090     
   1.2317727438269400E-027  0.99639953519507907     
   1.2781008221591515E-027  0.99639953470691967     
   1.3261707018753748E-027  0.99639953422751304     
   1.3760478457125758E-027  0.99639953375670243     
   1.4278001758358900E-027  0.99639953329433317     
   1.4814981661879690E-027  0.99639953284025451     
   1.5372149383277583E-027  0.99639953239431711     
   1.5950263608534060E-027  0.99639953195637543     
   1.6550111525775655E-027  0.99639953152628657     
   1.7172508396080573E-027  0.99639953110391688     
   1.7818306161380866E-027  0.99639953068910447     
   1.8488377982040604E-027  0.99639953028174544     
   1.9183642527746368E-027  0.99639952988167457     
   1.9905039780944644E-027  0.99639952948879251     
   2.0653556860005673E-027  0.99639952910294749     
   2.1430211265961050E-027  0.99639952872402016     
   2.2236062122321040E-027  0.99639952835187984     
   2.3072202674215719E-027  0.99639952798641951     
   2.3939770931222280E-027  0.99639952762751882     
   2.4839952010936024E-027  0.99639952727504633     
   2.5773971492460602E-027  0.99639952692888689     
   2.6743096315340548E-027  0.99639952658894049     
   2.7748647786854029E-027  0.99639952625508998     
   2.8791994582598571E-027  0.99639952592722536     
   2.9874556785187122E-027  0.99639952560523892     
   3.0997807814505557E-027  0.99639952528902587     
   3.2163276430489692E-027  0.99639952497848272     
   3.3372548810531855E-027  0.99639952467350756     
   3.4627270705886569E-027  0.99639952437400048     
   3.5929149677407646E-027  0.99639952407986365     
   3.7279957416929880E-027  0.99639952379100072     
   3.8681532154343548E-027  0.99639952350731709     
