   1.1966924933673833        1.9478283960491967     
   1.1752357260562045        1.9327635871155633     
   1.1541636827954991        1.9179134130053919     
   1.1334694641444918        1.9032754106976000     
   1.1131462949306650        1.8888471179586019     
   1.0931875217854135        1.8746260898099578     
   1.0735866108221750        1.8606098984191999     
   1.0543371454141339        1.8467961330571678     
   1.0354328240456758        1.8331824000948380     
   1.0168674582220611        1.8197663230230492     
  0.99863497042792793        1.8065455424843651     
  0.98072939212892563        1.7935177163135618     
  0.96314486181288617        1.7806805195802577     
  0.94587562306822903        1.7680316446352000     
  0.92891602269799589        1.7555688011558983     
  0.91226050886837617        1.7432897161929874     
  0.89590362929080258        1.7311921342156433     
  0.87984002943683770        1.7192738171562159     
  0.86406445078519412        1.7075325444539846     
  0.84857172910024592        1.6959661130972570     
  0.83335679274143526        1.6845723376641577     
  0.81841466100301630        1.6733490503617570     
  0.80374044248358090        1.6622941010634347     
  0.78932933348481460        1.6514053573443539     
  0.77517661643897295        1.6406807045149272     
  0.76127765836455874        1.6301180456521813     
  0.74762790934967893        1.6197153016288863     
  0.73422290106260324        1.6094704111403828     
  0.72105824528903095        1.5993813307289886     
  0.70812963249557548        1.5894460348059236     
  0.69543283041901394        1.5796625156706416     
  0.68296368268083085        1.5700287835275177     
  0.67071810742659699        1.5605428664998056     
  0.65869209598975087        1.5512028106408113     
  0.64688171157933860        1.5420066799422147     
  0.63528308799127542        1.5329525563394757     
  0.62389242834272318        1.5240385397143057     
  0.61270600382915463        1.5152627478941194     
  0.60172015250370847        1.5066233166484719     
  0.59093127807842405        1.4981183996823990     
  0.58033584874697597        1.4897461686266786     
  0.56993039602851592        1.4815048130249584     
  0.55971151363224059        1.4733925403177361     
  0.54967585634232263        1.4654075758231935     
  0.53982013892283442        1.4575481627148532     
  0.53014113504230187        1.4498125619960645     
  0.52063567621754669        1.4421990524713211     
  0.51130065077646436        1.4347059307144030     
  0.50213300283939544        1.4273315110333604     
  0.49312973131876642        1.4200741254323468     
  0.48428788893666364        1.4129321235703118     
  0.47560458126002492        1.4059038727165927     
  0.46707696575312579        1.3989877577034016     
  0.45870225084705896        1.3921821808752521     
  0.45047769502589807        1.3854855620353541     
  0.44240060592924196        1.3788963383890067     
  0.43446833947085522        1.3724129644840191     
  0.42667829897311077        1.3660339121482221     
  0.41902793431694874        1.3597576704240768     
  0.41151474110707992        1.3535827455004614     
  0.40413625985215745        1.3475239258105050     
  0.39689007515964442        1.3415470227378554     
  0.38977381494512076        1.3356669174638269     
  0.38278514965576760        1.3298823262091111     
  0.37592179150777161        1.3241767805764169     
  0.36918149373740483        1.3185793373317545     
  0.36256204986553420        1.3130732280077679     
  0.35606129297531380        1.3076710656712693     
  0.34967709500283273        1.3023295898527083     
  0.34340736604047994        1.2971027419942724     
  0.33725005365279898        1.2919351871450264     
  0.33120314220461006        1.2868656829679868     
  0.32526465220118089        1.2818796004868642     
  0.31943263964022445        1.2769756773126004     
  0.31370519537551794        1.2721526668476535     
  0.30808044449193356        1.2674093383250962     
  0.30255654569167068        1.2627444763886537     
  0.29713169069149631        1.2581568813593815     
  0.29180410363079340        1.2536453688461637     
  0.28657204049021923        1.2492087697549961     
  0.28143378852079137        1.2448459301503674     
  0.27638766568320844        1.2405557111395742     
  0.26656522950088773        1.2321886356742047     
  0.25248219821910795        1.2201551018865038     
  0.24350932935736327        1.2124649920231605     
  0.21069536033940783        1.1841870876252776     
  0.19956401602964344        1.1745384144552613     
  0.19247178632795495        1.1683758352398061     
  0.18902075693420428        1.1653729144267033     
  0.18563160468153334        1.1624211163052425     
  0.18230322010950301        1.1595196136961450     
  0.17903451365035833        1.1566675914221303     
  0.17582441527235232        1.1538642461767827     
  0.16957585821740048        1.1484004323320387     
  0.16653535403575570        1.1457430476633153     
  0.16354936625624392        1.1431264970269250     
  0.16061691739686729        1.1405547623218106     
  0.15773704750193224        1.1380271300380207     
  0.15490881382780253        1.1355428763267184     
  0.15213129053428509        1.1331012880870297     
  0.14940356838155097        1.1307016629188165     
  0.14672475443249014        1.1283433089951225     
  0.14409397176040228        1.1260255449340295     
  0.14151035916192953        1.1237476996724682     
  0.13897307087513655        1.1215091123391938     
  0.13648127630264426        1.1193091321290303     
  0.13403415973972879        1.1171471181779058     
  0.13163092010729599        1.1150224394380792     
  0.12927077068964210        1.1129344745543674     
  0.12695293887691789        1.1108826117410908     
  0.12244120664315811        1.1068933031761603     
  0.12024582927802115        1.1049376886497699     
  0.11808981514612504        1.1030242736633695     
  0.11597245846259799        1.1011440707308544     
  0.11389306609732927        1.0992940365172494     
  0.11185095734806802        1.0974809853086414     
  0.10984546371759042        1.0956970311439407     
  0.10787592869486412        1.0939440756183210     
  0.10594170754013459        1.0922216040672394     
  0.10404216707386488        1.0905291020912902     
  0.10034465204971510        1.0872380203342777     
   9.8545467086890326E-002   1.0856264089784720     
   9.6778541606403048E-002   1.0840487846369129     
   9.5043297194014609E-002   1.0824986956995588     
   9.3339165806484020E-002   1.0809756572300340     
   9.1665589585616547E-002   1.0794792095312198     
   9.0022020675644285E-002   1.0780089003444935     
   8.8407921043882426E-002   1.0765642846987109     
   8.6822762304601106E-002   1.0751449248061833     
   8.5266025546054808E-002   1.0737503899597807     
   8.3737201160612854E-002   1.0723802564311053     
   8.2235788677937099E-002   1.0710341073696967     
   8.0761296601148946E-002   1.0697115327030540     
   7.9313242245935014E-002   1.0684121290381692     
   7.7891151582537677E-002   1.0671354995637181     
   7.6494559080577881E-002   1.0658812539534792     
   7.5123007556661112E-002   1.0646490082707438     
   7.3776048024715726E-002   1.0634383848738647     
   7.2453239549014073E-002   1.0622490123228394     
   7.1154149099829575E-002   1.0610805252868725     
   6.9878351411682096E-002   1.0599325644530315     
   6.8625428844123718E-002   1.0588047764361370     
   6.7394971245022445E-002   1.0576968136894107     
   6.6186575816295765E-002   1.0566083344163104     
   6.4999846982052231E-002   1.0555390024835836     
   6.3834396259097120E-002   1.0544884873350340     
   6.2689842129760462E-002   1.0534564639066653     
   6.1565809917003972E-002   1.0524426125425834     
   6.0461931661768997E-002   1.0514466189121052     
   5.9377846002522404E-002   1.0504681739280020     
   5.8313198056962466E-002   1.0495069736653555     
   5.7267639305846080E-002   1.0485627192819658     
   5.6240827478898983E-002   1.0476351169393767     
   5.5232426442770786E-002   1.0467238777251386     
   5.4242106091000344E-002   1.0458287175759515     
   5.2314416502695138E-002   1.0440873608410133     
   5.1376416224773326E-002   1.0432369451502801     
   5.0455234341860111E-002   1.0424033518721070     
   4.9550569299235833E-002   1.0415844905643090     
   4.8662124949073349E-002   1.0407801016030613     
   4.7789610453491775E-002   1.0399899327974012     
   4.6091233654740528E-002   1.0384527154182908     
   4.5264815377176908E-002   1.0377022912828626     
   4.4453214823404433E-002   1.0369665634397005     
   4.3656166310845367E-002   1.0362438597080570     
   4.2873408920624606E-002   1.0355339503418513     
   4.2104686412156415E-002   1.0348366116469410     
   4.1349747139262573E-002   1.0341516237454060     
   4.0608343967794058E-002   1.0334787705110007     
   3.9880234194730399E-002   1.0328178395084557     
   3.9165179468729314E-002   1.0321686219335033     
   3.8462945712100655E-002   1.0315309125539796     
   3.7773303044179800E-002   1.0309045096514904     
   3.7096025706074759E-002   1.0302892149642597     
   3.6430891986762456E-002   1.0296848336304589     
   3.5777684150510247E-002   1.0290911741326889     
   3.5136188365598897E-002   1.0285080482431095     
   3.4506194634323223E-002   1.0279352709693503     
   3.3887496724248060E-002   1.0273726605013580     
   3.3279892100696928E-002   1.0268200381589128     
   3.2683181860450786E-002   1.0262772283400001     
   3.2097170666635935E-002   1.0257440584699522     
   3.1521666684779320E-002   1.0252203589512867     
   3.0956481520010126E-002   1.0247059631143838     
   3.0401430155387626E-002   1.0242007071689148     
   2.9856330891334795E-002   1.0237044301559246     
   2.9321005286157623E-002   1.0232169739007453     
   2.8795278097631192E-002   1.0227381829665529     
   2.8278977225633137E-002   1.0222679046086647     
   2.7771933655805280E-002   1.0218059887295479     
   2.6784957463074383E-002   1.0209071630752879     
   2.6304701747268174E-002   1.0204689542404779     
   2.5833057042059304E-002   1.0200388874748736     
   2.4914985848243049E-002   1.0192024610379495     
   2.4468258823219947E-002   1.0187946549227545     
   2.4029541637580292E-002   1.0183945383368813     
   2.3598690674476813E-002   1.0180015457673073     
   2.2760025777606743E-002   1.0172367966287963     
   2.2351937301578289E-002   1.0168640615953568     
   2.1951165873689189E-002   1.0164983255356841     
   2.1557580298876035E-002   1.0161391052380881     
   2.1171051734409974E-002   1.0157862850727035     
   2.0791453647719081E-002   1.0154397517179965     
   2.0418661774967296E-002   1.0150993938342481     
   2.0052554080375613E-002   1.0147651020295219     
   1.9693010716273211E-002   1.0144367688265448     
   1.9339913983864299E-002   1.0141142886299117     
   1.8993148294698791E-002   1.0137975576939513     
   1.8652600132833701E-002   1.0134864740910610     
   1.8318158017672979E-002   1.0131809376806389     
   1.7989712467473492E-002   1.0128808500783713     
   1.7667155963505730E-002   1.0125861146261690     
   1.7350382914856674E-002   1.0122966363625325     
   1.7039289623863994E-002   1.0120123219933623     
   1.6733774252170028E-002   1.0117330798633764     
   1.6433736787384263E-002   1.0114588199278098     
   1.6139079010343661E-002   1.0111894537247912     
   1.5849704462960062E-002   1.0109248943479654     
   1.5565518416643987E-002   1.0106650564197668     
   1.5286427841294517E-002   1.0104098560649635     
   1.5012341374845530E-002   1.0101592108847872     
   1.4743169293357497E-002   1.0099130399313301     
   1.4478823481646015E-002   1.0096712636825620     
   1.4219217404436591E-002   1.0094338040175799     
   1.3964266078036847E-002   1.0092005841924010     
   1.3713886042516473E-002   1.0089715288160583     
   1.3226513459766604E-002   1.0085257389785933     
   1.2527737392266943E-002   1.0078864704905564     
   1.2303114392695260E-002   1.0076805597707459     
   1.2082518895485495E-002   1.0074786863768657     
   1.1865878687305464E-002   1.0072803873368632     
   1.1653122849611936E-002   1.0070856313552268     
   1.1444181735434955E-002   1.0068943553599730     
   1.1238986946578378E-002   1.0067064973790429     
   1.0839568861969526E-002   1.0063408742101563     
   1.0645214814179351E-002   1.0061628281640860     
   1.0454345544831326E-002   1.0059880441249747     
   1.0266898571662162E-002   1.0058163843389947     
   1.0082812532718805E-002   1.0056477930968857     
   9.9020271662713655E-003   1.0054822157094272     
   9.7244832910859808E-003   1.0053195984563452     
   9.5501227870514044E-003   1.0051598885693207     
   9.3788885761531497E-003   1.0050030342153480     
   9.2107246037885521E-003   1.0048489844803226     
   9.0455758204169776E-003   1.0046976893529269     
   8.8833881635389574E-003   1.0045490997088304     
   8.7241085399985211E-003   1.0044031672950942     
   8.5676848086028538E-003   1.0042598447149036     
   8.4140657630534903E-003   1.0041190854125197     
   8.2632011151836417E-003   1.0039808436585145     
   8.1150414784960032E-003   1.0038450745352572     
   7.9695383519957797E-003   1.0037117339226371     
   7.8266441043136955E-003   1.0035807784840407     
   7.6863119581133642E-003   1.0034521656525774     
   7.5484959747785874E-003   1.0033258536175398     
   7.4131510393749935E-003   1.0032018013110726     
   7.2802328458814068E-003   1.0030799683951128     
   7.1496978826859434E-003   1.0029603152485354     
   7.0215034183422403E-003   1.0028428029545178     
   6.8956074875810786E-003   1.0027273932881156     
   6.7719688775727347E-003   1.0026140487040851     
   6.5313024499874459E-003   1.0023934355414827     
   6.4141958487322461E-003   1.0022860399467182     
   6.2991889750830723E-003   1.0021805934105388     
   6.1862441808119657E-003   1.0020770267492043     
   6.0753244927257023E-003   1.0019753280576418     
   5.9663936005623988E-003   1.0018754357285180     
   5.8594158451050647E-003   1.0017773445602096     
   5.6511802928348384E-003   1.0015864051087688     
   5.5498543287959921E-003   1.0014934555309056     
   5.4503451446962703E-003   1.0014022006979078     
   5.3526201655744845E-003   1.0013125687197773     
   5.2566474005402136E-003   1.0012245515551763     
   5.1623954323014084E-003   1.0011381050088377     
   5.0698334068797635E-003   1.0010532060839543     
   4.9789310235104399E-003   1.0009698271169700     
   4.8896585247229256E-003   1.0008879409359599     
   4.8019866865997574E-003   1.0008075208533302     
   4.7158868092098353E-003   1.0007285406572299     
   4.6313307072133950E-003   1.0006509746031116     
   4.5482907006352824E-003   1.0005747974054566     
   4.4667396058037977E-003   1.0004999842296332     
   4.3866507264519270E-003   1.0004265106838939     
   4.3079978449781214E-003   1.0003543528115384     
   4.2307552138638582E-003   1.0002834870831643     
   4.1548975472449640E-003   1.0002138903891109     
   4.0804000126341824E-003   1.0001455400319985     
   4.0072382227920676E-003   1.0000784137194141     
   3.9353882277436822E-003   1.0000124895567111     
   3.8648265069384201E-003  0.99994774603995773     
   3.7955299615503885E-003  0.99988416204899089     
   3.7274759069168754E-003  0.99982171684060295     
   3.6606420651123929E-003  0.99976039004183814     
   3.5950065576558438E-003  0.99970016164341624     
   3.5305478983484657E-003  0.99964101199327215     
   3.4672449862401659E-003  0.99958292179020347     
   3.4050770987220399E-003  0.99952587207762833     
   3.2840653581459787E-003  0.99941482563232376     
   3.2251818911288965E-003  0.99936077997163331     
   3.1673542078158004E-003  0.99930770940680280     
   3.0547908106896338E-003  0.99920440914297526     
   3.0000182485360976E-003  0.99915413506117745     
   2.9462277613431002E-003  0.99910476621653888     
   2.8934017404542234E-003  0.99905628078517483     
   2.7405390910461708E-003  0.99891598807790549     
   2.6914010789854904E-003  0.99887087580672673     
   2.5957523991718837E-003  0.99878308398277149     
   2.5035029414294530E-003  0.99869840653051278     
   2.4586150001729991E-003  0.99865719958559840     
   2.4145319020972291E-003  0.99861673367806292     
   2.3712392163209939E-003  0.99857699280764889     
   2.3287227707096091E-003  0.99853796399224448     
   2.2869686472355246E-003  0.99849963448244927     
   2.2459631774221583E-003  0.99846199175682748     
   2.2056929378694414E-003  0.99842502351784801     
   2.1661447458595942E-003  0.99838871768788628     
   2.1273056550416649E-003  0.99835306240530275     
   2.0891629511934685E-003  0.99831804602059337     
   2.0517041480594901E-003  0.99828365709260203     
   2.0149169832634579E-003  0.99824988438480711     
   1.9787894142941445E-003  0.99821671686166469     
   1.9433096145632044E-003  0.99818414368502983     
   1.9084659695336452E-003  0.99815215421062853     
   1.8742470729177453E-003  0.99812073798459977     
   1.8406417229431312E-003  0.99808988474009508     
   1.8076389186857998E-003  0.99805958439394393     
   1.7752278564689026E-003  0.99802982704337284     
   1.7433979263260979E-003  0.99800060296278270     
   1.7121387085283055E-003  0.99797190260059154     
   1.6814399701727452E-003  0.99794371657612002     
   1.6512916618331224E-003  0.99791603567654530     
   1.5926070351995106E-003  0.99786215319746796     
   1.5640515061215862E-003  0.99783593405413573     
   1.5360079792029499E-003  0.99781018477928396     
   1.4814203755414001E-003  0.99776006285388541     
   1.4548584292009472E-003  0.99773567288860154     
   1.4287727399749750E-003  0.99771172050392853     
   1.4031547685480245E-003  0.99768819740497094     
   1.3779961287150150E-003  0.99766509590088226     
   1.3290240481399684E-003  0.99762012785946597     
   1.3051945760774095E-003  0.99759824610176562     
   1.2817923677198037E-003  0.99757675678715629     
   1.2588097622061344E-003  0.99755565263075319     
   1.2362392360350319E-003  0.99753492673169264     
   1.2140734006019069E-003  0.99751457231281893     
   1.1923049997802468E-003  0.99749458271831370     
   1.1709269075462700E-003  0.99747495141152553     
   1.1499321256461803E-003  0.99745567197283935     
   1.1293137813052517E-003  0.99743673809758537     
   1.1090651249779718E-003  0.99741814359398129     
   1.0891795281385420E-003  0.99739988238111521     
   1.0696504811109804E-003  0.99738194848696393     
   1.0504715909381423E-003  0.99736433604644348     
   1.0316365792889504E-003  0.99734703929949808     
   1.0131392804031362E-003  0.99733005258922180     
   9.9497363907284273E-004  0.99731337036001166     
   9.7713370866040817E-004  0.99729698715575932     
   9.5961364915170635E-004  0.99728089761806693     
   9.4240772524437598E-004  0.99726509648450345     
   9.2551030447032736E-004  0.99724957858688534     
   9.0891585535192898E-004  0.99723433884959145     
   8.9261894559123777E-004  0.99721937228790591     
   8.7661424029170294E-004  0.99720467400639445     
   8.6089650021175048E-004  0.99719023919730310     
   8.4546058004968691E-004  0.99717606313899343     
   8.3030142675935678E-004  0.99716214119439828     
   8.1541407789598880E-004  0.99714846880951091     
   7.8643538696019743E-004  0.99712185473075499     
   7.7233455852988723E-004  0.99710890468796154     
   7.5848655870536003E-004  0.99709618661148158     
   7.3153099323316215E-004  0.99707143012905675     
   7.1841460351053778E-004  0.99705938401850014     
   7.0553339135516078E-004  0.99704755365565090     
   6.9288314002071110E-004  0.99703593536749247     
   6.8045970836734873E-004  0.99702452535302644     
   6.6825902950609683E-004  0.99701331987941610     
   6.5627710946751267E-004  0.99700231528070105     
   6.4451002589424058E-004  0.99699150795659830     
   6.3295392675699841E-004  0.99698089437133042     
   6.2160502909359473E-004  0.99697047105246472     
   6.1045961777055438E-004  0.99696023458978555     
   5.9951404426694243E-004  0.99695018163417648     
   5.8876472547999875E-004  0.99694030889652741     
   5.7820814255218802E-004  0.99693061314665954     
   5.6784083971927459E-004  0.99692109121227168     
   5.5765942317906466E-004  0.99691173997790350     
   5.4766055998041420E-004  0.99690255638391578     
   5.3784097693217387E-004  0.99689353742549447     
   5.2819745953168592E-004  0.99688468015166554     
   5.1872685091249710E-004  0.99687598166433244     
   5.0942605081093619E-004  0.99686743911732967     
   5.0029201455122454E-004  0.99685904971549255     
   4.9132175204878541E-004  0.99685081071374215     
   4.8251232683141641E-004  0.99684271941619018     
   4.7386085507801837E-004  0.99683477317525893     
   4.6536450467455937E-004  0.99682696939081306     
   4.5702049428696014E-004  0.99681930550931186     
   4.4882609245061361E-004  0.99681177902297524     
   4.4077861667621510E-004  0.99680438746896249     
   4.3287543257163882E-004  0.99679712842856905     
   4.2511395297955065E-004  0.99678999952643377     
   4.1749163713048225E-004  0.99678299842976648     
   4.1000598981110132E-004  0.99677612284757999     
   4.0265456054738001E-004  0.99676937052994663     
   3.9543494280242305E-004  0.99676273926725845     
   3.8834477318866923E-004  0.99675622688950882     
   3.7454353592305438E-004  0.99674355009955162     
   3.5475585265067468E-004  0.99672537451976417     
   3.4839506129283592E-004  0.99671953249978096     
   3.4214831926327713E-004  0.99671379473685362     
   3.2998884021219764E-004  0.99670262578109470     
   3.1826149226470444E-004  0.99669185390319082     
   3.1255504673490057E-004  0.99668661255289859     
   3.0695091807778183E-004  0.99668146498904620     
   3.0144727174636477E-004  0.99667640971290372     
   2.9604230608719009E-004  0.99667144507002159     
   2.9073425175054100E-004  0.99666656943562837     
   2.8552137111123680E-004  0.99666178121407567     
   2.8040195769980824E-004  0.99665707883831400     
   2.7537433564387543E-004  0.99665246076938285     
   2.7043685911953813E-004  0.99664792549590508     
   2.6558791181260677E-004  0.99664347153359478     
   2.6082590638949244E-004  0.99663909742477030     
   2.5614928397758142E-004  0.99663480173787722     
   2.5155651365492979E-004  0.99663058306702368     
   2.4704609194910399E-004  0.99662644003151435     
   2.4261654234501316E-004  0.99662237127540476     
   2.3826641480156058E-004  0.99661837546705567     
   2.3399428527696230E-004  0.99661445129869519     
   2.2979875526258094E-004  0.99661059748599556     
   2.2567845132511315E-004  0.99660681276764951     
   2.2163202465698829E-004  0.99660309590495877     
   2.1765815063482668E-004  0.99659944568142955     
   2.1375552838581629E-004  0.99659586090237418     
   2.0992288036186498E-004  0.99659234039451949     
   2.0615895192138562E-004  0.99658888300562487     
   1.9883234730009669E-004  0.99658215294524344     
   1.9176612009524487E-004  0.99657566218040972     
   1.8832774333468101E-004  0.99657250394240227     
   1.8495101685280928E-004  0.99656940220130230     
   1.8163483525684485E-004  0.99656635607154676     
   1.7837811297375479E-004  0.99656336455611516     
   1.6895413614940354E-004  0.99655470769725185     
   1.6592477947759558E-004  0.99655192537284543     
   1.6294973933247490E-004  0.99654919253191210     
   1.5715873049145982E-004  0.99654387296437230     
   1.5434086607217046E-004  0.99654128466022107     
   1.5157352611220112E-004  0.99653874265430309     
   1.4885580470530159E-004  0.99653624622464787     
   1.4618681218816907E-004  0.99653379455413171     
   1.4356567484921155E-004  0.99653138684029041     
   1.4099153464253180E-004  0.99652902229504692     
   1.3846354890704142E-004  0.99652670014445111     
   1.3598089009061066E-004  0.99652441962842775     
   1.3354274547916354E-004  0.99652218000052684     
   1.3114831693063084E-004  0.99651998052768231     
   1.2879682061367286E-004  0.99651782048996718     
   1.2648748675108743E-004  0.99651569918036287     
   1.2421955936781944E-004  0.99651361590452381     
   1.2199229604348634E-004  0.99651156998055468     
   1.1980496766934277E-004  0.99650956073878261     
   1.1765685820960225E-004  0.99650758752154101     
   1.1554726446703747E-004  0.99650564968295408     
   1.1347549585278580E-004  0.99650374658872443     
   1.1144087416027885E-004  0.99650187761592601     
   1.0944273334322904E-004  0.99650004215280075     
   1.0748041929759317E-004  0.99649823959855799     
   1.0555328964745000E-004  0.99649646936317737     
   1.0366071353471121E-004  0.99649473086721674     
   1.0180207141260876E-004  0.99649302357767378     
   9.8184166296594802E-005  0.99648970021098260     
   9.6423718958546555E-005  0.99648808304842351     
   9.2996953065824369E-005  0.99648493518722892     
   9.1329512737647729E-005  0.99648340356138498     
   8.9691969703483072E-005  0.99648189932915443     
   8.8083787903254484E-005  0.99648042206717724     
   8.4953411649892706E-005  0.99647754646498132     
   8.3430192448281248E-005  0.99647614731039225     
   8.1934284648190860E-005  0.99647477317978472     
   8.0465198554735936E-005  0.99647342368681935     
   7.9022453253285656E-005  0.99647209838975648     
   7.7605576452034788E-005  0.99647079685478324     
   7.6214104327395246E-005  0.99646951865586386     
   7.4847581372160235E-005  0.99646826337460048     
   7.3505560246392025E-005  0.99646703060009678     
   7.2187601630981272E-005  0.99646581992882366     
   7.0893274083834093E-005  0.99646463096448479     
   6.9622153898636407E-005  0.99646346331789193     
   6.8373824966150423E-005  0.99646231660683160     
   6.7147878637999854E-005  0.99646119045594439     
   6.5943913592894955E-005  0.99646008449660006     
   6.4761535705258567E-005  0.99645899836677732     
   6.3600357916206100E-005  0.99645793171094577     
   6.2460000106839079E-005  0.99645688417994904     
   6.1340088973811478E-005  0.99645585543089044     
   6.0240257907126217E-005  0.99645484512702109     
   5.9160146870122566E-005  0.99645385293763034     
   5.8099402281616941E-005  0.99645287853793585     
   5.7057676900154641E-005  0.99645192160897800     
   5.6034629710339190E-005  0.99645098183751657     
   5.5029925811198298E-005  0.99645005891592786     
   5.4043236306551581E-005  0.99644915254210153     
   5.3074238197345359E-005  0.99644826241934514     
   5.2122614275915819E-005  0.99644738825628587     
   5.0270248501504955E-005  0.99644568663133271     
   4.9368900264863903E-005  0.99644485868936106     
   4.8483713250176460E-005  0.99644404555443833     
   4.7614397685871181E-005  0.99644324699886189     
   4.6760668995996071E-005  0.99644246276122717     
   4.5922247707061424E-005  0.99644169258481963     
   4.5098859356552072E-005  0.99644093621752794     
   4.4290234403080169E-005  0.99644019342788659     
   4.3496108138149610E-005  0.99643946392436322     
   4.2716220599501457E-005  0.99643874751654782     
   4.1950316486014170E-005  0.99643804395379842     
   4.1198145074128926E-005  0.99643735300580949     
   4.0459460135773451E-005  0.99643667444640327     
   3.9734019857758263E-005  0.99643600805345711     
   3.9021586762616940E-005  0.99643535360883106     
   3.8321927630866917E-005  0.99643471089829594     
   3.7634813424663414E-005  0.99643407971146392     
   3.6960019212822195E-005  0.99643345984171905     
   3.6297324097187362E-005  0.99643285108614954     
   3.5646511140318734E-005  0.99643225324548212     
   3.5007367294475798E-005  0.99643166612401668     
   3.4379683331875666E-005  0.99643108952956050     
   3.3763253776200407E-005  0.99643052327336823     
   3.3157876835333848E-005  0.99642996717007781     
   3.2563354335303008E-005  0.99642942103765098     
   3.1979491655404689E-005  0.99642888469731306     
   3.1406097664495479E-005  0.99642835797349438     
   3.0842984658423517E-005  0.99642784069377388     
   3.0289968298582274E-005  0.99642733268882155     
   2.9746867551566460E-005  0.99642683379234254     
   2.9213504629909195E-005  0.99642634384102546     
   2.8689704933882520E-005  0.99642586267448541     
   2.8175296994340905E-005  0.99642539013521314     
   2.7670112416589574E-005  0.99642492606852462     
   2.7173985825259843E-005  0.99642447032250847     
   2.6686754810171989E-005  0.99642402274797615     
   2.6208259873169628E-005  0.99642358319841562     
   2.5738344375906823E-005  0.99642315153935268     
   2.5276854488571392E-005  0.99642272760124484     
   2.4378549965863905E-005  0.99642190239175332     
   2.3941441264820988E-005  0.99642150087850978     
   2.3512169946099671E-005  0.99642110654586447     
   2.3090595485016848E-005  0.99642071928357712     
   2.2676579876504610E-005  0.99642033896487514     
   2.1870685524744503E-005  0.99641959864557084     
   2.1478542966880096E-005  0.99641923843643587     
   2.0715225193418997E-005  0.99641853722903595     
   2.0343800100918219E-005  0.99641819605015880     
   1.9979034680134757E-005  0.99641786097287599     
   1.9620809522799582E-005  0.99641753190351257     
   1.9269007361640301E-005  0.99641720873434614     
   1.8923513031992856E-005  0.99641689135958667     
   1.8584213434101868E-005  0.99641657967534170     
   1.8250997496096600E-005  0.99641627357958096     
   1.7923756137630778E-005  0.99641597297210383     
   1.7602382234174689E-005  0.99641567775450612     
   1.7286770581947027E-005  0.99641538783014771     
   1.6976817863475984E-005  0.99641510310412218     
   1.6672422613777536E-005  0.99641482348322330     
   1.6373485187140126E-005  0.99641454887591752     
   1.6079907724505272E-005  0.99641427919231140     
   1.5791594121432476E-005  0.99641401434412358     
   1.5508449996639094E-005  0.99641375424465539     
   1.5230382661103911E-005  0.99641349880876340     
   1.4957301087724708E-005  0.99641324795282937     
   1.4689115881520159E-005  0.99641300159473589     
   1.4425739250365719E-005  0.99641275965383680     
   1.4167084976254234E-005  0.99641252205093234     
   1.3913068387072124E-005  0.99641228870824261     
   1.3663606328881217E-005  0.99641205954938261     
   1.3418617138697936E-005  0.99641183449933624     
   1.3178020617760442E-005  0.99641161348443363     
   1.2941738005274802E-005  0.99641139643232379     
   1.2481806498089437E-005  0.99641097392393496     
   1.2258007041899939E-005  0.99641076834857878     
   1.1822374389502559E-005  0.99641036816185014     
   1.1610398586188807E-005  0.99641017345152971     
   1.1402223520333570E-005  0.99640998221503518     
   1.1197781044511471E-005  0.99640979441564859     
   1.0997004233184197E-005  0.99640960997541395     
   1.0799827360791809E-005  0.99640942884620043     
   1.0606185880237241E-005  0.99640925096463251     
   1.0416016401756309E-005  0.99640907627248054     
   1.0229256672166622E-005  0.99640890471255861     
   1.0045845554488737E-005  0.99640873622870596     
   9.8657230079325015E-006  0.99640857076576839     
   9.6888300682422833E-006  0.99640840826958155     
   9.5151088283947716E-006  0.99640824868695166     
   9.3445024196425910E-006  0.99640809196563884     
   9.1769549928981071E-006  0.99640793805433947     
   9.0124117004507977E-006  0.99640778690267029     
   8.8508186780124601E-006  0.99640763846115166     
   8.6921230270845059E-006  0.99640749268119011     
   8.5362727976412533E-006  0.99640734951506438     
   8.3832169711236773E-006  0.99640720891590839     
   8.2329054437383560E-006  0.99640707083769664     
   8.0852890100554401E-006  0.99640693523522850     
   7.9403193469011284E-006  0.99640680206411369     
   7.7979489975386995E-006  0.99640667128075855     
   7.6581313561332072E-006  0.99640654284235042     
   7.5208206524948595E-006  0.99640641670684504     
   7.3859719370958065E-006  0.99640629283295024     
   7.2535410663555850E-006  0.99640617118011665     
   7.1234846881905418E-006  0.99640605170852004     
   6.9957602278221427E-006  0.99640593437905078     
   6.8703258738399385E-006  0.99640581915330073     
   6.7471405645143069E-006  0.99640570599355049     
   6.6261639743545766E-006  0.99640559486275648     
   6.5073565009083403E-006  0.99640548572689835     
   6.2760940319852662E-006  0.99640527328584394     
   6.1635633312756133E-006  0.99640516991127437     
   6.0530503120311504E-006  0.99640506839463783     
   5.9445187971156131E-006  0.99640496869385209     
   5.8379332580507176E-006  0.99640487078285611     
   5.5295066982626680E-006  0.99640458744711202     
   5.4303623482635873E-006  0.99640449638237971     
   5.3329956617475606E-006  0.99640440693993848     
   5.2373747651134964E-006  0.99640431910120331     
   5.1434683562557395E-006  0.99640423283741897     
   5.0512456943170207E-006  0.99640414812034661     
   4.9606765896252656E-006  0.99640406492225364     
   4.8717313938108682E-006  0.99640398321590462     
   4.7843809901010300E-006  0.99640390297455284     
   4.6985967837882752E-006  0.99640382417362638     
   4.6143506928697551E-006  0.99640374678224153     
   4.5316151388544000E-006  0.99640367078015157     
   4.4503630377349868E-006  0.99640359614078178     
   4.3705677911219845E-006  0.99640352283969791     
   4.2922032775363778E-006  0.99640345085290472     
   4.2152438438586998E-006  0.99640338015683672     
   4.1396642969312496E-006  0.99640331072835142     
   4.0654398953110106E-006  0.99640324254472112     
   3.9925463411703609E-006  0.99640317558362557     
   3.9209597723429979E-006  0.99640310982314451     
   3.8506567545125683E-006  0.99640304524175094     
   3.7816142735412243E-006  0.99640298181830400     
   3.7138097279358648E-006  0.99640291953204163     
   3.6472209214493649E-006  0.99640285836257358     
   3.5818260558144691E-006  0.99640279828987643     
   3.5176037236080401E-006  0.99640273929428513     
   3.4545329012431806E-006  0.99640268135648635     
   3.3925929420870046E-006  0.99640262445751449     
   3.3317635697018819E-006  0.99640256857874310     
   3.2720248712077601E-006  0.99640251370188015     
   3.2133572907636230E-006  0.99640245980896114     
   3.0435909212709035E-006  0.99640230385321016     
   2.9354259005368052E-006  0.99640220449480066     
   2.8311049153557907E-006  0.99640210866404888     
   2.7304913540096440E-006  0.99640201624201552     
   2.6334534597720685E-006  0.99640192709858200     
   2.5862354987912166E-006  0.99640188372542315     
   2.5398641583689741E-006  0.99640184112800578     
   2.4943242585535819E-006  0.99640179929436190     
   2.4496008915706043E-006  0.99640175821079713     
   2.4056794169428150E-006  0.99640171786386222     
   2.3625454566975236E-006  0.99640167824034953     
   2.3201848906598419E-006  0.99640163932728809     
   2.2785838518303918E-006  0.99640160111193898     
   2.2377287218458120E-006  0.99640156358179333     
   2.1976061265207384E-006  0.99640152672456428     
   2.1582029314696633E-006  0.99640149052818694     
   2.1195062378072976E-006  0.99640145498081201     
   2.0815033779260630E-006  0.99640142007080357     
   2.0441819113492727E-006  0.99640138578673243     
   2.0075296206586263E-006  0.99640135211737668     
   1.9715345074948041E-006  0.99640131905171359     
   1.9361847886296937E-006  0.99640128657891924     
   1.9014688921091033E-006  0.99640125468836338     
   1.8673754534645962E-006  0.99640122336960690     
   1.8338933119932502E-006  0.99640119261239679     
   1.8010115071041528E-006  0.99640116240666499     
   1.7687192747303704E-006  0.99640113274252329     
   1.7370060438052527E-006  0.99640110361026069     
   1.7058614328019538E-006  0.99640107500034114     
   1.6752752463349429E-006  0.99640104690339881     
   1.6452374718225020E-006  0.99640101931023528     
   1.6157382762090511E-006  0.99640099221239309     
   1.5867680027461919E-006  0.99640096559927827     
   1.5029367263961449E-006  0.99640088858774623     
   1.4495244294161071E-006  0.99640083952413572     
   1.4235343790907497E-006  0.99640081565034588     
   1.3980103317538313E-006  0.99640079220356015     
   1.3729439319468986E-006  0.99640076917717690     
   1.3241513994722085E-006  0.99640072435462046     
   1.3004092942601301E-006  0.99640070254573310     
   1.2770928862607162E-006  0.99640068112691837     
   1.2541945427002408E-006  0.99640066009214423     
   1.2317067676610176E-006  0.99640063943452439     
   1.2096221996275642E-006  0.99640061914729672     
   1.1879336090767674E-006  0.99640059922381974     
   1.1666338961112361E-006  0.99640057965757212     
   1.1457160881351312E-006  0.99640056044214786     
   1.1251733375716250E-006  0.99640054157125713     
   1.1049989196213069E-006  0.99640052303872262     
   1.0851862300607829E-006  0.99640050483847720     
   1.0657287830807236E-006  0.99640048696456318     
   1.0466202091627199E-006  0.99640046941112881     
   1.0278542529941628E-006  0.99640045217242879     
   1.0094247714205326E-006  0.99640043524281918     
   9.9132573143440127E-007  0.99640041861675854     
   9.7355120820046995E-007  0.99640040228880378     
   9.5609538311608049E-007  0.99640038625361016     
   9.3895254190640290E-007  0.99640037050592833     
   9.2211707275387544E-007  0.99640035504060309     
   9.0558346446112442E-007  0.99640033985257204     
   8.8934630464682437E-007  0.99640032493686292     
   8.7340027797396107E-007  0.99640031028859344     
   8.5774016440977068E-007  0.99640029590296786     
   8.4236083751697036E-007  0.99640028177527751     
   8.2725726277557034E-007  0.99640026790089742     
   7.8355205061581870E-007  0.99640022775287995     
   7.6950292055994183E-007  0.99640021484685326     
   7.5570569215523078E-007  0.99640020217250291     
   7.2884895484221548E-007  0.99640017750095144     
   7.1578065421097760E-007  0.99640016549673693     
   6.4214703560567123E-007  0.99640009785084294     
   6.3063330501032464E-007  0.99640008727904528     
   6.1932601621860213E-007  0.99640007689199117     
   6.0822146771795455E-007  0.99640006669117831     
   5.9731602436415046E-007  0.99640005667326648     
   5.8660611619129093E-007  0.99640004683497652     
   5.7608823724314587E-007  0.99640003717308723     
   5.6575894442548454E-007  0.99640002768443625     
   5.5561485637892265E-007  0.99640001836591741     
   5.4565265237203921E-007  0.99640000921448024     
   5.3586907121430501E-007  0.99640000022712838     
   5.2626091018850180E-007  0.99639999140092039     
   5.1682502400231728E-007  0.99639998273296659     
   5.0755832375868077E-007  0.99639997422042981     
   4.9845777594462767E-007  0.99639996586052337     
   4.8952040143822830E-007  0.99639995765051015     
   4.8074327453337608E-007  0.99639994958770317     
   4.7212352198203076E-007  0.99639994166946266     
   4.6365832205363530E-007  0.99639993389319637     
   4.5534490361142507E-007  0.99639992625635898     
   4.4718054520525242E-007  0.99639991875645073     
   4.3916257418072342E-007  0.99639991139101625     
   4.3128836580427985E-007  0.99639990415764412     
   4.2355534240396913E-007  0.99639989705396692     
   4.1596097252564621E-007  0.99639989007765883     
   4.0850277010426243E-007  0.99639988322643647     
   4.0117829365005432E-007  0.99639987649805672     
   3.8692097077940689E-007  0.99639986340118947     
   3.7998345713809383E-007  0.99639985702827727     
   3.7317033348635900E-007  0.99639985076950222     
   3.6647936950505671E-007  0.99639984462307707     
   3.5990837486478118E-007  0.99639983858685754     
   3.5345519850884958E-007  0.99639983265886767     
   3.4711772794914151E-007  0.99639982683716732     
   3.3478164297188847E-007  0.99639981550480528     
   3.2877899025885332E-007  0.99639980999091304     
   3.2288396542909596E-007  0.99639980457565014     
   3.1140911492561095E-007  0.99639979403444845     
   3.0582553288694876E-007  0.99639978890550429     
   2.9495691553283917E-007  0.99639977892120979     
   2.8966832230671553E-007  0.99639977406323510     
   2.8447455383918726E-007  0.99639976929215712     
   2.7937390991727647E-007  0.99639976460662494     
   2.7436472081291049E-007  0.99639976000510466     
   2.6944534673633763E-007  0.99639975548608972     
   2.6461417729931635E-007  0.99639975104810108     
   2.5986963098795646E-007  0.99639974668968567     
   2.5521015464499600E-007  0.99639974240941709     
   2.5063422296136167E-007  0.99639973820589356     
   2.4614033797686013E-007  0.99639973407773974     
   2.4172702858979719E-007  0.99639973002360416     
   2.3739285007541462E-007  0.99639972604215910     
   2.3313638361294501E-007  0.99639972213210148     
   2.2895623582115303E-007  0.99639971829215146     
   2.2485103830220408E-007  0.99639971452105236     
   2.2081944719370714E-007  0.99639971081756884     
   2.1686014272879798E-007  0.99639970718048887     
   2.1297182880410200E-007  0.99639970360862229     
   2.0915323255544706E-007  0.99639970010079892     
   2.0540310394118442E-007  0.99639969665587169     
   2.0172021533297548E-007  0.99639969327271194     
   1.9810336111392884E-007  0.99639968995021200     
   1.9455135728392190E-007  0.99639968668728540     
   1.9106304107202378E-007  0.99639968348286267     
   1.8763727055584279E-007  0.99639968033595983     
   1.8427292428771990E-007  0.99639967724535383     
   1.8096890092761222E-007  0.99639967421028741     
   1.7772411888255975E-007  0.99639967122951734     
   1.7453751595262694E-007  0.99639966830231308     
   1.7140804898317484E-007  0.99639966542747549     
   1.6531644349089878E-007  0.99639965983151368     
   1.6235231084246229E-007  0.99639965710873069     
   1.5944132525049654E-007  0.99639965443465328     
   1.5658253378544248E-007  0.99639965180852186     
   1.5377500060382172E-007  0.99639964922947732     
   1.5101780664187918E-007  0.99639964669667547     
   1.4831004931471949E-007  0.99639964420928651     
   1.4565084222084689E-007  0.99639964176649665     
   1.4303931485198744E-007  0.99639963936750608     
   1.4047461230812942E-007  0.99639963701152989     
   1.3795589501766332E-007  0.99639963469779635     
   1.3548233846254331E-007  0.99639963242554797     
   1.3305313290837671E-007  0.99639963019404121     
   1.3066748313934996E-007  0.99639962800254545     
   1.2832460819791313E-007  0.99639962585034336     
   1.2602374112912578E-007  0.99639962373673041     
   1.2376412872959247E-007  0.99639962166101470     
   1.2154503130089175E-007  0.99639961962251622     
   1.1936572240743641E-007  0.99639961762056894     
   1.1722548863866794E-007  0.99639961565451596     
   1.1512362937551530E-007  0.99639961372371477     
   1.1305945656104813E-007  0.99639961182753289     
   1.1103229447523018E-007  0.99639960996534949     
   1.0904147951372344E-007  0.99639960813655559     
   1.0708635997065090E-007  0.99639960634055158     
   1.0516629582525511E-007  0.99639960457675003     
   1.0328065853238782E-007  0.99639960284457385     
   1.0142883081674587E-007  0.99639960114348980     
   9.9610206470806941E-008  0.99639959947283829     
   9.7824190156381794E-008  0.99639959783217524     
   9.4347653450146757E-008  0.99639959463850802     
   8.7760843143617534E-008  0.99639958858754596     
   8.6187286545598202E-008  0.99639958714233079     
   8.4641943901301808E-008  0.99639958572275455     
   8.3124309333033760E-008  0.99639958432863118     
   8.1633886033513122E-008  0.99639958295950481     
   8.0170186103240037E-008  0.99639958161495401     
   7.8732730390778658E-008  0.99639958029445708     
   7.7321048335904001E-008  0.99639957899766340     
   7.5934677815561284E-008  0.99639957772412158     
   7.4573164992585515E-008  0.99639957647341437     
   7.3236064167138383E-008  0.99639957524513212     
   7.1922937630801395E-008  0.99639957403887336     
   7.0633355523292480E-008  0.99639957285424274     
   6.9366895691747368E-008  0.99639957169085258     
   6.8123143552524075E-008  0.99639957054832218     
   6.6901691955489259E-008  0.99639956942627739     
   6.5702141050731394E-008  0.99639956832435084     
   6.4524098157670181E-008  0.99639956724218171     
   6.3367177636509123E-008  0.99639956617941627     
   6.2231000761992768E-008  0.99639956513570627     
   6.1115195599431473E-008  0.99639956411070985     
   6.0019396882942707E-008  0.99639956310409161     
   5.8943245895881638E-008  0.99639956211552216     
   5.7886390353412008E-008  0.99639956114467798     
   5.6848484287182533E-008  0.99639956019124076     
   5.5829187932074532E-008  0.99639955925489920     
   5.4828167614974438E-008  0.99639955833534599     
   5.3845095645546273E-008  0.99639955743228037     
   5.2879650208959298E-008  0.99639955654540679     
   5.1931515260538963E-008  0.99639955567443517     
   5.1000380422310069E-008  0.99639955481907982     
   4.9187897290206743E-008  0.99639955315407036     
   4.8305955668507940E-008  0.99639955234393840     
   4.7439827307122236E-008  0.99639955154829907     
   4.6589228673448270E-008  0.99639955076694142     
   4.5753881318640135E-008  0.99639954999956248     
   4.4933511786454584E-008  0.99639954924595786     
   4.4127851523732646E-008  0.99639954850586543     
   4.3336636792489071E-008  0.99639954777904327     
   4.1796512531884245E-008  0.99639954636423234     
   4.0311122161900900E-008  0.99639954499973005     
   3.8878520515607437E-008  0.99639954368372030     
   3.8181426569296296E-008  0.99639954304338507     
   3.7496831554620032E-008  0.99639954241451778     
   3.6824511365067369E-008  0.99639954179690127     
   3.6164245912369820E-008  0.99639954119037100     
   3.5515819054452218E-008  0.99639954059471569     
   3.4879018524678932E-008  0.99639954000974051     
   3.4253635862366410E-008  0.99639953943525406     
   3.3639466344541746E-008  0.99639953887106836     
   3.3036308918926785E-008  0.99639953831699812     
   3.2443966138120513E-008  0.99639953777286261     
   3.1862244094964877E-008  0.99639953723848373     
   3.1290952359067368E-008  0.99639953671368597     
   3.0729903914462603E-008  0.99639953619829802     
   3.0178915098391391E-008  0.99639953569215090     
   2.9637805541177630E-008  0.99639953519507907     
   2.9106398107183242E-008  0.99639953470691967     
   2.8584518836821114E-008  0.99639953422751304     
   2.8071996889609644E-008  0.99639953375670243     
   2.7568664488245337E-008  0.99639953329433317     
   2.7074356863681180E-008  0.99639953284025451     
   2.6588912201187943E-008  0.99639953239431711     
   2.6112171587382694E-008  0.99639953195637543     
   2.5643978958208676E-008  0.99639953152628657     
   2.5184181047845262E-008  0.99639953110391688     
   2.4732627338536561E-008  0.99639953068910447     
   2.4289170011318102E-008  0.99639953028174544     
   2.3853663897626905E-008  0.99639952988167457     
   2.3425966431780759E-008  0.99639952948879251     
   2.3005937604307071E-008  0.99639952910294749     
   2.2593439916110929E-008  0.99639952872402016     
   2.2188338333463529E-008  0.99639952835187984     
   2.1790500243797667E-008  0.99639952798641951     
   2.1399795412297162E-008  0.99639952762751882     
   2.1016095939262409E-008  0.99639952727504633     
   2.0639276218242604E-008  0.99639952692888689     
   2.0269212894917287E-008  0.99639952658894049     
   1.9905784826715218E-008  0.99639952625508998     
   1.9548873043158411E-008  0.99639952592722536     
   1.9198360706915569E-008  0.99639952560523892     
   1.8854133075555138E-008  0.99639952528902587     
   1.8516077463983244E-008  0.99639952497848272     
   1.8184083207555986E-008  0.99639952467350756     
   1.7858041625852366E-008  0.99639952437400048     
   1.7537845987097116E-008  0.99639952407986365     
   1.7223391473221466E-008  0.99639952379100072     
   1.6914575145550002E-008  0.99639952350731709     
