   5.5503017496803624        1.3990997517893875     
   5.5857737606116515        1.3809787458596927     
   5.6204593396012843        1.3632574257586225     
   5.6543826972633058        1.3459247716169980     
   5.6875661841818808        1.3289702448868488     
   5.7200311205060892        1.3123836989696509     
   5.7517978725456480        1.2961553574372111     
   5.7828859214711663        1.2802757940976035     
   5.8133139249429338        1.2647359146932908     
   5.8430997723481486        1.2495269400828206     
   5.8722606348243342        1.2346403906740588     
   5.9008130104630014        1.2200680720170507     
   5.9287727653652684        1.2058020614163003     
   5.9561551710508054        1.1918346954595656     
   5.9829749386150226        1.1781585583756489     
   6.0092462500308459        1.1647664711395274     
   6.0349827868800814        1.1516514812593974     
   6.0601977568288632        1.1388068531801980     
   6.0849039180552484        1.1262260592544397     
   6.1091136018503125        1.1139027712310177     
   6.1328387335813428        1.1018308522198450     
   6.1560908521688287        1.0900043490955469     
   6.1788811282227005        1.0784174853065081     
   6.2012203809635587        1.0670646540590742     
   6.2231190940345602        1.0559404118502480     
   6.2445874303092843        1.0450394723239880     
   6.2656352457739928        1.0343567004297083     
   6.2862721025699191        1.0238871068622521     
   6.3065072812617924        1.0136258427653515     
   6.3263497923881200        1.0035681946828243     
   6.3458083873628697       0.99370957974061780     
   6.3648915687665593       0.98404554104719255     
   6.3836076000760791       0.97457174329901641     
   6.4019645148787152       0.96528396857882948     
   6.4199701255969952       0.95617811233690908     
   6.4376320317707014       0.94725017954401824     
   6.4549576279169774       0.93849628100758842     
   6.4719541109987020       0.92991262984232737     
   6.4886284875318845       0.92149553808667972     
   6.5049875803475707       0.91324141345829690     
   6.5210380350363373       0.90514675624101415     
   6.5367863260896755       0.89720815629714790     
   6.5522387627616183       0.88942229019859598     
   6.5674014946631001       0.88178591847131349     
   6.5822805171067937       0.87429588294754645     
   6.5968816762152844       0.86694910422095461     
   6.6112106738081451       0.85974257919949748     
   6.6252730720782509       0.85267337875185623     
   6.6390742980673707       0.84573864544327471     
   6.6526196479564454       0.83893559135624340     
   6.6659142911762856       0.83226149599276988     
   6.6789632743484866       0.82571370425448354     
   6.6917715250677219       0.81928962449699727     
   6.7043438555310111       0.81298672665548466     
   6.7166849660224086       0.80680254043838995     
   6.7287994482598226       0.80073465358636553     
   6.7406917886125353       0.79478071019349428     
   6.7523663711934212       0.78893840908842661     
   6.7638274808320373       0.78320550227287300     
   6.7750793059358800       0.77757979341494310     
   6.7861898191800130       0.77206928609313086     
   6.7970324190227203       0.76665152371198586     
   6.8076782085341456       0.76133454375428455     
   6.8181306578527519       0.75611646296206736     
   6.8283393466502478       0.75098578448893649     
   6.8384183558597700       0.74595985671840004     
   6.8483149185033714       0.74102708322084521     
   6.8580809068125399       0.73619452376417738     
   6.8675746614971453       0.73143371388826461     
   6.8769893711635213       0.72677810433762202     
   6.8861457525411272       0.72219150219540329     
   6.8951812336325009       0.71769781880906425     
   6.9040542307501234       0.71328688436835153     
   6.9127678305306279       0.70895709364159543     
   6.9213250564733606       0.70470687569733514     
   6.9297288659464016       0.70053469323255435     
   6.9379821618318056       0.69643904128468381     
   6.9460877812710597       0.69241844695646959     
   6.9540485070923834       0.68847146820436667     
   6.9618670647069463       0.68459669325431238     
   6.9695461243793169       0.68079273981792354     
   6.9770883025519623       0.67705825436879552     
   6.9917721072831096       0.66979241951274782     
   7.0128339372724540       0.65938240019406757     
   7.0262599213294079       0.65275398906148241     
   7.0754235989324847       0.62853712529498684     
   7.0921324695377361       0.62032864663658960     
   7.1027891716968767       0.61509986742867495     
   7.1079780544576572       0.61255583493765087     
   7.1130762338987612       0.61005754596861284     
   7.1180853763778487       0.60760415077714880     
   7.1230071168048408       0.60519481611674275     
   7.1278430592897353       0.60282872488441885     
   7.1372638158032693       0.59822308307409600     
   7.1418623097097846       0.59598498076527717     
   7.1463701426881405       0.59378393014451281     
   7.1507997890887633       0.59162225439499183     
   7.1551526617037240       0.58949924187338387     
   7.1594301654826857       0.58741417930802275     
   7.1636336792011868       0.58536636698220634     
   7.1677645559361594       0.58335511851808763     
   7.1718241237212483       0.58137976058724616     
   7.1758136859483983       0.57943963265332976     
   7.1797345218272728       0.57753408670813600     
   7.1835878869873966       0.57566248700863698     
   7.1873750137904917       0.57382420983807991     
   7.1910971118468190       0.57201864325685514     
   7.1947553684721779       0.57024518686339754     
   7.1983509491035793       0.56850325156369186     
   7.2018849976773209       0.56679225934603705     
   7.2087915684756743       0.56346634159773057     
   7.2121290575924490       0.56183934381018075     
   7.2154280225220617       0.56024653660438883     
   7.2186708474326755       0.55868196209025189     
   7.2218531551230019       0.55714350907936683     
   7.2249922180470287       0.55563538788871536     
   7.2280727438726604       0.55415239626870116     
   7.2311011381383068       0.55269560352104252     
   7.2340783459190288       0.55126453672028319     
   7.2370053004249337       0.54985872616115150     
   7.2427253607898923       0.54712490049047868     
   7.2454937115721316       0.54578827717205491     
   7.2482286594113772       0.54447895376141642     
   7.2509177595228103       0.54319267805485871     
   7.2535618582540291       0.54192901770222957     
   7.2561617758775956       0.54068756058568490     
   7.2587183176491248       0.53946790223616670     
   7.2612322741766064       0.53826964564927415     
   7.2637044216666489       0.53709240114254431     
   7.2661355221673585       0.53593578621958926     
   7.2685263238355651       0.53479942543117687     
   7.2708775611898862       0.53368295024196377     
   7.2731899554069734       0.53258599889638247     
   7.2754642144937769       0.53150821629428624     
   7.2777010335612715       0.53044925386392094     
   7.2799010950863572       0.52940876943595494     
   7.2820650691004110       0.52838642712640049     
   7.2841936134555212       0.52738189721438011     
   7.2862873740076353       0.52639485603024649     
   7.2883469848716391       0.52542498583814301     
   7.2903730686230999       0.52447197472590834     
   7.2923662364820174       0.52353551649846175     
   7.2943270885717233       0.52261531056607513     
   7.2962562140772853       0.52171106184311777     
   7.2981541914803083       0.52082248064284165     
   7.3000215886861604       0.51994928258069606     
   7.3018589633451114       0.51909118846751157     
   7.3036668628789130       0.51824792422270638     
   7.3054458247743472       0.51741922077267599     
   7.3071963767526675       0.51660481395805502     
   7.3089190369081827       0.51580444444506623     
   7.3106143139149573       0.51501785763386787     
   7.3122827071807226       0.51424480357216440     
   7.3139247070194946       0.51348503686861358     
   7.3155407948360534       0.51273831660664959     
   7.3187019863728997       0.51128420128597318     
   7.3202382678132025       0.51057409286832944     
   7.3217553501274271       0.50987723376017380     
   7.3232487973691125       0.50919228294211594     
   7.3247190423238866       0.50851902255408654     
   7.3261665082592629       0.50785724078066707     
   7.3289988401480048       0.50656816141232919     
   7.3303763486508853       0.50593870794266915     
   7.3317367802574038       0.50532079709721445     
   7.3330764350964150       0.50471336374266906     
   7.3343956933991219       0.50411621668596063     
   7.3356949272990937       0.50352916966612105     
   7.3369745021403592       0.50295203981159919     
   7.3382347766082283       0.50238464757597101     
   7.3394761028476072       0.50182681667679263     
   7.3406988265730426       0.50127837403671549     
   7.3419032872001235       0.50073914972360789     
   7.3430898179347883       0.50020897689472399     
   7.3442587459181041       0.49968769173775840     
   7.3454103923102094       0.49917513341782127     
   7.3465450724191275       0.49867114402086576     
   7.3476630957855740       0.49817556850210798     
   7.3487647662935132       0.49768825463346134     
   7.3498503822920052       0.49720905295012602     
   7.3509202366651998       0.49673781670277939     
   7.3519746169580031       0.49627440180594184     
   7.3530138054560688       0.49581866679061465     
   7.3540380792847557       0.49537047275625595     
   7.3550477105017276       0.49492968332392817     
   7.3560429662115316       0.49449616458897105     
   7.3570241085995818       0.49406978507961652     
   7.3579913950904219       0.49365041570784524     
   7.3589450783818773       0.49323792972955216     
   7.3598854065586146       0.49283220270030315     
   7.3608126231559234       0.49243311243429772     
   7.3626307197097249       0.49165464646249535     
   7.3635179722099355       0.49127447368011357     
   7.3643944276969648       0.49090067098997858     
   7.3661155475791293       0.49017161501385575     
   7.3669555567883265       0.48981550210543567     
   7.3677861305161372       0.48946536473594604     
   7.3686055931188914       0.48912085978388520     
   7.3702136888775343       0.48844853755814233     
   7.3709993218352317       0.48812012983473507     
   7.3717763292199097       0.48779715416419089     
   7.3725432013556151       0.48747932024362911     
   7.3733001230733901       0.48716653502828833     
   7.3740472755573023       0.48685870735249726     
   7.3747848366637214       0.48655574770428550     
   7.3755129809907665       0.48625756819427435     
   7.3762318799292697       0.48596408252699153     
   7.3769417017292076       0.48567520597122260     
   7.3776426115494447       0.48539085533226733     
   7.3783347715210601       0.48511094892350115     
   7.3790183407963532       0.48483540653942403     
   7.3796934756091312       0.48456414942844261     
   7.3803603293251356       0.48429710026649675     
   7.3810190524896493       0.48403418313172686     
   7.3816697928852841       0.48377532347828245     
   7.3823126955813665       0.48352044811176953     
   7.3829479029818739       0.48326948516454060     
   7.3835755548707809       0.48302236407207821     
   7.3841957884754468       0.48277901554804642     
   7.3848087384885606       0.48253937156312254     
   7.3854145371289279       0.48230336532079937     
   7.3860133141947486       0.48207093123493705     
   7.3866051970830160       0.48184200490892481     
   7.3871903108670436       0.48161652311246717     
   7.3877687783025809       0.48139442376242214     
   7.3883407199003122       0.48117564590008116     
   7.3889062539510109       0.48096012967196056     
   7.3900195313658923       0.48053869912341729     
   7.3916442672575515       0.47992957430246141     
   7.3921709452747457       0.47973229761794822     
   7.3926950702428185       0.47953803707682008     
   7.3932133493562446       0.47934658535228442     
   7.3937261922888524       0.47915790310194023     
   7.3942336972346485       0.47897194048812120     
   7.3947359606172842       0.47878864856614844     
   7.3957259487431033       0.47842991327114892     
   7.3962122391415779       0.47825432073473545     
   7.3966944656499889       0.47808123960854026     
   7.3971719066371602       0.47791059746217812     
   7.3976446484663407       0.47774235041384050     
   7.3981127757953580       0.47757645540077265     
   7.3985763717276853       0.47741287014037104     
   7.3990355178313356       0.47725155311656525     
   7.3994902941713523       0.47709246356572865     
   7.3999407793413123       0.47693556146273935     
   7.4003870504802354       0.47678080750826135     
   7.4008291833077990       0.47662816311511480     
   7.4012672521473437       0.47647759039535126     
   7.4017013299498506       0.47632905214798782     
   7.4021314883288252       0.47618251184566007     
   7.4025577975643913       0.47603793362389929     
   7.4029803266491108       0.47589528226761973     
   7.4033991433019413       0.47575452320015954     
   7.4038143139903925       0.47561562247161771     
   7.4042259039592668       0.47547854674711482     
   7.4046339772445293       0.47534326329636523     
   7.4050385967047756       0.47520973998199845     
   7.4054398240373995       0.47507794524916935     
   7.4058377198003633       0.47494784811500479     
   7.4062323434364910       0.47481941815802509     
   7.4066237532893346       0.47469262550826946     
   7.4070120066251643       0.47456744083713703     
   7.4077798085450430       0.47432178070285536     
   7.4081583844002203       0.47420124933086516     
   7.4085345635642508       0.47408221376884563     
   7.4089076776592924       0.47396464900120167     
   7.4092783160298481       0.47384852373148273     
   7.4096458158262966       0.47373381908737089     
   7.4100109308253677       0.47362050230118163     
   7.4107332885920343       0.47339794509364597     
   7.4110896546236988       0.47328866371459033     
   7.4114442974735084       0.47318066898805072     
   7.4117961089432631       0.47307395088304283     
   7.4121457890622597       0.47296847675075049     
   7.4124928920533009       0.47286423189786519     
   7.4128376234806179       0.47276119190184585     
   7.4131800250354054       0.47265933527336856     
   7.4135201376611990       0.47255864091117983     
   7.4138580015442344       0.47245908809656056     
   7.4141936561299353       0.47236065648615494     
   7.4145271401325594       0.47226332610551136     
   7.4148584915555187       0.47216707734189273     
   7.4151877476927632       0.47207189093849666     
   7.4155149451544613       0.47197774798717329     
   7.4158401198718344       0.47188462992265195     
   7.4161633071130364       0.47179251851607096     
   7.4164845414948779       0.47170139586891746     
   7.4168038569917298       0.47161124440725088     
   7.4171212869526641       0.47152204687550103     
   7.4174368641077830       0.47143378633095523     
   7.4177506205855153       0.47134644613782617     
   7.4180625879165021       0.47126000996201878     
   7.4183727970504272       0.47117446176543087     
   7.4186812783654510       0.47108978580055333     
   7.4189880616765436       0.47100596660539634     
   7.4192931762481056       0.47092298899818541     
   7.4195966508037596       0.47084083807226784     
   7.4198985135352498       0.47075949919124960     
   7.4204978704473996       0.47059919138903750     
   7.4207945822076020       0.47052021610526895     
   7.4210902703464168       0.47044198428438000     
   7.4216777002146959       0.47028772285499038     
   7.4219686825814826       0.47021168933626356     
   7.4222586051013799       0.47013635074575821     
   7.4225470305034236       0.47006170760260857     
   7.4234055933640608       0.46984176813757328     
   7.4236879722225524       0.46976979272769803     
   7.4242510099020622       0.46962767123034482     
   7.4248088204801306       0.46948800284642944     
   7.4250856263420388       0.46941906785616117     
   7.4253615817973087       0.46935070263400491     
   7.4256363915610635       0.46928290653336202     
   7.4259100747240563       0.46921566958433758     
   7.4261826499822270       0.46914898199924804     
   7.4264541356869689       0.46908283416771135     
   7.4267245498492418       0.46901721665357510     
   7.4269939101476643       0.46895212019168186     
   7.4272622339324021       0.46888753568480224     
   7.4275295382351878       0.46882345420050520     
   7.4277958397696189       0.46875986696838112     
   7.4280611549431779       0.46869676537678973     
   7.4283254998576078       0.46863414097027400     
   7.4285888903183324       0.46857198544654610     
   7.4288513418364897       0.46851029065388511     
   7.4291128696385229       0.46844904858815090     
   7.4293734886678671       0.46838825139034035     
   7.4296332135919005       0.46832789134385377     
   7.4298920588070292       0.46826796087191302     
   7.4301500384430277       0.46820845253505383     
   7.4304071663680542       0.46814935902866273     
   7.4306634561937974       0.46809067318047171     
   7.4309189212808047       0.46803238794815905     
   7.4314273363124776       0.46791699538557185     
   7.4316804980465268       0.46785986742326635     
   7.4319327928948651       0.46780311674960762     
   7.4324353704570925       0.46769070162153981     
   7.4326851556797333       0.46763504323818739     
   7.4329344751459967       0.46757972424700689     
   7.4331830794949738       0.46752474796560772     
   7.4334309798443634       0.46747010852755516     
   7.4339249644262857       0.46736180808572847     
   7.4341705646649388       0.46730815420306160     
   7.4344157558576676       0.46725480558019450     
   7.4346602954459122       0.46720176603079588     
   7.4349041933723008       0.46714903029790583     
   7.4351474593640559       0.46709659322082320     
   7.4353901029695368       0.46704444973229764     
   7.4356321335599098       0.46699259485692546     
   7.4358735603332793       0.46694102370942814     
   7.4361143923181920       0.46688973149299595     
   7.4363546383759704       0.46683871349778461     
   7.4365943072034018       0.46678796509927872     
   7.4368334073377724       0.46673748175666790     
   7.4370719471578628       0.46668725901148522     
   7.4373099348878995       0.46663729248596719     
   7.4375473786001418       0.46658757788169641     
   7.4377842862172372       0.46653811097811621     
   7.4380206655163477       0.46648888763109736     
   7.4382565241302299       0.46643990377159550     
   7.4384918695507443       0.46639115540429965     
   7.4387267091314433       0.46634263860624464     
   7.4389610500896959       0.46629434952553384     
   7.4391948995105803       0.46624628437999471     
   7.4394282643472653       0.46619843945602635     
   7.4396611514249393       0.46615081110725731     
   7.4398935674423843       0.46610339575338711     
   7.4401255189753543       0.46605618987891695     
   7.4403570124778886       0.46600919003203256     
   7.4408188746733064       0.46591578640364534     
   7.4410488075385208       0.46586939307084729     
   7.4412785311345067       0.46582318404895307     
   7.4417369226829955       0.46573132352649199     
   7.4419651597646759       0.46568568277319611     
   7.4421932075452268       0.46564021415038759     
   7.4424208502487241       0.46559492317117657     
   7.4426480932582724       0.46554980695951981     
   7.4428749418328399       0.46550486269217373     
   7.4431014011331227       0.46546008759709301     
   7.4433274762251891       0.46541547895236668     
   7.4435531720815593       0.46537103408540081     
   7.4437784935838689       0.46532675037193505     
   7.4440034455213606       0.46528262523535202     
   7.4442280325987484       0.46523865614546844     
   7.4444522594307232       0.46519484061809485     
   7.4446761305478653       0.46515117621396895     
   7.4448996503977067       0.46510766053794150     
   7.4451228233463098       0.46506429123821619     
   7.4453456536783325       0.46502106600558790     
   7.4455681455990224       0.46497798257271461     
   7.4457903032380752       0.46493503871316455     
   7.4460121306469782       0.46489223224094134     
   7.4462336318037590       0.46484956100951957     
   7.4464548106137389       0.46480702291122672     
   7.4466756709091486       0.46476461587657492     
   7.4468962164524921       0.46472233787349926     
   7.4471164509357930       0.46468018690676571     
   7.4473363779849473       0.46463816101717037     
   7.4475560011581088       0.46459625828098566     
   7.4477753239482514       0.46455447680928963     
   7.4479943497836931       0.46451281474737627     
   7.4482130820298966       0.46447127027406399     
   7.4484315239913634       0.46442984160108003     
   7.4486496789095735       0.46438852697265293     
   7.4488675499685950       0.46434732466461187     
   7.4490851402938087       0.46430623298401247     
   7.4493024529517307       0.46426525026861259     
   7.4495194909536746       0.46422437488618484     
   7.4499529565959879       0.46414293192561473     
   7.4506011945097494       0.46402153243756283     
   7.4508161129096688       0.46398128883433792     
   7.4510313081730093       0.46394112149219174     
   7.4514611430219340       0.46386106358710799     
   7.4518897880999297       0.46378138365164973     
   7.4521035473174315       0.46374168687866602     
   7.4523172650039289       0.46370207102246619     
   7.4525307448002245       0.46366254251801298     
   7.4527439890115108       0.46362310012315733     
   7.4529569998769487       0.46358374261893398     
   7.4531697795947096       0.46354446880844391     
   7.4533823303227429       0.46350527751639126     
   7.4535946541800815       0.46346616758871245     
   7.4538067532459831       0.46342713789222911     
   7.4540186295627748       0.46338818731419973     
   7.4542302851338871       0.46334931476206220     
   7.4544417219286467       0.46331051916285104     
   7.4546529418778817       0.46327179946314007     
   7.4548639468789446       0.46323315462842374     
   7.4550747387934919       0.46319458364294319     
   7.4552853194496844       0.46315608550925547     
   7.4554956906418557       0.46311765924795656     
   7.4557058541324457       0.46307930389729923     
   7.4559158116509163       0.46304101851292823     
   7.4561255648956868       0.46300280216753331     
   7.4563351155340341       0.46296465395054504     
   7.4565444652028017       0.46292657296783163     
   7.4567536155093865       0.46288855834140796     
   7.4569625680317682       0.46285060920911641     
   7.4573800774486871       0.46277489662128934     
   7.4577966219190710       0.46269944350040138     
   7.4580044171030258       0.46266181685927965     
   7.4582122145058660       0.46262424343822628     
   7.4584198243733972       0.46258672989727212     
   7.4586272480898259       0.46254927549047997     
   7.4592489179235493       0.46243724045082407     
   7.4594550410562341       0.46240003748588543     
   7.4596616203997010       0.46236286531168513     
   7.4600743001399827       0.46228868322534733     
   7.4602800919244485       0.46225168395961735     
   7.4604858976886943       0.46221473036205529     
   7.4606915296200409       0.46217782914716377     
   7.4608969888545964       0.46214097970416190     
   7.4611022764873471       0.46210418143391385     
   7.4613073935920067       0.46206743374815529     
   7.4615123412251343       0.46203073606910322     
   7.4617171204215405       0.46199408782951867     
   7.4619217322004170       0.46195748847222379     
   7.4621261775601804       0.46192093745019591     
   7.4623304574826070       0.46188443422620579     
   7.4625345729322250       0.46184797827264101     
   7.4627385248541245       0.46181156907153453     
   7.4629423141783233       0.46177520611411760     
   7.4631459418182402       0.46173888890078341     
   7.4633494086697372       0.46170261694096582     
   7.4635527156132397       0.46166638975290475     
   7.4637558635134642       0.46163020686347506     
   7.4639588532190704       0.46159406780813311     
   7.4641616855644148       0.46155797213060668     
   7.4643643613688289       0.46152191938283904     
   7.4645668814363200       0.46148590912488152     
   7.4647692465569477       0.46144994092465441     
   7.4649713922902894       0.46141401701090518     
   7.4653753548034434       0.46134228711443337     
   7.4655771728916172       0.46130648032815508     
   7.4659804102055114       0.46123498453793921     
   7.4661815273397183       0.46119930644147922     
   7.4663826797105903       0.46116366005062137     
   7.4665836836215504       0.46112805216245734     
   7.4669854324160729       0.46105694331854730     
   7.4671858112377532       0.46102145593880328     
   7.4673862278964567       0.46098599851784405     
   7.4675864992813406       0.46095057786080784     
   7.4677866260174204       0.46091519363774408     
   7.4679866086980251       0.46087984552528238     
   7.4681864479059907       0.46084453320584862     
   7.4683861442140742       0.46080925636753123     
   7.4685856981851604       0.46077401470400481     
   7.4687851103718188       0.46073880791446065     
   7.4689843813166217       0.46070363570348316     
   7.4691835115538936       0.46066849778087288     
   7.4693825016081377       0.46063339386165403     
   7.4695813519933738       0.46059832366602665     
   7.4697800632166844       0.46056328691906961     
   7.4699786357747477       0.46052828335088625     
   7.4701770701564882       0.46049331269632710     
   7.4703753668419957       0.46045837469501794     
   7.4705735263028332       0.46042346909125376     
   7.4707715490033486       0.46038859563381662     
   7.4709694353980556       0.46035375407611079     
   7.4711671859350659       0.46031894417581865     
   7.4713648010541549       0.46028416569501890     
   7.4715622811883762       0.46024941839997352     
   7.4717596267613722       0.46021470206121740     
   7.4719568381912005       0.46018001645328616     
   7.4721539158891801       0.46014536135470685     
   7.4723508602574569       0.46011073654806900     
   7.4727445310905587       0.46004156993533785     
   7.4729408972965299       0.46000704176334772     
   7.4731373122638569       0.45997253602557886     
   7.4733335957976585       0.45993805954970690     
   7.4735297482810630       0.45990361213990461     
   7.4737257700715158       0.45986919360440015     
   7.4739216615208051       0.45983480375479291     
   7.4741173595876687       0.45980044498297745     
   7.4743130547780110       0.45976610937635864     
   7.4745085572452297       0.45973180448772377     
   7.4747039307257062       0.45969752756417515     
   7.4748991755343592       0.45966327843374666     
   7.4750942919892180       0.45962905692722600     
   7.4752892804017890       0.45959486287846713     
   7.4754841410789936       0.45956069612424189     
   7.4756788743219360       0.45952655650424468     
   7.4758734804281683       0.45949244386092747     
   7.4760679596883426       0.45945835803963164     
   7.4762623123901237       0.45942429888835290     
   7.4764565388148441       0.45939026625784707     
   7.4766506392404306       0.45935626000144086     
   7.4768446139390239       0.45932227997511738     
   7.4770384631793307       0.45928832603736658     
   7.4772321872246135       0.45925439804918866     
   7.4774257863349813       0.45922049587402491     
   7.4776192607659180       0.45918661937770677     
   7.4778126107676206       0.45915276842850938     
   7.4780058365876734       0.45911894289693933     
   7.4781989384688510       0.45908514265584388     
   7.4783919166500308       0.45905136758028314     
   7.4785847713667906       0.45901761754750181     
   7.4787775028501589       0.45898389243693910     
   7.4789701113274161       0.45895019213013688     
   7.4791625970225812       0.45891651651073484     
   7.4793549601565861       0.45888286546436419     
   7.4795472009453370       0.45884923887872686     
   7.4797393196031603       0.45881563664343361     
   7.4799312538321168       0.45878206119255449     
   7.4801231913666495       0.45874850479197815     
   7.4805067542801282       0.45868146215313876     
   7.4806980881296568       0.45864798699412912     
   7.4808894783101714       0.45861452864891417     
   7.4810807477415278       0.45858109393439694     
   7.4812718966307301       0.45854768275416380     
   7.4816540103069045       0.45848092372276544     
   7.4818446218600183       0.45844758948638586     
   7.4822260158925413       0.45838096973666054     
   7.4824162687114448       0.45834770473402114     
   7.4826065788412937       0.45831445574679130     
   7.4827967698113778       0.45828122958550788     
   7.4829868418037915       0.45824802616776478     
   7.4831767949788386       0.45821484541318697     
   7.4833666294955181       0.45818168724270208     
   7.4835563455094416       0.45814855157869638     
   7.4837459431736235       0.45811543834489954     
   7.4839354226407160       0.45808234746623272     
   7.4841247840583254       0.45804927886908708     
   7.4843140275747491       0.45801623248097045     
   7.4845031533335966       0.45798320823074601     
   7.4846921614779340       0.45795020604844305     
   7.4848810521481184       0.45791722586532252     
   7.4850698254824071       0.45788426761382089     
   7.4852584816171772       0.45785133122751664     
   7.4854470206863102       0.45781841664118283     
   7.4856354428234848       0.45778552379059767     
   7.4858237481583094       0.45775265261276576     
   7.4860119368195885       0.45771980304569371     
   7.4862000089341265       0.45768697502847333     
   7.4863879646266493       0.45765416850124863     
   7.4865758040209052       0.45762138340512826     
   7.4867635272381712       0.45758861968227060     
   7.4869511343979145       0.45755587727583635     
   7.4871386256188064       0.45752315612988359     
   7.4875134354790429       0.45745777056564074     
   7.4877004047834621       0.45742511971075173     
   7.4880745212438296       0.45735986058728917     
   7.4882610831856198       0.45732727521481886     
   7.4884478274529158       0.45729469890152319     
   7.4886343338143888       0.45726214843917157     
   7.4888208480388787       0.45722961377163068     
   7.4890071860074201       0.45719710235689992     
   7.4891934092399763       0.45716461164656197     
   7.4893795178295877       0.45713214159528287     
   7.4895655118763838       0.45709969215814589     
   7.4897513914768066       0.45706726329117153     
   7.4899371567274153       0.45703485495100477     
   7.4901228077235320       0.45700246709501036     
   7.4903083445585521       0.45697009968131341     
   7.4904937673256367       0.45693775266867526     
   7.4906790761153834       0.45690542601661532     
   7.4908642710189142       0.45687311968524513     
   7.4910493521247954       0.45684083363539757     
   7.4912343195217144       0.45680856782847046     
   7.4914191732957374       0.45677632222662790     
   7.4916039135337318       0.45674409679251149     
   7.4917885403193223       0.45671189148951152     
   7.4919730537370839       0.45667970628150545     
   7.4921574538696909       0.45664754113301531     
   7.4923417407980786       0.45661539600918127     
   7.4925259146035916       0.45658327087565076     
   7.4927099753664415       0.45655116569859644     
   7.4928939231649210       0.45651908044484024     
   7.4930777580770789       0.45648701508169276     
   7.4932614801793491       0.45645496957702308     
   7.4934450895486631       0.45642294389913751     
   7.4936285862597352       0.45639093801695613     
   7.4938119703870054       0.45635895189983117     
   7.4939952420041012       0.45632698551763740     
   7.4941783404211790       0.45629504131960918     
   7.4945443217965213       0.45623120696387398     
   7.4947272048169644       0.45619931675206860     
   7.4949098542686787       0.45616745108540918     
   7.4950925130094177       0.45613560003024822     
   7.4952749990376013       0.45610377098860166     
   7.4958222418196812       0.45600838302069691     
   7.4960038242797014       0.45597664966950346     
   7.4961857512632255       0.45594491792232672     
   7.4963675665743148       0.45591320556076270     
   7.4965492703238734       0.45588151255922682     
   7.4967308625728819       0.45584983889407421     
   7.4969123433836256       0.45581818454192075     
   7.4970937128176214       0.45578654947975145     
   7.4972749709349245       0.45575493368494419     
   7.4974560573939470       0.45572333960153666     
   7.4976371534663082       0.45569175980834109     
   7.4978180779854675       0.45566020168338184     
   7.4979988914312958       0.45562866273840996     
   7.4981795938546689       0.45559714295268317     
   7.4983601853129462       0.45556564230553570     
   7.4985406658624409       0.45553416077666647     
   7.4987210355596865       0.45550269834601065     
   7.4989012944595732       0.45547125499388363     
   7.4990814426178334       0.45543983070082394     
   7.4992614800888138       0.45540842544769572     
   7.4994414069257953       0.45537703921569961     
   7.4996212231828130       0.45534567198622850     
   7.4998009289138956       0.45531432374093184     
   7.4999805241703505       0.45528299446186177     
   7.5001600090050378       0.45525168413121042     
   7.5003393834691376       0.45522039273151227     
   7.5005186476145642       0.45518912024548386     
   7.5006978014912660       0.45515786665618574     
   7.5008768451505894       0.45512663194680841     
   7.5010557786416978       0.45509541610090226     
   7.5012346020149065       0.45506421910215983     
   7.5017708635291767       0.45497072335596872     
   7.5021272391337650       0.45490850956018092     
   7.5024834566622403       0.45484635981266064     
   7.5028390052007596       0.45478429411229371     
   7.5031945752021745       0.45472228490758049     
   7.5033719107578918       0.45469131958436149     
   7.5035493069461090       0.45466036621917771     
   7.5037265936531137       0.45462943149673085     
   7.5039037709406973       0.45459851540330515     
   7.5040808388522748       0.45456761792594791     
   7.5042577974318299       0.45453673905181563     
   7.5044346467224106       0.45450587876828291     
   7.5046113867670865       0.45447503706287340     
   7.5047880176082193       0.45444421392328388     
   7.5049645392884496       0.45441340933737123     
   7.5051409518503114       0.45438262329313361     
   7.5053172553349894       0.45435185577877868     
   7.5054934497843195       0.45432110678260762     
   7.5056695352396368       0.45429037629310548     
   7.5058455117419047       0.45425966429890519     
   7.5060213793317940       0.45422897078878421     
   7.5061971380504620       0.45419829575163706     
   7.5063727879374866       0.45416763917655600     
   7.5065483290331416       0.45413700105271676     
   7.5067237613771347       0.45410638136947967     
   7.5068990850093504       0.45407578011626659     
   7.5070742999683784       0.45404519728274967     
   7.5072494062944379       0.45401463285856275     
   7.5074244040259988       0.45398408683361269     
   7.5075992932009967       0.45395355919788460     
   7.5077740738593359       0.45392304994143073     
   7.5079486867445695       0.45389256148299117     
   7.5081233097811122       0.45386208652732418     
   7.5086467973092503       0.45377076147673273     
   7.5089946715747891       0.45370999231182274     
   7.5091684170182944       0.45367963639638320     
   7.5093422227308810       0.45364929212689298     
   7.5095159202829631       0.45361896614445874     
   7.5098631593507346       0.45355836236110603     
   7.5100363644189416       0.45352809783071169     
   7.5102096297717100       0.45349784490816020     
   7.5103827871436390       0.45346761023018645     
   7.5105558365863860       0.45343739378809328     
   7.5107287781353742       0.45340719557375342     
   7.5109016118254850       0.45337701557913102     
   7.5110743376924027       0.45334685379624373     
   7.5112469557703232       0.45331671021725795     
   7.5114194660937308       0.45328658483440626     
   7.5115918686976197       0.45325647763995647     
   7.5117641636157888       0.45322638862633491     
   7.5119363508831949       0.45319631778595015     
   7.5121084305332406       0.45316626511138280     
   7.5122804025999006       0.45313623059525737     
   7.5124522671171814       0.45310621423023639     
   7.5126240241188107       0.45307621600909681     
   7.5127956736381662       0.45304623592467608     
   7.5129672157085796       0.45301627396989758     
   7.5131386503632562       0.45298633013773315     
   7.5133099776356103       0.45295640442122714     
   7.5134811975579581       0.45292649681354069     
   7.5136523101637547       0.45289660730780612     
   7.5138233154859959       0.45286673589728460     
   7.5139942135568916       0.45283688257529525     
   7.5141650044087474       0.45280704733523547     
   7.5143356880742900       0.45277723017053173     
   7.5148470376916325       0.45268788946831212     
   7.5150173515224585       0.45265814213599898     
   7.5151874997319075       0.45262841525195463     
   7.5155276419275872       0.45256900898890906     
   7.5156973025221046       0.45253934279866770     
   7.5167159358401872       0.45236160933855663     
   7.5168831021954254       0.45233213746554857     
   7.5170520753790626       0.45230260865559341     
   7.5172209417266220       0.45227309782353808     
   7.5173897014531015       0.45224360495823068     
   7.5175583545891183       0.45221413005407518     
   7.5177269011635133       0.45218467310565935     
   7.5178953412082095       0.45215523410740488     
   7.5180636747529448       0.45212581305389804     
   7.5182319018279422       0.45209640993974692     
   7.5184000224629681       0.45206702475961247     
   7.5185680366880359       0.45203765750818209     
   7.5187359445336348       0.45200830818014404     
   7.5189037460286343       0.45197897677031146     
   7.5190714412031241       0.45194966327348068     
   7.5192390300873226       0.45192036768445476     
   7.5194065127103951       0.45189108999813765     
   7.5195738891017037       0.45186183020943949     
   7.5197411592909393       0.45183258831331374     
   7.5199083233074946       0.45180336430473200     
   7.5200753811806482       0.45177415817871569     
   7.5202423329392794       0.45174496993034075     
   7.5204091786128977       0.45171579955466612     
   7.5205759182307581       0.45168664704680128     
   7.5207425518214137       0.45165751240192847     
   7.5209090794145421       0.45162839561518719     
   7.5210755010383048       0.45159929668183046     
   7.5214079685669333       0.45154115473875533     
   7.5215740724803783       0.45151210933615227     
   7.5217401284231880       0.45148307938725890     
   7.5219060206269965       0.45145406965015333     
   7.5220718070389818       0.45142507773817908     
   7.5222374876823963       0.45139610364687255     
   7.5224030625856591       0.45136714737170169     
   7.5227340600741455       0.45130928170558970     
   7.5228991531221983       0.45128038539820492     
   7.5230643053630910       0.45125150034202144     
   7.5233944576580090       0.45119377706627750     
   7.5235591285410486       0.45116495192015549     
   7.5238886475454620       0.45110733534432534     
   7.5240530020980483       0.45107856352333486     
   7.5242174157326298       0.45104980293164698     
   7.5243817239474700       0.45102106010383847     
   7.5245459267865993       0.45099233503515967     
   7.5247100242767537       0.45096362772144682     
   7.5248740164460770       0.45093493815847163     
   7.5250379033222092       0.45090626634204195     
   7.5252016849321262       0.45087761226802281     
   7.5253653613033773       0.45084897593228679     
   7.5255289324639802       0.45082035733065828     
   7.5256923984407313       0.45079175645908487     
   7.5258557592610735       0.45076317331346372     
   7.5260190149521531       0.45073460788975894     
   7.5261821655415382       0.45070606018388426     
   7.5263452110558458       0.45067753019187146     
   7.5265081515222114       0.45064901790968759     
   7.5266709869684574       0.45062052333331631     
   7.5268337174210345       0.45059204645881518     
   7.5269963429069939       0.45056358728222623     
   7.5271588634527831       0.45053514579963905     
   7.5273212790866690       0.45050672200705433     
   7.5274835898340386       0.45047831590066123     
   7.5276457957226039       0.45044992747649681     
   7.5278078967786959       0.45042155673074158     
   7.5279698357697917       0.45039320601951427     
   7.5281317845071154       0.45036486825875571     
   7.5282935139916667       0.45033655288427393     
   7.5284552532204039       0.45030825045443656     
   7.5286167733130132       0.45027997040114626     
   7.5287783031380879       0.45025170328709863     
   7.5291010975700159       0.45019522022788605     
   7.5292620932147631       0.45016701491512129     
   7.5294231474275231       0.45013882074303646     
   7.5295840970842942       0.45011064420819608     
   7.5297449422273806       0.45008248530638473     
   7.5299056828824575       0.45005434403396893     
   7.5300663190761474       0.45002622038723217     
   7.5302268508348238       0.44999811436251103     
   7.5303872781839090       0.44997002595620406     
   7.5305476011501575       0.44994195516461599     
   7.5307078197596882       0.44991390198414549     
   7.5308679340382945       0.44988586641117523     
   7.5310279440121768       0.44985784844210852     
   7.5311878497067664       0.44982984807336723     
   7.5313476511490025       0.44980186530132293     
   7.5315073483645394       0.44977390012242568     
   7.5316669413782007       0.44974595253317240     
   7.5318264302173059       0.44971802252993731     
   7.5319858149071388       0.44969011010921711     
   7.5321450954736298       0.44966221526746386     
   7.5323042719419373       0.44963433800121422     
   7.5324633443383995       0.44960647830692224     
   7.5326223126887637       0.44957863618107785     
   7.5327811770184745       0.44955081162022220     
   7.5329399373527757       0.44952300462089523     
   7.5330985937181172       0.44949521517958663     
   7.5332571461392934       0.44946744329287719     
   7.5334155379248937       0.44943969129915495     
   7.5335739392583498       0.44941195216923663     
   7.5337321799961074       0.44938423292576857     
   7.5340485117859792       0.44932884059514466     
   7.5346802448847709       0.44921825396611287     
   7.5348369589755801       0.44919068917588889     
   7.5349943697682153       0.44916311016177768     
   7.5351516768483240       0.44913554866365490     
   7.5353088803141244       0.44910800467599510     
   7.5354659236778465       0.44908048053044369     
   7.5356229765098499       0.44905296921849142     
   7.5357798692794393       0.44902547774231383     
   7.5359366585406971       0.44899800376313065     
   7.5360933443134801       0.44897054727778218     
   7.5362499266229399       0.44894310828295980     
   7.5364064054941506       0.44891568677537574     
   7.5365627809513072       0.44888828275177173     
   7.5367190530207289       0.44886089620881275     
   7.5368752217265724       0.44883352714325497     
   7.5370312870931073       0.44880617555187741     
   7.5371872491465339       0.44877884143133961     
   7.5373431079109352       0.44875152477844588     
   7.5374988634108906       0.44872422558994696     
   7.5376545156716794       0.44869694386259174     
   7.5378100647180180       0.44866967959314175     
   7.5379655105746348       0.44864243277838028     
   7.5381208532660207       0.44861520341509936     
   7.5382760928167558       0.44858799150008616     
   7.5384312292518842       0.44856079703011675     
   7.5385862625959614       0.44853362000199692     
   7.5387411928737453       0.44850646041251763     
   7.5388960201093287       0.44847931825853216     
   7.5390507443277874       0.44845219353680799     
   7.5392053655532161       0.44842508624420707     
   7.5393598838104818       0.44839799637753669     
   7.5396687718519582       0.44834386248790531     
   7.5398228210024474       0.44831683130196026     
   7.5399769276460180       0.44828981110697730     
   7.5401308753808909       0.44826281064195644     
   7.5402848323943994       0.44823582294512421     
   7.5404386305527975       0.44820885497182339     
   7.5405923259434360       0.44818190439912020     
   7.5407459185850385       0.44815497122407200     
   7.5410529556926669       0.44810115064304368     
   7.5413594220201787       0.44804740602938414     
   7.5416654778604890       0.44799373094355061     
   7.5418181921345653       0.44796692587168585     
   7.5419709078081381       0.44794013407865346     
   7.5421236326710908       0.44791335502926066     
   7.5422761991510967       0.44788659566009603     
   7.5424286631542206       0.44785985365432779     
   7.5425810246977143       0.44783312900913930     
   7.5427332838065260       0.44780642172142404     
   7.5428854405042776       0.44777973178813663     
   7.5430374948150174       0.44775305920622743     
   7.5431894467626037       0.44772640397264496     
   7.5433412963709143       0.44769976608435080     
   7.5434930436644230       0.44767314553827109     
   7.5436446886658199       0.44764654233144308     
   7.5437962314002114       0.44761995646075636     
   7.5439476718904759       0.44759338792325132     
   7.5440990101604593       0.44756683671588726     
   7.5442502462346930       0.44754030283560475     
   7.5444013801365601       0.44751378627942850     
   7.5445524118896667       0.44748728704434149     
   7.5447033415174021       0.44746080512735603     
   7.5448541690443918       0.44743434052542658     
   7.5450048944935322       0.44740789323558672     
   7.5451555178885759       0.44738146325483286     
   7.5453059837189169       0.44735505288225752     
   7.5454564586164210       0.44732865520847448     
   7.5456067204796708       0.44730227943838141     
   7.5457569914065719       0.44727591636278163     
   7.5459070494039677       0.44724957518300024     
   7.5460570609855218       0.44722324899359656     
   7.5462069706799202       0.44719694009233307     
   7.5463568339422640       0.44717064617769686     
   7.5465065399072042       0.44714437184474576     
   7.5466560886580485       0.44711811708856725     
   7.5468055910290017       0.44709187731070832     
   7.5469550470041753       0.44706565250955882     
   7.5471043458351375       0.44703944727628453     
   7.5472535429458372       0.44701325931041469     
   7.5474026383547406       0.44698708860916120     
   7.5475516320853764       0.44696093516957514     
   7.5477005241607866       0.44693479898872912     
   7.5478493146045995       0.44690868006368245     
   7.5479980034391332       0.44688257839155610     
   7.5481465906889982       0.44685649396934535     
   7.5482950763763998       0.44683042679419877     
   7.5484434605248261       0.44680437686316599     
   7.5485917431572442       0.44677834417336093     
