  0.64636764592417595        1.3990997517893875     
  0.65279288048553286        1.3809787458596927     
  0.65904677322619953        1.3632574257586225     
  0.66513545250625561        1.3459247716169980     
  0.67106468271559172        1.3289702448868488     
  0.67683995065966440        1.3123836989696509     
  0.68246648422942902        1.2961553574372111     
  0.68794926936202716        1.2802757940976035     
  0.69329306548327441        1.2647359146932908     
  0.69850241958755954        1.2495269400828206     
  0.70358167913939795        1.2346403906740588     
  0.70853500390730051        1.2200680720170507     
  0.71336637685086546        1.2058020614163003     
  0.71807961416188415        1.1918346954595656     
  0.72267837454311612        1.1781585583756489     
  0.72716616780250276        1.1647664711395274     
  0.73154636282683572        1.1516514812593974     
  0.73582219499575341        1.1388068531801980     
  0.73999677308535039        1.1262260592544397     
  0.74407308570773412        1.1139027712310177     
  0.74805400732717531        1.1018308522198450     
  0.75194230388841055        1.0900043490955469     
  0.75574063808934544        1.0784174853065081     
  0.75945157432709676        1.0670646540590742     
  0.76307758334293629        1.0559404118502480     
  0.76662104658980501        1.0450394723239880     
  0.77008426034301791        1.0343567004297083     
  0.77346943957352909        1.0238871068622521     
  0.77677872160092931        1.0136258427653515     
  0.78001416954145708        1.0035681946828243     
  0.78317777556608259       0.99370957974061780     
  0.78627146398106129       0.98404554104719255     
  0.78929709414311378       0.97457174329901641     
  0.79225646322038623       0.96528396857882948     
  0.79515130880873730       0.95617811233690908     
  0.79798331141318790       0.94725017954401824     
  0.80075409680258358       0.93849628100758842     
  0.80346523824544125       0.92991262984232737     
  0.80611825863445330       0.92149553808667972     
  0.80871463250604247       0.91324141345829690     
  0.81125578796143172       0.90514675624101415     
  0.81374310849484432       0.89720815629714790     
  0.81617793473435030       0.88942229019859598     
  0.81856156610022235       0.88178591847131349     
  0.82089526238553234       0.87429588294754645     
  0.82318024526325295       0.86694910422095461     
  0.82541769972402446       0.85974257919949748     
  0.82760877544829237       0.85267337875185623     
  0.82975458811624780       0.84573864544327471     
  0.83185622065916165       0.83893559135624340     
  0.83391472445496106       0.83226149599276988     
  0.83593112047102658       0.82571370425448354     
  0.83790640035703368       0.81928962449699727     
  0.83984152749029672       0.81298672665548466     
  0.84173743797607015       0.80680254043838995     
  0.84359504160504584       0.80073465358636553     
  0.84541522277028125       0.79478071019349428     
  0.84719884134545576       0.78893840908842661     
  0.84894673352637595       0.78320550227287300     
  0.85065971263758422       0.77757979341494310     
  0.85234424571045375       0.77206928609313086     
  0.85398949535300017       0.76665152371198586     
  0.85560217849400433       0.76133454375428455     
  0.85718299774505757       0.75611646296206736     
  0.85872787235639925       0.75098578448893649     
  0.86024726565223653       0.74595985671840004     
  0.86173685991166049       0.74102708322084521     
  0.86320156696539418       0.73619452376417738     
  0.86462925725322082       0.73143371388826461     
  0.86603724786623104       0.72677810433762202     
  0.86741011010680114       0.72219150219540329     
  0.86876021418153360       0.71769781880906425     
  0.87008420993919577       0.71328688436835153     
  0.87138265914202273       0.70895709364159543     
  0.87265610959233497       0.70470687569733514     
  0.87390509532463878       0.70053469323255435     
  0.87513013752605262       0.69643904128468381     
  0.87633174428726768       0.69241844695646959     
  0.87751041148393627       0.68847146820436667     
  0.87866662291668840       0.68459669325431238     
  0.87980085070973701       0.68079273981792354     
  0.88091355565153673       0.67705825436879552     
  0.88307617732228727       0.66979241951274782     
  0.88616961212040612       0.65938240019406757     
  0.88813632269810816       0.65275398906148241     
  0.89530356398154398       0.62853712529498684     
  0.89772715162005334       0.62032864663658960     
  0.89926964370993678       0.61509986742867495     
  0.90001979035117952       0.61255583493765087     
  0.90075624286891942       0.61005754596861284     
  0.90147927279510276       0.60760415077714880     
  0.90218914578312370       0.60519481611674275     
  0.90288612175509808       0.60282872488441885     
  0.90424239449359034       0.59822308307409600     
  0.90490306678445220       0.59598498076527717     
  0.90555091308563418       0.59378393014451281     
  0.90618708302927420       0.59162225439499183     
  0.90681180390612104       0.58949924187338387     
  0.90742529925208215       0.58741417930802275     
  0.90802778789778082       0.58536636698220634     
  0.90861948408503102       0.58335511851808763     
  0.90920059758020133       0.58137976058724616     
  0.90977133377698005       0.57943963265332976     
  0.91033189379995194       0.57753408670813600     
  0.91088247460732308       0.57566248700863698     
  0.91142326908444204       0.57382420983807991     
  0.91195446614024822       0.57201864325685514     
  0.91247625079998917       0.57024518686339754     
  0.91298880429368789       0.56850325156369186     
  0.91349230414278793       0.56679225934603705     
  0.91447434779449221       0.56346634159773057     
  0.91495020213254930       0.56183934381018075     
  0.91541919244250414       0.56024653660438883     
  0.91587996291656104       0.55868196209025189     
  0.91633223568109246       0.55714350907936683     
  0.91677747260199838       0.55563538788871536     
  0.91721451576519442       0.55415239626870116     
  0.91764394966882712       0.55269560352104252     
  0.91806591876505417       0.55126453672028319     
  0.91848056491126917       0.54985872616115150     
  0.91928950066488746       0.54712490049047868     
  0.91968194159883310       0.54578827717205491     
  0.92006865944352845       0.54447895376141642     
  0.92044872184214732       0.54319267805485871     
  0.92082225515736815       0.54192901770222957     
  0.92118938269266204       0.54068756058568490     
  0.92155022532584319       0.53946790223616670     
  0.92190490155998173       0.53826964564927415     
  0.92225352757372603       0.53709240114254431     
  0.92259621726951035       0.53593578621958926     
  0.92293308232198756       0.53479942543117687     
  0.92326423222487419       0.53368295024196377     
  0.92358977433755152       0.53258599889638247     
  0.92390981392830418       0.53150821629428624     
  0.92422445421847399       0.53044925386392094     
  0.92453379642571953       0.52940876943595494     
  0.92483793980449258       0.52838642712640049     
  0.92513698168776615       0.52738189721438011     
  0.92543101752558710       0.52639485603024649     
  0.92572014092473953       0.52542498583814301     
  0.92600444368648027       0.52447197472590834     
  0.92628401584250197       0.52353551649846175     
  0.92655894569268593       0.52261531056607513     
  0.92682931983926575       0.52171106184311777     
  0.92709522322205973       0.52082248064284165     
  0.92735673915099903       0.51994928258069606     
  0.92761394934160912       0.51909118846751157     
  0.92786693394404407       0.51824792422270638     
  0.92811577157678737       0.51741922077267599     
  0.92836053935736984       0.51660481395805502     
  0.92860131293159232       0.51580444444506623     
  0.92883816650379247       0.51501785763386787     
  0.92907117286514362       0.51424480357216440     
  0.92930040342217646       0.51348503686861358     
  0.92952592822467461       0.51273831660664959     
  0.92996649671637133       0.51128420128597318     
  0.93018094870746115       0.51057409286832944     
  0.93039232487311330       0.50987723376017380     
  0.93060032600195064       0.50919228294211594     
  0.93080501464539989       0.50851902255408654     
  0.93100645207682353       0.50785724078066707     
  0.93140011209434170       0.50656816141232919     
  0.93159185254841614       0.50593870794266915     
  0.93178087514406815       0.50532079709721445     
  0.93196693591909463       0.50471336374266906     
  0.93215008961063828       0.50411621668596063     
  0.93233038985511529       0.50352916966612105     
  0.93250788928167372       0.50295203981159919     
  0.93268263953140995       0.50238464757597101     
  0.93285469127668930       0.50182681667679263     
  0.93302409423972366       0.50127837403671549     
  0.93319089721116566       0.50073914972360789     
  0.93335514806775832       0.50020897689472399     
  0.93351689379052372       0.49968769173775840     
  0.93367618048145751       0.49917513341782127     
  0.93383305338099676       0.49867114402086576     
  0.93398755688413326       0.49817556850210798     
  0.93413973455665167       0.49768825463346134     
  0.93428962915161173       0.49720905295012602     
  0.93443728262420422       0.49673781670277939     
  0.93458273614755905       0.49627440180594184     
  0.93472603012743360       0.49581866679061465     
  0.93486720421693692       0.49537047275625595     
  0.93500629733077578       0.49492968332392817     
  0.93514334765997831       0.49449616458897105     
  0.93527839268434887       0.49406978507961652     
  0.93541146918759277       0.49365041570784524     
  0.93554261326937849       0.49323792972955216     
  0.93567186035890260       0.49283220270030315     
  0.93579924522727986       0.49243311243429772     
  0.93604870464236933       0.49165464646249535     
  0.93617056458477876       0.49127447368011357     
  0.93629079074958943       0.49090067098997858     
  0.93652644314977118       0.49017161501385575     
  0.93664158537244357       0.48981550210543567     
  0.93675524931868215       0.48946536473594604     
  0.93686733633661290       0.48912085978388520     
  0.93708700861331340       0.48844853755814233     
  0.93719442167712586       0.48812012983473507     
  0.93730048420522638       0.48779715416419089     
  0.93740510877127936       0.48747932024362911     
  0.93750832166622866       0.48716653502828833     
  0.93761014867605674       0.48685870735249726     
  0.93771061511055209       0.48655574770428550     
  0.93780974581253485       0.48625756819427435     
  0.93790756516636575       0.48596408252699153     
  0.93800409710666655       0.48567520597122260     
  0.93809936512665892       0.48539085533226733     
  0.93819339228646992       0.48511094892350115     
  0.93828620122118656       0.48483540653942403     
  0.93837781414881893       0.48456414942844261     
  0.93846825287813485       0.48429710026649675     
  0.93855753881611936       0.48403418313172686     
  0.93864569297563916       0.48377532347828245     
  0.93873273598274498       0.48352044811176953     
  0.93881868808387026       0.48326948516454060     
  0.93890356915280959       0.48302236407207821     
  0.93898739869799719       0.48277901554804642     
  0.93907019586874763       0.48253937156312254     
  0.93915197946233286       0.48230336532079937     
  0.93923276793054000       0.48207093123493705     
  0.93931257938578294       0.48184200490892481     
  0.93939143160788152       0.48161652311246717     
  0.93946934204966082       0.48139442376242214     
  0.93954632784354219       0.48117564590008116     
  0.93962240580718404       0.48096012967196056     
  0.93977196475063107       0.48053869912341729     
  0.93998989933634414       0.47992957430246141     
  0.94006069378170520       0.47973229761794822     
  0.94013088155316304       0.47953803707682008     
  0.94020026642041699       0.47934658535228442     
  0.94026888158643962       0.47915790310194023     
  0.94033674102212850       0.47897194048812120     
  0.94040385844545560       0.47878864856614844     
  0.94053597024044766       0.47842991327114892     
  0.94060089206980424       0.47825432073473545     
  0.94066517367212032       0.47808123960854026     
  0.94072877816381495       0.47791059746217812     
  0.94079171783011806       0.47774235041384050     
  0.94085400472323333       0.47757645540077265     
  0.94091565067473915       0.47741287014037104     
  0.94097666729945395       0.47725155311656525     
  0.94103706599955983       0.47709246356572865     
  0.94109685796855802       0.47693556146273935     
  0.94115605419493886       0.47678080750826135     
  0.94121466546608556       0.47662816311511480     
  0.94127270237199456       0.47647759039535126     
  0.94133017530879626       0.47632905214798782     
  0.94138709448255609       0.47618251184566007     
  0.94144346991236783       0.47603793362389929     
  0.94149931143422128       0.47589528226761973     
  0.94155462870412876       0.47575452320015954     
  0.94160943120146601       0.47561562247161771     
  0.94166372823233990       0.47547854674711482     
  0.94171752893254423       0.47534326329636523     
  0.94177084227093022       0.47520973998199845     
  0.94182367705233561       0.47507794524916935     
  0.94187604192061536       0.47494784811500479     
  0.94192794536167890       0.47481941815802509     
  0.94197939570625855       0.47469262550826946     
  0.94203040113286596       0.47456744083713703     
  0.94213113990729136       0.47432178070285536     
  0.94218082745946663       0.47420124933086516     
  0.94223013205588424       0.47408221376884563     
  0.94227902050426438       0.47396464900120167     
  0.94232752992271718       0.47384852373148273     
  0.94237562806942077       0.47373381908737089     
  0.94242336084372169       0.47362050230118163     
  0.94251770795848411       0.47339794509364597     
  0.94256428194267894       0.47328866371459033     
  0.94261054360578556       0.47318066898805072     
  0.94265643610989880       0.47307395088304283     
  0.94270200133489535       0.47296847675075049     
  0.94274721900512792       0.47286423189786519     
  0.94279210403895253       0.47276119190184585     
  0.94283666241326936       0.47265933527336856     
  0.94288089999740798       0.47255864091117983     
  0.94292482255357934       0.47245908809656056     
  0.94296843573885403       0.47236065648615494     
  0.94301174510704844       0.47226332610551136     
  0.94305475611070777       0.47216707734189273     
  0.94309747410277334       0.47207189093849666     
  0.94313990433862460       0.47197774798717329     
  0.94318205197770633       0.47188462992265195     
  0.94322392208537653       0.47179251851607096     
  0.94326551963460425       0.47170139586891746     
  0.94330684950759047       0.47161124440725088     
  0.94334791649755134       0.47152204687550103     
  0.94338872531023066       0.47143378633095523     
  0.94342928056561515       0.47134644613782617     
  0.94346958679937831       0.47126000996201878     
  0.94350964846450325       0.47117446176543087     
  0.94354946993280819       0.47108978580055333     
  0.94358905549636340       0.47100596660539634     
  0.94362840936899173       0.47092298899818541     
  0.94366753568770712       0.47084083807226784     
  0.94370643851408276       0.47075949919124960     
  0.94378360781459525       0.47059919138903750     
  0.94382183941909359       0.47052021610526895     
  0.94385988750189753       0.47044198428438000     
  0.94393539784091951       0.47028772285499038     
  0.94397282647079950       0.47021168933626356     
  0.94401007897161315       0.47013635074575821     
  0.94404713562682285       0.47006170760260857     
  0.94415726483223239       0.46984176813757328     
  0.94419355643224556       0.46976979272769803     
  0.94426572406683174       0.46962767123034482     
  0.94433720468194060       0.46948800284642944     
  0.94437268551530362       0.46941906785616117     
  0.94440802283589875       0.46935070263400491     
  0.94444320400507320       0.46928290653336202     
  0.94447823178592005       0.46921566958433758     
  0.94451310888866813       0.46914898199924804     
  0.94454783797420383       0.46908283416771135     
  0.94458242165494744       0.46901721665357510     
  0.94461686249576038       0.46895212019168186     
  0.94465116301478746       0.46888753568480224     
  0.94468532568435926       0.46882345420050520     
  0.94471935293174669       0.46875986696838112     
  0.94475324714008413       0.46869676537678973     
  0.94478701064908432       0.46863414097027400     
  0.94482064575589209       0.46857198544654610     
  0.94485415471580825       0.46851029065388511     
  0.94488753974311346       0.46844904858815090     
  0.94492080301177384       0.46838825139034035     
  0.94495394665618770       0.46832789134385377     
  0.94498697277191301       0.46826796087191302     
  0.94501988341637377       0.46820845253505383     
  0.94505268060953607       0.46814935902866273     
  0.94508536633461970       0.46809067318047171     
  0.94511794253876713       0.46803238794815905     
  0.94518276981030358       0.46791699538557185     
  0.94521503297015297       0.46785986742326635     
  0.94524718986220890       0.46780311674960762     
  0.94531121635746196       0.46769070162153981     
  0.94534306565937998       0.46763504323818739     
  0.94537483167628122       0.46757972424700689     
  0.94540650417529648       0.46752474796560772     
  0.94543808477899183       0.46747010852755516     
  0.94550098798761206       0.46736180808572847     
  0.94553229098298064       0.46730815420306160     
  0.94556351963148988       0.46725480558019450     
  0.94559466405407955       0.46720176603079588     
  0.94562572570426828       0.46714903029790583     
  0.94565670600725349       0.46709659322082320     
  0.94568760636233951       0.46704444973229764     
  0.94571842814337537       0.46699259485692546     
  0.94574917269924463       0.46694102370942814     
  0.94577984135431992       0.46688973149299595     
  0.94581043540889043       0.46683871349778461     
  0.94584095613960895       0.46678796509927872     
  0.94587140479994092       0.46673748175666790     
  0.94590178262056046       0.46668725901148522     
  0.94593209080978846       0.46663729248596719     
  0.94596233055398193       0.46658757788169641     
  0.94599250301794668       0.46653811097811621     
  0.94602260934532145       0.46648888763109736     
  0.94605265065897692       0.46643990377159550     
  0.94608262806137000       0.46639115540429965     
  0.94611254263493971       0.46634263860624464     
  0.94614239544246714       0.46629434952553384     
  0.94617218752742827       0.46624628437999471     
  0.94620191991434599       0.46619843945602635     
  0.94623159360913189       0.46615081110725731     
  0.94626120959943794       0.46610339575338711     
  0.94629076885497942       0.46605618987891695     
  0.94632027232786942       0.46600919003203256     
  0.94637912512744649       0.46591578640364534     
  0.94640845731263035       0.46586939307084729     
  0.94643774683655602       0.46582318404895307     
  0.94649618219696707       0.46573132352649199     
  0.94652531114722827       0.46568568277319611     
  0.94655440062670781       0.46564021415038759     
  0.94658344214965084       0.46559492317117657     
  0.94661243651039328       0.46554980695951981     
  0.94664138448731183       0.46550486269217373     
  0.94667028684464838       0.46546008759709301     
  0.94669914433279378       0.46541547895236668     
  0.94672795768851825       0.46537103408540081     
  0.94675672763524354       0.46532675037193505     
  0.94678545488324117       0.46528262523535202     
  0.94681414012995346       0.46523865614546844     
  0.94684278406012801       0.46519484061809485     
  0.94687138734611498       0.46515117621396895     
  0.94689995064807875       0.46510766053794150     
  0.94692847461422613       0.46506429123821619     
  0.94695695988100070       0.46502106600558790     
  0.94698540707330370       0.46497798257271461     
  0.94701381680473540       0.46493503871316455     
  0.94704218967774934       0.46489223224094134     
  0.94707052628390564       0.46484956100951957     
  0.94709882720404348       0.46480702291122672     
  0.94712709300847375       0.46476461587657492     
  0.94715532425718074       0.46472233787349926     
  0.94718352149999441       0.46468018690676571     
  0.94721168527680821       0.46463816101717037     
  0.94723981611773178       0.46459625828098566     
  0.94726791454327519       0.46455447680928963     
  0.94729598106451807       0.46451281474737627     
  0.94732401618330131       0.46447127027406399     
  0.94735202039238320       0.46442984160108003     
  0.94737999417557761       0.46438852697265293     
  0.94740793800797707       0.46434732466461187     
  0.94743585235607686       0.46430623298401247     
  0.94746373767790437       0.46426525026861259     
  0.94749159442322284       0.46422437488618484     
  0.94754723195708757       0.46414293192561473     
  0.94763048580274190       0.46402153243756283     
  0.94765815896493744       0.46398128883433792     
  0.94768582760663500       0.46394112149219174     
  0.94774109733405520       0.46386106358710799     
  0.94779626114957449       0.46378138365164973     
  0.94782379943882666       0.46374168687866602     
  0.94785132211220202       0.46370207102246619     
  0.94787882171408699       0.46366254251801298     
  0.94790629858797526       0.46362310012315733     
  0.94793375306983296       0.46358374261893398     
  0.94796118548954889       0.46354446880844391     
  0.94798859617106945       0.46350527751639126     
  0.94801598543250232       0.46346616758871245     
  0.94804335358620451       0.46342713789222911     
  0.94807070093891488       0.46338818731419973     
  0.94809802779182140       0.46334931476206220     
  0.94812533444072156       0.46331051916285104     
  0.94815262117603927       0.46327179946314007     
  0.94817988828299282       0.46323315462842374     
  0.94820713604165063       0.46319458364294319     
  0.94823436472704181       0.46315608550925547     
  0.94826157460923599       0.46311765924795656     
  0.94828876595345135       0.46307930389729923     
  0.94831593902012179       0.46304101851292823     
  0.94834309406499662       0.46300280216753331     
  0.94837023133922449       0.46296465395054504     
  0.94839735108944045       0.46292657296783163     
  0.94842445355783889       0.46288855834140796     
  0.94845153898225831       0.46285060920911641     
  0.94850566695621430       0.46277489662128934     
  0.94855972214359729       0.46269944350040138     
  0.94858671847284803       0.46266181685927965     
  0.94861370639524156       0.46262424343822628     
  0.94864067882181680       0.46258672989727212     
  0.94866763595957360       0.46254927549047997     
  0.94874843678154963       0.46243724045082407     
  0.94877531314374497       0.46240003748588543     
  0.94880219926268505       0.46236286531168513     
  0.94885593150597658       0.46228868322534733     
  0.94888276616376477       0.46225168395961735     
  0.94890959437412137       0.46221473036205529     
  0.94893640915945865       0.46217782914716377     
  0.94896321068965217       0.46214097970416190     
  0.94898999913033044       0.46210418143391385     
  0.94901677464413570       0.46206743374815529     
  0.94904353739082914       0.46203073606910322     
  0.94907028752728662       0.46199408782951867     
  0.94909702520762118       0.46195748847222379     
  0.94912375058316190       0.46192093745019591     
  0.94915046380255053       0.46188443422620579     
  0.94917716501179183       0.46184797827264101     
  0.94920385435424715       0.46181156907153453     
  0.94923053197075125       0.46177520611411760     
  0.94925719799963570       0.46173888890078341     
  0.94928385257674386       0.46170261694096582     
  0.94931049583550808       0.46166638975290475     
  0.94933712790699554       0.46163020686347506     
  0.94936374891992104       0.46159406780813311     
  0.94939035900073154       0.46155797213060668     
  0.94941695827361916       0.46152191938283904     
  0.94944354686056065       0.46148590912488152     
  0.94947012488137139       0.46144994092465441     
  0.94949669009311266       0.46141401701090518     
  0.94954979435932252       0.46134228711443337     
  0.94957633362639238       0.46130648032815508     
  0.94962938439388112       0.46123498453793921     
  0.94965588480153440       0.46119930644147922     
  0.94968238236049463       0.46116366005062137     
  0.94970887033924167       0.46112805216245734     
  0.94976182474350279       0.46105694331854730     
  0.94978827779327846       0.46102145593880328     
  0.94981472844153902       0.46098599851784405     
  0.94984116999319157       0.46095057786080784     
  0.94986760254109104       0.46091519363774408     
  0.94989402617528518       0.46087984552528238     
  0.94992044098422990       0.46084453320584862     
  0.94994684705483445       0.46080925636753123     
  0.94997324447247700       0.46077401470400481     
  0.94999963332102344       0.46073880791446065     
  0.95002601368287443       0.46070363570348316     
  0.95005238563898942       0.46066849778087288     
  0.95007874926891001       0.46063339386165403     
  0.95010510465075415       0.46059832366602665     
  0.95013145186131132       0.46056328691906961     
  0.95015779097599029       0.46052828335088625     
  0.95018412206890668       0.46049331269632710     
  0.95021044521286691       0.46045837469501794     
  0.95023676047940198       0.46042346909125376     
  0.95026306793881321       0.46038859563381662     
  0.95028936766013894       0.46035375407611079     
  0.95031565971125187       0.46031894417581865     
  0.95034194415881768       0.46028416569501890     
  0.95036822106835717       0.46024941839997352     
  0.95039449050423186       0.46021470206121740     
  0.95042075252969627       0.46018001645328616     
  0.95044700720692377       0.46014536135470685     
  0.95047325459697518       0.46011073654806900     
  0.95052573431457388       0.46004156993533785     
  0.95055195363792577       0.46000704176334772     
  0.95057817247029408       0.45997253602557886     
  0.95060438430422156       0.45993805954970690     
  0.95063058919585319       0.45990361213990461     
  0.95065678719924007       0.45986919360440015     
  0.95068297836751647       0.45983480375479291     
  0.95070916051729915       0.45980044498297745     
  0.95073534040705521       0.45976610937635864     
  0.95076151137924292       0.45973180448772377     
  0.95078767572023737       0.45969752756417515     
  0.95081383347833559       0.45966327843374666     
  0.95083998470142783       0.45962905692722600     
  0.95086612943656768       0.45959486287846713     
  0.95089226773001079       0.45956069612424189     
  0.95091839962721625       0.45952655650424468     
  0.95094452517288819       0.45949244386092747     
  0.95097064441094581       0.45945835803963164     
  0.95099675738458067       0.45942429888835290     
  0.95102286413622805       0.45939026625784707     
  0.95104896470762668       0.45935626000144086     
  0.95107505913978874       0.45932227997511738     
  0.95110114747304120       0.45928832603736658     
  0.95112722974702468       0.45925439804918866     
  0.95115330600071346       0.45922049587402491     
  0.95117937627243387       0.45918661937770677     
  0.95120544059984058       0.45915276842850938     
  0.95123149901997939       0.45911894289693933     
  0.95125755156926484       0.45908514265584388     
  0.95128359828349385       0.45905136758028314     
  0.95130963919788170       0.45901761754750181     
  0.95133567434703459       0.45898389243693910     
  0.95136170376498963       0.45895019213013688     
  0.95138772748521150       0.45891651651073484     
  0.95141374554062319       0.45888286546436419     
  0.95143975796357516       0.45884923887872686     
  0.95146576478590583       0.45881563664343361     
  0.95149176386500234       0.45878206119255449     
  0.95151776175375102       0.45874850479197815     
  0.95156974300488861       0.45868146215313876     
  0.95159571596453119       0.45864798699412912     
  0.95162168982365858       0.45861452864891417     
  0.95164765828958586       0.45858109393439694     
  0.95167362139128675       0.45854768275416380     
  0.95172553789684755       0.45848092372276544     
  0.95175147878176125       0.45844758948638586     
  0.95180336365008666       0.45838096973666054     
  0.95182928885552276       0.45834770473402114     
  0.95185521515162819       0.45831445574679130     
  0.95188113628958504       0.45828122958550788     
  0.95190705229454231       0.45824802616776478     
  0.95193296319014897       0.45821484541318697     
  0.95195886899969939       0.45818168724270208     
  0.95198476974609614       0.45814855157869638     
  0.95201066545187241       0.45811543834489954     
  0.95203655613923088       0.45808234746623272     
  0.95206244182998467       0.45804927886908708     
  0.95208832254563303       0.45801623248097045     
  0.95211419830731148       0.45798320823074601     
  0.95214006913583726       0.45795020604844305     
  0.95216593505168623       0.45791722586532252     
  0.95219179607502280       0.45788426761382089     
  0.95221765222569654       0.45785133122751664     
  0.95224350352322606       0.45781841664118283     
  0.95226934998686275       0.45778552379059767     
  0.95229519163552490       0.45775265261276576     
  0.95232102848785272       0.45771980304569371     
  0.95234686056219386       0.45768697502847333     
  0.95237268787660789       0.45765416850124863     
  0.95239851044888968       0.45762138340512826     
  0.95242432829655710       0.45758861968227060     
  0.95245014143684525       0.45755587727583635     
  0.95247594988674700       0.45752315612988359     
  0.95252755891375140       0.45745777056564074     
  0.95255334725899987       0.45742511971075173     
  0.95260492847460954       0.45735986058728917     
  0.95263070090940460       0.45732727521481886     
  0.95265647907891271       0.45729469890152319     
  0.95268224849226213       0.45726214843917157     
  0.95270801754647438       0.45722961377163068     
  0.95273377997151931       0.45719710235689992     
  0.95275953787729895       0.45716461164656197     
  0.95278529127758893       0.45713214159528287     
  0.95281104018638174       0.45709969215814589     
  0.95283678461740995       0.45706726329117153     
  0.95286252458424558       0.45703485495100477     
  0.95288826010025174       0.45700246709501036     
  0.95291399117859621       0.45697009968131341     
  0.95293971783226794       0.45693775266867526     
  0.95296544007404860       0.45690542601661532     
  0.95299115791656241       0.45687311968524513     
  0.95301687137223157       0.45684083363539757     
  0.95304258045333057       0.45680856782847046     
  0.95306828517192188       0.45677632222662790     
  0.95309398553993885       0.45674409679251149     
  0.95311968156911075       0.45671189148951152     
  0.95314537327103166       0.45667970628150545     
  0.95317106065712620       0.45664754113301531     
  0.95319674373864360       0.45661539600918127     
  0.95322242252670120       0.45658327087565076     
  0.95324809703226843       0.45655116569859644     
  0.95327376726613888       0.45651908044484024     
  0.95329943323897781       0.45648701508169276     
  0.95332509496129336       0.45645496957702308     
  0.95335075244347123       0.45642294389913751     
  0.95337640569574311       0.45639093801695613     
  0.95340205472820516       0.45635895189983117     
  0.95342769955082929       0.45632698551763740     
  0.95345333812548183       0.45629504131960918     
  0.95350460681240956       0.45623120696387398     
  0.95353023693802064       0.45619931675206860     
  0.95355585881401816       0.45616745108540918     
  0.95358148062201320       0.45613560003024822     
  0.95360709624362316       0.45610377098860166     
  0.95368393410073726       0.45600838302069691     
  0.95370951747018928       0.45597664966950346     
  0.95373511250910459       0.45594491792232672     
  0.95376070345379849       0.45591320556076270     
  0.95378629031537232       0.45588151255922682     
  0.95381187310202775       0.45584983889407421     
  0.95383745182188717       0.45581818454192075     
  0.95386302648297683       0.45578654947975145     
  0.95388859709322016       0.45575493368494419     
  0.95391416163903753       0.45572333960153666     
  0.95393972619276413       0.45569175980834109     
  0.95396528469670416       0.45566020168338184     
  0.95399083918093930       0.45562866273840996     
  0.95401638965255875       0.45559714295268317     
  0.95404193611894939       0.45556564230553570     
  0.95406747858739782       0.45553416077666647     
  0.95409301706512506       0.45550269834601065     
  0.95411855155924907       0.45547125499388363     
  0.95414408207682977       0.45543983070082394     
  0.95416960862483047       0.45540842544769572     
  0.95419513121013488       0.45537703921569961     
  0.95422064983956523       0.45534567198622850     
  0.95424616451987021       0.45531432374093184     
  0.95427167525770018       0.45528299446186177     
  0.95429718205966096       0.45525168413121042     
  0.95432268493226458       0.45522039273151227     
  0.95434818388197451       0.45518912024548386     
  0.95437367891515967       0.45515786665618574     
  0.95439917003815211       0.45512663194680841     
  0.95442465725719283       0.45509541610090226     
  0.95445014057847166       0.45506421910215983     
  0.95452658261642331       0.45497072335596872     
  0.95457750471123237       0.45490850956018092     
  0.95462842097229050       0.45484635981266064     
  0.95467931408169515       0.45478429411229371     
  0.95473020732972946       0.45472228490758049     
  0.95475563857489132       0.45469131958436149     
  0.95478107176158422       0.45466036621917771     
  0.95480650112987142       0.45462943149673085     
  0.95483192668612105       0.45459851540330515     
  0.95485734843561598       0.45456761792594791     
  0.95488276638360148       0.45453673905181563     
  0.95490818053527260       0.45450587876828291     
  0.95493359089577301       0.45447503706287340     
  0.95495899747021074       0.45444421392328388     
  0.95498440026364118       0.45441340933737123     
  0.95500979928108320       0.45438262329313361     
  0.95503519452750274       0.45435185577877868     
  0.95506058600783394       0.45432110678260762     
  0.95508597372696180       0.45429037629310548     
  0.95511135768973610       0.45425966429890519     
  0.95513673790095655       0.45422897078878421     
  0.95516211436540266       0.45419829575163706     
  0.95518748708779366       0.45416763917655600     
  0.95521285607282402       0.45413700105271676     
  0.95523822132514258       0.45410638136947967     
  0.95526358284937540       0.45407578011626659     
  0.95528894065008607       0.45404519728274967     
  0.95531429473184304       0.45401463285856275     
  0.95533964509914593       0.45398408683361269     
  0.95536499175646783       0.45395355919788460     
  0.95539033470826196       0.45392304994143073     
  0.95541567202020983       0.45389256148299117     
  0.95544100951319610       0.45386208652732418     
  0.95551700902498526       0.45377076147673273     
  0.95556763760810992       0.45370999231182274     
  0.95559294544483697       0.45367963639638320     
  0.95561825524248167       0.45364929212689298     
  0.95564356137630391       0.45361896614445874     
  0.95569416828326093       0.45355836236110603     
  0.95571945784077494       0.45352809783071169     
  0.95574474936511222       0.45349784490816020     
  0.95577003724591347       0.45346761023018645     
  0.95579532148814850       0.45343739378809328     
  0.95582060209577413       0.45340719557375342     
  0.95584587907271512       0.45337701557913102     
  0.95587115242289045       0.45334685379624373     
  0.95589642215017101       0.45331671021725795     
  0.95592168825841017       0.45328658483440626     
  0.95594695075146041       0.45325647763995647     
  0.95597220963311835       0.45322638862633491     
  0.95599746490719073       0.45319631778595015     
  0.95602271657743665       0.45316626511138280     
  0.95604796464760478       0.45313623059525737     
  0.95607320912142679       0.45310621423023639     
  0.95609845000261107       0.45307621600909681     
  0.95612368729484443       0.45304623592467608     
  0.95614892100178950       0.45301627396989758     
  0.95617415112709669       0.45298633013773315     
  0.95619937767439744       0.45295640442122714     
  0.95622460064728887       0.45292649681354069     
  0.95624982004937742       0.45289660730780612     
  0.95627503588422946       0.45286673589728460     
  0.95630024815540426       0.45283688257529525     
  0.95632545686642711       0.45280704733523547     
  0.95635066202082653       0.45277723017053173     
  0.95642625429404693       0.45268788946831212     
  0.95645144714233554       0.45265814213599898     
  0.95647663456547638       0.45262841525195463     
  0.95652700429305981       0.45256900898890906     
  0.95655217563345918       0.45253934279866770     
  0.95670322593008694       0.45236160933855663     
  0.95672831487455046       0.45233213746554857     
  0.95675346359972135       0.45230260865559341     
  0.95677860881460353       0.45227309782353808     
  0.95680375053357281       0.45224360495823068     
  0.95682888875987315       0.45221413005407518     
  0.95685402349671089       0.45218467310565935     
  0.95687915474732343       0.45215523410740488     
  0.95690428251491166       0.45212581305389804     
  0.95692940680266925       0.45209640993974692     
  0.95695452761377231       0.45206702475961247     
  0.95697964495139065       0.45203765750818209     
  0.95700475881869029       0.45200830818014404     
  0.95702986921881039       0.45197897677031146     
  0.95705497615488855       0.45194966327348068     
  0.95708007963006025       0.45192036768445476     
  0.95710517964743524       0.45189108999813765     
  0.95713027621011904       0.45186183020943949     
  0.95715536932120437       0.45183258831331374     
  0.95718045898378068       0.45180336430473200     
  0.95720554520092649       0.45177415817871569     
  0.95723062797569591       0.45174496993034075     
  0.95725570731115528       0.45171579955466612     
  0.95728078321035392       0.45168664704680128     
  0.95730585567632087       0.45165751240192847     
  0.95733092471209580       0.45162839561518719     
  0.95735599032068885       0.45159929668183046     
  0.95740610943376581       0.45154115473875533     
  0.95743116478029111       0.45151210933615227     
  0.95745621854370566       0.45148307938725890     
  0.95748126706106318       0.45145406965015333     
  0.95750631216951798       0.45142507773817908     
  0.95753135387169674       0.45139610364687255     
  0.95755639217055311       0.45136714737170169     
  0.95760646389399062       0.45130928170558970     
  0.95763148667565900       0.45128038539820492     
  0.95765651139155561       0.45125150034202144     
  0.95770655596751753       0.45119377706627750     
  0.95773156521506475       0.45116495192015549     
  0.95778158949244907       0.45110733534432534     
  0.95780658861980972       0.45107856352333486     
  0.95783158967586679       0.45104980293164698     
  0.95785658736252377       0.45102106010383847     
  0.95788158168359672       0.45099233503515967     
  0.95790657264193302       0.45096362772144682     
  0.95793156024038373       0.45093493815847163     
  0.95795654448179912       0.45090626634204195     
  0.95798152536900794       0.45087761226802281     
  0.95800650290483869       0.45084897593228679     
  0.95803147709213099       0.45082035733065828     
  0.95805644793369182       0.45079175645908487     
  0.95808141543234260       0.45076317331346372     
  0.95810637959088596       0.45073460788975894     
  0.95813134041213155       0.45070606018388426     
  0.95815629789886525       0.45067753019187146     
  0.95818125205388727       0.45064901790968759     
  0.95820620287998759       0.45062052333331631     
  0.95823115037994089       0.45059204645881518     
  0.95825609455652516       0.45056358728222623     
  0.95828103541250564       0.45053514579963905     
  0.95830597295066611       0.45050672200705433     
  0.95833090717374780       0.45047831590066123     
  0.95835583808452152       0.45044992747649681     
  0.95838076568572650       0.45042155673074158     
  0.95840568819647043       0.45039320601951427     
  0.95843061097078186       0.45036486825875571     
  0.95845552687825197       0.45033655288427393     
  0.95848044305014890       0.45030825045443656     
  0.95850535236565548       0.45027997040114626     
  0.95853026194602498       0.45025170328709863     
  0.95858007286133395       0.45019522022788605     
  0.95860496561713682       0.45016701491512129     
  0.95862986027399621       0.45013882074303646     
  0.95865475165032732       0.45011064420819608     
  0.95867963974977310       0.45008248530638473     
  0.95870452457501765       0.45005434403396893     
  0.95872940612875912       0.45002622038723217     
  0.95875428441368682       0.44999811436251103     
  0.95877915943247105       0.44997002595620406     
  0.95880403118780655       0.44994195516461599     
  0.95882889968236162       0.44991390198414549     
  0.95885376491881091       0.44988586641117523     
  0.95887862689982017       0.44985784844210852     
  0.95890348562805239       0.44982984807336723     
  0.95892834110617864       0.44980186530132293     
  0.95895319333685503       0.44977390012242568     
  0.95897804232272055       0.44974595253317240     
  0.95900288806644507       0.44971802252993731     
  0.95902773057066815       0.44969011010921711     
  0.95905256983804188       0.44966221526746386     
  0.95907740587119250       0.44963433800121422     
  0.95910223867276501       0.44960647830692224     
  0.95912706824540128       0.44957863618107785     
  0.95915189459172645       0.44955081162022220     
  0.95917671771436297       0.44952300462089523     
  0.95920153761594695       0.44949521517958663     
  0.95922635429909009       0.44946744329287719     
  0.95925116602503846       0.44943969129915495     
  0.95927597802087672       0.44941195216923663     
  0.95930078506409677       0.44938423292576857     
  0.95935039460023486       0.44932884059514466     
  0.95944958520583157       0.44921825396611287     
  0.95947434468684667       0.44919068917588889     
  0.95949912614393995       0.44916311016177768     
  0.95952390440932445       0.44913554866365490     
  0.95954867949009448       0.44910800467599510     
  0.95957344966343616       0.44908048053044369     
  0.95959822010846230       0.44905296921849142     
  0.95962298565057036       0.44902547774231383     
  0.95964774801870367       0.44899800376313065     
  0.95967250721511477       0.44897054727778218     
  0.95969726324237881       0.44894310828295980     
  0.95972201610305774       0.44891568677537574     
  0.95974676579971463       0.44888828275177173     
  0.95977151233492342       0.44886089620881275     
  0.95979625571123917       0.44883352714325497     
  0.95982099593120840       0.44880617555187741     
  0.95984573299740916       0.44877884143133961     
  0.95987046691237943       0.44875152477844588     
  0.95989519767867548       0.44872422558994696     
  0.95991992529884407       0.44869694386259174     
  0.95994464977543936       0.44866967959314175     
  0.95996937111100034       0.44864243277838028     
  0.95999408930806795       0.44861520341509936     
  0.96001880436918274       0.44858799150008616     
  0.96004351629688800       0.44856079703011675     
  0.96006822509371581       0.44853362000199692     
  0.96009293076220548       0.44850646041251763     
  0.96011763330488076       0.44847931825853216     
  0.96014233272427962       0.44845219353680799     
  0.96016702902292350       0.44842508624420707     
  0.96019172220334226       0.44839799637753669     
  0.96024110416310282       0.44834386248790531     
  0.96026578305956656       0.44831683130196026     
  0.96029046379320049       0.44828981110697730     
  0.96031513973140570       0.44826281064195644     
  0.96033981594461248       0.44823582294512421     
  0.96036448736768720       0.44820885497182339     
  0.96038915569299166       0.44818190439912020     
  0.96041382092271133       0.44815497122407200     
  0.96046314701757896       0.44810115064304368     
  0.96051245583940303       0.44804740602938414     
  0.96056175233064667       0.44799373094355061     
  0.96058639106392318       0.44796692587168585     
  0.96061102994551595       0.44794013407865346     
  0.96063566910236642       0.44791335502926066     
  0.96066030351352105       0.44788659566009603     
  0.96068493485689599       0.44785985365432779     
  0.96070956313464451       0.44783312900913930     
  0.96073418834925983       0.44780642172142404     
  0.96075881050322420       0.44777973178813663     
  0.96078342959902396       0.44775305920622743     
  0.96080804563913180       0.44772640397264496     
  0.96083265862603273       0.44769976608435080     
  0.96085726856220988       0.44767314553827109     
  0.96088187545012160       0.44764654233144308     
  0.96090647929226058       0.44761995646075636     
  0.96093108009108674       0.44759338792325132     
  0.96095567784907143       0.44756683671588726     
  0.96098027256869512       0.44754030283560475     
  0.96100486425241782       0.44751378627942850     
  0.96102945290270514       0.44748728704434149     
  0.96105403852201965       0.44746080512735603     
  0.96107862111283227       0.44743434052542658     
  0.96110320067760069       0.44740789323558672     
  0.96112777721878306       0.44738146325483286     
  0.96115234909062575       0.44735505288225752     
  0.96117692124054566       0.44732865520847448     
  0.96120148707953135       0.44730227943838141     
  0.96122605319714383       0.44727591636278163     
  0.96125061301343939       0.44724957518300024     
  0.96127517146588604       0.44722324899359656     
  0.96129972691196308       0.44719694009233307     
  0.96132428099428757       0.44717064617769686     
  0.96134883043337271       0.44714437184474576     
  0.96137337523614752       0.44711811708856725     
  0.96139791868104629       0.44709187731070832     
  0.96142246076727855       0.44706565250955882     
  0.96144699822477753       0.44703944727628453     
  0.96147153269329511       0.44701325931041469     
  0.96149606417495503       0.44698708860916120     
  0.96152059267220058       0.44696093516957514     
  0.96154511818746691       0.44693479898872912     
  0.96156964072318907       0.44690868006368245     
  0.96159416028179090       0.44688257839155610     
  0.96161867686572222       0.44685649396934535     
  0.96164319047739821       0.44683042679419877     
  0.96166770111925592       0.44680437686316599     
  0.96169220879371886       0.44677834417336093     
