           1   5.7350151811055436      -0.24697915013152105     
           2   5.8134483641761019      -0.25013927368668387     
           3   5.8903417932963968      -0.25323471422945065     
           4   5.9657326362391094      -0.25626714218616797     
           5   6.0396556643186150      -0.25923816322763038     
           6   6.1121444008304842      -0.26214931871990554     
           7   6.1832312077225300      -0.26500208991334517     
           8   6.2529473629615113      -0.26779790170552786     
           9   6.3213231295650720      -0.27053812603416372     
          10   6.3883878171655271      -0.27322408494912054     
          11   6.4541698375545016      -0.27585705341192046     
          12   6.5186967546846057      -0.27843826185398601     
          13   6.5819953299405238      -0.28096889852235130     
          14   6.6440915632815001      -0.28345011164160105     
          15   6.7050107307255358      -0.28588301141065386     
          16   6.7647774186484595      -0.28826867185361493     
          17   6.8234155552294036      -0.29060813254014306     
          18   6.8809484394174936      -0.29290240018890046     
          19   6.9373987676570676      -0.29515245016569036     
          20   6.9927886586299808      -0.29735922788628066     
          21   7.0471396762340355      -0.29952365013290283     
          22   7.1004728509683321      -0.30164660629197115     
          23   7.1528086998925522      -0.30372895951996171     
          24   7.2041672453026750      -0.30577154784309268     
          25   7.2545680322394297      -0.30777518519652336     
          26   7.3040301449502056      -0.30974066240731712     
          27   7.3525722223875611      -0.31166874812556067     
          28   7.4002124728415763      -0.31356018970733412     
          29   7.4469686877764687      -0.31541571405282465     
          30   7.4928582549302920      -0.31723602840257836     
          31   7.5378981707560655      -0.31902182109470623     
          32   7.5821050522412943      -0.32077376228540988     
          33   7.6254951481593141      -0.32249250463506129     
          34   7.6680843498014557      -0.32417868396194915     
          35   7.7098882012139249      -0.32583291986560337     
          36   7.7509219089924386      -0.32745581632119158     
          37   7.7912003516514501      -0.32904796224690980     
          38   7.8307380886001159      -0.33060993204558820     
          39   7.8695493687580260      -0.33214228612190766     
          40   7.9076481388225632      -0.33364557137662931     
          41   7.9450480512190405      -0.33512032167883277     
          42   7.9817624717450064      -0.33656705831742073     
          43   8.0178044869341623      -0.33798629043281281     
          44   8.0531869111499752      -0.33937851542984898     
          45   8.0879222934271677      -0.34074421937280785     
          46   8.1220229240729296      -0.34208387736338342     
          47   8.1555008410436347      -0.34339795390244188     
          48   8.1883678361060319      -0.34468690323630025     
          49   8.2206354607918062      -0.34595116968828954     
          50   8.2523150321620449      -0.34719118797625548     
          51   8.2834176383853979      -0.34840738351661926     
          52   8.3139541441388083      -0.34960017271572408     
          53   8.3439351958428976      -0.35076996324888920     
          54   8.3733712267355962      -0.35191715432789117     
          55   8.4022724617925544      -0.35304213695727960     
          56   8.4306489225000831      -0.35414529418012552     
          57   8.4585104314896533      -0.35522700131358587     
          58   8.4858666170362689      -0.35628762617486132     
          59   8.5127269174268605      -0.35732752929786038     
          60   8.5391005852058743      -0.35834706414110151     
          61   8.5651030860945969      -0.35934359270338501     
          62   8.5905259504769749      -0.36032354551603696     
          63   8.6154895664303055      -0.36128413009856430     
          64   8.6400019418416711      -0.36222568974020142     
          65   8.6639807824564219      -0.36315111440035608     
          66   8.6876190622357061      -0.36405549012081106     
          67   8.7108306091108414      -0.36494178944633671     
          68   8.7337045142688723      -0.36580800000958025     
          69   8.7560049758869649      -0.36666136699065444     
          70   8.7780584030795179      -0.36749308118688884     
          71   8.7995653216123930      -0.36831220860808678     
          72   8.8207587945476718      -0.36911256826357164     
          73   8.8415707482846706      -0.36989659153887455     
          74   8.8620082213622986      -0.37066455057499237     
          75   8.8820781196615641      -0.37141671269435328     
          76   8.9017872115775045      -0.37215334069383310     
          77   8.9211421473899577      -0.37287469255094585     
          78   8.9401494408274438      -0.37358102203501620     
          79   8.9588154881109379      -0.37427257840780026     
          80   8.9771465630132354      -0.37494960670008659     
          81   8.9951488208083088      -0.37561234776787700     
          82   9.0128283006713694      -0.37626103838158009     
          83   9.0472423782027445      -0.37751721348976996     
          84   9.0965875660045779      -0.37930174623209112     
          85   9.1280308456666575      -0.38042752922618561     
          86   9.2430643696972599      -0.38445477507788262     
          87   9.2821116163141841      -0.38578238261102449     
          88   9.3069995802930610      -0.38661601991310146     
          89   9.3191129394443486      -0.38701791829437671     
          90   9.3310112331187085      -0.38741009014769379     
          91   9.3426983812154276      -0.38779269739233957     
          92   9.3541782313964728      -0.38816589934523194     
          93   9.3654545604617159      -0.38852985276414298     
          94   9.3874114147039052      -0.38923062853259527     
          95   9.3981174696635961      -0.38956723746507027     
          96   9.4086154925948637      -0.38989573342753037     
          97   9.4189279091585103      -0.39021572621597667     
          98   9.4290580709752572      -0.39052735897117952     
          99   9.4390092943773301      -0.39083077168789337     
         100   9.4487848348246803      -0.39112610211787224     
         101   9.4583878880112273      -0.39141348579945756     
         102   9.4678215911988133      -0.39169305609791305     
         103   9.4770890241856520      -0.39196494423401873     
         104   9.4861932103327717      -0.39222927932267027     
         105   9.4951371178220576      -0.39248618840232297     
         106   9.5039236604618544      -0.39273579646850987     
         107   9.5125556987961080      -0.39297822650700809     
         108   9.5210360411215884      -0.39321359952265489     
         109   9.5293674444396412      -0.39344203457132032     
         110   9.5375526153398802      -0.39366364879069948     
         111   9.5535270626634201      -0.39408601225401529     
         112   9.5612570370598391      -0.39428871062281790     
         113   9.5688833972923621      -0.39448417459381435     
         114   9.5763763076965152      -0.39467337660534962     
         115   9.5837288517957564      -0.39485666504972894     
         116   9.5909715188850022      -0.39503341482811560     
         117   9.5980785197883716      -0.39520445887515177     
         118   9.6050615381322508      -0.39536965443982108     
         119   9.6119228179391385      -0.39552910127964847     
         120   9.6186645698515427      -0.39568289727263384     
         121   9.6318210916809264      -0.39597333896179077     
         122   9.6381941505414748      -0.39611133572557655     
         123   9.6444791178012910      -0.39624347506971347     
         124   9.6506550063575087      -0.39637043006736494     
         125   9.6567238108718012      -0.39649228885789256     
         126   9.6626874752653382      -0.39660913866187464     
         127   9.6685479080226457      -0.39672106526985651     
         128   9.6743069829724213      -0.39682815306298203     
         129   9.6799665398799242      -0.39693048503572648     
         130   9.6855283850419127      -0.39702814281606091     
         131   9.6909942919036904      -0.39712120668767259     
         132   9.6963660016573332      -0.39720975561105920     
         133   9.7016452239017958      -0.39729386724112814     
         134   9.7068336371058273      -0.39737361795175108     
         135   9.7119328892290451      -0.39744908285162595     
         136   9.7169445983154041      -0.39752033580620694     
         137   9.7218703529758770      -0.39758744945544588     
         138   9.7267117129809364      -0.39765049523463780     
         139   9.7314702097299470      -0.39770954339098896     
         140   9.7361473468197950      -0.39776466300391800     
         141   9.7407446005336755      -0.39781592200231053     
         142   9.7452634202994997      -0.39786338718312741     
         143   9.7497052292555111      -0.39790712422784047     
         144   9.7540714246637119      -0.39794719772130449     
         145   9.7583633784353783      -0.39798367116778177     
         146   9.7625824374877350      -0.39801660700994379     
         147   9.7667299243980157      -0.39804606664154285     
         148   9.7708071375989807      -0.39807211042919732     
         149   9.7748153519851328      -0.39809479772468848     
         150   9.7787558193224662      -0.39811418688174172     
         151   9.7826297686099544      -0.39813033527276875     
         152   9.7864384065422048      -0.39814329930426418     
         153   9.7901829178896076      -0.39815313443102252     
         154   9.7938644659029599      -0.39815989517240258     
         155   9.7974841927333376      -0.39816363512682162     
         156   9.8045509739788965      -0.39816210238607841     
         157   9.8079835561889883      -0.39815725284501013     
         158   9.8113670125687875      -0.39814942762889238     
         159   9.8146940524414390      -0.39813883640913783     
         160   9.8179657012778563      -0.39812552746077667     
         161   9.8211829636814816      -0.39810954833614165     
         162   9.8274652118047570      -0.39806964106419596     
         163   9.8305182051063511      -0.39804605342766486     
         164   9.8335276095902149      -0.39801985304679377     
         165   9.8364873819233178      -0.39799120843951030     
         166   9.8393984237453989      -0.39796016242073851     
         167   9.8422616187022385      -0.39792675714528869     
         168   9.8450778343850427      -0.39789103404573112     
         169   9.8478479226342586      -0.39785303384507031     
         170   9.8505727198207076      -0.39781279656805779     
         171   9.8532530471145563      -0.39777036155225343     
         172   9.8558897107832681      -0.39772576745973698     
         173   9.8584835024243933      -0.39767905228803091     
         174   9.8610351992803746      -0.39763025338113067     
         175   9.8635455644613490      -0.39757940743978004     
         176   9.8660153472305367      -0.39752655053261510     
         177   9.8684452832240535      -0.39747171810661985     
         178   9.8708360947082330      -0.39741494499692376     
         179   9.8731884908498433      -0.39735626543731328     
         180   9.8755031679090877      -0.39729571307023459     
         181   9.8777808095136965      -0.39723332095622155     
         182   9.8800220868626720      -0.39716912158373052     
         183   9.8822276589572091      -0.39710314687871229     
         184   9.8843981728203492      -0.39703542821459159     
         185   9.8865342637493967      -0.39696599641968788     
         186   9.8886365554430302      -0.39689488178887089     
         187   9.8907056603170407      -0.39682211408984536     
         188   9.8927421796292734      -0.39674772257438207     
         189   9.8947467037255574      -0.39667173598461503     
         190   9.8967198122057294      -0.39659418256383372     
         191   9.9005774801545705      -0.39643444303627184     
         192   9.9024562826987470      -0.39635239644294185     
         193   9.9043082121381403      -0.39626886191122423     
         194   9.9079330384910786      -0.39609744222092136     
         195   9.9096984566506556      -0.39600970860575924     
         196   9.9114398819188949      -0.39592057998154395     
         197   9.9131546557905779      -0.39583011757886499     
         198   9.9165090054306280      -0.39564525467625078     
         199   9.9181438524789218      -0.39555096237692577     
         200   9.9197567608575525      -0.39545539749976300     
         201   9.9213453441107902      -0.39535861318812771     
         202   9.9229100428230073      -0.39526063110692267     
         203   9.9244512891692818      -0.39516147255723411     
         204   9.9259695074593477      -0.39506115846607148     
         205   9.9274651142929553      -0.39495970939287606     
         206   9.9289385186874508      -0.39485714553588558     
         207   9.9303901222274256      -0.39475348673873434     
         208   9.9318203191885690      -0.39464875249553000     
         209   9.9332294966809123      -0.39454296195776717     
         210   9.9346180347694144      -0.39443613393981547     
         211   9.9359863066114382      -0.39432828692461008     
         212   9.9373346785772814      -0.39421943906971268     
         213   9.9386635103669843      -0.39410960821238561     
         214   9.9399731551403718      -0.39399881187598673     
         215   9.9412639596351351      -0.39388706727417855     
         216   9.9425362642804114      -0.39377439131731329     
         217   9.9437904033067532      -0.39366080061709052     
         218   9.9450267048820677      -0.39354631149189157     
         219   9.9462454911846390      -0.39343093997197798     
         220   9.9474470785331430      -0.39331470180432682     
         221   9.9486317775066535      -0.39319761245725005     
         222   9.9497998930094482      -0.39307968712614993     
         223   9.9509517244273731      -0.39296094073687815     
         224   9.9520875656711034      -0.39284138795165369     
         225   9.9532077053222050      -0.39272104317309431     
         226   9.9543124267059149      -0.39259992054857129     
         227   9.9564783213632584      -0.39235538631465960     
         228   9.9596183861189154      -0.39198309180276425     
         229   9.9606316920583797      -0.39185761485593140     
         230   9.9616365045870054      -0.39173141933904621     
         231   9.9626274799368257      -0.39160455408486872     
         232   9.9636053658909507      -0.39147702754160463     
         233   9.9645703981620297      -0.39134885154005605     
         234   9.9655228082346738      -0.39122003769936864     
         235   9.9673919964789839      -0.39096053458449465     
         236   9.9683065572916902      -0.39082988225989279     
         237   9.9692107105623009      -0.39069862917155973     
         238   9.9701033372275472      -0.39056679331715305     
         239   9.9709846448040924      -0.39043438512536621     
         240   9.9718548368442512      -0.39030141484354797     
         241   9.9727141132034998      -0.39016789253650153     
         242   9.9735626700926208      -0.39003382809002751     
         243   9.9744007001508876      -0.38989923121368175     
         244   9.9752283925168967      -0.38976411144399403     
         245   9.9760459328767936      -0.38962847814765134     
         246   9.9768535035403421      -0.38949234052431869     
         247   9.9776512834970603      -0.38935570760978422     
         248   9.9784394484749352      -0.38921858827851974     
         249   9.9792181710138923      -0.38908099124671125     
         250   9.9799876204927020      -0.38894292507530714     
         251   9.9807479632190290      -0.38880439817230528     
         252   9.9814993624708670      -0.38866541879566796     
         253   9.9822419785493182      -0.38852599505591279     
         254   9.9829759688415205      -0.38838613491886509     
         255   9.9837014878608521      -0.38824584620810221     
         256   9.9844186873132621      -0.38810513660732049     
         257   9.9851277161397629      -0.38796401366312505     
         258   9.9858287205675573      -0.38782248478726267     
         259   9.9865218441646117      -0.38768055725889816     
         260   9.9872072278808410      -0.38753823822725586     
         261   9.9878850100983971      -0.38739553471363841     
         262   9.9892191940178936      -0.38710899885681993     
         263   9.9898740939604060      -0.38696518562688720     
         264   9.9905228044211114      -0.38682101191963714     
         265   9.9911642769342635      -0.38667648835371526     
         266   9.9917995096490557      -0.38653161716619522     
         267   9.9924274658647185      -0.38638640990730089     
         268   9.9930494091388304      -0.38624086740043939     
         269   9.9942742478760671      -0.38594880862354231     
         270   9.9948757891862048      -0.38580230824389972     
         271   9.9954725450637874      -0.38565549386639564     
         272   9.9960627496734258      -0.38550837799366366     
         273   9.9966475742797787      -0.38536096140141751     
         274   9.9972263304067432      -0.38521325291991371     
         275   9.9977993857445249      -0.38506525664913305     
         276   9.9983668414982745      -0.38491697775440947     
         277   9.9989287970669185      -0.38476842130814504     
         278   9.9994853500375918      -0.38461959229174525     
         279   10.000036596222326      -0.38447049559735458     
         280   10.000582629684420      -0.38432113602939744     
         281   10.001123542780686      -0.38417151830602236     
         282   10.001659426174431      -0.38402164706100361     
         283   10.002190368885771      -0.38387152684483006     
         284   10.002716458309596      -0.38372116212647267     
         285   10.003237780250316      -0.38357055729463774     
         286   10.003754418950010      -0.38341971665932117     
         287   10.004266457112136      -0.38326864445329623     
         288   10.004773975937736      -0.38311734483319793     
         289   10.005277055144603      -0.38296582188125594     
         290   10.005775773003673      -0.38281407960625202     
         291   10.006270206353804      -0.38266212194516758     
         292   10.006760430637302      -0.38250995276421929     
         293   10.007246519922997      -0.38235757586022245     
         294   10.007728546927957      -0.38220499496187887     
         295   10.008206583045645      -0.38205221373086928     
         296   10.008680698369295      -0.38189923576317231     
         297   10.009150961714116      -0.38174606459010807     
         298   10.010080780778789      -0.38143915556926000     
         299   10.010539110847391      -0.38128542698762580     
         300   10.010994631439148      -0.38113151704770321     
         301   10.011895907709558      -0.38082316937001259     
         302   10.012340472548747      -0.38066874022897679     
         303   10.012782251751016      -0.38051414316451204     
         304   10.013220555914332      -0.38035938269213432     
         305   10.014518485527567      -0.37989414136745214     
         306   10.014942980851769      -0.37973875379990218     
         307   10.015786339368733      -0.37942752835605820     
         308   10.016617542800072      -0.37911572509629909     
         309   10.017028403020010      -0.37895961357041408     
         310   10.017437015030193      -0.37880336450043561     
         311   10.017842916067028      -0.37864698092911908     
         312   10.018246152973388      -0.37849046526878016     
         313   10.018646771670342      -0.37833381988892523     
         314   10.019044817244392      -0.37817704711643074     
         315   10.019440333959254      -0.37802014923634353     
         316   10.019833365273634      -0.37786312849254422     
         317   10.020223953852224      -0.37770598708868697     
         318   10.020612141586646      -0.37754872718860710     
         319   10.020997969600465      -0.37739135091735143     
         320   10.021381478272998      -0.37723386036165873     
         321   10.021762707244482      -0.37707625757078755     
         322   10.022141695435543      -0.37691854455706508     
         323   10.022518481054902      -0.37676072329664034     
         324   10.022893101618717      -0.37660279573012634     
         325   10.023265593957724      -0.37644476376319691     
         326   10.023635994232363      -0.37628662926722356     
         327   10.024004337945030      -0.37612839407990784     
         328   10.024370659950854      -0.37597006000587285     
         329   10.024734994469837      -0.37581162881731078     
         330   10.025097375098762      -0.37565310225449533     
         331   10.025457834823454      -0.37549448202635194     
         332   10.026172970182099      -0.37517696787089783     
         333   10.026528009503231      -0.37501807598124248     
         334   10.026881103593350      -0.37485909757445768     
         335   10.027582449038924      -0.37454088524110496     
         336   10.027929914866851      -0.37438165503024923     
         337   10.028276125048595      -0.37422234342399285     
         338   10.028620685381282      -0.37406295221349684     
         339   10.028963623365875      -0.37390348282352548     
         340   10.029645148561027      -0.37358431476122433     
         341   10.029982970215885      -0.37342461944589012     
         342   10.030319683478305      -0.37326485108243723     
         343   10.030654904262931      -0.37310501128958684     
         344   10.030988657204217      -0.37294510134494185     
         345   10.031320966436343      -0.37278512250345752     
         346   10.031651855655662      -0.37262507599744499     
         347   10.031981348126081      -0.37246496303705090     
         348   10.032309466688231      -0.37230478481062868     
         349   10.032636233767729      -0.37214454248515150     
         350   10.032961671381480      -0.37198423720651252     
         351   10.033285801144439      -0.37182387010008178     
         352   10.033608644280010      -0.37166344227092551     
         353   10.033930221624274      -0.37150295480416684     
         354   10.034250553634433      -0.37134240876544222     
         355   10.034569660395496      -0.37118180520118749     
         356   10.034887561626181      -0.37102114513900109     
         357   10.035204276687780      -0.37086042958797183     
         358   10.035519824588112      -0.37069965953901551     
         359   10.035834223989379      -0.37053883596521864     
         360   10.036147493214314      -0.37037795982214572     
         361   10.036459650251668      -0.37021703204815193     
         362   10.036770712764545      -0.37005605356469573     
         363   10.037080698093062      -0.36989502527665952     
         364   10.037389623262534      -0.36973394807261872     
         365   10.037697504987992      -0.36957282282515092     
         366   10.038004359681432      -0.36941165039112089     
         367   10.038310203455847      -0.36925043161198445     
         368   10.038919283815313      -0.36892785803172146     
         369   10.039221825980906      -0.36876650539294964     
         370   10.039523781468466      -0.36860510934867818     
         371   10.040125260701632      -0.36828219065835377     
         372   10.040424097346575      -0.36812067006274685     
         373   10.040722399800606      -0.36795910905263529     
         374   10.041019823740177      -0.36779750862062155     
         375   10.041316382619316      -0.36763586946815430     
         376   10.041612089606641      -0.36747419228425482     
         377   10.041906957629394      -0.36731247774554188     
         378   10.042200999380610      -0.36715072651649727     
         379   10.042494227322489      -0.36698893924957332     
         380   10.042786653692003      -0.36682711658548683     
         381   10.043078290499937      -0.36666525915351311     
         382   10.043369149544699      -0.36650336757144952     
         383   10.043659242405109      -0.36634144244609868     
         384   10.043948580451149      -0.36617948437329950     
         385   10.044237174846806      -0.36601749393817151     
         386   10.044525036554088      -0.36585547171524269     
         387   10.044812176334192      -0.36569341826881985     
         388   10.045098604752265      -0.36553133415296024     
         389   10.045384332184424      -0.36536921991178151     
         390   10.045669368814989      -0.36520707607961533     
         391   10.045953724645074      -0.36504490318117266     
         392   10.046237409495053      -0.36488270173169646     
         393   10.046520433005071      -0.36472047223720505     
         394   10.046802804641528      -0.36455821519459075     
         395   10.047084533696975      -0.36439593109182145     
         396   10.047365629298158      -0.36423362040802232     
         397   10.047646100404506      -0.36407128361378049     
         398   10.047925955813195      -0.36390892117115481     
         399   10.048205204161169      -0.36374653353395292     
         400   10.048483853928921      -0.36358412114777039     
         401   10.048761913444418      -0.36342168445017720     
         402   10.049039390881076      -0.36325922387093801     
         403   10.049316294267285      -0.36309673983204327     
         404   10.049592631485593      -0.36293423274785486     
         405   10.049868410273275      -0.36277170302537787     
         406   10.050143638229088      -0.36260915106420288     
         407   10.050692797830756      -0.36228398167111653     
         408   10.051512632546611      -0.36179607079705622     
         409   10.051783846853645      -0.36163339377534243     
         410   10.052055420576686      -0.36147069674518839     
         411   10.052597412259020      -0.36114524482627797     
         412   10.053137152168928      -0.36081971875919816     
         413   10.053405993794973      -0.36065692894796442     
         414   10.053674693019509      -0.36049412115068513     
         415   10.053942934363345      -0.36033129601106406     
         416   10.054210723641432      -0.36016845383337426     
         417   10.054478066524302      -0.36000559491659256     
         418   10.054744968580007      -0.35984271955430636     
         419   10.055011435275704      -0.35967982803486631     
         420   10.055277471980572      -0.35951692064136509     
         421   10.055543083964935      -0.35935399765192066     
         422   10.055808276405578      -0.35919105933954576     
         423   10.056073054383102      -0.35902810597245249     
         424   10.056337422890143      -0.35886513781393425     
         425   10.056601386825141      -0.35870215512264458     
         426   10.056864951000771      -0.35853915815252435     
         427   10.057128120140993      -0.35837614715301047     
         428   10.057390898885179      -0.35821312236902703     
         429   10.057653291788048      -0.35805008404114602     
         430   10.057915303323458      -0.35788703240554209     
         431   10.058176937882953      -0.35772396769424031     
         432   10.058438199779664      -0.35756089013505399     
         433   10.058699093248407      -0.35739779995171173     
         434   10.058959622447457      -0.35723469736395863     
         435   10.059219791460626      -0.35707158258752880     
         436   10.059479604297708      -0.35690845583436737     
         437   10.059998486931075      -0.35658216684093524     
         438   10.060515680603588      -0.35625583277077499     
         439   10.060773461149966      -0.35609264957214215     
         440   10.061031217206947      -0.35592945520047969     
         441   10.061288643166309      -0.35576625023285491     
         442   10.061545742529855      -0.35560303485256384     
         443   10.062315927544752      -0.35511332742288904     
         444   10.062570833512837      -0.35495007337358686     
         445   10.062826457439453      -0.35478680795196649     
         446   10.063336877220573      -0.35446024994831848     
         447   10.063591175831689      -0.35429695790010030     
         448   10.063845481918044      -0.35413365653388418     
         449   10.064099492783964      -0.35397034641740444     
         450   10.064353211303358      -0.35380702770091865     
         451   10.064606640264719      -0.35364370053200389     
         452   10.064859782404049      -0.35348036505568015     
         453   10.065112640411705      -0.35331702141430910     
         454   10.065365216925386      -0.35315366974779305     
         455   10.065617514540293      -0.35299031019339289     
         456   10.065869535801134      -0.35282694288606553     
         457   10.066121283209103      -0.35266356795824993     
         458   10.066372759221084      -0.35250018554003759     
         459   10.066623966246675      -0.35233679575926491     
         460   10.066874906655233      -0.35217339874142528     
         461   10.067125582773780      -0.35200999460972859     
         462   10.067375996885836      -0.35184658348527087     
         463   10.067626151235002      -0.35168316548695788     
         464   10.067876048024733      -0.35151974073156200     
         465   10.068125689418256      -0.35135630933378259     
         466   10.068375077541408      -0.35119287140624778     
         467   10.068624214481792      -0.35102942705960416     
         468   10.068873102288729      -0.35086597640251327     
         469   10.069121742975430      -0.35070251954169951     
         470   10.069370033363295      -0.35053905721525602     
         471   10.069866096902359      -0.35021211341089220     
         472   10.070113873552135      -0.35004863212993342     
         473   10.070608803944200      -0.34972165335724270     
         474   10.070855470106880      -0.34955815638600907     
         475   10.071102202161221      -0.34939465351631593     
         476   10.071348703639872      -0.34923114532185107     
         477   10.071841318702472      -0.34890411281875267     
         478   10.072086841449984      -0.34874058967359201     
         479   10.072332437310068      -0.34857706105589692     
         480   10.072577810707772      -0.34841352754374810     
         481   10.072822963214797      -0.34824998921862349     
         482   10.073067896341247      -0.34808644616059858     
         483   10.073312611570287      -0.34792289844831092     
         484   10.073557110359015      -0.34775934615903115     
         485   10.073801394138989      -0.34759578936865232     
         486   10.074045464315803      -0.34743222815172192     
         487   10.074289322269596      -0.34726866258145161     
         488   10.074532969358065      -0.34710509272977497     
         489   10.074776406914115      -0.34694151866731460     
         490   10.075019636245081      -0.34677794046351007     
         491   10.075262658638316      -0.34661435818648112     
         492   10.075505475356080      -0.34645077190322038     
         493   10.075748087639642      -0.34628718167949746     
         494   10.075990496707927      -0.34612358757991490     
         495   10.076232703758125      -0.34595998966794728     
         496   10.076474709967725      -0.34579638800593404     
         497   10.076716516490823      -0.34563278265514175     
         498   10.076958124463346      -0.34546917367572849     
         499   10.077199535000487      -0.34530556112679101     
         500   10.077440749199116      -0.34514194506636109     
         501   10.077681768133800      -0.34497832555151398     
         502   10.077922592862954      -0.34481470263826530     
         503   10.078163224427088      -0.34465107638161552     
         504   10.078403663845199      -0.34448744683569998     
         505   10.078884262179315      -0.34416017752046102     
         506   10.079123839136487      -0.34399653898868632     
         507   10.079363519860754      -0.34383289680742646     
         508   10.079603013249930      -0.34366925159330464     
         509   10.079842320254263      -0.34350560339488734     
         510   10.080081441775965      -0.34334195225995057     
         511   10.080320378702135      -0.34317829823535906     
         512   10.080559029684601      -0.34301464203304732     
         513   10.080797702247484      -0.34285098170086759     
         514   10.081036090540447      -0.34268731928073759     
         515   10.081274297644416      -0.34252365415055142     
         516   10.081512324358780      -0.34235998635324538     
         517   10.081750171482778      -0.34219631593100086     
         518   10.081987839799906      -0.34203264292530200     
         519   10.082225330081121      -0.34186896737684513     
         520   10.082462643082984      -0.34170528932568178     
         521   10.082699779551248      -0.34154160881108186     
         522   10.082936740215768      -0.34137792587172200     
         523   10.083173525796743      -0.34121424054551763     
         524   10.083410136999486      -0.34105055286979802     
         525   10.083646574519136      -0.34088686288118275     
         526   10.083882839037042      -0.34072317061570168     
         527   10.084118931224538      -0.34055947610870874     
         528   10.084354851739688      -0.34039577939500454     
         529   10.084590601231335      -0.34023208050872444     
         530   10.084826180336492      -0.34006837948342117     
         531   10.085061589679585      -0.33990467635211985     
         532   10.085296829876695      -0.33974097114720792     
         533   10.085531901532198      -0.33957726390052834     
         534   10.085766805240160      -0.33941355464339829     
         535   10.086001541585526      -0.33924984340655584     
         536   10.086236111142089      -0.33908613022023459     
         537   10.086470514473854      -0.33892241511415566     
         538   10.086704752135956      -0.33875869811750547     
         539   10.086938824674883      -0.33859497925891269     
         540   10.087172732625481      -0.33843125856665424     
         541   10.087406476516639      -0.33826753606835780     
         542   10.087639956054360      -0.33810381247932852     
         543   10.087873474192275      -0.33794008576225743     
         544   10.088340108345152      -0.33761262788327251     
         545   10.088572752870487      -0.33744889742376749     
         546   10.088805523013830      -0.33728516464518687     
         547   10.089038132515828      -0.33712143024166696     
         548   10.089270581868346      -0.33695769423731559     
         549   10.089735287876060      -0.33663021683541405     
         550   10.089966973486343      -0.33646647685441611     
         551   10.090430727582085      -0.33613899032607808     
         552   10.090661939638203      -0.33597524589377148     
         553   10.090893280235305      -0.33581149932538867     
         554   10.091124464069978      -0.33564775133491231     
         555   10.091355491569104      -0.33548400194301298     
         556   10.091586363121477      -0.33532025117002551     
         557   10.091817079111161      -0.33515649903591971     
         558   10.092047639914506      -0.33499274556033054     
         559   10.092278045901223      -0.33482899076256523     
         560   10.092508297437965      -0.33466523466159170     
         561   10.092738394881156      -0.33450147727611146     
         562   10.092968338585930      -0.33433771862439521     
         563   10.093198128897708      -0.33417395872453959     
         564   10.093427766158790      -0.33401019759426021     
         565   10.093657250705029      -0.33384643525100621     
         566   10.093886582866766      -0.33368267171189370     
         567   10.094115762969190      -0.33351890699381759     
         568   10.094344791331510      -0.33335514111337172     
         569   10.094573668270550      -0.33319137408680088     
         570   10.094802394094671      -0.33302760593015446     
         571   10.095030969108937      -0.33286383665921182     
         572   10.095259393613354      -0.33270006628947524     
         573   10.095487667902743      -0.33253629483618585     
         574   10.095715792268420      -0.33237252231432990     
         575   10.095943766995990      -0.33220874873866357     
         576   10.096171592366415      -0.33204497412367040     
         577   10.096399268657549      -0.33188119848362163     
         578   10.096854457790363      -0.33155364341775062     
         579   10.097081405725385      -0.33138986555232197     
         580   10.097535705718956      -0.33106230461618491     
         581   10.097762111586471      -0.33089852460849123     
         582   10.097988850837854      -0.33073474145172010     
         583   10.098215244903988      -0.33057095882050103     
         584   10.098441690295976      -0.33040717383638096     
         585   10.098667890089724      -0.33024338868067549     
         586   10.098893943590276      -0.33007960264222458     
         587   10.099119851015558      -0.32991581573273709     
         588   10.099345612593588      -0.32975202796370429     
         589   10.099571228545312      -0.32958823934649040     
         590   10.099796699090394      -0.32942444989223763     
         591   10.100022024445199      -0.32926065961193896     
         592   10.100247204821812      -0.32909686851637865     
         593   10.100472240430570      -0.32893307661618021     
         594   10.100697131476554      -0.32876928392183125     
         595   10.100921878164407      -0.32860549044358933     
         596   10.101146480693505      -0.32844169619160013     
         597   10.101370939262150      -0.32827790117582989     
         598   10.101595254063474      -0.32811410540610009     
         599   10.101819425290582      -0.32795030889203503     
         600   10.102043453130355      -0.32778651164317640     
         601   10.102267337770083      -0.32762271366887585     
         602   10.102491079392909      -0.32745891497832247     
         603   10.102714678178170      -0.32729511558062452     
         604   10.102938134304852      -0.32713131548465135     
         605   10.103161447948935      -0.32696751469922347     
         606   10.103384619282529      -0.32680371323300328     
         607   10.103607648476284      -0.32663991109446577     
         608   10.103830535697309      -0.32647610829204243     
         609   10.104053281112495      -0.32631230483397289     
         610   10.104275884884338      -0.32614850072837775     
         611   10.104498347173934      -0.32598469598328794     
         612   10.104720668140192      -0.32582089060654340     
         613   10.104942749915804      -0.32565708535226268     
         614   10.105386686696241      -0.32532947151141123     
         615   10.105608541877315      -0.32516566293692595     
         616   10.105830060625358      -0.32500185526563730     
         617   10.106051634765969      -0.32483804550874495     
         618   10.106272970718626      -0.32467423592159594     
         619   10.106936876518944      -0.32418280185028436     
         620   10.107156914579809      -0.32401899191437700     
         621   10.107377551348177      -0.32385517953169973     
         622   10.107598048590914      -0.32369136660965214     
         623   10.107818406517344      -0.32352755315468329     
         624   10.108038625254435      -0.32336373917313210     
         625   10.108258704930520      -0.32319992467119629     
         626   10.108478645672026      -0.32303610965498208     
         627   10.108698447602405      -0.32287229413051843     
         628   10.108918013396696      -0.32270847886415321     
         629   10.109137635531301      -0.32254466158055450     
         630   10.109357021749014      -0.32238084456664406     
         631   10.109576269648379      -0.32221702706775179     
         632   10.109795379334868      -0.32205320908950075     
         633   10.110014350923901      -0.32188939063740385     
         634   10.110233184528743      -0.32172557171692784     
         635   10.110451880262348      -0.32156175233342132     
         636   10.110670438234568      -0.32139793249223292     
         637   10.110888858556018      -0.32123411219854159     
         638   10.111107141334571      -0.32107029145754495     
         639   10.111325286675884      -0.32090647027432251     
         640   10.111543294686291      -0.32074264865388358     
         641   10.111761165471574      -0.32057882660116910     
         642   10.111978899132739      -0.32041500412108359     
         643   10.112196495772704      -0.32025118121842056     
         644   10.112413955491315      -0.32008735789794596     
         645   10.112631278389015      -0.31992353416433783     
         646   10.112848464562758      -0.31975971002223869     
         647   10.113065514111163      -0.31959588547620488     
         648   10.113282427128986      -0.31943206053072881     
         649   10.113499203712374      -0.31926823519026293     
         650   10.114149446671641      -0.31877675470002664     
         651   10.114581318894485      -0.31844910173250263     
         652   10.115013102826083      -0.31812144612187332     
         653   10.115443971990059      -0.31779379084152737     
         654   10.115875042725925      -0.31746613059393258     
         655   10.116089913888956      -0.31730230183726338     
         656   10.116304925018731      -0.31713847174143961     
         657   10.116519800909135      -0.31697464130715680     
         658   10.116734541669620      -0.31681081053814619     
         659   10.116949147379303      -0.31664697943803777     
         660   10.117163618117806      -0.31648314801041444     
         661   10.117377953962999      -0.31631931625881293     
         662   10.117592154992447      -0.31615548418675754     
         663   10.117806221282246      -0.31599165179770772     
         664   10.118020152908725      -0.31582781909508828     
         665   10.118233949947696      -0.31566398608224056     
         666   10.118447612472524      -0.31550015276254051     
         667   10.118661140557295      -0.31533631913929394     
         668   10.118874534275109      -0.31517248521576846     
         669   10.119087793698121      -0.31500865099517750     
         670   10.119300918897752      -0.31484481648074514     
         671   10.119513909946011      -0.31468098167558534     
         672   10.119726766912066      -0.31451714658283247     
         673   10.119939489865899      -0.31435331120561383     
         674   10.120152078876471      -0.31418947554693766     
         675   10.120364534012603      -0.31402563960985219     
         676   10.120576855341007      -0.31386180339732839     
         677   10.120789042930552      -0.31369796691234608     
         678   10.121001096847273      -0.31353413015778386     
         679   10.121213017155940      -0.31337029313661358     
         680   10.121424803924414      -0.31320645585160545     
         681   10.121636361536398      -0.31304261911299402     
         682   10.121847977103815      -0.31287878050159978     
         683   10.122482459694698      -0.31238726313726595     
         684   10.122903849997378      -0.31205958661624056     
         685   10.123114298213956      -0.31189574840935030     
         686   10.123324885990545      -0.31173190887447344     
         687   10.123535340824096      -0.31156806910281531     
         688   10.123956124200598      -0.31124038775830787     
         689   10.124165908394920      -0.31107654839308019     
         690   10.124375832183750      -0.31091270770009682     
         691   10.124585623323982      -0.31074886678288749     
         692   10.124795281899805      -0.31058502564402879     
         693   10.125004807968653      -0.31042118428589127     
         694   10.125214201586852      -0.31025734271094052     
         695   10.125423462811884      -0.31009350092148313     
         696   10.125632591698752      -0.30992965891991897     
         697   10.125841588302716      -0.30976581670859993     
         698   10.126050452679667      -0.30960197428980774     
         699   10.126259184883551      -0.30943813166586320     
         700   10.126467784969909      -0.30927428883902319     
         701   10.126676252991706      -0.30911044581157032     
         702   10.126884589002705      -0.30894660258572149     
         703   10.127092793056518      -0.30878275916373266     
         704   10.127300865206244      -0.30861891554776566     
         705   10.127508805504231      -0.30845507174002229     
         706   10.127716614002731      -0.30829122774267148     
         707   10.127924290753517      -0.30812738355786973     
         708   10.128131835808702      -0.30796353918772112     
         709   10.128339249218467      -0.30779969463438484     
         710   10.128546531034674      -0.30763584989992498     
         711   10.128753681308398      -0.30747200498641547     
         712   10.128960700089253      -0.30730815989593996     
         713   10.129167587427013      -0.30714431463057057     
         714   10.129374343371905      -0.30698046919231192     
         715   10.129993728796197      -0.30648893269999000     
         716   10.130200054216212      -0.30632508575070716     
         717   10.130406153922227      -0.30616123947803420     
         718   10.130818229851315      -0.30583354525914164     
         719   10.131023666630972      -0.30566969970190527     
         720   10.132258255548077      -0.30468660641593281     
         721   10.132459948051213      -0.30452276821197177     
         722   10.132664608549904      -0.30435892027399891     
         723   10.132869138157810      -0.30419507219459252     
         724   10.133073537222948      -0.30403122397656546     
         725   10.133277805790410      -0.30386737562175536     
         726   10.133481943902511      -0.30370352713194837     
         727   10.133685951606314      -0.30353967850888619     
         728   10.133889828945305      -0.30337582975433364     
         729   10.134093575963755      -0.30321198087002887     
         730   10.134297192705093      -0.30304813185773405     
         731   10.134500679213092      -0.30288428271915624     
         732   10.134704035532167      -0.30272043345602029     
         733   10.134907261704134      -0.30255658407005370     
         734   10.135110357772694      -0.30239273456293692     
         735   10.135313323781650      -0.30222888493634503     
         736   10.135516159773093      -0.30206503519196826     
         737   10.135718865789343      -0.30190118533150034     
         738   10.135921441873224      -0.30173733535657465     
         739   10.136123888066972      -0.30157348526886452     
         740   10.136326204412633      -0.30140963507000063     
         741   10.136528390951543      -0.30124578476163943     
         742   10.136730447725967      -0.30108193434539920     
         743   10.136932374777711      -0.30091808382289997     
         744   10.137134172147476      -0.30075423319576178     
         745   10.137335839877592      -0.30059038246557446     
         746   10.137537378008028      -0.30042653163394828     
         747   10.137939972136943      -0.30009883054486242     
         748   10.138141121753245      -0.29993497941882730     
         749   10.138342235362003      -0.29977112732484112     
         750   10.138543126097849      -0.29960727600971548     
         751   10.138743887486465      -0.29944342460261542     
         752   10.138944519559280      -0.29927957310508635     
         753   10.139145022356333      -0.29911572151862398     
         754   10.139545906932991      -0.29878801677229561     
         755   10.139745755464418      -0.29862416624096877     
         756   10.139945741580096      -0.29846031431428433     
         757   10.140345592933008      -0.29813260889419357     
         758   10.140544925511414      -0.29796875805193235     
         759   10.140944002793699      -0.29764105215821601     
         760   10.141142948815537      -0.29747720109845410     
         761   10.141342032200765      -0.29731334863404513     
         762   10.141540986752952      -0.29714949609864583     
         763   10.141739812537178      -0.29698564349381673     
         764   10.141938509590229      -0.29682179082103310     
         765   10.142137077951062      -0.29665793808173735     
         766   10.142335517657802      -0.29649408527737187     
         767   10.142533828747441      -0.29633023240941903     
         768   10.142732011257996      -0.29616637947927238     
         769   10.142930065227995      -0.29600252648839387     
         770   10.143127990694184      -0.29583867343821613     
         771   10.143325787694156      -0.29567482033014780     
         772   10.143523456265159      -0.29551096716561531     
         773   10.143720996444934      -0.29534711394605662     
         774   10.143918408269794      -0.29518326067284129     
         775   10.144115691776776      -0.29501940734743748     
         776   10.144312847004040      -0.29485555397117924     
         777   10.144509873987488      -0.29469170054551075     
         778   10.144706772764007      -0.29452784707183088     
         779   10.144903543369454      -0.29436399355152432     
         780   10.145100185842573      -0.29420013998594374     
         781   10.145296700217553      -0.29403628637650847     
         782   10.145493086532126      -0.29387243272461117     
         783   10.145689344821978      -0.29370857903159653     
         784   10.145885382691638      -0.29354472620380623     
         785   10.146081477483202      -0.29338087152775838     
         786   10.146277259523634      -0.29321701862636118     
         787   10.146473098469883      -0.29305316387588221     
         788   10.146668624838174      -0.29288931090624182     
         789   10.146864208080448      -0.29272545608686773     
         790   10.147255070530131      -0.29239774674848196     
         791   10.147449914255661      -0.29223389416971024     
         792   10.147644894305074      -0.29207004014063020     
         793   10.147839746698301      -0.29190618608522367     
         794   10.148034471496903      -0.29174233200494371     
         795   10.148229068735233      -0.29157847790111902     
         796   10.148423538449073      -0.29141462377508454     
         797   10.148617880673790      -0.29125076962816099     
         798   10.148812095443345      -0.29108691546167709     
         799   10.149006182793581      -0.29092306127697576     
         800   10.149200142759552      -0.29075920707532177     
         801   10.149393975375620      -0.29059535285806160     
         802   10.149587680676865      -0.29043149862649376     
         803   10.149781258697065      -0.29026764438196118     
         804   10.149974709472417      -0.29010379012572685     
         805   10.150168033037076      -0.28993993585910260     
         806   10.150361229423853      -0.28977608158343582     
         807   10.150554298669521      -0.28961222729996638     
         808   10.150747240807590      -0.28944837301000703     
         809   10.150940055872539      -0.28928451871485716     
         810   10.151132743897747      -0.28912066441581352     
         811   10.151325304918352      -0.28895681011416219     
         812   10.151517738968490      -0.28879295581118214     
         813   10.151710046081989      -0.28862910150814969     
         814   10.151902226292171      -0.28846524720636957     
         815   10.152094279634344      -0.28830139290711276     
         816   10.152286206141163      -0.28813753861166269     
         817   10.152477914281137      -0.28797368525503497     
         818   10.152669678795585      -0.28780983003727911     
         819   10.152861224992394      -0.28764597576081385     
         820   10.153244199184259      -0.28731826572444774     
         821   10.154009138368361      -0.28666284403654263     
         822   10.154198502596493      -0.28649899614483054     
         823   10.154389036263389      -0.28633514197557641     
         824   10.154579443377463      -0.28617128782456724     
         825   10.154769724091969      -0.28600743369380588     
         826   10.154959787200600      -0.28584358052932046     
         827   10.155149906465146      -0.28567972549798082     
         828   10.155339808172576      -0.28551587143529744     
         829   10.155529583621671      -0.28535201739789784     
         830   10.155719232836841      -0.28518816338694730     
         831   10.155908755851151      -0.28502430940368839     
         832   10.156098152697592      -0.28486045544934502     
         833   10.156287423407678      -0.28469660152522014     
         834   10.156476568016394      -0.28453274763245595     
         835   10.156665586555189      -0.28436889377234476     
         836   10.156854479055760      -0.28420503994613266     
         837   10.157043245552812      -0.28404118615500629     
         838   10.157231886077748      -0.28387733240021173     
         839   10.157420400662650      -0.28371347868301111     
         840   10.157608789340829      -0.28354962500460346     
         841   10.157797052144614      -0.28338577136620646     
         842   10.157985189106386      -0.28322191776906180     
         843   10.158173200258142      -0.28305806421438184     
         844   10.158361085632016      -0.28289421070340381     
         845   10.158548845260860      -0.28273035723734541     
         846   10.158736479176769      -0.28256650381739945     
         847   10.158923987412139      -0.28240265044480672     
         848   10.159111369998381      -0.28223879712077871     
         849   10.159298626968290      -0.28207494384654375     
         850   10.159485758353290      -0.28191109062330888     
         851   10.159672764185945      -0.28174723745227137     
         852   10.160046658801217      -0.28141952965666484     
         853   10.160233028663612      -0.28125567826438846     
         854   10.160419532629634      -0.28109182531444343     
         855   10.160605820682084      -0.28092797339299302     
         856   10.160792164373284      -0.28076411959030967     
         857   10.160978292222381      -0.28060026681853945     
         858   10.161164294782258      -0.28043641410870013     
         859   10.161350172075405      -0.28027256146194190     
         860   10.161721809888986      -0.27994485472136521     
         861   10.162092687950610      -0.27961714988210584     
         862   10.162463065616526      -0.27928944531974143     
         863   10.162647808301999      -0.27912559480119281     
         864   10.162832594420788      -0.27896174368303406     
         865   10.163017435948888      -0.27879789067718797     
         866   10.163202062303348      -0.27863403872699521     
         867   10.163386563747274      -0.27847018685305702     
         868   10.163570940300863      -0.27830633505657154     
         869   10.163755191996804      -0.27814248333867475     
         870   10.163939318865664      -0.27797863170057813     
         871   10.164123320938703      -0.27781478014345851     
         872   10.164307198246879      -0.27765092866852470     
         873   10.164490950821170      -0.27748707727694200     
         874   10.164674578693496      -0.27732322596988546     
         875   10.164858081893010      -0.27715937474857721     
         876   10.165041460452588      -0.27699552361416035     
         877   10.165224714401690      -0.27683167256783214     
         878   10.165407843771231      -0.27666782161080405     
         879   10.165590848593219      -0.27650397074421473     
         880   10.165773728897914      -0.27634011996923480     
         881   10.165956484715851      -0.27617626928707839     
         882   10.166139116077240      -0.27601241869891613     
         883   10.166321623014305      -0.27584856820589909     
         884   10.166504005556449      -0.27568471780923609     
         885   10.166686263734464      -0.27552086751010751     
         886   10.166868307903686      -0.27535701830943626     
         887   10.167050407129699      -0.27519316720914855     
         888   10.167232202760232      -0.27502931821116583     
         889   10.167414053427848      -0.27486546731227435     
         890   10.167595600653089      -0.27470161852163066     
         891   10.167777113313091      -0.27453776883311232     
         892   10.167958501825742      -0.27437391925020727     
         893   10.168139855732925      -0.27421006876850917     
         894   10.168320996000888      -0.27404621939975016     
         895   10.168501922756363      -0.27388237114787906     
         896   10.168682814968086      -0.27371852199968316     
         897   10.168863672603747      -0.27355467195378047     
         898   10.169044316816525      -0.27339082302893480     
         899   10.169224837098948      -0.27322697421807263     
         900   10.169405233473205      -0.27306312552228373     
         901   10.169585505969774      -0.27289927694270766     
         902   10.169765654618333      -0.27273542848052390     
         903   10.169945679449564      -0.27257158013689331     
         904   10.170125580492018      -0.27240773191299539     
         905   10.170305357777876      -0.27224388380996700     
         906   10.170485011335570      -0.27208003582896900     
         907   10.170664541195494      -0.27191618797118888     
         908   10.170843947387304      -0.27175234023776529     
