           1  0.87267643264205841       0.69624671828355245       0.17642971435850596     
           2  0.86360741368930838       0.68673674481040847       0.17687066887889991     
           3  0.85466761216597609       0.67742653410790843       0.17724107805806766     
           4  0.84585553690632953       0.66831102188861424       0.17754451501771529     
           5  0.83716970611941222       0.65938534555763073       0.17778436056178148     
           6  0.82860864820187086       0.65064480359721466       0.17796384460465620     
           7  0.82017090175690055       0.64208484755874695       0.17808605419815360     
           8  0.81185501561764362       0.63370107469058279       0.17815394092706083     
           9  0.80365954887349489       0.62548922113134564       0.17817032774214925     
          10  0.79558307089818392       0.61744515562763569       0.17813791527054823     
          11  0.78762416137849622       0.60956487368584145       0.17805928769265478     
          12  0.77978141034343718       0.60184449213397961       0.17793691820945756     
          13  0.77205341819338669       0.59428024404197499       0.17777317415141169     
          14  0.76443879572932316       0.58686847396468900       0.17757032176463416     
          15  0.75693616418147880       0.57960563347781269       0.17733053070366611     
          16  0.74954415523767282       0.57248827697761984       0.17705587826005298     
          17  0.74226141107106303       0.56551305772249283       0.17674835334857020     
          18  0.73508658436723806       0.55867672409271141       0.17640986027452665     
          19  0.72801833835055685       0.55197611605206454       0.17604222229849231     
          20  0.72105534680965522       0.54540816179402141       0.17564718501563381     
          21  0.71419629412203001       0.53896987455784728       0.17522641956418272     
          22  0.70743987527763019       0.53265834960208580       0.17478152567554439     
          23  0.70078479590137543       0.52647076132383319       0.17431403457754224     
          24  0.69422977227453231       0.52040436051338668       0.17382541176114563     
          25  0.68777353135487784       0.51445647173520082       0.17331705961967703     
          26  0.68141481079559363       0.50862449082656502       0.17279031996902861     
          27  0.67515235896281411       0.50290588250675716       0.17224647645605695     
          28  0.66898493495178490       0.49729817808952248       0.17168675686226242     
          29  0.66291130860156799       0.49179897329273592       0.17111233530883208     
          30  0.65693026050824210       0.48640592614000538       0.17052433436823672     
          31  0.65104058203655057       0.48111675494820094       0.16992382708834963     
          32  0.64524107532995345       0.47592923639682361       0.16931183893312984     
          33  0.63953055331903363       0.47084120367462207       0.16868934964441157     
          34  0.63390783972822728       0.46585054469914811       0.16805729502907918     
          35  0.62837176908083781       0.46095520040603849       0.16741656867479932     
          36  0.62292118670229579       0.45615316310394843       0.16676802359834736     
          37  0.61755494872164607       0.45144247489233480       0.16611247382931127     
          38  0.61227192207122461       0.44682122613900754       0.16545069593221706     
          39  0.60707098448451213       0.44228755401440056       0.16478343047011157     
          40  0.60195102449213145       0.43783964108024809       0.16411138341188336     
          41  0.59691094141598267       0.43347571392997569       0.16343522748600697     
          42  0.59194964536149819       0.42919404187866345       0.16275560348283474     
          43  0.58706605720800031       0.42499293570022911       0.16207312150777120     
          44  0.58225910859716357       0.42087074640993349       0.16138836218723007     
          45  0.57752774191956602       0.41682586409016953       0.16070187782939649     
          46  0.57287091029933124       0.41285671675781721       0.16001419354151403     
          47  0.56828757757686199       0.40896176927125627       0.15932580830560572     
          48  0.56377671828966280       0.40513952227553707       0.15863719601412574     
          49  0.55933731765126082       0.40138851118422386       0.15794880646703696     
          50  0.55496837152822998       0.39770730519614728       0.15726106633208270     
          51  0.55066888641532608       0.39409450634593918       0.15657438006938690     
          52  0.54643787940875166       0.39054874858692162       0.15588913082183004     
          53  0.54227437817755442       0.38706869690499723       0.15520568127255718     
          54  0.53817742093318310       0.38365304646241338       0.15452437447076972     
          55  0.53414605639721735       0.38030052177022983       0.15384553462698752     
          56  0.53017934376728992       0.37700987588838453       0.15316946787890540     
          57  0.52627635268122186       0.37377988965220454       0.15249646302901732     
          58  0.52243616317940289       0.37060937092448398       0.15182679225491891     
          59  0.51865786566542782       0.36749715387211873       0.15116071179330909     
          60  0.51494056086503193       0.36444209826631807       0.15049846259871386     
          61  0.51129611433891464       0.36145081784929212       0.14984529648962253     
          62  0.50769790843618834       0.35850665827532252       0.14919125016086582     
          63  0.50415797497773696       0.35561631727865861       0.14854165769907834     
          64  0.50067554527846192       0.35277882145759698       0.14789672382086494     
          65  0.49723816999481191       0.34998604272875267       0.14725212726605924     
          66  0.49386850916345615       0.34725136221840514       0.14661714694505101     
          67  0.49055383135231756       0.34456652425761619       0.14598730709470137     
          68  0.48730398033650568       0.34193712637830170       0.14536685395820398     
          69  0.48408616118640996       0.33934256410042601       0.14474359708598394     
          70  0.48094168070971327       0.33680782769014767       0.14413385301956561     
          71  0.47782873075909321       0.33430673780257242       0.14352199295652079     
          72  0.47477688924555472       0.33185713931520355       0.14291974993035117     
          73  0.47177526759297467       0.32945192880266733       0.14232333879030734     
          74  0.46882310584302056       0.32709026233970911       0.14173284350331145     
          75  0.46591965354352227       0.32477131340137311       0.14114834014214916     
          76  0.46306416977417059       0.32249427252072549       0.14056989725344510     
          77  0.46025592288720441       0.32025834670960629       0.13999757617759812     
          78  0.45749419067958252       0.31806275927226896       0.13943143140731357     
          79  0.45477826014662537       0.31590674926107620       0.13887151088554917     
          80  0.45210742749374261       0.31378957117398865       0.13831785631975396     
          81  0.44948099805175601       0.31171049457771893       0.13777050347403708     
          82  0.44689828620725858       0.30966880375558531       0.13722948245167327     
          83  0.44186131741243329       0.30569479616613393       0.13616652124629935     
          84  0.43461711943691012       0.29999707405189269       0.13462004538501743     
          85  0.42998767329917753       0.29636658636453694       0.13362108693464059     
          86  0.41296437485165205       0.28308435229714918       0.12988002255450287     
          87  0.40715587360330224       0.27857516809283167       0.12858070551047057     
          88  0.40344600091559824       0.27570078394874659       0.12774521696685165     
          89  0.40163824258611031       0.27430166730532152       0.12733657528078879     
          90  0.39986126011699091       0.27292731293730993       0.12693394717968098     
          91  0.39811455554631409       0.27157726591744541       0.12653728962886868     
          92  0.39639763813735723       0.27025107996173492       0.12614655817562231     
          93  0.39471002429965812       0.26894831725053142       0.12576170704912670     
          94  0.39142080836793319       0.26641135163176832       0.12500945673616487     
          95  0.38982152230195055       0.26517835938342482       0.12464316291852573     
          96  0.38824634283496184       0.26396502247253817       0.12428132036242368     
          97  0.38669814257291818       0.26277303289034171       0.12392510968257647     
          98  0.38517649255907255       0.26160200949253276       0.12357448306653979     
          99  0.38368095701817423       0.26045156905233469       0.12322938796583954     
         100  0.38221110664152647       0.25932133548654840       0.12288977115497807     
         101  0.38076651856314314       0.25821093975186260       0.12255557881128054     
         102  0.37934677628287156       0.25712001969776932       0.12222675658510224     
         103  0.37795146958940778       0.25604821993443949       0.12190324965496829     
         104  0.37658019448403995       0.25499519169738916       0.12158500278665080     
         105  0.37523255310429449       0.25396059271327615       0.12127196039101834     
         106  0.37390815364823882       0.25294408707661270       0.12096406657162612     
         107  0.37260661029911418       0.25194534512211691       0.12066126517699727     
         108  0.37132754315025807       0.25096404330162758       0.12036349984863048     
         109  0.37007057813055239       0.24999986406555436       0.12007071406499803     
         110  0.36883534693030562       0.24905249574647725       0.11978285118382836     
         111  0.36643452018974865       0.24721067903968313       0.11922384115006551     
         112  0.36525647674211720       0.24630823831153517       0.11894823843058203     
         113  0.36410459172172321       0.24542509781684832       0.11867949390487489     
         114  0.36297270142953109       0.24455730699219966       0.11841539443733143     
         115  0.36185875808772405       0.24370351249769448       0.11815524559002957     
         116  0.36076750843480465       0.24286662290251071       0.11790088553229394     
         117  0.35969356096275190       0.24204319445481071       0.11765036650794120     
         118  0.35863827473461379       0.24123401501866856       0.11740425971594523     
         119  0.35760134011222366       0.24043882929187022       0.11716251082035345     
         120  0.35658244741871598       0.23965738327756969       0.11692506414114628     
         121  0.35460171312177835       0.23813731715623424       0.11646439596554412     
         122  0.35363100847147150       0.23739302046738014       0.11623798800409135     
         123  0.35268127256644100       0.23666407747631280       0.11601719509012820     
         124  0.35174811361315494       0.23594767993872637       0.11580043367442858     
         125  0.35083123923838810       0.23524359291890026       0.11558764631948784     
         126  0.34993037269522526       0.23455159321448948       0.11537877948073577     
         127  0.34904524171698542       0.23387146172354170       0.11517377999344372     
         128  0.34817557842434416       0.23320298334521655       0.11497259507912760     
         129  0.34732111926268089       0.23254594690462616       0.11477517235805473     
         130  0.34648160494013219       0.23190014508143236       0.11458145985869983     
         131  0.34565678036624892       0.23126537433678668       0.11439140602946224     
         132  0.34484639459129934       0.23064143484328226       0.11420495974801709     
         133  0.34405020074615533       0.23002813041442338       0.11402207033173195     
         134  0.34326795598291426       0.22942526843893088       0.11384268754398338     
         135  0.34249942141606526       0.22883265981374179       0.11366676160232347     
         136  0.34174436206429021       0.22825011887782645       0.11349424318646376     
         137  0.34100254679299075       0.22767746335006356       0.11332508344292719     
         138  0.34027374825734991       0.22711451426494692       0.11315923399240299     
         139  0.33955774284609469       0.22656109591312545       0.11299664693296924     
         140  0.33885431062587695       0.22601703577957166       0.11283727484630529     
         141  0.33816323528627468       0.22548216448517910       0.11268107080109557     
         142  0.33748430408550839       0.22495631573024072       0.11252798835526767     
         143  0.33681730779664193       0.22443932623535892       0.11237798156128301     
         144  0.33616204065456540       0.22393103568767056       0.11223100496689484     
         145  0.33551830030357516       0.22343128668513215       0.11208701361844300     
         146  0.33488588774549150       0.22293992468489646       0.11194596306059504     
         147  0.33426460728856638       0.22245679794713205       0.11180780934143433     
         148  0.33365426649684671       0.22198175748822771       0.11167250900861900     
         149  0.33305467614028028       0.22151465702719841       0.11154001911308187     
         150  0.33246565014545892       0.22105535293628728       0.11141029720917164     
         151  0.33188700554683165       0.22060370419362249       0.11128330135320916     
         152  0.33131856243871999       0.22015957233458672       0.11115899010413327     
         153  0.33076014392780495       0.21972282140559918       0.11103732252220577     
         154  0.33021157608632506       0.21929331791806347       0.11091825816826159     
         155  0.32967268790577980       0.21887093080245076       0.11080175710332904     
         156  0.32862453369734107       0.21804776298548864       0.11057677071185243     
         157  0.32811243601669648       0.21764519366796609       0.11046724234873040     
         158  0.32761061126249297       0.21725000692957316       0.11036060433291980     
         159  0.32711765527040998       0.21686131728669705       0.11025633798371293     
         160  0.32663341168237159       0.21647900600369241       0.11015440567867918     
         161  0.32615772867739201       0.21610295775658678       0.11005477092080523     
         162  0.32523243653604222       0.21536980171870582       0.10986263481733641     
         163  0.32478056465526078       0.21501127001688800       0.10976929463837279     
         164  0.32433765524791458       0.21465916099810572       0.10967849424980886     
         165  0.32390258643914904       0.21431276988650541       0.10958981655264363     
         166  0.32347521987823036       0.21397199243577347       0.10950322744245689     
         167  0.32305542089975586       0.21363672716932824       0.10941869373042762     
         168  0.32264305713585922       0.21330687444873042       0.10933618268712880     
         169  0.32223799847723045       0.21298233643915043       0.10925566203808001     
         170  0.32184011703657167       0.21266301707644114       0.10917709996013053     
         171  0.32144928711251120       0.21234882203543543       0.10910046507707577     
         172  0.32106538515410127       0.21203965869786778       0.10902572645623348     
         173  0.32068828972574820       0.21173543612217965       0.10895285360356854     
         174  0.32031788147276169       0.21143606501200890       0.10888181646075279     
         175  0.31995404308728559       0.21114145768749679       0.10881258539978880     
         176  0.31959665927483022       0.21085152805494636       0.10874513121988386     
         177  0.31924561672126173       0.21056619157893444       0.10867942514232729     
         178  0.31890080406023424       0.21028536525401753       0.10861543880621671     
         179  0.31856211184119071       0.21000896757606452       0.10855314426512619     
         180  0.31822943249776631       0.20973691851632514       0.10849251398144116     
         181  0.31790266031671133       0.20946913949372198       0.10843352082298935     
         182  0.31758169140725356       0.20920555334920410       0.10837613805804946     
         183  0.31726642367093871       0.20894608431987688       0.10832033935106183     
         184  0.31695675677189833       0.20869065801374836       0.10826609875814996     
         185  0.31665259210762869       0.20843920138420102       0.10821339072342767     
         186  0.31635383278013801       0.20819164270747206       0.10816219007266595     
         187  0.31606038356760502       0.20794791155635753       0.10811247201124749     
         188  0.31577215089640032       0.20770793877853438       0.10806421211786593     
         189  0.31548904281360407       0.20747165647267765       0.10801738634092642     
         190  0.31521096895990647       0.20723899796629230       0.10797197099361416     
         191  0.31466991859681537       0.20678449581674793       0.10788542278006744     
         192  0.31440607281631017       0.20656211666990013       0.10784395614641004     
         193  0.31414715836110879       0.20634325042804730       0.10780390793306149     
         194  0.31364368113863361       0.20591573824622189       0.10772794289241172     
         195  0.31339814297786328       0.20570650236115592       0.10769164061670736     
         196  0.31315727240914493       0.20550057415407716       0.10765669825506777     
         197  0.31292069051567517       0.20529772159276743       0.10762296892290774     
         198  0.31246034381856608       0.20490116782500617       0.10755917599355991     
         199  0.31223592401775324       0.20470706653616599       0.10752885748158725     
         200  0.31201575058480829       0.20451597033445454       0.10749978025035375     
         201  0.31179949965457487       0.20432768188701236       0.10747181776756251     
         202  0.31158710161393649       0.20414215037799585       0.10744495123594064     
         203  0.31137848824297581       0.20395932602625791       0.10741916221671791     
         204  0.31117359251485305       0.20377915995186241       0.10739443256299064     
         205  0.31097234857531786       0.20360160415924511       0.10737074441607275     
         206  0.31077469172273758       0.20342661152159905       0.10734808020113853     
         207  0.31058055838838694       0.20325413576487630       0.10732642262351064     
         208  0.31038988611708546       0.20308413145259027       0.10730575466449518     
         209  0.31020261354814926       0.20291655397050742       0.10728605957764184     
         210  0.31001868039666514       0.20275135951192585       0.10726732088473928     
         211  0.30983802743502153       0.20258850506294013       0.10724952237208141     
         212  0.30966059647480859       0.20242794838811309       0.10723264808669550     
         213  0.30948633034895795       0.20226964801664632       0.10721668233231163     
         214  0.30931517289420285       0.20211356322825980       0.10720160966594305     
         215  0.30914706893382982       0.20195965403974878       0.10718741489408104     
         216  0.30898196426068741       0.20180788119162668       0.10717408306906073     
         217  0.30881980562051436       0.20165820613521687       0.10716159948529749     
         218  0.30866054069549237       0.20151059101921026       0.10714994967628211     
         219  0.30850411808813277       0.20136499867800373       0.10713911941012905     
         220  0.30835048730536252       0.20122139261860783       0.10712909468675469     
         221  0.30819959874293684       0.20107973700850357       0.10711986173443327     
         222  0.30805140367005324       0.20093999666417126       0.10711140700588198     
         223  0.30790585421427569       0.20080213703862815       0.10710371717564754     
         224  0.30776290334666129       0.20066612421081503       0.10709677913584625     
         225  0.30762250486717524       0.20053192487341542       0.10709057999375982     
         226  0.30748461339031219       0.20039950632228162       0.10708510706803057     
         227  0.30721626123152723       0.20013992925365298       0.10707633197787425     
         228  0.30683144115838584       0.19976313213195407       0.10706830902643177     
         229  0.30670744508322390       0.19964062182003803       0.10706682326318587     
         230  0.30658592137203700       0.19951981301721000       0.10706610835482699     
         231  0.30646654524004402       0.19940053226869203       0.10706601297135199     
         232  0.30634930203259753       0.19928276336361528       0.10706653866898225     
         233  0.30623415378012514       0.19916647906581567       0.10706767471430947     
         234  0.30612106317534948       0.19905165262653560       0.10706941054881389     
         235  0.30590096783711529       0.19882629759265255       0.10707467024446274     
         236  0.30579377402439795       0.19871566019768924       0.10707811382670870     
         237  0.30568855394415656       0.19860640724790463       0.10708214669625193     
         238  0.30558521466667715       0.19849848551883686       0.10708672914784029     
         239  0.30548372265513479       0.19839187102640851       0.10709185162872628     
         240  0.30538404498653771       0.19828654023417572       0.10709750475236199     
         241  0.30528614932120240       0.19818247003186085       0.10710367928934156     
         242  0.30519000389252887       0.19807963772787712       0.10711036616465175     
         243  0.30509557749697164       0.19797802104164786       0.10711755645532378     
         244  0.30500283948417001       0.19787759809604524       0.10712524138812476     
         245  0.30491175974724610       0.19777834741038988       0.10713341233685622     
         246  0.30482230871328447       0.19768024789307101       0.10714206082021346     
         247  0.30473445733395327       0.19758327883447788       0.10715117849947539     
         248  0.30464817707630937       0.19748741990028901       0.10716075717602036     
         249  0.30456343991373835       0.19739265112426244       0.10717078878947592     
         250  0.30448021831706751       0.19729895290226224       0.10718126541480527     
         251  0.30439848524582785       0.19720630598500363       0.10719217926082422     
         252  0.30431821413965848       0.19711469147202976       0.10720352266762873     
         253  0.30423937890986891       0.19702409080532290       0.10721528810454600     
         254  0.30416195393113954       0.19693448576295200       0.10722746816818754     
         255  0.30408591403337393       0.19684585845331906       0.10724005558005487     
         256  0.30401123449367973       0.19675819130883820       0.10725304318484152     
         257  0.30393789102849655       0.19667146708024635       0.10726642394825020     
         258  0.30386585978586445       0.19658566883083442       0.10728019095503002     
         259  0.30379511733781139       0.19650077993068832       0.10729433740712307     
         260  0.30372564067288238       0.19641678405129090       0.10730885662159148     
         261  0.30365740718880141       0.19633366515996004       0.10732374202884137     
         262  0.30352460276884946       0.19617000330039150       0.10735459946845796     
         263  0.30345994579024382       0.19608941441647698       0.10737053137376684     
         264  0.30339646693595129       0.19600964887904485       0.10738681805690645     
         265  0.30333411820426254       0.19593068293571772       0.10740343526854482     
         266  0.30327289711719202       0.19585250667787055       0.10742039043932147     
         267  0.30321276040980277       0.19577510027185085       0.10743766013795192     
         268  0.30315371097935251       0.19569845515449535       0.10745525582485715     
         269  0.30303876928539136       0.19554738924151110       0.10749138004388026     
         270  0.30298280833084484       0.19547293288073153       0.10750987545011331     
         271  0.30292787424073531       0.19539918883801152       0.10752868540272378     
         272  0.30287391447054074       0.19532613638586013       0.10754777808468061     
         273  0.30282092939525268       0.19525376611285855       0.10756716328239413     
         274  0.30276888854467232       0.19518206371175081       0.10758682483292151     
         275  0.30271777936310262       0.19511101792299879       0.10760676144010384     
         276  0.30266758519694015       0.19504061699850211       0.10762696819843803     
         277  0.30261828968866672       0.19497084940250373       0.10764744028616299     
         278  0.30256987677232849       0.19490170380834937       0.10766817296397913     
         279  0.30252233066836975       0.19483316909459597       0.10768916157377378     
         280  0.30247563587855336       0.19476523434145285       0.10771040153710051     
         281  0.30242977718097896       0.19469788882689226       0.10773188835408670     
         282  0.30238473962517814       0.19463112202343219       0.10775361760174595     
         283  0.30234050852730332       0.19456492359421981       0.10777558493308351     
         284  0.30229706946539997       0.19449928338984118       0.10779778607555879     
         285  0.30225440827475308       0.19443419144479493       0.10782021682995815     
         286  0.30221251104333008       0.19436963797418561       0.10784287306914447     
         287  0.30217136410729251       0.19430561337055130       0.10786575073674121     
         288  0.30213095404659146       0.19424210820049120       0.10788884584610026     
         289  0.30209126768063549       0.19417911320164061       0.10791215447899488     
         290  0.30205229206404310       0.19411661927944976       0.10793567278459335     
         291  0.30201401448246262       0.19405461750428693       0.10795939697817569     
         292  0.30197642244846773       0.19399309910835791       0.10798332334010982     
         293  0.30193950369752737       0.19393205548274589       0.10800744821478148     
         294  0.30190324618404163       0.19387147817462708       0.10803176800941455     
         295  0.30186763807745498       0.19381135888438081       0.10805627919307417     
         296  0.30183266775843132       0.19375168946280899       0.10808097829562233     
         297  0.30179832381509686       0.19369246190846351       0.10810586190663335     
         298  0.30173147575784426       0.19357530051605371       0.10815617524179055     
         299  0.30169893764415817       0.19351735322121011       0.10818158442294806     
         300  0.30166698916413026       0.19345981600574466       0.10820717315838560     
         301  0.30160480480607177       0.19334594472992211       0.10825886007614965     
         302  0.30157453802710688       0.19328959899270215       0.10828493903440473     
         303  0.30154481796935323       0.19323363518697950       0.10831118278237373     
         304  0.30151562913391011       0.19317804820709561       0.10833758092681450     
         305  0.30143117759836408       0.19301347157644286       0.10841770602192122     
         306  0.30140401587968013       0.19295932580994785       0.10844469006973229     
         307  0.30135116662677541       0.19285205232908409       0.10849911429769132     
         308  0.30130019071624714       0.19274610790375118       0.10855408281249596     
         309  0.30127538273927229       0.19269362059799122       0.10858176214128107     
         310  0.30125102225272932       0.19264144633320954       0.10860957591951978     
         311  0.30122709823863764       0.19258958113683122       0.10863751710180641     
         312  0.30120360288189540       0.19253801955923758       0.10866558332265783     
         313  0.30118052850735755       0.19248675625001679       0.10869377225734075     
         314  0.30115786757711438       0.19243578595570601       0.10872208162140837     
         315  0.30113561268804578       0.19238510351809829       0.10875050916994750     
         316  0.30111375656941630       0.19233470387248225       0.10877905269693405     
         317  0.30109229208051386       0.19228458204595766       0.10880771003455619     
         318  0.30107121220833155       0.19223473315573958       0.10883647905259197     
         319  0.30105051006528855       0.19218515240761186       0.10886535765767669     
         320  0.30103017888699357       0.19213583509418566       0.10889434379280791     
         321  0.30101021203004524       0.19208677659345177       0.10892343543659347     
         322  0.30099060296987473       0.19203797236715456       0.10895263060272017     
         323  0.30097134529862501       0.19198941795934876       0.10898192733927625     
         324  0.30095243272306682       0.19194110899479677       0.10901132372827005     
         325  0.30093385906255404       0.19189304117760270       0.10904081788495135     
         326  0.30091561824701324       0.19184521028973059       0.10907040795728265     
         327  0.30089770431497070       0.19179761218959568       0.10910009212537503     
         328  0.30088011141161247       0.19175024281068348       0.10912986860092899     
         329  0.30086283378688133       0.19170309816021205       0.10915973562666928     
         330  0.30084586579360562       0.19165617431775492       0.10918969147585070     
         331  0.30082920188566181       0.19160946743393500       0.10921973445172681     
         332  0.30079676432610836       0.19151669050141795       0.10928007382469040     
         333  0.30078098069063464       0.19147061107946056       0.10931036961117407     
         334  0.30076547962128397       0.19142473491316786       0.10934074470811611     
         335  0.30073530695961154       0.19133357307340465       0.10940173388620689     
         336  0.30072062344619654       0.19128828508007681       0.10943233836611974     
         337  0.30070620410533566       0.19124318340038562       0.10946302070495004     
         338  0.30069204319451404       0.19119826702785414       0.10949377616665990     
         339  0.30067813608391636       0.19115353275632868       0.10952460332758768     
         340  0.30065106597484620       0.19106459568059797       0.10958647029424823     
         341  0.30063789249002154       0.19102039135403773       0.10961750113598381     
         342  0.30062495591798560       0.19097635457346762       0.10964860134451798     
         343  0.30061225121122098       0.19093248471528071       0.10967976649594027     
         344  0.30059977421547468       0.19088877890652009       0.10971099530895459     
         345  0.30058752085089657       0.19084523432652953       0.10974228652436704     
         346  0.30057548711068172       0.19080184820574630       0.10977363890493541     
         347  0.30056366905976373       0.19075861782481576       0.10980505123494796     
         348  0.30055206283353264       0.19071554051365425       0.10983652231987839     
         349  0.30054066463657481       0.19067261365054824       0.10986805098602656     
         350  0.30052947074143527       0.19062983466132005       0.10989963608011522     
         351  0.30051847748740340       0.19058720101844101       0.10993127646896239     
         352  0.30050768127931909       0.19054471024014816       0.10996297103917094     
         353  0.30049707858640001       0.19050235988968645       0.10999471869671357     
         354  0.30048666594109102       0.19046014757442306       0.11002651836666796     
         355  0.30047643993793244       0.19041807094510263       0.11005836899282981     
         356  0.30046639723245000       0.19037612769502837       0.11009026953742163     
         357  0.30045653454006455       0.19033431555929181       0.11012221898077273     
         358  0.30044684863501919       0.19029263231402227       0.11015421632099692     
         359  0.30043733634932879       0.19025107577566056       0.11018626057366823     
         360  0.30042799457174513       0.19020964380019431       0.11021835077155082     
         361  0.30041882024674288       0.19016833428245730       0.11025048596428558     
         362  0.30040981037352182       0.19012714515540671       0.11028266521811511     
         363  0.30040096200502858       0.19008607438947653       0.11031488761555205     
         364  0.30039227224699450       0.19004511999185336       0.11034715225514113     
         365  0.30038373825699122       0.19000428000583708       0.11037945825115414     
         366  0.30037535724350350       0.18996355251015609       0.11041180473334741     
         367  0.30036712646501779       0.18992293561834911       0.11044419084666868     
         368  0.30035110515381552       0.18984202393690081       0.11050908121691472     
         369  0.30034330885578964       0.18980173021074870       0.11054157864504094     
         370  0.30033565257122424       0.18976153754394803       0.11057411502727621     
         371  0.30032074950541560       0.18968145320966956       0.11063929629574604     
         372  0.30031349740282648       0.18964156284465578       0.11067193455817070     
         373  0.30030637552206457       0.18960176684463748       0.11070460867742710     
         374  0.30029938131027734       0.18956206593625868       0.11073731537401865     
         375  0.30029251247929939       0.18952245854804611       0.11077005393125328     
         376  0.30028576678196212       0.18948294313712344       0.11080282364483868     
         377  0.30027914201135614       0.18944351818858735       0.11083562382276879     
         378  0.30027263600011062       0.18940418221494398       0.11086845378516663     
         379  0.30026624661968604       0.18936493375564931       0.11090131286403673     
         380  0.30025997177967767       0.18932577137658432       0.11093420040309335     
         381  0.30025380942713431       0.18928669366965706       0.11096711575747725     
         382  0.30024775754588712       0.18924769925217361       0.11100005829371351     
         383  0.30024181415589085       0.18920878676656042       0.11103302738933044     
         384  0.30023597731257740       0.18916995487980487       0.11106602243277253     
         385  0.30023024510622048       0.18913120228300637       0.11109904282321412     
         386  0.30022461566131187       0.18909252769095927       0.11113208797035259     
         387  0.30021908713594853       0.18905392984173486       0.11116515729421367     
         388  0.30021365772123115       0.18901540749627505       0.11119825022495611     
         389  0.30020832564067290       0.18897695943789744       0.11123136620277546     
         390  0.30020308914961907       0.18893858447200149       0.11126450467761759     
         391  0.30019794653467707       0.18890028142556631       0.11129766510911077     
         392  0.30019289611315703       0.18886204914680871       0.11133084696634832     
         393  0.30018793623252094       0.18882388650480619       0.11136404972771474     
         394  0.30018306526984345       0.18878579238909432       0.11139727288074913     
         395  0.30017828163128180       0.18874776570932636       0.11143051592195544     
         396  0.30017358375155423       0.18870980539485779       0.11146377835669644     
         397  0.30016897009342852       0.18867191039442829       0.11149705969900023     
         398  0.30016443914722041       0.18863407967579490       0.11153035947142551     
         399  0.30015998943029931       0.18859631222541659       0.11156367720488272     
         400  0.30015561948660430       0.18855860704806873       0.11159701243853556     
         401  0.30015132788616788       0.18852096316651767       0.11163036471965021     
         402  0.30014711322464904       0.18848337962127842       0.11166373360337062     
         403  0.30014297412287361       0.18844585547014647       0.11169711865272713     
         404  0.30013890922638431       0.18840838978797822       0.11173051943840609     
         405  0.30013491720499685       0.18837098166640315       0.11176393553859371     
         406  0.30013099675236649       0.18833363021345417       0.11179736653891231     
         407  0.30012336548915119       0.18825909159803775       0.11186427389111345     
         408  0.30011242403728716       0.18814768713083596       0.11196473690645120     
         409  0.30010890672283624       0.18811066358347067       0.11199824313936557     
         410  0.30010545258853072       0.18807368515442213       0.11203176743410859     
         411  0.30009872902092311       0.18799987560035619       0.11209885342056691     
         412  0.30009224434293741       0.18792626263308368       0.11216598170985373     
         413  0.30008908890873115       0.18788952942425721       0.11219955948447394     
         414  0.30008599007435616       0.18785284045099107       0.11223314962336509     
         415  0.30008294679718539       0.18781619722679324       0.11226674957039215     
         416  0.30007995808125515       0.18777959907308586       0.11230035900816929     
         417  0.30007702294845279       0.18774304532371072       0.11233397762474207     
         418  0.30007414043819747       0.18770653532456724       0.11236760511363023     
         419  0.30007130960712530       0.18767006843335871       0.11240124117376660     
         420  0.30006852952878144       0.18763364401938870       0.11243488550939273     
         421  0.30006579929331689       0.18759726146337014       0.11246853782994676     
         422  0.30006311800719082       0.18756092015718312       0.11250219785000770     
         423  0.30006048479287872       0.18752461950372645       0.11253586528915227     
         424  0.30005789878858485       0.18748835891661769       0.11256953987196716     
         425  0.30005535914796133       0.18745213782013642       0.11260322132782491     
         426  0.30005286503982986       0.18741595564890781       0.11263690939092205     
         427  0.30005041564791146       0.18737981184779409       0.11267060380011737     
         428  0.30004801017055871       0.18734370587166452       0.11270430429889419     
         429  0.30004564782049320       0.18730763718524263       0.11273801063525057     
         430  0.30004332782454879       0.18727160526289957       0.11277172256164922     
         431  0.30004104942341853       0.18723560958850605       0.11280543983491248     
         432  0.30003881187140585       0.18719964965524619       0.11283916221615967     
         433  0.30003661443618113       0.18716372496544639       0.11287288947073473     
         434  0.30003445639854209       0.18712783503041477       0.11290662136812732     
         435  0.30003233705217824       0.18709197937027813       0.11294035768190011     
         436  0.30003025570344027       0.18705615751381374       0.11297409818962653     
         437  0.30002620429160115       0.18698461122450966       0.11304159306709149     
         438  0.30002229684680987       0.18691319685385108       0.11310909999295879     
         439  0.30002039550442655       0.18687753938072407       0.11314285612370248     
         440  0.30001852825573755       0.18684191091603961       0.11317661733969794     
         441  0.30001669448507923       0.18680631318622790       0.11321038129885133     
         442  0.30001489359225414       0.18677074578377484       0.11324414780847930     
         443  0.30000968235333075       0.18666421606459890       0.11334546628873185     
         444  0.30000800717568765       0.18662877242625106       0.11337923474943659     
         445  0.30000636203115799       0.18659334993022200       0.11341301210093599     
         446  0.30000315971763930       0.18652258830083990       0.11348057141679940     
         447  0.30000160149098337       0.18648725182654233       0.11351434966444104     
         448  0.30000007120297706       0.18645194020687533       0.11354813099610173     
         449  0.29999856835188193       0.18641665522357617       0.11358191312830576     
         450  0.29999709244579670       0.18638139654295061       0.11361569590284609     
         451  0.29999564300163800       0.18634616383743913       0.11364947916419887     
         452  0.29999421954498307       0.18631095678541343       0.11368326275956964     
         453  0.29999282160991386       0.18627577507098386       0.11371704653893000     
         454  0.29999144873886496       0.18624061838400163       0.11375083035486333     
         455  0.29999010048247354       0.18620548641982818       0.11378461406264537     
         456  0.29998877639943317       0.18617037887936191       0.11381839752007125     
         457  0.29998747605634807       0.18613529546885277       0.11385218058749530     
         458  0.29998619902759277       0.18610023589980587       0.11388596312778690     
         459  0.29998494489517130       0.18606519988898354       0.11391974500618776     
         460  0.29998371324858214       0.18603018715818154       0.11395352609040060     
         461  0.29998250368468249       0.18599519743419635       0.11398730625048614     
         462  0.29998131580755666       0.18596023044875851       0.11402108535879815     
         463  0.29998014922838750       0.18592528593841132       0.11405486328997619     
         464  0.29997900356532770       0.18589036364441053       0.11408863992091717     
         465  0.29997787844337570       0.18585546331269731       0.11412241513067839     
         466  0.29997677349425311       0.18582058469373283       0.11415618880052028     
         467  0.29997568835628374       0.18578572754246572       0.11418996081381802     
         468  0.29997462267427527       0.18575089161826672       0.11422373105600855     
         469  0.29997357609940345       0.18571607668480550       0.11425749941459795     
         470  0.29997254829499448       0.18568128336219078       0.11429126493280370     
         471  0.29997054762824610       0.18561175637983329       0.11435879124841281     
         472  0.29996957411133301       0.18557702227855130       0.11439255183278171     
         473  0.29996767913727374       0.18550761310046748       0.11446006603680625     
         474  0.29996675705931586       0.18547294091118530       0.11449381614813056     
         475  0.29996585151125632       0.18543828588871902       0.11452756562253730     
         476  0.29996496219928964       0.18540364991201130       0.11456131228727834     
         477  0.29996323112172046       0.18533443223658119       0.11462879888513927     
         478  0.29996238879496040       0.18529985430124302       0.11466253449371738     
         479  0.29996156156810089       0.18526529256972024       0.11469626899838065     
         480  0.29996074917310234       0.18523074893251718       0.11473000024058516     
         481  0.29995995134404152       0.18519622320928744       0.11476372813475408     
         482  0.29995916781976290       0.18516171522305705       0.11479745259670585     
         483  0.29995839834379268       0.18512722480001442       0.11483117354377825     
         484  0.29995764266425562       0.18509275176944207       0.11486489089481355     
         485  0.29995690053379193       0.18505829596367379       0.11489860457011813     
         486  0.29995617170947675       0.18502385721805265       0.11493231449142410     
         487  0.29995545595274026       0.18498943537086060       0.11496602058187966     
         488  0.29995475302929042       0.18495503026324039       0.11499972276605003     
         489  0.29995406270903491       0.18492064173917858       0.11503342096985633     
         490  0.29995338476600730       0.18488626964548277       0.11506711512052453     
         491  0.29995271897829201       0.18485191383163271       0.11510080514665930     
         492  0.29995206512795242       0.18481757414984562       0.11513449097810680     
         493  0.29995142300095878       0.18478325045493296       0.11516817254602582     
         494  0.29995079238711919       0.18474894260431074       0.11520184978280845     
         495  0.29995017308000965       0.18471465045794450       0.11523552262206516     
         496  0.29994956487690744       0.18468037387825370       0.11526919099865374     
         497  0.29994896757872441       0.18464611273017129       0.11530285484855313     
         498  0.29994838098994153       0.18461186688097198       0.11533651410896956     
         499  0.29994780491854545       0.18457763620032913       0.11537016871821631     
         500  0.29994723917596527       0.18454342056020318       0.11540381861576210     
         501  0.29994668357701110       0.18450921983487581       0.11543746374213529     
         502  0.29994613793981306       0.18447503390082368       0.11547110403898939     
         503  0.29994560208576210       0.18444086263670242       0.11550473944905967     
         504  0.29994507583945146       0.18440670592337627       0.11553836991607519     
         505  0.29994405148156139       0.18433843363700425       0.11560561784455714     
         506  0.29994355303972980       0.18430432192811336       0.11563923111161645     
         507  0.29994306353237032       0.18427022226791723       0.11567284126445310     
         508  0.29994258280177766       0.18423613659376734       0.11570644620801032     
         509  0.29994211069058829       0.18420206479852078       0.11574004589206752     
         510  0.29994164704426024       0.18416800677704173       0.11577364026721851     
         511  0.29994119171102240       0.18413396242603000       0.11580722928499240     
         512  0.29994074454482267       0.18409993247373191       0.11584081207109076     
         513  0.29994030539028849       0.18406591433140815       0.11587439105888034     
         514  0.29993987411266149       0.18403191039032255       0.11590796372233894     
         515  0.29993945056776727       0.18399791972449067       0.11594153084327660     
         516  0.29993903461696103       0.18396394223950044       0.11597509237746059     
         517  0.29993862612408373       0.18392997784253151       0.11600864828155222     
         518  0.29993822495541755       0.18389602644243025       0.11604219851298730     
         519  0.29993783097964216       0.18386208794963574       0.11607574303000642     
         520  0.29993744406779155       0.18382816227618171       0.11610928179160984     
         521  0.29993706409321219       0.18379424933561173       0.11614281475760047     
         522  0.29993669093152120       0.18376034904303726       0.11617634188848394     
         523  0.29993632446056584       0.18372646131502793       0.11620986314553791     
         524  0.29993596456038341       0.18369258606965158       0.11624337849073182     
         525  0.29993561111316219       0.18365872322638449       0.11627688788677770     
         526  0.29993526400320270       0.18362487270614686       0.11631039129705584     
         527  0.29993492311687969       0.18359103443123251       0.11634388868564718     
         528  0.29993458834260539       0.18355720832529843       0.11637738001730696     
         529  0.29993425957079273       0.18352339431334305       0.11641086525744967     
         530  0.29993393669381918       0.18348959232166320       0.11644434437215598     
         531  0.29993361960599196       0.18345580227788533       0.11647781732810664     
         532  0.29993330820351349       0.18342202411086078       0.11651128409265271     
         533  0.29993300238444698       0.18338825775071352       0.11654474463373346     
         534  0.29993270204868316       0.18335450312877560       0.11657819891990756     
         535  0.29993240709790819       0.18332076017757465       0.11661164692033354     
         536  0.29993211743557047       0.18328702883083067       0.11664508860473979     
         537  0.29993183296684961       0.18325330902341108       0.11667852394343853     
         538  0.29993155359862550       0.18321960069133161       0.11671195290729389     
         539  0.29993127923944746       0.18318590377169250       0.11674537546775496     
         540  0.29993100979950438       0.18315221820272243       0.11677879159678195     
         541  0.29993074519059554       0.18311854392369634       0.11681220126689920     
         542  0.29993048532792527       0.18308488169456660       0.11684560363335866     
         543  0.29993023012095649       0.18305122899789295       0.11687900112306354     
         544  0.29992973335448847       0.18298395650988272       0.11694577684460575     
         545  0.29992949163366400       0.18295033982595829       0.11697915180770571     
         546  0.29992925424534700       0.18291673206941353       0.11701252217593347     
         547  0.29992902111338554       0.18288313520646035       0.11704588590692519     
         548  0.29992879216146379       0.18284954918420174       0.11707924297726205     
         549  0.29992834649786915       0.18278240743875174       0.11714593905911741     
         550  0.29992812964315957       0.18274885564744520       0.11717927399571437     
         551  0.29992770752446368       0.18268177788393455       0.11724592964052913     
         552  0.29992750212644792       0.18264825786233627       0.11727924426411165     
         553  0.29992730040986909       0.18261474632145597       0.11731255408841312     
         554  0.29992710231005781       0.18258124523058053       0.11734585707947728     
         555  0.29992690776216607       0.18254775454445174       0.11737915321771433     
         556  0.29992671670250842       0.18251427421871164       0.11741244248379679     
         557  0.29992652906854139       0.18248080420971877       0.11744572485882263     
         558  0.29992634479884284       0.18244734447462166       0.11747900032422118     
         559  0.29992616383309190       0.18241389497129842       0.11751226886179347     
         560  0.29992598611204929       0.18238045565829145       0.11754553045375785     
         561  0.29992581157753778       0.18234702649492712       0.11757878508261066     
         562  0.29992564017242335       0.18231360744115568       0.11761203273126766     
         563  0.29992547184059615       0.18228019845765533       0.11764527338294081     
         564  0.29992530652695282       0.18224679950574804       0.11767850702120478     
         565  0.29992514417737748       0.18221341054742543       0.11771173362995205     
         566  0.29992498473872475       0.18218003154531517       0.11774495319340958     
         567  0.29992482815880217       0.18214666246267425       0.11777816569612792     
         568  0.29992467438635306       0.18211330326340655       0.11781137112294651     
         569  0.29992452337103964       0.18207995391197249       0.11784456945906716     
         570  0.29992437506342690       0.18204661437348868       0.11787776068993822     
         571  0.29992422941496588       0.18201328461362665       0.11791094480133923     
         572  0.29992408637797840       0.18197996459864807       0.11794412177933034     
         573  0.29992394590564092       0.18194665429538565       0.11797729161025527     
         574  0.29992380795196960       0.18191335367120404       0.11801045428076556     
         575  0.29992367247180490       0.18188006269403562       0.11804360977776929     
         576  0.29992353942079719       0.18184678133235688       0.11807675808844031     
         577  0.29992340875539170       0.18181350955514244       0.11810989920024925     
         578  0.29992315441018547       0.18174699263043653       0.11817616177974893     
         579  0.29992303064887371       0.18171375142807494       0.11820927922079877     
         580  0.29992278974104453       0.18164729138556643       0.11827549835547810     
         581  0.29992267251905574       0.18161407930165888       0.11830859321739687     
         582  0.29992255739635282       0.18158087298152911       0.11834168441482371     
         583  0.29992244433945536       0.18154767763183033       0.11837476670762503     
         584  0.29992233330804008       0.18151448999401643       0.11840784331402365     
         585  0.29992222426822385       0.18148131246545604       0.11844091180276781     
         586  0.29992211718349099       0.18144814421241093       0.11847397297108006     
         587  0.29992201201878710       0.18141498520955812       0.11850702680922898     
         588  0.29992190873968610       0.18138183543188424       0.11854007330780186     
         589  0.29992180731237938       0.18134869485487556       0.11857311245750382     
         590  0.29992170770366405       0.18131556345436448       0.11860614424929958     
         591  0.29992160988093319       0.18128244120657858       0.11863916867435462     
         592  0.29992151381216403       0.18124932808815195       0.11867218572401209     
         593  0.29992141946590828       0.18121622407607443       0.11870519538983385     
         594  0.29992132681128109       0.18118312914773976       0.11873819766354132     
         595  0.29992123581795183       0.18115004328087467       0.11877119253707716     
         596  0.29992114645613344       0.18111696645358991       0.11880418000254353     
         597  0.29992105869657304       0.18108389864431274       0.11883716005226030     
         598  0.29992097251054206       0.18105083983187883       0.11887013267866323     
         599  0.29992088786982746       0.18101778999539381       0.11890309787443365     
         600  0.29992080474672156       0.18098474911435972       0.11893605563236184     
         601  0.29992072311401374       0.18095171716855768       0.11896900594545606     
         602  0.29992064294498116       0.18091869413811065       0.11900194880687051     
         603  0.29992056421338026       0.18088568000347818       0.11903488420990208     
         604  0.29992048689343792       0.18085267474540062       0.11906781214803730     
         605  0.29992041095984318       0.18081967834490759       0.11910073261493559     
         606  0.29992033638773863       0.18078669078337634       0.11913364560436229     
         607  0.29992026315271308       0.18075371204244961       0.11916655111026347     
         608  0.29992019123079261       0.18072074210407632       0.11919944912671629     
         609  0.29992012059843326       0.18068778095044977       0.11923233964798349     
         610  0.29992005123251320       0.18065482856408827       0.11926522266842493     
         611  0.29991998311032536       0.18062188492775191       0.11929809818257345     
         612  0.29991991620956943       0.18058895002448153       0.11933096618508790     
         613  0.29991985050882769       0.18055602463905601       0.11936382586977168     
         614  0.29991972261931304       0.18049019834841890       0.11942952427089415     
         615  0.29991966038870893       0.18045729741194180       0.11946236297676713     
         616  0.29991959927480688       0.18042440672937016       0.11949519254543672     
         617  0.29991953925578840       0.18039152308202452       0.11952801617376388     
         618  0.29991948031335314       0.18035864885689631       0.11956083145645682     
         619  0.29991930975081432       0.18026007260358540       0.11965923714722893     
         620  0.29991925492420551       0.18022723787480113       0.11969201704940438     
         621  0.29991920107984227       0.18019440653644236       0.11972479454339990     
         622  0.29991914820090970       0.18016158373323712       0.11975756446767258     
         623  0.29991909627009783       0.18012876945123227       0.11979032681886556     
         624  0.29991904527040664       0.18009596367699218       0.11982308159341445     
         625  0.29991899518514137       0.18006316639723632       0.11985582878790504     
         626  0.29991894599790625       0.18003037759888388       0.11988856839902237     
         627  0.29991889769259955       0.17999759726906020       0.11992130042353935     
         628  0.29991885025375803       0.17996482619307586       0.11995402406068217     
         629  0.29991880366480334       0.17993206196437875       0.11998674170042459     
         630  0.29991875791153311       0.17989930696476841       0.12001945094676469     
         631  0.29991871297862055       0.17986656038398272       0.12005215259463783     
         632  0.29991866885135637       0.17983382221010394       0.12008484664125244     
         633  0.29991862551529536       0.17980109243132825       0.12011753308396711     
         634  0.29991858295625123       0.17976837103605048       0.12015021192020076     
         635  0.29991854116029210       0.17973565801279501       0.12018288314749709     
         636  0.29991850011373578       0.17970295335029124       0.12021554676344454     
         637  0.29991845980314558       0.17967025703739353       0.12024820276575204     
         638  0.29991842021532550       0.17963756906313327       0.12028085115219223     
         639  0.29991838133731641       0.17960488941671648       0.12031349192059992     
         640  0.29991834315639126       0.17957221808746390       0.12034612506892736     
         641  0.29991830566005134       0.17953955506484107       0.12037875059521028     
         642  0.29991826883602196       0.17950690033851507       0.12041136849750689     
         643  0.29991823267224887       0.17947425389824256       0.12044397877400631     
         644  0.29991819715689333       0.17944161573396022       0.12047658142293310     
         645  0.29991816227832940       0.17940898583571116       0.12050917644261824     
         646  0.29991812802513934       0.17937636419371528       0.12054176383142406     
         647  0.29991809438611017       0.17934375079827647       0.12057434358783370     
         648  0.29991806135022997       0.17931114563987907       0.12060691571035090     
         649  0.29991802890668423       0.17927854870910076       0.12063948019758347     
         650  0.29991793502434011       0.17918080205602782       0.12073713296831229     
         651  0.29991787520862723       0.17911568517358950       0.12080219003503773     
         652  0.29991781751845947       0.17905059782808663       0.12086721969037284     
         653  0.29991776187892827       0.17898554587705964       0.12093221600186863     
         654  0.29991770821594349       0.17892052095235117       0.12099718726359232     
         655  0.29991768210430347       0.17888802403753506       0.12102965806676841     
         656  0.29991765646065160       0.17885553326465647       0.12106212319599513     
         657  0.29991763127679144       0.17882305060017359       0.12109458067661785     
         658  0.29991760654447902       0.17879057603626622       0.12112703050821280     
         659  0.29991758225561788       0.17875810956532692       0.12115947269029095     
         660  0.29991755840225698       0.17872565117981368       0.12119190722244330     
         661  0.29991753497658785       0.17869320087229859       0.12122433410428926     
         662  0.29991751197094180       0.17866075863543979       0.12125675333550201     
         663  0.29991748937778812       0.17862832446198224       0.12128916491580588     
         664  0.29991746718973056       0.17859589834476641       0.12132156884496414     
         665  0.29991744539950571       0.17856348027670602       0.12135396512279970     
         666  0.29991742399998056       0.17853107025082549       0.12138635374915507     
         667  0.29991740298414987       0.17849866826020452       0.12141873472394535     
         668  0.29991738234513377       0.17846627429802275       0.12145110804711101     
         669  0.29991736207617631       0.17843388835753643       0.12148347371863988     
         670  0.29991734217064192       0.17840151043208455       0.12151583173855737     
         671  0.29991732262201476       0.17836914051507077       0.12154818210694399     
         672  0.29991730342389517       0.17833677859999783       0.12158052482389733     
         673  0.29991728456999883       0.17830442468042482       0.12161285988957402     
         674  0.29991726605415359       0.17827207875000262       0.12164518730415097     
         675  0.29991724787029833       0.17823974080242255       0.12167750706787578     
         676  0.29991723001248033       0.17820741083150263       0.12170981918097770     
         677  0.29991721247485376       0.17817508883105584       0.12174212364379791     
         678  0.29991719525167776       0.17814277479502807       0.12177442045664968     
         679  0.29991717833731402       0.17811046871741146       0.12180670961990256     
         680  0.29991716172622540       0.17807817059224396       0.12183899113398144     
         681  0.29991714541309555       0.17804588120142234       0.12187126421167321     
         682  0.29991712939222087       0.17801359817584828       0.12190353121637260     
         683  0.29991708303273840       0.17791679393986587       0.12200028909287253     
         684  0.29991705349550157       0.17785230393397058       0.12206474956153099     
         685  0.29991703912294038       0.17782007118763388       0.12209696793530650     
         686  0.29991702500797179       0.17778784437753725       0.12212918063043454     
         687  0.29991701114608543       0.17775562546394999       0.12216138568213544     
         688  0.29991698416338830       0.17769120934077695       0.12222577482261135     
         689  0.29991697103394588       0.17765901604931039       0.12225795498463549     
         690  0.29991695813981617       0.17762682866907259       0.12229012947074358     
         691  0.29991694547687892       0.17759464915944242       0.12232229631743649     
         692  0.29991693304098860       0.17756247751532420       0.12235445552566440     
         693  0.29991692082807442       0.17753031373173536       0.12238660709633906     
         694  0.29991690883413824       0.17749815780374881       0.12241875103038943     
         695  0.29991689705525415       0.17746600972646370       0.12245088732879045     
         696  0.29991688548756584       0.17743386949505865       0.12248301599250719     
         697  0.29991687412728674       0.17740173710474941       0.12251513702253733     
         698  0.29991686297069803       0.17736961255077141       0.12254725041992662     
         699  0.29991685201414747       0.17733749582844438       0.12257935618570309     
         700  0.29991684125404844       0.17730538693308337       0.12261145432096507     
         701  0.29991683068687830       0.17727328586009011       0.12264354482678819     
         702  0.29991682030917827       0.17724119260489249       0.12267562770428578     
         703  0.29991681011755073       0.17720910716294380       0.12270770295460692     
         704  0.29991680010865962       0.17717702952975370       0.12273977057890592     
         705  0.29991679027922841       0.17714495970086630       0.12277183057836211     
         706  0.29991678062603938       0.17711289767187335       0.12280388295416603     
         707  0.29991677114593251       0.17708084343839128       0.12283592770754123     
         708  0.29991676183580435       0.17704879699607798       0.12286796483972637     
         709  0.29991675269260731       0.17701675834065153       0.12289999435195578     
         710  0.29991674371334820       0.17698472746781738       0.12293201624553082     
         711  0.29991673489508769       0.17695270437335323       0.12296403052173446     
         712  0.29991672623493887       0.17692068905306094       0.12299603718187793     
         713  0.29991671773006712       0.17688868150279016       0.12302803622727695     
         714  0.29991670937768811       0.17685668171840505       0.12306002765928306     
         715  0.29991668520846859       0.17676072970117737       0.12315595550729122     
         716  0.29991667743914557       0.17672876015826652       0.12318791728087905     
         717  0.29991666980918469       0.17669679914254877       0.12321987066663592     
         718  0.29991665495717129       0.17663289837597126       0.12328375658120003     
         719  0.29991664773036791       0.17660096253053520       0.12331568519983271     
         720  0.29991660701022416       0.17640947640545424       0.12350713060476992     
         721  0.29991660064330528       0.17637761414902009       0.12353898649428519     
         722  0.29991659439029755       0.17634573808185186       0.12357085630844569     
         723  0.29991658824940665       0.17631386971585175       0.12360271853355490     
         724  0.29991658221862227       0.17628200904656285       0.12363457317205942     
         725  0.29991657629597018       0.17625015607038322       0.12366642022558696     
         726  0.29991657047951142       0.17621831078379524       0.12369825969571618     
         727  0.29991656476734213       0.17618647318321448       0.12373009158412765     
         728  0.29991655915759236       0.17615464326512920       0.12376191589246316     
         729  0.29991655364842568       0.17612282102604512       0.12379373262238055     
         730  0.29991654823803859       0.17609100646249529       0.12382554177554331     
         731  0.29991654292466002       0.17605919957102614       0.12385734335363388     
         732  0.29991653770655058       0.17602740034819139       0.12388913735835919     
         733  0.29991653258200218       0.17599560879060022       0.12392092379140196     
         734  0.29991652754933712       0.17596382489486126       0.12395270265447586     
         735  0.29991652260690804       0.17593204865758863       0.12398447394931941     
         736  0.29991651775309691       0.17590028007544431       0.12401623767765260     
         737  0.29991651298631494       0.17586851914509685       0.12404799384121809     
         738  0.29991650830500155       0.17583676586323860       0.12407974244176295     
         739  0.29991650370762435       0.17580502022657252       0.12411148348105183     
         740  0.29991649919267838       0.17577328223182567       0.12414321696085270     
         741  0.29991649475868565       0.17574155187575535       0.12417494288293029     
         742  0.29991649040419466       0.17570982915511185       0.12420666124908281     
         743  0.29991648612777982       0.17567811406667289       0.12423837206110694     
         744  0.29991648192804132       0.17564640660725103       0.12427007532079029     
         745  0.29991647780360442       0.17561470677364319       0.12430177102996123     
         746  0.29991647375311881       0.17558301456269829       0.12433345919042052     
         747  0.29991646586875087       0.17551965377203826       0.12439681209671261     
         748  0.29991646203225780       0.17548798440990690       0.12442847762235090     
         749  0.29991645826452518       0.17545632188268731       0.12446013638183787     
         750  0.29991645456437632       0.17542466773809956       0.12449178682627676     
         751  0.29991645093057129       0.17539302119748687       0.12452342973308442     
         752  0.29991644736192058       0.17536138225779513       0.12455506510412545     
         753  0.29991644385725597       0.17532975091599226       0.12458669294126370     
         754  0.29991643703529092       0.17526650906648303       0.12464992796880789     
         755  0.29991643371580839       0.17523490244772011       0.12468153126808829     
         756  0.29991643045581934       0.17520330146723637       0.12471312898858297     
         757  0.29991642411012448       0.17514012030543508       0.12477630380468940     
         758  0.29991642102238919       0.17510854401149387       0.12480787701089532     
         759  0.29991641501194666       0.17504540830327853       0.12487100670866813     
         760  0.29991641208734088       0.17501385472209358       0.12490255736524730     
         761  0.29991640921515134       0.17498230676004090       0.12493410245511044     
         762  0.29991640639446027       0.17495076636047910       0.12496564003398117     
         763  0.29991640362434435       0.17491923352045133       0.12499717010389302     
         764  0.29991640090389671       0.17488770823712046       0.12502869266677624     
         765  0.29991639823222688       0.17485619050762435       0.12506020772460252     
         766  0.29991639560846017       0.17482468032911655       0.12509171527934362     
         767  0.29991639303173778       0.17479317769877911       0.12512321533295867     
         768  0.29991639050121616       0.17476168261379907       0.12515470788741709     
         769  0.29991638801606685       0.17473019507134463       0.12518619294472222     
         770  0.29991638557547656       0.17469871506864140       0.12521767050683516     
         771  0.29991638317864605       0.17466724260288910       0.12524914057575695     
         772  0.29991638082479083       0.17463577767132688       0.12528060315346395     
         773  0.29991637851314035       0.17460432027116815       0.12531205824197220     
         774  0.29991637624293804       0.17457287039968022       0.12534350584325782     
         775  0.29991637401344040       0.17454142805410597       0.12537494595933443     
         776  0.29991637182391784       0.17450999323169489       0.12540637859222295     
         777  0.29991636967365354       0.17447856592973338       0.12543780374392016     
         778  0.29991636756194351       0.17444714614550214       0.12546922141644137     
         779  0.29991636548809669       0.17441573387630085       0.12550063161179584     
         780  0.29991636345143402       0.17438432911939555       0.12553203433203847     
         781  0.29991636145128864       0.17435293187213616       0.12556342957915248     
         782  0.29991635948700618       0.17432154213180651       0.12559481735519967     
         783  0.29991635755794338       0.17429015989575600       0.12562619766218738     
         784  0.29991635566348279       0.17425878593140012       0.12565756973208267     
         785  0.29991635380296211       0.17422741792575333       0.12568893587720878     
         786  0.29991635197582800       0.17419605895644211       0.12572029301938589     
         787  0.29991635018142765       0.17416470594097566       0.12575164424045199     
         788  0.29991634841922743       0.17413336195605400       0.12578298646317343     
         789  0.29991634668859757       0.17410202392025834       0.12581432276833923     
         790  0.29991634331988515       0.17403936990272895       0.12587697341715620     
         791  0.29991634168071207       0.17400805702605163       0.12590828465466045     
         792  0.29991634007091700       0.17397674968726709       0.12593959038364991     
         793  0.29991633848998561       0.17394544982392610       0.12597088866605952     
         794  0.29991633693740044       0.17391415743335745       0.12600217950404299     
         795  0.29991633541265328       0.17388287251301079       0.12603346289964248     
         796  0.29991633391524480       0.17385159506029779       0.12606473885494701     
         797  0.29991633244468496       0.17382032507265724       0.12609600737202772     
         798  0.29991633100049231       0.17378906254755497       0.12612726845293734     
         799  0.29991632958219422       0.17375780748241670       0.12615852209977751     
         800  0.29991632818932623       0.17372655987471095       0.12618976831461529     
         801  0.29991632682143243       0.17369531972189892       0.12622100709953352     
         802  0.29991632547806507       0.17366408702145530       0.12625223845660977     
         803  0.29991632415878428       0.17363286177086024       0.12628346238792404     
         804  0.29991632286315828       0.17360164396757466       0.12631467889558362     
         805  0.29991632159076298       0.17357043360909560       0.12634588798166738     
         806  0.29991632034118176       0.17353923069294072       0.12637708964824104     
         807  0.29991631911400551       0.17350803521657560       0.12640828389742992     
         808  0.29991631790883283       0.17347684717751988       0.12643947073131295     
         809  0.29991631672526875       0.17344566657327332       0.12647065015199543     
         810  0.29991631556292608       0.17341449340137727       0.12650182216154882     
         811  0.29991631442142436       0.17338332765933656       0.12653298676208780     
         812  0.29991631330038970       0.17335216934466904       0.12656414395572066     
         813  0.29991631219945541       0.17332101845492037       0.12659529374453504     
         814  0.29991631111826078       0.17328987498763460       0.12662643613062619     
         815  0.29991631005645208       0.17325873894033789       0.12665757111611420     
         816  0.29991630901368171       0.17322761031059120       0.12668869870309052     
         817  0.29991630798961577       0.17319648986158956       0.12671981812802621     
         818  0.29991630698389643       0.17316537529391313       0.12675093168998330     
         819  0.29991630599621705       0.17313426890214650       0.12678203709407054     
         820  0.29991630407366110       0.17307207640508246       0.12684422766857864     
         821  0.29991630043109629       0.17294777672432118       0.12696852370677511     
         822  0.29991629956092913       0.17291673144224115       0.12699956811868798     
         823  0.29991629870634401       0.17288568424470091       0.12703061446164310     
         824  0.29991629786708163       0.17285464443592904       0.12706165343115258     
         825  0.29991629704286732       0.17282361201325833       0.12709268502960899     
         826  0.29991629623343719       0.17279258773827402       0.12712370849516316     
         827  0.29991629543850823       0.17276156931660924       0.12715472612189899     
         828  0.29991629465783831       0.17273055903790610       0.12718573561993221     
         829  0.29991629389116586       0.17269955613575078       0.12721673775541509     
         830  0.29991629313823992       0.17266856060778293       0.12724773253045699     
         831  0.29991629239881384       0.17263757245163008       0.12727871994718376     
         832  0.29991629167264588       0.17260659166492948       0.12730970000771641     
         833  0.29991629095949812       0.17257561824533227       0.12734067271416585     
         834  0.29991629025913702       0.17254465219045570       0.12737163806868132     
         835  0.29991628957133359       0.17251369349795764       0.12740259607337595     
         836  0.29991628889586242       0.17248274216550777       0.12743354673035465     
         837  0.29991628823250249       0.17245179819072212       0.12746449004178037     
         838  0.29991628758103667       0.17242086157128281       0.12749542600975386     
         839  0.29991628694125161       0.17238993230484737       0.12752635463640424     
         840  0.29991628631293799       0.17235901038907522       0.12755727592386276     
         841  0.29991628569589002       0.17232809582162797       0.12758818987426204     
         842  0.29991628508990575       0.17229718860018264       0.12761909648972311     
         843  0.29991628449478686       0.17226628872241564       0.12764999577237121     
         844  0.29991628391033848       0.17223539618600439       0.12768088772433409     
         845  0.29991628333636916       0.17220451098862324       0.12771177234774592     
         846  0.29991628277269133       0.17217363312795561       0.12774264964473572     
         847  0.29991628221912020       0.17214276260168376       0.12777351961743644     
         848  0.29991628167547457       0.17211189940751601       0.12780438226795857     
         849  0.29991628114157659       0.17208104354312240       0.12783523759845419     
         850  0.29991628061725145       0.17205019500621627       0.12786608561103519     
         851  0.29991628010232751       0.17201935379448685       0.12789692630784066     
         852  0.29991627910000801       0.17195769140889061       0.12795858769111740     
         853  0.29991627861229198       0.17192687408746521       0.12798940452482677     
         854  0.29991627813331700       0.17189606215343686       0.12802021597988014     
         855  0.29991627766293361       0.17186525829340238       0.12805101936953123     
         856  0.29991627720097730       0.17183446022435597       0.12808181697662133     
         857  0.29991627674730725       0.17180367022470780       0.12811260652259945     
         858  0.29991627630177153       0.17177288753190975       0.12814338876986178     
         859  0.29991627586422437       0.17174211214371538       0.12817416372050899     
         860  0.29991627501252188       0.17168058134493919       0.12823569366758270     
         861  0.29991627419109085       0.17161908166466552       0.12829719252642532     
         862  0.29991627339885230       0.17155761115744761       0.12835866224140469     
         863  0.29991627301335755       0.17152688876445699       0.12838938424890056     
         864  0.29991627263477461       0.17149617249011187       0.12842010014466274     
         865  0.29991627226297407       0.17146546198251458       0.12845081028045949     
         866  0.29991627189784270       0.17143475951571072       0.12848151238213198     
         867  0.29991627153925821       0.17140406432859312       0.12851220721066509     
         868  0.29991627118710307       0.17137337641897707       0.12854289476812600     
         869  0.29991627084126221       0.17134269578459865       0.12857357505666356     
         870  0.29991627050162223       0.17131202242322099       0.12860424807840123     
         871  0.29991627016807193       0.17128135633260672       0.12863491383546521     
         872  0.29991626984050229       0.17125069751051811       0.12866557232998418     
         873  0.29991626951880607       0.17122004595472134       0.12869622356408472     
         874  0.29991626920287778       0.17118940166296986       0.12872686753990792     
         875  0.29991626889261408       0.17115876463306592       0.12875750425954816     
         876  0.29991626858791348       0.17112813486274550       0.12878813372516798     
         877  0.29991626828867624       0.17109751234981277       0.12881875593886347     
         878  0.29991626799480414       0.17106689709203693       0.12884937090276721     
         879  0.29991626770620133       0.17103628908717691       0.12887997861902442     
         880  0.29991626742277322       0.17100568833303145       0.12891057908974177     
         881  0.29991626714442687       0.17097509482738102       0.12894117231704585     
         882  0.29991626687107142       0.17094450856801638       0.12897175830305505     
         883  0.29991626660261711       0.17091392955270818       0.12900233704990893     
         884  0.29991626633897622       0.17088335777925742       0.12903290855971880     
         885  0.29991626608006255       0.17085279324545088       0.12906347283461167     
         886  0.29991626582579295       0.17082223670523938       0.12909402912055357     
         887  0.29991626557607881       0.17079168588792909       0.12912457968814972     
         888  0.29991626533084570       0.17076114381580851       0.12915512151503719     
         889  0.29991626509000591       0.17073060746254662       0.12918565762745929     
         890  0.29991626485348805       0.17070007984964772       0.12921618500384033     
         891  0.29991626462120924       0.17066955870731351       0.12924670591389573     
         892  0.29991626439309504       0.17063904478917327       0.12927721960392177     
         893  0.29991626416906936       0.17060853733775450       0.12930772683131486     
         894  0.29991626394906218       0.17057803786167922       0.12933822608738296     
         895  0.29991626373300129       0.17054754635835778       0.12936871737464350     
         896  0.29991626352081285       0.17051706131528085       0.12939920220553200     
         897  0.29991626331242732       0.17048658273058923       0.12942968058183810     
         898  0.29991626310777975       0.17045611211202685       0.12946015099575289     
         899  0.29991626290680151       0.17042564870236507       0.12949061420443644     
         900  0.29991626270942690       0.17039519249944185       0.12952107020998505     
         901  0.29991626251559111       0.17036474350107064       0.12955151901452047     
         902  0.29991626232523083       0.17033430170507532       0.12958196062015551     
         903  0.29991626213828376       0.17030386710927811       0.12961239502900565     
         904  0.29991626195468862       0.17027343971152278       0.12964282224316584     
         905  0.29991626177438541       0.17024301950960299       0.12967324226478241     
         906  0.29991626159731499       0.17021260650137623       0.12970365509593876     
         907  0.29991626142341948       0.17018220068465936       0.12973406073876012     
         908  0.29991626125264192       0.17015180205729671       0.12976445919534521     
