   1.1966924764472342        1.6920149048853707E-008
   1.1752357165226244        9.5335801081456376E-009
   1.1541636774477919        5.3477070815088640E-009
   1.1334694611573846        2.9871072330565146E-009
   1.1131462932687264        1.6619386256109127E-009
   1.0931875208641848        9.2122856255264166E-010
   1.0735866103132974        5.0887755611811034E-010
   1.0543371451339418        2.8019212906530345E-010
   1.0354328238918615        1.5381425064055331E-010
   1.0168674581378567        8.4204357055213122E-011
  0.99863497038194815        4.5979826935810962E-011
  0.98072939210387666        2.5049001987225154E-011
  0.96314486179926861        1.3617504912821172E-011
  0.94587562306084016        7.3889126211341227E-012
  0.92891602269399343        4.0024825249195841E-012
  0.91226050886621135        2.1648735688309434E-012
  0.89590362928963319        1.1694355659387342E-012
  0.87984002943620665        6.3102339140303214E-013
  0.86406445078485394        3.4019115790242721E-013
  0.84857172910006262        1.8326953297781429E-013
  0.83335679274133656        9.8679468389748667E-014
  0.81841466100296323        5.3114183657178940E-014
  0.80374044248355236        2.8583647114917164E-014
  0.78932933348479917        1.5382353275636762E-014
  0.77517661643896463        8.2794003330027370E-015
  0.76127765836455430        4.4577660938028820E-015
  0.74762790934967649        2.4013070080956970E-015
  0.73422290106260191        1.2943694378652287E-015
  0.72105824528903029        6.9825734941345363E-016
  0.70812963249557515        3.7703743665026120E-016
  0.69543283041901371        2.0381144320718694E-016
  0.68296368268083074        1.1030867980491399E-016
  0.67071810742659688        5.9784447370564142E-017
  0.65869209598975087        3.2450622142101851E-017
  0.64688171157933860        1.7642961299678893E-017
  0.63528308799127542        9.6092494317098701E-018
  0.62389242834272318        5.2436222583284359E-018
  0.61270600382915463        2.8671488105190895E-018
  0.60172015250370847        1.5710770650345130E-018
  0.59093127807842405        8.6282604392568473E-019
  0.58033584874697597        4.7498092798272669E-019
  0.56993039602851592        2.6212203470444551E-019
  0.55971151363224059        1.4502777888848755E-019
  0.54967585634232263        8.0456968534072044E-020
  0.53982013892283442        4.4759381220573101E-020
  0.53014113504230187        2.4972050766278371E-020
  0.52063567621754669        1.3973800003449385E-020
  0.51130065077646436        7.8433961115763770E-021
  0.50213300283939544        4.4163238345864250E-021
  0.49312973131876642        2.4947173436683605E-021
  0.48428788893666364        1.4139065636109336E-021
  0.47560458126002492        8.0406841109257986E-022
  0.46707696575312579        4.5885023834204674E-022
  0.45870225084705896        2.6277624984490739E-022
  0.45047769502589807        1.5103191909754085E-022
  0.44240060592924196        8.7126035610778264E-023
  0.43446833947085522        5.0448893551001986E-023
  0.42667829897311077        2.9322876356306930E-023
  0.41902793431694874        1.7109538067107886E-023
  0.41151474110707992        1.0022388813110413E-023
  0.40413625985215745        5.8980992429912870E-024
  0.39689007515964442        3.4824195184194629E-024
  0.38977381494512076        2.0648284291800532E-024
  0.38278514965576760        1.2293574511941371E-024
  0.37592179150777161        7.3439935390141949E-025
  0.36918149373740483        4.4088361383596979E-025
  0.36256204986553420        2.6580179427908533E-025
  0.35606129297531380        1.6100028080630185E-025
  0.34967709500283273        9.7861852332063822E-026
  0.34340736604047994        5.9810990501879026E-026
  0.33725005365279898        3.6660921437910012E-026
  0.33120314220461006        2.2587180386194421E-026
  0.32526465220118089        1.3981778926486115E-026
  0.31943263964022445        8.6896709334238916E-027
  0.31370519537551794        5.4259252940365272E-027
  0.30808044449193356        3.4039235243908695E-027
  0.30255654569167068        2.1439254119864358E-027
  0.29713169069149631        1.3567664375425102E-027
  0.29180410363079340        8.6277976229256037E-028
  0.28657204049021923        5.5080029074869441E-028
  0.28143378852079137        3.5355751011185026E-028
  0.27638766568320844        2.2773907054337204E-028
  0.26656522950088773        9.5955775136064823E-029
  0.25248219821910795        2.7123518729557193E-029
  0.24350932935736327        1.1997957003400742E-029
  0.21069536033940783        5.4272626456454109E-031
  0.19956401602964344        1.9008022027164882E-031
  0.19247178632795495        9.8992157659096281E-032
  0.18902075693420428        7.2649851348812589E-032
  0.18563160468153334        5.3705732201352667E-032
  0.18230322010950301        3.8702098486521555E-032
  0.17903451365035833        2.9890786254809935E-032
  0.17582441527235232        2.9387281796142393E-033
  0.16957585821740048        2.6874089297194039E-043
  0.16653535403575570        2.8637844979531947E-043
  0.16354936625624392        3.0491623636941659E-043
  0.16061691739686729        3.2438044752353808E-043
  0.15773704750193224        3.4480223505400317E-043
  0.15490881382780253        3.6621320548019362E-043
  0.15213129053428509        3.8864540585362447E-043
  0.14940356838155097        4.1213131853835379E-043
  0.14672475443249014        4.3670385668924976E-043
  0.14409397176040228        4.6239635967478209E-043
  0.14151035916192953        4.8924258943383937E-043
  0.13897307087513655        5.1727672728098273E-043
  0.13648127630264426        5.4653337090917805E-043
  0.13403415973972879        5.7704753225353481E-043
  0.13163092010729599        6.0885463601088674E-043
  0.12927077068964210        6.4199051843289961E-043
  0.12695293887691789        6.7649142689920498E-043
  0.12244120664315811        7.4975984031130926E-043
  0.12024582927802115        7.8855295119201214E-043
  0.11808981514612504        8.2888468812214308E-043
  0.11597245846259799        8.7076887645851950E-043
  0.11389306609732927        9.1423473341939216E-043
  0.11185095734806802        9.5935001896556227E-043
  0.10984546371759042        1.0061257311919087E-042
  0.10787592869486412        1.0546114399972531E-042
  0.10594170754013459        1.1048476174616264E-042
  0.10404216707386488        1.1568751864175121E-042
  0.10034465204971510        1.2665011224294639E-042
   9.8545467086890326E-002   1.3241223582090849E-042
   9.6778541606403048E-002   1.3837339652119237E-042
   9.5043297194014609E-002   1.4453485856494237E-042
   9.3339165806484020E-002   1.5090100113984756E-042
   9.1665589585616547E-002   1.5747625474827130E-042
   9.0022020675644285E-002   1.6426510235219602E-042
   8.8407921043882426E-002   1.7127208072412059E-042
   8.6822762304601106E-002   1.7850178174891088E-042
   8.5266025546054808E-002   1.8595885371930533E-042
   8.3737201160612854E-002   1.9364800281173423E-042
   8.2235788677937099E-002   2.0157399452847345E-042
   8.0761296601148946E-002   2.0974165532977157E-042
   7.9313242245935014E-002   2.1815587413082957E-042
   7.7891151582537677E-002   2.2682160397692424E-042
   7.6494559080577881E-002   2.3574386382403840E-042
   7.5123007556661112E-002   2.4492774022127831E-042
   7.3776048024715726E-002   2.5437838920345664E-042
   7.2453239549014073E-002   2.6410103810009054E-042
   7.1154149099829575E-002   2.7410098752082820E-042
   6.9878351411682096E-002   2.8438361334507635E-042
   6.8625428844123718E-002   2.9495436864778111E-042
   6.7394971245022445E-002   3.0581878595168077E-042
   6.6186575816295765E-002   3.1698247924257697E-042
   6.4999846982052231E-002   3.2845114623655866E-042
   6.3834396259097120E-002   3.4023057048685405E-042
   6.2689842129760462E-002   3.5232662394097133E-042
   6.1565809917003972E-002   3.6474526894701923E-042
   6.0461931661768997E-002   3.7749256084570286E-042
   5.9377846002522404E-002   3.9057465044909079E-042
   5.8313198056962466E-002   4.0399778638711476E-042
   5.7267639305846080E-002   4.1776831772822230E-042
   5.6240827478898983E-002   4.3189269654090120E-042
   5.5232426442770786E-002   4.4637748053841603E-042
   5.4242106091000344E-002   4.6122933583327107E-042
   5.2314416502695138E-002   4.9206623353268501E-042
   5.1376416224773326E-002   5.0805567412336678E-042
   5.0455234341860111E-002   5.2444473681611995E-042
   4.9550569299235833E-002   5.4123592509668242E-042
   4.8662124949073349E-002   5.5843661261322407E-042
   4.7789610453491775E-002   5.7605430309668780E-042
   4.6091233654740528E-002   6.1257637016851882E-042
   4.5264815377176908E-002   6.3148642474204888E-042
   4.4453214823404433E-002   6.5084984250972445E-042
   4.3656166310845367E-002   6.7066982150333966E-042
   4.2873408920624606E-002   6.9095470151598164E-042
   4.2104686412156415E-002   7.1171297533159371E-042
   4.1349747139262573E-002   7.3295329043724225E-042
   4.0608343967794058E-002   7.5468445254525804E-042
   3.9880234194730399E-002   7.7691542916225125E-042
   3.9165179468729314E-002   7.9965535321181024E-042
   3.8462945712100655E-002   8.2291352678234851E-042
   3.7773303044179800E-002   8.4669942471785438E-042
   3.7096025706074759E-002   8.7102269870128875E-042
   3.6430891986762456E-002   8.9589318085531168E-042
   3.5777684150510247E-002   9.2132088791622768E-042
   3.5136188365598897E-002   9.4731602508152217E-042
   3.4506194634323223E-002   9.7388899005667797E-042
   3.3887496724248060E-002   1.0010503774052759E-041
   3.3279892100696928E-002   1.0288109824813225E-041
   3.2683181860450786E-002   1.0571818059381259E-041
   3.2097170666635935E-002   1.0861740579390907E-041
   3.1521666684779320E-002   1.1157991626161887E-041
   3.0956481520010126E-002   1.1460687624992301E-041
   3.0401430155387626E-002   1.1769947233469882E-041
   2.9856330891334795E-002   1.2085891382681839E-041
   2.9321005286157623E-002   1.2408643330980350E-041
   2.8795278097631192E-002   1.2738328706656372E-041
   2.8278977225633137E-002   1.3075075560119552E-041
   2.7771933655805280E-002   1.3419014411110729E-041
   2.6784957463074383E-002   1.4129061164159537E-041
   2.6304701747268174E-002   1.4495326302031057E-041
   2.5833057042059304E-002   1.4869368453348965E-041
   2.4914985848243049E-002   1.5641372029537561E-041
   2.4468258823219947E-002   1.6039468645993619E-041
   2.4029541637580292E-002   1.6445955769664659E-041
   2.3598690674476813E-002   1.6860929409909332E-041
   2.2760025777606743E-002   1.7717032140029017E-041
   2.2351937301578289E-002   1.8158366365646669E-041
   2.1951165873689189E-002   1.8608898643547243E-041
   2.1557580298876035E-002   1.9068739621378281E-041
   2.1171051734409974E-002   1.9538063451321713E-041
   2.0791453647719081E-002   2.0017047699329676E-041
   2.0418661774967296E-002   2.0505873392494255E-041
   2.0052554080375613E-002   2.1004725088701844E-041
   1.9693010716273211E-002   2.1513790945090613E-041
   1.9339913983864299E-002   2.2033262789788457E-041
   1.8993148294698791E-002   2.2563336192479129E-041
   1.8652600132833701E-002   2.3104210538910342E-041
   1.8318158017672979E-002   2.3656089104937865E-041
   1.7989712467473492E-002   2.4219179132221100E-041
   1.7667155963505730E-002   2.4793691907186636E-041
   1.7350382914856674E-002   2.5379842837085359E-041
   1.7039289623863994E-002   2.5977851532812494E-041
   1.6733774252170028E-002   2.6587941889563728E-041
   1.6433736787384263E-002   2.7210342170623029E-041
   1.6139079010343661E-002   2.7845285090732910E-041
   1.5849704462960062E-002   2.8493007906597890E-041
   1.5565518416643987E-002   2.9153752498521278E-041
   1.5286427841294517E-002   2.9827765465231969E-041
   1.5012341374845530E-002   3.0515298214868486E-041
   1.4743169293357497E-002   3.1216607054018432E-041
   1.4478823481646015E-002   3.1931953289261648E-041
   1.4219217404436591E-002   3.2661603316039271E-041
   1.3964266078036847E-002   3.3405828724240941E-041
   1.3713886042516473E-002   3.4164906393831844E-041
   1.3226513459766604E-002   3.5728818827807191E-041
   1.2527737392266943E-002   3.8193328350690610E-041
   1.2303114392695260E-002   3.9047443351347053E-041
   1.2082518895485495E-002   3.9918730667999277E-041
   1.1865878687305464E-002   4.0807263740232631E-041
   1.1653122849611936E-002   4.1713396630111771E-041
   1.1444181735434955E-002   4.2637465091604162E-041
   1.1238986946578378E-002   4.3579811400250246E-041
   1.0839568861969526E-002   4.5520807659125431E-041
   1.0645214814179351E-002   4.6520040785408737E-041
   1.0454345544831326E-002   4.7539056270030151E-041
   1.0266898571662162E-002   4.8578163413859026E-041
   1.0082812532718805E-002   4.9637746380409803E-041
   9.9020271662713655E-003   5.0718196802969778E-041
   9.7244832910859808E-003   5.1819913920488348E-041
   9.5501227870514044E-003   5.2943304720887096E-041
   9.3788885761531497E-003   5.4088784091117342E-041
   9.2107246037885521E-003   5.5256774971315491E-041
   9.0455758204169776E-003   5.6447708504684526E-041
   8.8833881635389574E-003   5.7662024198605958E-041
   8.7241085399985211E-003   5.8900170085725532E-041
   8.5676848086028538E-003   6.0162602884980091E-041
   8.4140657630534903E-003   6.1449788174269214E-041
   8.2632011151836417E-003   6.2762200550956112E-041
   8.1150414784960032E-003   6.4100323815571019E-041
   7.9695383519957797E-003   6.5464651142107961E-041
   7.8266441043136955E-003   6.6855685260826742E-041
   7.6863119581133642E-003   6.8273938642197899E-041
   7.5484959747785874E-003   6.9719933680443180E-041
   7.4131510393749935E-003   7.1194202888847466E-041
   7.2802328458814068E-003   7.2697289091761643E-041
   7.1496978826859434E-003   7.4229745622733138E-041
   7.0215034183422403E-003   7.5792136528158323E-041
   6.8956074875810786E-003   7.7385036770041321E-041
   6.7719688775727347E-003   7.9009032438286598E-041
   6.5313024499874459E-003   8.2352784065774896E-041
   6.4141958487322461E-003   8.4073624334050738E-041
   6.2991889750830723E-003   8.5828092707905198E-041
   6.1862441808119657E-003   8.7616732852253587E-041
   6.0753244927257023E-003   8.9440288188486329E-041
   5.9663936005623988E-003   9.1299313758928524E-041
   5.8594158451050647E-003   9.3194609022657344E-041
   5.6511802928348384E-003   9.7096648235020414E-041
   5.5498543287959921E-003   9.9104773422765964E-041
   5.4503451446962703E-003   1.0115191648137049E-040
   5.3526201655744845E-003   1.0323892738389164E-040
   5.2566474005402136E-003   1.0536659480214341E-040
   5.1623954323014084E-003   1.0753560992801802E-040
   5.0698334068797635E-003   1.0974679891309329E-040
   4.9789310235104399E-003   1.1200097332513783E-040
   4.8896585247229256E-003   1.1429896040068371E-040
   4.8019866865997574E-003   1.1664160335073487E-040
   4.7158868092098353E-003   1.1902976166781633E-040
   4.6313307072133950E-003   1.2146431143602341E-040
   4.5482907006352824E-003   1.2394614565628787E-040
   4.4667396058037977E-003   1.2647617456059868E-040
   4.3866507264519270E-003   1.2905532595393923E-040
   4.3079978449781214E-003   1.3168454554545572E-040
   4.2307552138638582E-003   1.3436479729530419E-040
   4.1548975472449640E-003   1.3709706376497034E-040
   4.0804000126341824E-003   1.3988234647163023E-040
   4.0072382227920676E-003   1.4272166625684084E-040
   3.9353882277436822E-003   1.4561606365461253E-040
   3.8648265069384201E-003   1.4856659927277690E-040
   3.7955299615503885E-003   1.5157435417406122E-040
   3.7274759069168754E-003   1.5464043027341533E-040
   3.6606420651123929E-003   1.5776595073748063E-040
   3.5950065576558438E-003   1.6095206039144362E-040
   3.5305478983484657E-003   1.6419992613683393E-040
   3.4672449862401659E-003   1.6751073737496750E-040
   3.4050770987220399E-003   1.7088570643857514E-040
   3.2840653581459787E-003   1.7783316742893593E-040
   3.2251818911288965E-003   1.8140800203065085E-040
   3.1673542078158004E-003   1.8505219989132777E-040
   3.0547908106896338E-003   1.9255381225389891E-040
   3.0000182485360976E-003   1.9641376826394015E-040
   2.9462277613431002E-003   2.0034854516123877E-040
   2.8934017404542234E-003   2.0435946092137015E-040
   2.7405390910461708E-003   2.1686445503827416E-040
   2.6914010789854904E-003   2.2119484887641343E-040
   2.5957523991718837E-003   2.3010918940755666E-040
   2.5035029414294530E-003   2.3937171797760946E-040
   2.4586150001729991E-003   2.4413770917717182E-040
   2.4145319020972291E-003   2.4899597842484686E-040
   2.3712392163209939E-003   2.5394821284993076E-040
   2.3287227707096091E-003   2.5899622243829531E-040
   2.2869686472355246E-003   2.6414185203493440E-040
   2.2459631774221583E-003   2.6938698200986555E-040
   2.2056929378694414E-003   2.7473352893861353E-040
   2.1661447458595942E-003   2.8018344629918060E-040
   2.1273056550416649E-003   2.8573872517800106E-040
   2.0891629511934685E-003   2.9140139499877539E-040
   2.0517041480594901E-003   2.9717352424765234E-040
   2.0149169832634579E-003   3.0305722123862963E-040
   1.9787894142941445E-003   3.0905463486408966E-040
   1.9433096145632044E-003   3.1516795538309524E-040
   1.9084659695336452E-003   3.2139941521065141E-040
   1.8742470729177453E-003   3.2775128973232542E-040
   1.8406417229431312E-003   3.3422589812665231E-040
   1.8076389186857998E-003   3.4082560420588938E-040
   1.7752278564689026E-003   3.4755281727349942E-040
   1.7433979263260979E-003   3.5440999299994461E-040
   1.7121387085283055E-003   3.6139963430810006E-040
   1.6814399701727452E-003   3.6852429228468117E-040
   1.6512916618331224E-003   3.7578656710695474E-040
   1.5926070351995106E-003   3.9073457208609391E-040
   1.5640515061215862E-003   3.9842585065127848E-040
   1.5360079792029499E-003   4.0626560975106705E-040
   1.4814203755414001E-003   4.2240231199869368E-040
   1.4548584292009472E-003   4.3070492977156521E-040
   1.4287727399749750E-003   4.3916795582707698E-040
   1.4031547685480245E-003   4.4779437094185228E-040
   1.3779961287150150E-003   4.5658732110989977E-040
   1.3290240481399684E-003   4.7468582512497921E-040
   1.3051945760774095E-003   4.8399775661721158E-040
   1.2817923677198037E-003   4.9348953478821538E-040
   1.2588097622061344E-003   5.0316450926308337E-040
   1.2362392360350319E-003   5.1302620698017004E-040
   1.2140734006019069E-003   5.2307822270773119E-040
   1.1923049997802468E-003   5.3332422034081311E-040
   1.1709269075462700E-003   5.4376793422757312E-040
   1.1499321256461803E-003   5.5441317052203970E-040
   1.1293137813052517E-003   5.6526380856129106E-040
   1.1090651249779718E-003   5.7632380227051951E-040
   1.0891795281385420E-003   5.8759718159314098E-040
   1.0696504811109804E-003   5.9908805395510226E-040
   1.0504715909381423E-003   6.1080060574569686E-040
   1.0316365792889504E-003   6.2273910383741494E-040
   1.0131392804031362E-003   6.3490789712663084E-040
   9.9497363907284273E-004   6.4731141811367311E-040
   9.7713370866040817E-004   6.5995418450091690E-040
   9.5961364915170635E-004   6.7284080083270015E-040
   9.4240772524437598E-004   6.8597596015655301E-040
   9.2551030447032736E-004   6.9936444572708161E-040
   9.0891585535192898E-004   7.1301113273324403E-040
   8.9261894559123777E-004   7.2692099006841585E-040
   8.7661424029170294E-004   7.4109908211768340E-040
   8.6089650021175048E-004   7.5555057059944587E-040
   8.4546058004968691E-004   7.7028071642881699E-040
   8.3030142675935678E-004   7.8529488162371775E-040
   8.1541407789598880E-004   8.0059853124112805E-040
   7.8643538696019743E-004   8.3209681604445690E-040
   7.7233455852988723E-004   8.4830262459284691E-040
   7.5848655870536003E-004   8.6482099326514819E-040
   7.3153099323316215E-004   8.9881928581284494E-040
   7.1841460351053778E-004   9.1631127680976564E-040
   7.0553339135516078E-004   9.3414057895655496E-040
   6.9288314002071110E-004   9.5231352691750139E-040
   6.8045970836734873E-004   9.7083673137058268E-040
   6.6825902950609683E-004   9.8971693000118822E-040
   6.5627710946751267E-004   1.0089609899225734E-039
   6.4451002589424058E-004   1.0285759101633047E-039
   6.3295392675699841E-004   1.0485688241936072E-039
   6.2160502909359473E-004   1.0689470025081482E-039
   6.1045961777055438E-004   1.0897178552380876E-039
   5.9951404426694243E-004   1.1108889348627513E-039
   5.8876472547999875E-004   1.1324679389001991E-039
   5.7820814255218802E-004   1.1544627127077295E-039
   5.6784083971927459E-004   1.1768812523249284E-039
   5.5765942317906466E-004   1.1997317073541507E-039
   5.4766055998041420E-004   1.2230223838977235E-039
   5.3784097693217387E-004   1.2467617475675331E-039
   5.2819745953168592E-004   1.2709584265471145E-039
   5.1872685091249710E-004   1.2956212146945230E-039
   5.0942605081093619E-004   1.3207590747387255E-039
   5.0029201455122454E-004   1.3463811415039210E-039
   4.9132175204878541E-004   1.3724967252067328E-039
   4.8251232683141641E-004   1.3991153148316486E-039
   4.7386085507801837E-004   1.4262465815355301E-039
   4.6536450467455937E-004   1.4539003821750115E-039
   4.5702049428696014E-004   1.4820867628346792E-039
   4.4882609245061361E-004   1.5108159624705148E-039
   4.4077861667621510E-004   1.5400984165973908E-039
   4.3287543257163882E-004   1.5699447610667952E-039
   4.2511395297955065E-004   1.6003658359099727E-039
   4.1749163713048225E-004   1.6313726892155354E-039
   4.1000598981110132E-004   1.6629765811788203E-039
   4.0265456054738001E-004   1.6951889881260641E-039
   3.9543494280242305E-004   1.7280216066495488E-039
   3.8834477318866923E-004   1.7614863578599087E-039
   3.7454353592305438E-004   1.8303613360888186E-039
   3.5475585265067468E-004   1.9387262324035808E-039
   3.4839506129283592E-004   1.9762466227368382E-039
   3.4214831926327713E-004   2.0144898765867313E-039
   3.2998884021219764E-004   2.0931991549552925E-039
   3.1826149226470444E-004   2.1749671667645341E-039
   3.1255504673490057E-004   2.2170349234771937E-039
   3.0695091807778183E-004   2.2599125727260807E-039
   3.0144727174636477E-004   2.3036153894840644E-039
   2.9604230608719009E-004   2.3481592278161694E-039
   2.9073425175054100E-004   2.3935602459820499E-039
   2.8552137111123680E-004   2.4398349122209737E-039
   2.8040195769980824E-004   2.4870000107013978E-039
   2.7537433564387543E-004   2.5350726475917250E-039
   2.7043685911953813E-004   2.5840702571845908E-039
   2.6558791181260677E-004   2.6340106082310847E-039
   2.6082590638949244E-004   2.6849118103041855E-039
   2.5614928397758142E-004   2.7367923203785993E-039
   2.5155651365492979E-004   2.7896709494116110E-039
   2.4704609194910399E-004   2.8435668692007581E-039
   2.4261654234501316E-004   2.8984996192330233E-039
   2.3826641480156058E-004   2.9544891137672040E-039
   2.3399428527696230E-004   3.0115556489837566E-039
   2.2979875526258094E-004   3.0697199103199861E-039
   2.2567845132511315E-004   3.1290029799169949E-039
   2.2163202465698829E-004   3.1894263441965843E-039
   2.1765815063482668E-004   3.2510119016488577E-039
   2.1375552838581629E-004   3.3137819706733412E-039
   2.0992288036186498E-004   3.3777592976523317E-039
   2.0615895192138562E-004   3.4429670651346073E-039
   1.9883234730009669E-004   3.5771693129291808E-039
   1.9176612009524487E-004   3.7165823744654178E-039
   1.8832774333468101E-004   3.7883054966195937E-039
   1.8495101685280928E-004   3.8614082384760889E-039
   1.8163483525684485E-004   3.9359166333814509E-039
   1.7837811297375479E-004   4.0118576676154452E-039
   1.6895413614940354E-004   4.2485555082573409E-039
   1.6592477947759558E-004   4.3305059440334666E-039
   1.6294973933247490E-004   4.4140337239666455E-039
   1.5715873049145982E-004   4.5859373783018624E-039
   1.5434086607217046E-004   4.6743747031469175E-039
   1.5157352611220112E-004   4.7645125944402146E-039
   1.4885580470530159E-004   4.8563831403169480E-039
   1.4618681218816907E-004   4.9500195949221211E-039
   1.4356567484921155E-004   5.0454558497918343E-039
   1.4099153464253180E-004   5.1427264459073972E-039
   1.3846354890704142E-004   5.2418665862409088E-039
   1.3598089009061066E-004   5.3429121482926645E-039
   1.3354274547916354E-004   5.4458996971506952E-039
   1.3114831693063084E-004   5.5508664984950518E-039
   1.2879682061367286E-004   5.6578505321101478E-039
   1.2648748675108743E-004   5.7668905055327155E-039
   1.2421955936781944E-004   5.8780258678779847E-039
   1.2199229604348634E-004   5.9912968241688291E-039
   1.1980496766934277E-004   6.1067443497437690E-039
   1.1765685820960225E-004   6.2244102049230046E-039
   1.1554726446703747E-004   6.3443369501305324E-039
   1.1347549585278580E-004   6.4665679611669662E-039
   1.1144087416027885E-004   6.5911474447215976E-039
   1.0944273334322904E-004   6.7181204544507858E-039
   1.0748041929759317E-004   6.8475329070301083E-039
   1.0555328964745000E-004   6.9794315986559360E-039
   1.0366071353471121E-004   7.1138642219861431E-039
   1.0180207141260876E-004   7.2508769065780723E-039
   9.8184166296594802E-005   7.5328689069192024E-039
   9.6423718958546555E-005   7.6779202281097447E-039
   9.2996953065824369E-005   7.9764615777496023E-039
   9.1329512737647729E-005   8.1300451710849954E-039
   8.9691969703483072E-005   8.2865795620786584E-039
   8.8083787903254484E-005   8.4461203963465228E-039
   8.4953411649892706E-005   8.7744541415904479E-039
   8.3430192448281248E-005   8.9433636568785414E-039
   8.1934284648190860E-005   9.1155179676788649E-039
   8.0465198554735936E-005   9.2909782543291470E-039
   7.9022453253285656E-005   9.4698079080612221E-039
   7.7605576452034788E-005   9.6520715339372634E-039
   7.6214104327395246E-005   9.8378349739852204E-039
   7.4847581372160235E-005   1.0027165330839441E-038
   7.3505560246392025E-005   1.0220130991839653E-038
   7.2187601630981272E-005   1.0416801653540521E-038
   7.0893274083834093E-005   1.0617248346845300E-038
   6.9622153898636407E-005   1.0821543462470541E-038
   6.8373824966150423E-005   1.1029760776918858E-038
   6.7147878637999854E-005   1.1241975478885779E-038
   6.5943913592894955E-005   1.1458264196511544E-038
   6.4761535705258567E-005   1.1678705024571107E-038
   6.3600357916206100E-005   1.1903377552781760E-038
   6.2460000106839079E-005   1.2132362894223078E-038
   6.1340088973811478E-005   1.2365743714441171E-038
   6.0240257907126217E-005   1.2603604261341164E-038
   5.9160146870122566E-005   1.2846030394969137E-038
   5.8099402281616941E-005   1.3093109618906027E-038
   5.7057676900154641E-005   1.3344931111205777E-038
   5.6034629710339190E-005   1.3601585756685169E-038
   5.5029925811198298E-005   1.3863166179265411E-038
   5.4043236306551581E-005   1.4129766775537667E-038
   5.3074238197345359E-005   1.4401483748469775E-038
   5.2122614275915819E-005   1.4678415141808969E-038
   5.0270248501504955E-005   1.5248324580145703E-038
   4.9368900264863903E-005   1.5541504639069332E-038
   4.8483713250176460E-005   1.5840312214879481E-038
   4.7614397685871181E-005   1.6144853298600302E-038
   4.6760668995996071E-005   1.6455237741749892E-038
   4.5922247707061424E-005   1.6771577497723005E-038
   4.5098859356552072E-005   1.7093986661932241E-038
   4.4290234403080169E-005   1.7422580312695891E-038
   4.3496108138149610E-005   1.7757480551085075E-038
   4.2716220599501457E-005   1.8098804548051356E-038
   4.1950316486014170E-005   1.8446676582553552E-038
   4.1198145074128926E-005   1.8801222088596428E-038
   4.0459460135773451E-005   1.9162568899562499E-038
   3.9734019857758263E-005   1.9530847293869439E-038
   3.9021586762616940E-005   1.9906190041875437E-038
   3.8321927630866917E-005   2.0288732453319417E-038
   3.7634813424663414E-005   2.0678612426067354E-038
   3.6960019212822195E-005   2.1075970495199739E-038
   3.6297324097187362E-005   2.1480949883723181E-038
   3.5646511140318734E-005   2.1893696553545885E-038
   3.5007367294475798E-005   2.2314359258127992E-038
   3.4379683331875666E-005   2.2743089595577337E-038
   3.3763253776200407E-005   2.3180042062975225E-038
   3.3157876835333848E-005   2.3625374111894812E-038
   3.2563354335303008E-005   2.4079246204630130E-038
   3.1979491655404689E-005   2.4541821871893796E-038
   3.1406097664495479E-005   2.5013267771053539E-038
   3.0842984658423517E-005   2.5493753746248571E-038
   3.0289968298582274E-005   2.5983452888997538E-038
   2.9746867551566460E-005   2.6482541600173233E-038
   2.9213504629909195E-005   2.6991199653413567E-038
   2.8689704933882520E-005   2.7509610259194040E-038
   2.8175296994340905E-005   2.8037960130655395E-038
   2.7670112416589574E-005   2.8576439550381451E-038
   2.7173985825259843E-005   2.9125242438736792E-038
   2.6686754810171989E-005   2.9684566422927357E-038
   2.6208259873169628E-005   3.0254612908226823E-038
   2.5738344375906823E-005   3.0835585002515671E-038
   2.5276854488571392E-005   3.1427698325435728E-038
   2.4378549965863905E-005   3.2646192275192565E-038
   2.3941441264820988E-005   3.3273005681003310E-038
   2.3512169946099671E-005   3.3911837499956322E-038
   2.3090595485016848E-005   3.4563261563800576E-038
   2.2676579876504610E-005   3.5226468536664433E-038
   2.1870685524744503E-005   3.6591978714967351E-038
   2.1478542966880096E-005   3.7294416398527289E-038
   2.0715225193418997E-005   3.8739948379725424E-038
   2.0343800100918219E-005   3.9483548659495199E-038
   1.9979034680134757E-005   4.0241403145511897E-038
   1.9620809522799582E-005   4.1013779684365114E-038
   1.9269007361640301E-005   4.1800956143214638E-038
   1.8923513031992856E-005   4.2603215698661903E-038
   1.8584213434101868E-005   4.3420846938327943E-038
   1.8250997496096600E-005   4.4254143962863734E-038
   1.7923756137630778E-005   4.5103406491990244E-038
   1.7602382234174689E-005   4.5968939971771736E-038
   1.7286770581947027E-005   4.6851055682880231E-038
   1.6976817863475984E-005   4.7750070853432947E-038
   1.6672422613777536E-005   4.8666308770918139E-038
   1.6373485187140126E-005   4.9600098898752117E-038
   1.6079907724505272E-005   5.0551776993582880E-038
   1.5791594121432476E-005   5.1521685225883838E-038
   1.5508449996639094E-005   5.2510172301690746E-038
   1.5230382661103911E-005   5.3517593587309369E-038
   1.4957301087724708E-005   5.4544311237273772E-038
   1.4689115881520159E-005   5.5590694322423650E-038
   1.4425739250365719E-005   5.6657118962813952E-038
   1.4167084976254234E-005   5.7743968461663494E-038
   1.3913068387072124E-005   5.8851633442461444E-038
   1.3663606328881217E-005   5.9980511989091429E-038
   1.3418617138697936E-005   6.1131009787224900E-038
   1.3178020617760442E-005   6.2303540269705196E-038
   1.2941738005274802E-005   6.3498524764584504E-038
   1.2481806498089437E-005   6.5957589980786947E-038
   1.2258007041899939E-005   6.7222537206892503E-038
   1.1822374389502559E-005   6.9825584784128687E-038
   1.1610398586188807E-005   7.1164587853678097E-038
   1.1402223520333570E-005   7.2529248934049061E-038
   1.1197781044511471E-005   7.3920028917309709E-038
   1.0997004233184197E-005   7.5337441607016104E-038
   1.0799827360791809E-005   7.6781987560165165E-038
   1.0606185880237241E-005   7.8254188373053647E-038
   1.0416016401756309E-005   7.9754572715065037E-038
   1.0229256672166622E-005   8.1283679348708019E-038
   1.0045845554488737E-005   8.2842057318792767E-038
   9.8657230079325015E-006   8.4430266151834604E-038
   9.6888300682422833E-006   8.6048876054310707E-038
   9.5151088283947716E-006   8.7698468115826854E-038
   9.3445024196425910E-006   8.9379634518125730E-038
   9.1769549928981071E-006   9.1092978744450697E-038
   9.0124117004507977E-006   9.2839115796727930E-038
   8.8508186780124601E-006   9.4618672414049316E-038
   8.6921230270845059E-006   9.6432287297176142E-038
   8.5362727976412533E-006   9.8280611334984062E-038
   8.3832169711236773E-006   1.0016430783912485E-037
   8.2329054437383560E-006   1.0208405277801799E-037
   8.0852890100554401E-006   1.0404053502039286E-037
   7.9403193469011284E-006   1.0603445658020036E-037
   7.7979489975386995E-006   1.0806653286579192E-037
   7.6581313561332072E-006   1.1013749293774167E-037
   7.5208206524948595E-006   1.1224807976773433E-037
   7.3859719370958065E-006   1.1439905050241037E-037
   7.2535410663555850E-006   1.1659117673523398E-037
   7.1234846881905418E-006   1.1882524478046887E-037
   6.9957602278221427E-006   1.2110205595566057E-037
   6.8703258738399385E-006   1.2342242686406935E-037
   6.7471405645143069E-006   1.2578718968960276E-037
   6.6261639743545766E-006   1.2819719249106860E-037
   6.5073565009083403E-006   1.3065329235083525E-037
   6.2760940319852662E-006   1.3570735608220646E-037
   6.1635633312756133E-006   1.3830713738120214E-037
   6.0530503120311504E-006   1.4095662658540247E-037
   5.9445187971156131E-006   1.4365681786592849E-037
   5.8379332580507176E-006   1.4640864469325777E-037
   5.5295066982626680E-006   1.5498401898535718E-037
   5.4303623482635873E-006   1.5795243588439491E-037
   5.3329956617475606E-006   1.6097767640648814E-037
   5.2373747651134964E-006   1.6406077216667590E-037
   5.1434683562557395E-006   1.6720282800782917E-037
   5.0512456943170207E-006   1.7040524194816266E-037
   4.9606765896252656E-006   1.7366834506970192E-037
   4.8717313938108682E-006   1.7699412293828560E-037
   4.7843809901010300E-006   1.8038349502248586E-037
   4.6985967837882752E-006   1.8383766429638268E-037
   4.6143506928697551E-006   1.8735790210790412E-037
   4.5316151388544000E-006   1.9094543557494966E-037
   4.4503630377349868E-006   1.9460156107117515E-037
   4.3705677911219845E-006   1.9832758816901119E-037
   4.2922032775363778E-006   2.0212485140858160E-037
   4.2152438438586998E-006   2.0599471077003040E-037
   4.1396642969312496E-006   2.0993855216361129E-037
   4.0654398953110106E-006   2.1395778791674845E-037
   3.9925463411703609E-006   2.1805385728276095E-037
   3.9209597723429979E-006   2.2222822694878184E-037
   3.8506567545125683E-006   2.2648239156046722E-037
   3.7816142735412243E-006   2.3081787425438359E-037
   3.7138097279358648E-006   2.3523622720071281E-037
   3.6472209214493649E-006   2.3973903215206014E-037
   3.5818260558144691E-006   2.4432790101167718E-037
   3.5176037236080401E-006   2.4900447640294120E-037
   3.4545329012431806E-006   2.5377043225853764E-037
   3.3925929420870046E-006   2.5862747441102880E-037
   3.3317635697018819E-006   2.6357734120534677E-037
   3.2720248712077601E-006   2.6862180411295183E-037
   3.2133572907636230E-006   2.7376266836622817E-037
   3.0435909212709035E-006   2.8978234482323368E-037
   2.9354259005368052E-006   3.0097868133730189E-037
   2.8311049153557907E-006   3.1260703222668521E-037
   2.7304913540096440E-006   3.2468391791880718E-037
   2.6334534597720685E-006   3.3722679357873317E-037
   2.5862354987912166E-006   3.4371362671674424E-037
   2.5398641583689741E-006   3.5025337923873856E-037
   2.4943242585535819E-006   3.5695392375329295E-037
   2.4496008915706043E-006   3.6378246697773331E-037
   2.4056794169428150E-006   3.7074145013056019E-037
   2.3625454566975236E-006   3.7783336135081059E-037
   2.3201848906598419E-006   3.8506073616973675E-037
   2.2785838518303918E-006   3.9242615841523637E-037
   2.2377287218458120E-006   3.9993226112907203E-037
   2.1976061265207384E-006   4.0758172750264691E-037
   2.1582029314696633E-006   4.1537729183352115E-037
   2.1195062378072976E-006   4.2332174049225799E-037
   2.0815033779260630E-006   4.3141791291898956E-037
   2.0441819113492727E-006   4.3966870262651192E-037
   2.0075296206586263E-006   4.4807705823411038E-037
   1.9715345074948041E-006   4.5664598451179418E-037
   1.9361847886296937E-006   4.6537854345050437E-037
   1.9014688921091033E-006   4.7427785534829499E-037
   1.8673754534645962E-006   4.8334709991988647E-037
   1.8338933119932502E-006   4.9258951742608484E-037
   1.8010115071041528E-006   5.0200840982807088E-037
   1.7687192747303704E-006   5.1160714195249726E-037
   1.7370060438052527E-006   5.2138914270170918E-037
   1.7058614328019538E-006   5.3135790625387571E-037
   1.6752752463349429E-006   5.4151699331536409E-037
   1.6452374718225020E-006   5.5187003238683024E-037
   1.6157382762090511E-006   5.6242068072827432E-037
   1.5867680027461919E-006   5.7317282724696532E-037
   1.5029367263961449E-006   6.0667664428356401E-037
   1.4495244294161071E-006   6.3009169436413749E-037
   1.4235343790907497E-006   6.4213545156599467E-037
   1.3980103317538313E-006   6.5440918431209924E-037
   1.3729439319468986E-006   6.6691717856318669E-037
   1.3241513994722085E-006   6.9265400162605406E-037
   1.3004092942601301E-006   7.0589180555514291E-037
   1.2770928862607162E-006   7.1938235241201093E-037
   1.2541945427002408E-006   7.3313035123879027E-037
   1.2317067676610176E-006   7.4714070824767961E-037
   1.2096221996275642E-006   7.6141842303064795E-037
   1.1879336090767674E-006   7.7596859031808235E-037
   1.1666338961112361E-006   7.9079640179275753E-037
   1.1457160881351312E-006   8.0590714792091234E-037
   1.1251733375716250E-006   8.2130621983837436E-037
   1.1049989196213069E-006   8.3699911126588520E-037
   1.0851862300607829E-006   8.5299142044490776E-037
   1.0657287830807236E-006   8.6928885214396398E-037
   1.0466202091627199E-006   8.8589721965909615E-037
   1.0278542529941628E-006   9.0282244689231445E-037
   1.0094247714205326E-006   9.2007057044937121E-037
   9.9132573143440127E-007   9.3764774178079270E-037
   9.7355120820046995E-007   9.5556022936248048E-037
   9.5609538311608049E-007   9.7381442091457483E-037
   9.3895254190640290E-007   9.9241682567698804E-037
   9.2211707275387544E-007   1.0113740767107847E-036
   9.0558346446112442E-007   1.0306929332466624E-036
   8.8934630464682437E-007   1.0503802830963179E-036
   8.7340027797396107E-007   1.0704431450813616E-036
   8.5774016440977068E-007   1.0908886715222971E-036
   8.4236083751697036E-007   1.1117241507793417E-036
   8.2725726277557034E-007   1.1329570098351818E-036
   7.8355205061581870E-007   1.1991161778248153E-036
   7.6950292055994183E-007   1.2220057116848649E-036
   7.5570569215523078E-007   1.2453519859038017E-036
   7.2884895484221548E-007   1.2933680803563732E-036
   7.1578065421097760E-007   1.3180646703936963E-036
   6.4214703560567123E-007   1.4764568615607559E-036
   6.3063330501032464E-007   1.5046420221156111E-036
   6.1932601621860213E-007   1.5333669550065053E-036
   6.0822146771795455E-007   1.5626394921619033E-036
   5.9731602436415046E-007   1.5924700579426916E-036
   5.8660611619129093E-007   1.6228692751972913E-036
   5.7608823724314587E-007   1.6538479686863359E-036
   5.6575894442548454E-007   1.6854171689788261E-036
   5.5561485637892265E-007   1.7175881163036754E-036
   5.4565265237203921E-007   1.7503722645419242E-036
   5.3586907121430501E-007   1.7837812852913188E-036
   5.2626091018850180E-007   1.8178270719980992E-036
   5.1682502400231728E-007   1.8525217441651253E-036
   5.0755832375868077E-007   1.8878776516346099E-036
   4.9845777594462767E-007   1.9239073789716058E-036
   4.8952040143822830E-007   1.9606237499222266E-036
   4.8074327453337608E-007   1.9980398319314213E-036
   4.7212352198203076E-007   2.0361689407907776E-036
   4.6365832205363530E-007   2.0750246453394615E-036
   4.5534490361142507E-007   2.1146207722746834E-036
   4.4718054520525242E-007   2.1549714110364999E-036
   4.3916257418072342E-007   2.1960909187885279E-036
   4.3128836580427985E-007   2.2379939255239824E-036
   4.2355534240396913E-007   2.2806953392231313E-036
   4.1596097252564621E-007   2.3242103511139019E-036
   4.0850277010426243E-007   2.3685544410828666E-036
   4.0117829365005432E-007   2.4137433831228480E-036
   3.8692097077940689E-007   2.5067201773872635E-036
   3.7998345713809383E-007   2.5545413884513099E-036
   3.7317033348635900E-007   2.6032737613842908E-036
   3.6647936950505671E-007   2.6529342643761706E-036
   3.5990837486478118E-007   2.7035407598309258E-036
   3.5345519850884958E-007   2.7551112429001573E-036
   3.4711772794914151E-007   2.8076640505355423E-036
   3.3478164297188847E-007   2.9157922251959079E-036
   3.2877899025885332E-007   2.9714050550067692E-036
   3.2288396542909596E-007   3.0280775966431634E-036
   3.1140911492561095E-007   3.1446818437447828E-036
   3.0582553288694876E-007   3.2046539347403750E-036
   2.9495691553283917E-007   3.3280478544742967E-036
   2.8966832230671553E-007   3.3915118788125910E-036
   2.8447455383918726E-007   3.4561850043268868E-036
   2.7937390991727647E-007   3.5220896491135748E-036
   2.7436472081291049E-007   3.5892492311462118E-036
   2.6944534673633763E-007   3.6576876131112063E-036
   2.6461417729931635E-007   3.7274291108339413E-036
   2.5986963098795646E-007   3.7984985018683098E-036
   2.5521015464499600E-007   3.8709210342045227E-036
   2.5063422296136167E-007   3.9447224352269097E-036
   2.4614033797686013E-007   4.0199289208294079E-036
   2.4172702858979719E-007   4.0965672045933612E-036
   2.3739285007541462E-007   4.1746645073125728E-036
   2.3313638361294501E-007   4.2542485665431163E-036
   2.2895623582115303E-007   4.3353476464703940E-036
   2.2485103830220408E-007   4.4179905478086802E-036
   2.2081944719370714E-007   4.5022066180316812E-036
   2.1686014272879798E-007   4.5880257617581942E-036
   2.1297182880410200E-007   4.6754784512168686E-036
   2.0915323255544706E-007   4.7645957371055994E-036
   2.0540310394118442E-007   4.8554092594968134E-036
   2.0172021533297548E-007   4.9479512590805000E-036
   1.9810336111392884E-007   5.0422545884195556E-036
   1.9455135728392190E-007   5.1383527237078287E-036
   1.9106304107202378E-007   5.2362797764535380E-036
   1.8763727055584279E-007   5.3360700716826578E-036
   1.8427292428771990E-007   5.4377603297710385E-036
   1.8096890092761222E-007   5.5413848672467308E-036
   1.7772411888255975E-007   5.6469823114104414E-036
   1.7453751595262694E-007   5.7545882522618154E-036
   1.7140804898317484E-007   5.8642427450997673E-036
   1.6531644349089878E-007   6.0898511066592656E-036
   1.6235231084246229E-007   6.2058982138994637E-036
   1.5944132525049654E-007   6.3241243997247857E-036
   1.5658253378544248E-007   6.4446151454587579E-036
   1.5377500060382172E-007   6.5673983266077810E-036
   1.5101780664187918E-007   6.6925174976601386E-036
   1.4831004931471949E-007   6.8200170396536873E-036
   1.4565084222084689E-007   6.9499421756450190E-036
   1.4303931485198744E-007   7.0823389866120949E-036
   1.4047461230812942E-007   7.2172544278427651E-036
   1.3795589501766332E-007   7.3547363453433949E-036
   1.3548233846254331E-007   7.4948334928263023E-036
   1.3305313290837671E-007   7.6375955488249048E-036
   1.3066748313934996E-007   7.7830731342837595E-036
   1.2832460819791313E-007   7.9313178303962182E-036
   1.2602374112912578E-007   8.0823821967448180E-036
   1.2376412872959247E-007   8.2363197898232457E-036
   1.2154503130089175E-007   8.3931851820828051E-036
   1.1936572240743641E-007   8.5530339809734854E-036
   1.1722548863866794E-007   8.7159228486587374E-036
   1.1512362937551530E-007   8.8819095219062649E-036
   1.1305945656104813E-007   9.0510528325803508E-036
   1.1103229447523018E-007   9.2234127282989230E-036
   1.0904147951372344E-007   9.3990502935164671E-036
   1.0708635997065090E-007   9.5780277711064475E-036
   1.0516629582525511E-007   9.7604085843522142E-036
   1.0328065853238782E-007   9.9462573592023715E-036
   1.0142883081674587E-007   1.0135639108858885E-035
   9.9610206470806941E-008   1.0328623448186686E-035
   9.7824190156381794E-008   1.0525276235074431E-035
   9.4347653450146757E-008   1.0929871657136193E-035
   8.7760843143617534E-008   1.1786253297288309E-035
   8.6187286545598202E-008   1.2010607566731904E-035
   8.4641943901301808E-008   1.2239236892835473E-035
   8.3124309333033760E-008   1.2472212243086717E-035
   8.1633886033513122E-008   1.2709616115255180E-035
   8.0170186103240037E-008   1.2951531449879595E-035
   7.8732730390778658E-008   1.3198047270640351E-035
   7.7321048335904001E-008   1.3449247490584936E-035
   7.5934677815561284E-008   1.3705222166290472E-035
   7.4573164992585515E-008   1.3966061918086054E-035
   7.3236064167138383E-008   1.4231859083809447E-035
   7.1922937630801395E-008   1.4502707751340212E-035
   7.0633355523292480E-008   1.4778703791868582E-035
   6.9366895691747368E-008   1.5059944893668786E-035
   6.8123143552524075E-008   1.5346530596302062E-035
   6.6901691955489259E-008   1.5638562325700558E-035
   6.5702141050731394E-008   1.5936143430182557E-035
   6.4524098157670181E-008   1.6239379216351243E-035
   6.3367177636509123E-008   1.6548376986418709E-035
   6.2231000761992768E-008   1.6863246076066289E-035
   6.1115195599431473E-008   1.7184097892726042E-035
   6.0019396882942707E-008   1.7511045954783217E-035
   5.8943245895881638E-008   1.7844205931702977E-035
   5.7886390353412008E-008   1.8183695684532986E-035
   5.6848484287182533E-008   1.8529635307583913E-035
   5.5829187932074532E-008   1.8882147170459779E-035
   5.4828167614974438E-008   1.9241355961309769E-035
   5.3845095645546273E-008   1.9607388730412519E-035
   5.2879650208959298E-008   1.9980374935335188E-035
   5.1931515260538963E-008   2.0360446485951629E-035
   5.1000380422310069E-008   2.0747737791230686E-035
   4.9187897290206743E-008   2.1544534176213927E-035
   4.8305955668507940E-008   2.1954312807986171E-035
   4.7439827307122236E-008   2.2371878873292760E-035
   4.6589228673448270E-008   2.2797373961012700E-035
   4.5753881318640135E-008   2.3230954341178681E-035
   4.4933511786454584E-008   2.3672767496551358E-035
   4.4127851523732646E-008   2.4122971407138813E-035
   4.3336636792489071E-008   2.4581725357653483E-035
   4.1796512531884245E-008   2.5525539810409572E-035
   4.0311122161900900E-008   2.6505535620987443E-035
   3.8878520515607437E-008   2.7523102930993844E-035
   3.8181426569296296E-008   2.8046417860717066E-035
   3.7496831554620032E-008   2.8579672162343939E-035
   3.6824511365067369E-008   2.9123056317001645E-035
   3.6164245912369820E-008   2.9676754920392133E-035
   3.5515819054452218E-008   3.0240966043982031E-035
   3.4879018524678932E-008   3.0815889002830131E-035
   3.4253635862366410E-008   3.1401726886273178E-035
   3.3639466344541746E-008   3.1998686628438558E-035
   3.3036308918926785E-008   3.2606979081362224E-035
   3.2443966138120513E-008   3.3226819089027970E-035
   3.1862244094964877E-008   3.3858425562779610E-035
   3.1290952359067368E-008   3.4502021558463510E-035
   3.0729903914462603E-008   3.5157834353984736E-035
   3.0178915098391391E-008   3.5826095530554546E-035
   2.9637805541177630E-008   3.6507041052465657E-035
   2.9106398107183242E-008   3.7200911350882474E-035
   2.8584518836821114E-008   3.7907951408596929E-035
   2.8071996889609644E-008   3.8628410844797478E-035
   2.7568664488245337E-008   3.9362544003877349E-035
   2.7074356863681180E-008   4.0110610044262321E-035
   2.6588912201187943E-008   4.0872873029551306E-035
   2.6112171587382694E-008   4.1649602021002727E-035
   2.5643978958208676E-008   4.2441071172299777E-035
   2.5184181047845262E-008   4.3247556049253601E-035
   2.4732627338536561E-008   4.4069352609338281E-035
   2.4289170011318102E-008   4.4906735603929449E-035
   2.3853663897626905E-008   4.5760016118908366E-035
   2.3425966431780759E-008   4.6629479373166982E-035
   2.3005937604307071E-008   4.7515444042829874E-035
   2.2593439916110929E-008   4.8418219062705456E-035
   2.2188338333463529E-008   4.9338126957397233E-035
   2.1790500243797667E-008   5.0275483799744684E-035
   2.1399795412297162E-008   5.1230620014541547E-035
   2.1016095939262409E-008   5.2203881458850567E-035
   2.0639276218242604E-008   5.3195611687400492E-035
   2.0269212894917287E-008   5.4206151268491560E-035
   1.9905784826715218E-008   5.5235861207742374E-035
   1.9548873043158411E-008   5.6285104675452419E-035
   1.9198360706915569E-008   5.7354251712125433E-035
   1.8854133075555138E-008   5.8443679358517076E-035
   1.8516077463983244E-008   5.9553771788245362E-035
   1.8184083207555986E-008   6.0684920441893483E-035
   1.7858041625852366E-008   6.1837524165538053E-035
   1.7537845987097116E-008   6.3011989348973533E-035
   1.7223391473221466E-008   6.4208730069680949E-035
   1.6914575145550002E-008   6.5428168236965258E-035
