   3.3712407817421259        2.1790609679382364     
   3.3795969395576932        2.2061768210539578     
   3.3877642452910965        2.2326950943101882     
   3.3957493900887701        2.2586333071745357     
   3.4035583679138059        2.2840078162680753     
   3.4111968278522014        2.3088342926538878     
   3.4186701051462407        2.3331277673994073     
   3.4259832486890147        2.3569026727821520     
   3.4331410453652240        2.3801728795777093     
   3.4401480415712360        2.4029517307769126     
   3.4470085624487563        2.4252520723755784     
   3.4537267290212101        2.4470862814417913     
   3.4603064735414262        2.4684662918238423     
   3.4667515532778990        2.4894036177729064     
   3.4730655629213492        2.5099093756936730     
   3.4792519457907702        2.5299943042400757     
   3.4853140039679165        2.5496687829121649     
   3.4912549075014501        2.5689428493274131     
   3.4970777027738613        2.5878262152813876     
   3.5027853201296733        2.6063282817206392     
   3.5083805808486597        2.6244581527326827     
   3.5138662035304895        2.6422246486383387     
   3.5192448099548241        2.6596363182678759     
   3.5245189304713991        2.6767014504921591     
   3.5296910089657132        2.6934280850688470     
   3.5347634074458227        2.7098240228634620     
   3.5397384102832476        2.7258968354907447     
   3.5446182281447123        2.7416538744252064     
   3.5494050016422110        2.7571022796195810     
   3.5541008047243960        2.7722489876637240     
   3.5587076478386162        2.7871007395242535     
   3.5632274808785964        2.8016640878879633     
   3.5676621959379866        2.8159454041380929     
   3.5720136298883540        2.8299508849903612     
   3.5762835667915307        2.8436865588054649     
   3.5804737401654854        2.8571582916052161     
   3.5845858351111857        2.8703717928057921     
   3.5886214903122551        2.8833326206864465     
   3.5925822999196759        2.8960461876122086     
   3.5964698153266248        2.9085177650209459     
   3.6002855468446926        2.9207524881916451     
   3.6040309652860945        2.9327553608035810     
   3.6077075034611101        2.9445312593005077     
   3.6113165575947099        2.9560849370683897     
   3.6148594886690133        2.9674210284377809     
   3.6183376236959752        2.9785440525193088     
   3.6217522569259959        2.9894584168821496     
   3.6251046509957496        3.0001684210825017     
   3.6283960380186122        3.0106782600487589     
   3.6316276206233131        3.0209920273331328     
   3.6348005729423396        3.0311137182339456     
   3.6379160415533081        3.0410472327951785     
   3.6409751463772970        3.0507963786904249     
   3.6439789815356090        3.0603648739954017     
   3.6469286161677510        3.0697563498546576     
   3.6498250952127136        3.0789743530471094     
   3.6526694401564619        3.0880223484560738     
   3.6554626497465521        3.0969037214468687     
   3.6582057006757727        3.1056217801562647     
   3.6608995482372872        3.1141797576985928     
   3.6635683863272495        3.1226214328527635     
   3.6661655505920558        3.1308668684306640     
   3.6687164347151264        3.1389617738190188     
   3.6712217730461378        3.1469088848066140     
   3.6736627497782295        3.1546765968720183     
   3.6760803158402151        3.1623380400195549     
   3.6784548160196624        3.1698601024837085     
   3.6808046045078906        3.1772763023046493     
   3.6830778208498920        3.1844968406472534     
   3.6853441050156923        3.1916452661478285     
   3.6875380053218700        3.1986077472192571     
   3.6897089210840268        3.2054723125484745     
   3.6918413588308958        3.2122128719192271     
   3.6939360300046493        3.2188318005259782     
   3.6959936322639013        3.2253314242094593     
   3.6980148478361881        3.2317140181102135     
   3.7000003482347159        3.2379818135970897     
   3.7019507890432028        3.2441369922278569     
   3.7038668145632712        3.2501816925291123     
   3.7057490561568773        3.2561180085500689     
   3.7075981329340801        3.2619479914452363     
   3.7094146520386695        3.2676736505132924     
   3.7129523444055934        3.2788197628775162     
   3.7180293289683117        3.2948046083041427     
   3.7212672818501931        3.3049926394792148     
   3.7331347512842981        3.3422888476481867     
   3.7371718392095086        3.3549606303282280     
   3.7397476420581595        3.3630415296387173     
   3.7410021151115980        3.3669759393460597     
   3.7422348397302070        3.3708413941685542     
   3.7434462096000298        3.3746391667778188     
   3.7446366112410585        3.3783705055637818     
   3.7458064241466418        3.3820366351430935     
   3.7480857670440302        3.3891780487592391     
   3.7491998591642335        3.3926624505455512     
   3.7502908442976812        3.3960792983904593     
   3.7513630496985928        3.3994367393901701     
   3.7524168074931827        3.4027358542105408     
   3.7534524514747498        3.4059777140079364     
   3.7544703094150984        3.4091633697860884     
   3.7554707031466248        3.4122938527895350     
   3.7564539487422697        3.4153701749789787     
   3.7574203565809610        3.4183933293674369     
   3.7583702314395464        3.4213642903877259     
   3.7593038726589336        3.4242840143284625     
   3.7602215741745115        3.4271534396159802     
   3.7611236246456343        3.4299734872011847     
   3.7620103075594327        3.4327450609127452     
   3.7628819013195156        3.4354690477840633     
   3.7637386793168437        3.4381463183604772     
   3.7654155965998330        3.4433759718758412     
   3.7662227715168743        3.4459062860755743     
   3.7670229321034907        3.4484050904185715     
   3.7678095638328140        3.4508612835998616     
   3.7685809488855413        3.4532722062374610     
   3.7693432447529780        3.4556489732940507     
   3.7700907668059296        3.4579819770667313     
   3.7708257256969429        3.4602754124413639     
   3.7715483472938649        3.4625299986251639     
   3.7722588556739689        3.4647464447509648     
   3.7736492375333892        3.4690761232565026     
   3.7743198779781322        3.4711738335939994     
   3.7749840995332158        3.4732445598781614     
   3.7756372649031369        3.4752804946196734     
   3.7762795796322983        3.4772822786217312     
   3.7769112411539822        3.4792505347236129     
   3.7775324433261908        3.4811858743229340     
   3.7781433765441630        3.4830888976324434     
   3.7787442277892018        3.4849601938774466     
   3.7793351806791726        3.4868003414881863     
   3.7799164155305114        3.4886099083050537     
   3.7804881094153018        3.4903894517745848     
   3.7810504362406090        3.4921395191663649     
   3.7816035667693217        3.4938606477244556     
   3.7821476686913420        3.4955533648699295     
   3.7826829066897796        3.4972181883965776     
   3.7832094424739240        3.4988556266264870     
   3.7837274348495833        3.5004661786059375     
   3.7842370397519618        3.5020503342556735     
   3.7847384103132149        3.5036085745584238     
   3.7852316969055990        3.5051413717175008     
   3.7857170471782911        3.5066491893037259     
   3.7861946061292611        3.5081324824424622     
   3.7866645161315748        3.5095916979457100     
   3.7871269169968462        3.5110272744834621     
   3.7875819459877578        3.5124396426984026     
   3.7880297379250214        3.5138292254200896     
   3.7884704251537831        3.5151964377251299     
   3.7889041376390229        3.5165416871353239     
   3.7893310030020659        3.5178653737506012     
   3.7897511465436979        3.5191678903644852     
   3.7901646913002347        3.5204496226147226     
   3.7905717580757736        3.5217109491049485     
   3.7909724654834043        3.5229522415360903     
   3.7913669299935053        3.5241738648425480     
   3.7921393966293597        3.5265625897435400     
   3.7925139986047287        3.5277242692084734     
   3.7928846151047009        3.5288707350227262     
   3.7932495393983028        3.5299992579708097     
   3.7936088764867333        3.5311101658371529     
   3.7939627288038693        3.5322037794553940     
   3.7946559049334931        3.5343429352145113     
   3.7949923732488648        3.5353839754020204     
   3.7953252745141803        3.5364115057432235     
   3.7956531754037761        3.5374232596926389     
   3.7959761681232176        3.5384195252759048     
   3.7962943427335523        3.5394005845655414     
   3.7966077876492204        3.5403667144911393     
   3.7969165896721799        3.5413181869360484     
   3.7972208340192073        3.5422552688284004     
   3.7975206043462211        3.5431782222268211     
   3.7978159827834919        3.5440873044166317     
   3.7981070499507807        3.5449827679840076     
   3.7983938849999919        3.5458648609181123     
   3.7986765656291572        3.5467338266810522     
   3.7989551681179883        3.5475899043011387     
   3.7992297673432125        3.5484333284423610     
   3.7995004368068659        3.5492643294866477     
   3.7997672486698297        3.5500831336221754     
   3.8000302737616511        3.5508899629035482     
   3.8002895816171680        3.5516850353408351     
   3.8005452404916222        3.5524685649644465     
   3.8007973173854168        3.5532407618993385     
   3.8010458780664287        3.5540018324352989     
   3.8012909871026532        3.5547519791088784     
   3.8015327078575720        3.5554914007420102     
   3.8017711025444156        3.5562202925460062     
   3.8020062322222294        3.5569388461596478     
   3.8022381568299397        3.5576472497286744     
   3.8024669351969393        3.5583456879589841     
   3.8029160640717272        3.5597146556379977     
   3.8031349649141464        3.5603830072957892     
   3.8033514712147198        3.5610429564822446     
   3.8037774147809214        3.5623381327982080     
   3.8039850080837527        3.5629705487045737     
   3.8041906085490149        3.5635955219671218     
   3.8043935456394538        3.5642120474794372     
   3.8047922762920128        3.5654214125855215     
   3.8049868610780893        3.5660124607571424     
   3.8051796245971445        3.5665967046227651     
   3.8053699600448310        3.5671732413107837     
   3.8055579119951655        3.5677422110782251     
   3.8057435241015285        3.5683037514557743     
   3.8059268392060539        3.5688579974576680     
   3.8061078993583917        3.5694050816323744     
   3.8062867458263079        3.5699451341029622     
   3.8064634191138067        3.5704782826154009     
   3.8066379589713657        3.5710046525780790     
   3.8068104044132061        3.5715243671078540     
   3.8069807937276336        3.5720375470687191     
   3.8071491644933548        3.5725443111157764     
   3.8073155535909180        3.5730447757342176     
   3.8074799972134183        3.5735390552762309     
   3.8076425308820170        3.5740272620032671     
   3.8078031894578119        3.5745095061235546     
   3.8079620071531406        3.5749858958287328     
   3.8081190175419519        3.5754565373288294     
   3.8082742535788681        3.5759215348965783     
   3.8084277475988939        3.5763809908896667     
   3.8085795313354840        3.5768350057934439     
   3.8087296359357432        3.5772836782590058     
   3.8088780919590044        3.5777271051240116     
   3.8090249294040568        3.5781653814629868     
   3.8091701777018421        3.5785986006007393     
   3.8093138657404162        3.5790268541598960     
   3.8094560218673483        3.5794502320836625     
   3.8097362296479638        3.5802833017179285     
   3.8101457485867205        3.5814985186708310     
   3.8102781881866785        3.5818927570880676     
   3.8104104937109344        3.5822845765318840     
   3.8105413535461437        3.5826719958101005     
   3.8106709139423258        3.5830552783465266     
   3.8107991983595189        3.5834344988751297     
   3.8109262298321434        3.5838097307851409     
   3.8111769439794072        3.5845490047636961     
   3.8113000305039191        3.5849122086376584     
   3.8114222721140441        3.5852721935359448     
   3.8115433696180148        3.5856285370191450     
   3.8116633436261775        3.5859813048401632     
   3.8117822143197899        3.5863305614755685     
   3.8119000015047781        3.5866763702229076     
   3.8120167246141410        3.5870187932171946     
   3.8121324027168422        3.5873578914545097     
   3.8122470545265172        3.5876937248147955     
   3.8123606984032095        3.5880263520770259     
   3.8124733523640777        3.5883558309437213     
   3.8125850340881593        3.5886822180591849     
   3.8126957609220207        3.5890055690278300     
   3.8128055498904705        3.5893259384383547     
   3.8129144176927929        3.5896433798715983     
   3.8130223807189467        3.5899579459301636     
   3.8131294550508046        3.5902696882511371     
   3.8132356564671812        3.5905786575232113     
   3.8133410004522039        3.5908849035070634     
   3.8134455021968172        3.5911884750477121     
   3.8135491766085390        3.5914894200962362     
   3.8136520383141925        3.5917877857232074     
   3.8137541016653196        3.5920836181350433     
   3.8138553807448816        3.5923769626916098     
   3.8139558893701322        3.5926678639192029     
   3.8140556410982804        3.5929563655268835     
   3.8142531450778638        3.5935266634671792     
   3.8143504866592188        3.5938078977410020     
   3.8144473413777122        3.5940872221865385     
   3.8145434303953683        3.5943642472639241     
   3.8146389843553594        3.5946393316744882     
   3.8147337254179523        3.5949120904083443     
   3.8148279516195247        3.5951829792058430     
   3.8150145340916595        3.5957187545003748     
   3.8151065184891446        3.5959831361345542     
   3.8151982248159335        3.5962460726575753     
   3.8152891943081424        3.5965069146351207     
   3.8153797051576244        3.5967660839046354     
   3.8154695678057413        3.5970233242475600     
   3.8155588588556419        3.5972787646249755     
   3.8156475881133618        3.5975324369220432     
   3.8157357652088142        3.5977843724523848     
   3.8158233995900197        3.5980346019542151     
   3.8159105005277838        3.5982831556021520     
   3.8159970771170313        3.5985300630155277     
   3.8160831382834424        3.5987753532720759     
   3.8161686927809586        3.5990190549118046     
   3.8162537492010578        3.5992611959534031     
   3.8163383159721129        3.5995018038997215     
   3.8164224013639965        3.5997409057490399     
   3.8165060134908444        3.5999785280040335     
   3.8165891603125131        3.6002146966792168     
   3.8166718496399561        3.6004494373127081     
   3.8167540891355687        3.6006827749722148     
   3.8168358863187732        3.6009147342667425     
   3.8169172485652374        3.6011453393512647     
   3.8169981831123998        3.6013746139380278     
   3.8170786970613757        3.6016025813040753     
   3.8171587973785157        3.6018292642980279     
   3.8172384908989958        3.6020546853491098     
   3.8173177843290795        3.6022788664746805     
   3.8173966842480520        3.6025018292871978     
   3.8175534769481358        3.6029443934992638     
   3.8176310357873580        3.6031635464202436     
   3.8177084254171447        3.6033818449292725     
   3.8178623160305469        3.6038153841841485     
   3.8179384925126514        3.6040301900688307     
   3.8180144667911269        3.6042441383102530     
   3.8180900526931705        3.6044569778102526     
   3.8183153840719006        3.6050902092921606     
   3.8183893510302691        3.6052986211922837     
   3.8185372081613997        3.6057138017406625     
   3.8186837152533419        3.6061251052267886     
   3.8187563946230911        3.6063292317189473     
   3.8188289158401520        3.6065326659571566     
   3.8189011518907234        3.6067352396703396     
   3.8189731071988784        3.6069369675251775     
   3.8190447860886128        3.6071378638936142     
   3.8191161928028059        3.6073379428841630     
   3.8191873315036386        3.6075372183456036     
   3.8192582062749940        3.6077357038726703     
   3.8193288211228267        3.6079334128095755     
   3.8193991799785634        3.6081303582566240     
   3.8194692866977964        3.6083265530718225     
   3.8195391450646698        3.6085220098785076     
   3.8196087587906913        3.6087167410669165     
   3.8196781315179158        3.6089107588004166     
   3.8197472668185908        3.6091040750178984     
   3.8198161681984870        3.6092967014400354     
   3.8198848390963978        3.6094886495714689     
   3.8199532828862641        3.6096799307056360     
   3.8200215028783777        3.6098705559286519     
   3.8200895023202408        3.6100605361227873     
   3.8201572843978346        3.6102498819702196     
   3.8202248522368838        3.6104386039569136     
   3.8202922089042950        3.6106267123765092     
   3.8204262610434285        3.6110010752690496     
   3.8204930416865417        3.6111874563599846     
   3.8205595831865997        3.6113732097082654     
   3.8206921894863224        3.6117431809707701     
   3.8207580384596080        3.6119271172201253     
   3.8208238094358511        3.6121106657101452     
   3.8208893943459259        3.6122936851490475     
   3.8209547957363164        3.6124761841080471     
   3.8210851653772693        3.6128397990490160     
   3.8211499234015913        3.6130206412633474     
   3.8212146151187212        3.6132011407389468     
   3.8212791352717543        3.6133811601741583     
   3.8213434861327449        3.6135607072395555     
   3.8214076699182806        3.6137397894457752     
   3.8214716888035039        3.6139184141660325     
   3.8215355449221224        3.6140965886377869     
   3.8215992403675791        3.6142743199656997     
   3.8216627771939700        3.6144516151242225     
   3.8217261574164101        3.6146284809595604     
   3.8217893830115508        3.6148049241918514     
   3.8218524559192897        3.6149809514184827     
   3.8219153780425148        3.6151565691153480     
   3.8219781512482820        3.6153317836396175     
   3.8220407773683882        3.6155066012317532     
   3.8221032581997787        3.6156810280174581     
   3.8221655955059215        3.6158550700104262     
   3.8222277910165845        3.6160287331136458     
   3.8222898464289514        3.6162020231217928     
   3.8223517634081823        3.6163749457232610     
   3.8224135435878028        3.6165475065018931     
   3.8224751885710195        3.6167197109395604     
   3.8225366999302319        3.6168915644170339     
   3.8225980792083836        3.6170630722165553     
   3.8226593279190908        3.6172342395232935     
   3.8227204475477463        3.6174050714276080     
   3.8227814395515454        3.6175755729263432     
   3.8229031428736122        3.6179157317996946     
   3.8229636639640567        3.6180851435744641     
   3.8230241595080190        3.6182543716264877     
   3.8231448850229297        3.6185920376600658     
   3.8232049268234722        3.6187602329412032     
   3.8232649471030231        3.6189282604422037     
   3.8233248516847089        3.6190959985640152     
   3.8233846417833339        3.6192634514749389     
   3.8234443185810902        3.6194306232517497     
   3.8235038832372696        3.6195975178958530     
   3.8235633368895812        3.6197641393356084     
   3.8236226806542573        3.6199304914273025     
   3.8236819156268926        3.6200965779569763     
   3.8237410428812848        3.6202624026400763     
   3.8238000634728451        3.6204279691259034     
   3.8238589784355193        3.6205932809952039     
   3.8239177887842422        3.6207583417636235     
   3.8239764955150717        3.6209231548826346     
   3.8240350996055583        3.6210877237407515     
   3.8240936020143952        3.6212520516639373     
   3.8241520036820171        3.6214161419170048     
   3.8242103055321093        3.6215799977059659     
   3.8242685084699430        3.6217436221770352     
   3.8243266133843226        3.6219070184194369     
   3.8243846211476344        3.6220701894661049     
   3.8244425326152767        3.6222331382938719     
   3.8245003486269922        3.6223958678254995     
   3.8245580700061477        3.6225583809296449     
   3.8246156975615428        3.6227206804234044     
   3.8246732320862851        3.6228827690718237     
   3.8247306743587468        3.6230446495895046     
   3.8247880251425039        3.6232063246411887     
   3.8248452851868886        3.6233677968430076     
   3.8249024552276563        3.6235290687637072     
   3.8249595359856592        3.6236901429239139     
   3.8250165281692934        3.6238510217993016     
   3.8250734324735998        3.6240117078202094     
   3.8251302495799222        3.6241722033718085     
   3.8251869801573930        3.6243325107962812     
   3.8253002722350100        3.6246526843609774     
   3.8254695892372439        3.6251316052725051     
   3.8255255824098655        3.6252905304998033     
   3.8255817250203141        3.6254495831526947     
   3.8256938528539663        3.6257672901679676     
   3.8258055715241395        3.6260842165757903     
   3.8258612249549486        3.6262423223624829     
   3.8259168861629642        3.6264003788409647     
   3.8259724689866359        3.6265582758135886     
   3.8260279739399978        3.6267160150715134     
   3.8260834015178964        3.6268735983590523     
   3.8261387522060035        3.6270310273887065     
   3.8261940264809424        3.6271883038418005     
   3.8262492248107605        3.6273454293693210     
   3.8263043476543133        3.6275024055916698     
   3.8263593954624691        3.6276592341003058     
   3.8264143686769669        3.6278159164569197     
   3.8264692677325653        3.6279724541960814     
   3.8265240930547519        3.6281288488231294     
   3.8265788450619969        3.6282851018169477     
   3.8266335241645013        3.6284412146289902     
   3.8266881307651146        3.6285971886845694     
   3.8267426652590060        3.6287530253828493     
   3.8267971280344475        3.6289087260979982     
   3.8268515194721267        3.6290642921787897     
   3.8269058399459448        3.6292197249497420     
   3.8269600898228031        3.6293750257112309     
   3.8270142694627962        3.6295301957400059     
   3.8270683792195759        3.6296852362898102     
   3.8271224194402036        3.6298401485915650     
   3.8272303765469444        3.6301497009017427     
   3.8273379754123216        3.6304586465067499     
   3.8273915891965200        3.6306128279065057     
   3.8274452191465294        3.6307669953593367     
   3.8274987818087078        3.6309210425646894     
   3.8275522774908755        3.6310749705989505     
   3.8277125857470100        3.6315363321765388     
   3.8277655667870278        3.6316894742692067     
   3.8278187612996377        3.6318428591000633     
   3.8279249787208323        3.6321493214191509     
   3.8279778658053774        3.6323022261190712     
   3.8280307712706279        3.6324551264180664     
   3.8280836124549102        3.6326079171651311     
   3.8281363896112302        3.6327605992433663     
   3.8281891029798034        3.6329131735075442     
   3.8282417527957611        3.6330656407962456     
   3.8282943392910598        3.6332180019340745     
   3.8283468626921326        3.6333702577294078     
   3.8283993232227935        3.6335224089776235     
   3.8284517211016351        3.6336744564585453     
   3.8285040565439608        3.6338264009386463     
   3.8285563297613736        3.6339782431708514     
   3.8286085409606678        3.6341299838934562     
   3.8286606903458389        3.6342816238324844     
   3.8287127781172545        3.6344331637009861     
   3.8287648044711347        3.6345846041986021     
   3.8288167696004902        3.6347359460127495     
   3.8288686736948900        3.6348871898185742     
   3.8289205169402614        3.6350383362788086     
   3.8289722995196231        3.6351893860447917     
   3.8290240216126890        3.6353403397561399     
   3.8290756833956392        3.6354911980406808     
   3.8291272850417193        3.6356419615152280     
   3.8291787979048810        3.6357925943854084     
   3.8292817020643364        3.6360936527391070     
   3.8293330936188337        3.6362440792727830     
   3.8294357224855866        3.6365446877199248     
   3.8294868266456876        3.6366947006940307     
   3.8295379530849463        3.6368447266256441     
   3.8295890208071905        3.6369946628143595     
   3.8296910615728041        3.6372943708432688     
   3.8297418731478512        3.6374439380899020     
   3.8297927074666416        3.6375935204298147     
   3.8298434837681756        3.6377430155131649     
   3.8298942021936826        3.6378924238237378     
   3.8299448628736363        3.6380417458243888     
   3.8299954659362383        3.6381909819697524     
   3.8300460115075410        3.6383401327065328     
   3.8300964997115252        3.6384891984736352     
   3.8301469306698332        3.6386381797019851     
   3.8301973045018438        3.6387870768147774     
   3.8302476213255194        3.6389358902283742     
   3.8302978812565547        3.6390846203515834     
   3.8303480844080489        3.6392332675853249     
   3.8303982308921385        3.6393818323245459     
   3.8304483208183204        3.6395303149564269     
   3.8304983542946420        3.6396787158618462     
   3.8305483314271749        3.6398270354148203     
   3.8305982523201116        3.6399752739827216     
   3.8306481170763438        3.6401234319270044     
   3.8306979257961893        3.6402715096018667     
   3.8307476785789571        3.6404195073561083     
   3.8307973755220415        3.6405674255321134     
   3.8308470167216235        3.6407152644667526     
   3.8308966022713244        3.6408630244900482     
   3.8309461322640614        3.6410107059271386     
   3.8309956067914106        3.6411583090977691     
   3.8310450259424158        3.6413058343150411     
   3.8311437781242730        3.6416007529662853     
   3.8311929520046539        3.6417479452918760     
   3.8312421505258425        3.6418951617380149     
   3.8312912940895436        3.6420423017081149     
   3.8313403827846373        3.6421893654964252     
   3.8313894166909384        3.6423363533805779     
   3.8314383958871496        3.6424832656336550     
   3.8314872923473859        3.6426300672402827     
   3.8315361904595240        3.6427768643184870     
   3.8315850059808403        3.6429235512643894     
   3.8316337670966782        3.6430701636290279     
   3.8316824738762905        3.6432167016580683     
   3.8317311263913152        3.6433631655979029     
   3.8317797247116783        3.6435095556901103     
   3.8318282689065155        3.6436558721724781     
   3.8318767590435341        3.6438021152784015     
   3.8319251951900957        3.6439482852380722     
   3.8319735774115569        3.6440943822767857     
   3.8320219057731637        3.6442404066169600     
   3.8320701803383934        3.6443863584764506     
   3.8321184011703364        3.6445322380700942     
   3.8321665683305368        3.6446780456084866     
   3.8322146818801164        3.6448237812992144     
   3.8322627418787456        3.6449694453458683     
   3.8323107483857792        3.6451150379492021     
   3.8323587014594671        3.6452605593064504     
   3.8324066011566611        3.6454060096109595     
   3.8324544475340616        3.6455513890536122     
   3.8325022406471354        3.6456966978217156     
   3.8325499805505601        3.6458419360994712     
   3.8325976672984545        3.6459871040683356     
   3.8326453009437977        3.6461322019063611     
   3.8326928815387569        3.6462772297886592     
   3.8327404091349457        3.6464221878876359     
   3.8327878837834528        3.6465670763731337     
   3.8328353055339091        3.6467118954114279     
   3.8328826744361351        3.6468566451670252     
   3.8329299627777229        3.6470012910543934     
   3.8329772538911260        3.6471459374755231     
   3.8330717009181412        3.6474350533619870     
   3.8331187278880114        3.6475793602416453     
   3.8331657807031840        3.6477236976069873     
   3.8332127809883008        3.6478679667532274     
   3.8332597287950056        3.6480121678357249     
   3.8333535453806848        3.6483004649262201     
   3.8334002577674569        3.6484443640925619     
   3.8334937603037824        3.6487322555887594     
   3.8335403159662826        3.6488759527451626     
   3.8335868976121850        3.6490196812291091     
   3.8336334271029173        3.6491633427084609     
   3.8336799044848218        3.6493069373189693     
   3.8337263297960198        3.6494504651828192     
   3.8337727030746520        3.6495939264208661     
   3.8338190243578913        3.6497373211515503     
   3.8338652936822997        3.6498806494913243     
   3.8339115110848963        3.6500239115558193     
   3.8339576766008787        3.6501671074574471     
   3.8340037902664066        3.6503102373083420     
   3.8340498521159514        3.6504533012176452     
   3.8340958621843240        3.6505962992936096     
   3.8341418205056148        3.6507392316425031     
   3.8341877271134459        3.6508820983689616     
   3.8342335820410889        3.6510248995760883     
   3.8342793853211838        3.6511676353651259     
   3.8343251369867879        3.6513103058366969     
   3.8343708370695215        3.6514529110887879     
   3.8344164856011362        3.6515954512184519     
   3.8344620826129305        3.6517379263211960     
   3.8345076281356980        3.6518803364909513     
   3.8345531222002491        3.6520226818206565     
   3.8345985648366669        3.6521649624015042     
   3.8346439560746606        3.6523071783232544     
   3.8346892959440022        3.6524493296748046     
   3.8347798991603312        3.6527335363187121     
   3.8348250076212862        3.6528753971621759     
   3.8349153031655883        3.6531592180782408     
   3.8349602306765380        3.6533008525090822     
   3.8350052391116387        3.6534425883412776     
   3.8350501417200058        3.6535841920943835     
   3.8350950478753001        3.6537258001635786     
   3.8351398756038559        3.6538673104035642     
   3.8351846522695401        3.6540087569704363     
   3.8352293778952733        3.6541501399343144     
   3.8352740525071787        3.6542914593692046     
   3.8353186761299982        3.6544327153468088     
   3.8353632487888438        3.6545739079385715     
   3.8354077705086032        3.6547150372149284     
   3.8354522413135577        3.6548561032449944     
   3.8354966612282153        3.6549971060974213     
   3.8355410302761768        3.6551380458392067     
   3.8355853484816165        3.6552789225372972     
   3.8356296158677949        3.6554197362570005     
   3.8356738324583208        3.6555604870633940     
   3.8357179982758738        3.6557011750198640     
   3.8357621133437956        3.6558418001899367     
   3.8358061776841641        3.6559823626351582     
   3.8358501913198073        3.6561228624172761     
   3.8358941542729106        3.6562632995967803     
   3.8359380665651086        3.6564036742329700     
   3.8359819282185037        3.6565439863850884     
   3.8360257392549038        3.6566842361115377     
   3.8360694996954789        3.6568244234694420     
   3.8361132095615229        3.6569645485155560     
   3.8361568688738079        3.6571046113055408     
   3.8362004776535996        3.6572446118950630     
   3.8362440359213279        3.6573845503384068     
   3.8362875436975461        3.6575244266894598     
   3.8363310010026317        3.6576642410014695     
   3.8363743807735546        3.6578039596476239     
   3.8364610432250723        3.6580832785714490     
   3.8365043259142291        3.6582228789027358     
   3.8365475041081005        3.6583623501605778     
   3.8365906860577978        3.6585018269516203     
   3.8366337906170815        3.6586412084205202     
   3.8367630049995465        3.6590592368201342     
   3.8368057058892222        3.6591981183904791     
   3.8368485590844355        3.6593371921787901     
   3.8368913620396117        3.6594762045347031     
   3.8369341147919567        3.6596151555319172     
   3.8369768173588144        3.6597540452140676     
   3.8370194697583511        3.6598928736252740     
   3.8370620720085262        3.6600316408090947     
   3.8371046241267508        3.6601703468081741     
   3.8371470991871610        3.6603089582067856     
   3.8371895780405643        3.6604475754257439     
   3.8372319798656425        3.6605860981198255     
   3.8372743316310820        3.6607245598002138     
   3.8373166333512234        3.6608629605034455     
   3.8373588850431379        3.6610013002698083     
   3.8374010867235566        3.6611395791388839     
   3.8374432384094503        3.6612777971502366     
   3.8374853401171478        3.6614159543424254     
   3.8375273918635222        3.6615540507543112     
   3.8375693936649244        3.6616920864238889     
   3.8376113455373146        3.6618300613884802     
   3.8376532474971574        3.6619679756856556     
   3.8376950995610564        3.6621058293528397     
   3.8377369017444134        3.6622436224259372     
   3.8377786540635110        3.6623813549415272     
   3.8378203565339541        3.6625190269351839     
   3.8378620091718156        3.6626566384427481     
   3.8379036119923486        3.6627941894989173     
   3.8379451650115897        3.6629316801389997     
   3.8379866682446360        3.6630691103970623     
   3.8380281217072727        3.6632064803076338     
   3.8381523844443932        3.6636184790847834     
   3.8382347187824220        3.6638925203513431     
   3.8383169794135505        3.6641664772486893     
   3.8383989389715212        3.6644400662292385     
   3.8384809049694675        3.6647136702327074     
   3.8385216866432486        3.6648502241146437     
   3.8385624944609051        3.6649868124852034     
   3.8386032527086367        3.6651233409444770     
   3.8386439614077199        3.6652598095329774     
   3.8386846205721619        3.6653962182801130     
   3.8387252302163319        3.6655325672154984     
   3.8387657903542172        3.6656688563681934     
   3.8388063009999165        3.6658050857671700     
   3.8388467621672335        3.6659412554409858     
   3.8388871738702166        3.6660773654182330     
   3.8389275361229296        3.6662134157273822     
   3.8389678489388479        3.6663494063961415     
   3.8390081123318418        3.6664853374524773     
   3.8390483263156199        3.6666212089240169     
   3.8390884909037677        3.6667570208381375     
   3.8391286061098171        3.6668927732219769     
   3.8391686719475886        3.6670284661028738     
   3.8392086884302099        3.6671640995072763     
   3.8392486555712133        3.6672996734619283     
   3.8392885733839273        3.6674351879932070     
   3.8393284418818165        3.6675706431275339     
   3.8393682610778019        3.6677060388905764     
   3.8394080309856284        3.6678413753088099     
   3.8394477516182786        3.6679766524077202     
   3.8394874229885136        3.6681118702124831     
   3.8395270451101378        3.6682470287491986     
   3.8395665914796719        3.6683820952648971     
   3.8396061416602114        3.6685171681209003     
   3.8397246163831826        3.6689221809260677     
   3.8398030971504395        3.6691915744243495     
   3.8398422506633612        3.6693261663549332     
   3.8398814301310455        3.6694607925998350     
   3.8399205604716973        3.6695953598112658     
   3.8399987488549963        3.6698644104957383     
   3.8400376568889114        3.6699987075300302     
   3.8400765908791152        3.6701330388925948     
   3.8401154758049416        3.6702673113386979     
   3.8401543116851644        3.6704015249012212     
   3.8401930985322461        3.6705356796031281     
   3.8402318363584325        3.6706697754670530     
   3.8402705251763893        3.6708038125160138     
   3.8403091649981147        3.6709377907722085     
   3.8403477558357877        3.6710717102579431     
   3.8403862977018477        3.6712055709957716     
   3.8404247906082318        3.6713393730075574     
   3.8404632345674461        3.6714731163157484     
   3.8405016295912966        3.6716068009419436     
   3.8405399756918990        3.6717404269080016     
   3.8405782728814177        3.6718739942357637     
   3.8406165211719188        3.6720075029468919     
   3.8406547205753307        3.6721409530628355     
   3.8406928711036041        3.6722743446049759     
   3.8407309727686472        3.6724076775946095     
   3.8407690255825111        3.6725409520530992     
   3.8408070295567525        3.6726741680012056     
   3.8408449847034891        3.6728073254602651     
   3.8408828910346822        3.6729404244513137     
   3.8409207485619028        3.6730734649949888     
   3.8409585572968368        3.6732064471119101     
   3.8409963172513777        3.6733393708229118     
   3.8411092783066723        3.6737377593849603     
   3.8411468695014985        3.6738704820209600     
   3.8411843857266370        3.6740031140052705     
   3.8412593465036928        3.6742682954238939     
   3.8412966421857879        3.6744006603363166     
   3.8415206947222353        3.6751952411179514     
   3.8415568707489918        3.6753262314464341     
   3.8415938518644017        3.6754582235146613     
   3.8416307843228510        3.6755901574037715     
   3.8416676682080624        3.6757220332450391     
   3.8417045035313837        3.6758538510577341     
   3.8417412903033283        3.6759856108601854     
   3.8417780285359195        3.6761173126722895     
   3.8418147182401379        3.6762489565128065     
   3.8418513594272219        3.6763805424007199     
   3.8418879521082117        3.6765120703547569     
   3.8419244962942827        3.6766435403937532     
   3.8419609919968618        3.6767749525367730     
   3.8419974392265983        3.6769063068020360     
   3.8420338379947672        3.6770376032083569     
   3.8420701883127117        3.6771688417746109     
   3.8421064901912865        3.6773000225191081     
   3.8421427436414541        3.6774311454602495     
   3.8421789486743680        3.6775622106165713     
   3.8422151053010349        3.6776932180064597     
   3.8422512135324234        3.6778241676482248     
   3.8422872733793447        3.6779550595599346     
   3.8423232848529065        3.6780858937599907     
   3.8423592479641191        3.6782166702666386     
   3.8423951627236725        3.6783473890977416     
   3.8424310291428081        3.6784780502717345     
   3.8424668472320502        3.6786086538062546     
   3.8425383124724739        3.6788696560944589     
   3.8425739856474728        3.6790000868329056     
   3.8426096365103679        3.6791304919128200     
   3.8426452131111772        3.6792608075158193     
   3.8426807414491639        3.6793910655898179     
   3.8427162215330877        3.6795212661493082     
   3.8427516533737056        3.6796514092119534     
   3.8428224460958464        3.6799116139782990     
   3.8428576595369170        3.6800414935852812     
   3.8428928985174688        3.6801714068456226     
   3.8429633055705201        3.6804311520874893     
   3.8429983263382463        3.6805608022028027     
   3.8430684443692287        3.6808202031762334     
   3.8431033207433742        3.6809496813546736     
   3.8431382226181765        3.6810791931144533     
   3.8431730763711083        3.6812086475763617     
   3.8432078820191911        3.6813380447674087     
   3.8432426395725128        3.6814673847042414     
   3.8432773490418710        3.6815966674042055     
   3.8433120104378093        3.6817258928844003     
   3.8433466237705693        3.6818550611615568     
   3.8433811890506875        3.6819841722526898     
   3.8434157062889152        3.6821132261750651     
   3.8434501754954429        3.6822422229452885     
   3.8434845966807623        3.6823711625803113     
   3.8435189698552490        3.6825000450969041     
   3.8435532950294786        3.6826288705120591     
   3.8435875722135875        3.6827576388422583     
   3.8436218014179460        3.6828863501042650     
   3.8436559826532957        3.6830150043151617     
   3.8436901159297050        3.6831436014913295     
   3.8437242012575425        3.6832721416494518     
   3.8437582386468914        3.6834006248058921     
   3.8437922281087267        3.6835290509779419     
   3.8438261696526359        3.6836574201814027     
   3.8438600632893332        3.6837857324332708     
   3.8438939090288891        3.6839139877498068     
   3.8439276811447729        3.6840421546250188     
   3.8439614568603315        3.6841703276467843     
   3.8439951332423927        3.6842983807492740     
   3.8440288132239626        3.6844264399964417     
   3.8440623939165071        3.6845543793965065     
   3.8440959782042792        3.6846823249338088     
   3.8441630249870671        3.6849380725829488     
   3.8441963670006154        3.6850657262141473     
   3.8442297343379717        3.6851934130895514     
   3.8442630538843057        3.6853210431999881     
   3.8442963256560563        3.6854486165713243     
   3.8443295496630507        3.6855761332194068     
   3.8443627259155728        3.6857035931605746     
   3.8443958544237948        3.6858309964110294     
   3.8444289351974388        3.6859583429864702     
   3.8444619682468595        3.6860856329032980     
   3.8444949535821364        3.6862128661775517     
   3.8445278912131702        3.6863400428251247     
   3.8445607811500841        3.6864671628620926     
   3.8445936234026150        3.6865942263041513     
   3.8446264179812513        3.6867212331677512     
   3.8446591648958539        3.6868481834686855     
   3.8446918641558923        3.6869750772223084     
   3.8447245157720475        3.6871019144452579     
   3.8447571197540213        3.6872286951531175     
   3.8447896761118181        3.6873554193618117     
   3.8448221848550990        3.6874820870868388     
   3.8448546459940882        3.6876086983443113     
   3.8448870595387143        3.6877352531500489     
   3.8449194254987837        3.6878617515196908     
   3.8449517438840024        3.6879881934687733     
   3.8449840147046657        3.6881145790134520     
   3.8450162379702695        3.6882409081690244     
   3.8450483881598565        3.6883671497650372     
   3.8450805418786578        3.6884933973796921     
   3.8451126225367425        3.6886195574593650     
   3.8451767139502104        3.6888717978357688     
   3.8453044680367654        3.6893757768480056     
   3.8453358572447960        3.6895011017307846     
   3.8453675580841842        3.6896268116840312     
   3.8453992114577993        3.6897524653905251     
   3.8454308174037970        3.6898780629103278     
   3.8454623504784116        3.6900035731994349     
   3.8454938870544386        3.6901290894554113     
   3.8455253507743761        3.6902545185050637     
   3.8455567671077033        3.6903798914329942     
   3.8455881360620823        3.6905052082513983     
   3.8456194576472411        3.6906304689756984     
   3.8456507318728956        3.6907556736212550     
   3.8456819587483073        3.6908808222029994     
   3.8457131382838008        3.6910059147369281     
   3.8457442704886322        3.6911309512379402     
   3.8457753553721310        3.6912559317209759     
   3.8458063929445503        3.6913808562019841     
   3.8458373832151378        3.6915057246957979     
   3.8458683261933593        3.6916305372175313     
   3.8458992218890553        3.6917552937826246     
   3.8459300703117623        3.6918799944062557     
   3.8459608714710534        3.6920046391035819     
   3.8459916253763735        3.6921292278896476     
   3.8460223320372138        3.6922537607795420     
   3.8460529914632962        3.6923782377885876     
   3.8460836036641135        3.6925026589318479     
   3.8461141686492466        3.6926270242244987     
   3.8461446864279667        3.6927513336813620     
   3.8461751570100171        3.6928755873177703     
   3.8462055804046726        3.6929997851485434     
   3.8462359566215838        3.6931239271888980     
   3.8462966396528619        3.6933721321990962     
   3.8463268022943065        3.6934960187081409     
   3.8463569899003716        3.6936199377456465     
   3.8463871050927092        3.6937437702881821     
   3.8464172237204832        3.6938676086739162     
   3.8464472699553180        3.6939913605974790     
   3.8464772690899016        3.6941150568535348     
   3.8465072211314153        3.6942386974536232     
   3.8465670559350986        3.6944858997575687     
   3.8466266304802992        3.6947327915398800     
   3.8466860168496213        3.6949794610108677     
   3.8467155676021778        3.6951026245323870     
   3.8467451180348222        3.6952257897733158     
   3.8467746718716409        3.6953489607994499     
   3.8468041534962838        3.6954720456548134     
   3.8468335881331788        3.6955950750210422     
   3.8468629757888091        3.6957180489089052     
   3.8468923164729154        3.6958409673336106     
   3.8469216101945825        3.6959638303096951     
   3.8469508569631032        3.6960866378519146     
   3.8469800567876984        3.6962093899749049     
   3.8470092096775761        3.6963320866933382     
   3.8470383156422483        3.6964547280221751     
   3.8470673746903659        3.6965773139754545     
   3.8470963868317436        3.6966998445684673     
   3.8471253520751243        3.6968223198153516     
   3.8471542704297188        3.6969447397307404     
   3.8471831419050702        3.6970671043296233     
   3.8472119665101734        3.6971894136263868     
   3.8472407442541270        3.6973116676355398     
   3.8472694751459224        3.6974338663714796     
   3.8472981591951649        3.6975560098492268     
   3.8473267964106022        3.6976780980829296     
   3.8473553868014179        3.6978001310871580     
   3.8473839052930430        3.6979220784258739     
   3.8474124271478423        3.6980440314685783     
   3.8474408520442238        3.6981658684354470     
   3.8474692803033386        3.6982877111032337     
   3.8474976116437087        3.6984094377602590     
   3.8475259212838999        3.6985311397016218     
   3.8475541841640442        3.6986527865158765     
   3.8475824253379765        3.6987744086042875     
   3.8476105947149413        3.6988959451922625     
   3.8476386923267163        3.6990173963313322     
   3.8476667682526635        3.6991388227763382     
   3.8476948224871057        3.6992602245170700     
   3.8477228049831074        3.6993815408520296     
   3.8477507407832268        3.6995028021626108     
   3.8477786298945906        3.6996240084601499     
   3.8478064723262815        3.6997451597590953     
   3.8478342680871465        3.6998662560736406     
   3.8478620171863320        3.6999872974182670     
   3.8478897196323385        3.7001082838067942     
   3.8479173754347813        3.7002292152542169     
   3.8479449846021168        3.7003500917742826     
   3.8479725471434127        3.7004709133814133     
   3.8480000630674951        3.7005916800897487     
