  0.62762811515335704        1.2159729634341268     
  0.62753968652916081        1.2147956251104393     
  0.62745433970229314        1.2136463778421476     
  0.62736918062585600        1.2124964651722578     
  0.62728420092252701        1.2113457136498629     
  0.62719940200493451        1.2101941224155612     
  0.62711478527421483        1.2090416905321963     
  0.62703035236952454        1.2078884198295583     
  0.62694610466614298        1.2067343088521236     
  0.62686204381919786        1.2055793594327193     
  0.62677817107952238        1.2044235683609135     
  0.62669448810909445        1.2032669373300142     
  0.62661099656875108        1.2021094679352338     
  0.62652769783596240        1.2009511581762762     
  0.62644459350594850        1.1997920086267704     
  0.62636168515238455        1.1986320194465563     
  0.62627897424083068        1.1974711894078069     
  0.62619646257968520        1.1963095213358468     
  0.62611415154276828        1.1951470126213546     
  0.62603204279430269        1.1939836641123138     
  0.62595013795633447        1.1928194760040856     
  0.62586843860137054        1.1916544477950057     
  0.62578694641943533        1.1904885802940885     
  0.62570566300093666        1.1893218729556774     
  0.62562458996375392        1.1881543254652556     
  0.62554372905661293        1.1869859390096487     
  0.62546308187951427        1.1858167128107524     
  0.62538265008201521        1.1846466465728955     
  0.62530243541448371        1.1834757411315489     
  0.62522243953367340        1.1823039960402144     
  0.62514266417202957        1.1811314116663487     
  0.62506311109345469        1.1799579886521165     
  0.62498378189335457        1.1787837253891023     
  0.62490467824503593        1.1776086211129435     
  0.62482580222891038        1.1764326800441223     
  0.62474715526093250        1.1752558979419332     
  0.62466873939859258        1.1740782784766715     
  0.62459055619422865        1.1728998188475022     
  0.62451260752846105        1.1717205202221155     
  0.62443489523917395        1.1705403831415320     
  0.62435742100389635        1.1693594059464862     
  0.62428018676825692        1.1681775902355063     
  0.62420319436782423        1.1669949360959904     
  0.62412644559264308        1.1658114428862125     
  0.62404994233099043        1.1646271110565420     
  0.62397368638027451        1.1634419397882285     
  0.62389767980808941        1.1622559315300625     
  0.62382192427039984        1.1610690833645207     
  0.62374642189741636        1.1598813982683192     
  0.62367117433587071        1.1586928728805566     
  0.62359618378101223        1.1575035107366451     
  0.62352145199813136        1.1563133096989844     
  0.62344698111751939        1.1551222721660408     
  0.62337277278653258        1.1539303941811541     
  0.62329882921821078        1.1527376788956232     
  0.62322515248390742        1.1515441275085541     
  0.62315174437671306        1.1503497374657021     
  0.62307860697813766        1.1491545097540012     
  0.62300574231051609        1.1479584444743234     
  0.62293315239133817        1.1467615414829073     
  0.62286083938613834        1.1455638024067794     
  0.62278880513838764        1.1443652245198770     
  0.62271705192917448        1.1431658106188272     
  0.62264558180777019        1.1419655603358096     
  0.62257439669843551        1.1407644714867353     
  0.62250349889547330        1.1395625465473262     
  0.62243289057541507        1.1383597863032304     
  0.62236257374344583        1.1371561891349884     
  0.62229255048145971        1.1359517542130775     
  0.62222282307869359        1.1347464832951140     
  0.62215339382839241        1.1335403779996449     
  0.62208426466957123        1.1323334351086469     
  0.62201543798894188        1.1311256571283248     
  0.62194691589176698        1.1299170426667915     
  0.62187870077582386        1.1287075940184816     
  0.62181079462980127        1.1274973078833437     
  0.62174320011384487        1.1262861896877667     
  0.62167591901780117        1.1250742330813339     
  0.62160895401279037        1.1238614432809424     
  0.62154230716042369        1.1226478171752405     
  0.62147598106869895        1.1214333587713590     
  0.62140997770981876        1.1202180633646754     
  0.62134429970800342        1.1190019347853828     
  0.62127894943533613        1.1177849733257328     
  0.62121392900728656        1.1165671755784785     
  0.62114924092738089        1.1153485431687584     
  0.62108488781706694        1.1141290791400027     
  0.62102087193948208        1.1129087814799017     
  0.62095719565045016        1.1116876492160448     
  0.62089386152876469        1.1104656841791598     
  0.62083087201392073        1.1092428861264467     
  0.62076822955190991        1.1080192546671372     
  0.62070593653343209        1.1067947884515139     
  0.62064399595960806        1.1055694942987255     
  0.62058240981798385        1.1043433648630450     
  0.62052118091520447        1.1031164038407337     
  0.62046031169004856        1.1018886096682703     
  0.62039980483872104        1.1006599840734230     
  0.62033966303692911        1.0994305283308157     
  0.62027988872853301        1.0982002402167639     
  0.62022048462478285        1.0969691210111310     
  0.62016145337382000        1.0957371709030017     
  0.62010279743127572        1.0945043870903899     
  0.62004451977985642        1.0932707739723200     
  0.61998662305738506        1.0920363308803640     
  0.61992910984196781        1.0908010560076624     
  0.61987198321802484        1.0895649545004495     
  0.61981524547147582        1.0883280199458294     
  0.61975889947178719        1.0870902538895975     
  0.61970294832087702        1.0858516610118647     
  0.61964739476303454        1.0846122406472614     
  0.61959224118509426        1.0833719866985223     
  0.61953749070759778        1.0821309033438433     
  0.61948314651005565        1.0808889953533038     
  0.61942921089789515        1.0796462546815679     
  0.61937568710853619        1.0784026863653451     
  0.61932257818545855        1.0771582924824434     
  0.61926988676870232        1.0759130689271701     
  0.61921761568243849        1.0746670139574659     
  0.61916576865602857        1.0734201388130646     
  0.61911434778881791        1.0721724306265474     
  0.61906335637217913        1.0709238936279850     
  0.61901279783347507        1.0696745338118276     
  0.61896267478986977        1.0684243450205990     
  0.61891299055622817        1.0671733309796192     
  0.61886374803070832        1.0659214890136202     
  0.61881495042404455        1.0646688207643205     
  0.61876660093044178        1.0634153273335034     
  0.61871870246564964        1.0621610053611621     
  0.61867125859094407        1.0609058608058246     
  0.61862427214331372        1.0596498885150458     
  0.61857774645148178        1.0583930903272820     
  0.61853168504211198        1.0571354708195384     
  0.61848609065367632        1.0558770223101424     
  0.61844096690172656        1.0546177500177820     
  0.61839631696043840        1.0533576522131807     
  0.61835214421094897        1.0520967299093464     
  0.61830845202911111        1.0508349837635214     
  0.61826524386329273        1.0495724151950165     
  0.61822252271673139        1.0483090183826029     
  0.61818029259427343        1.0470448026397456     
  0.61813855684864361        1.0457797669265720     
  0.61809731834567860        1.0445139021411780     
  0.61805658077146597        1.0432472115597449     
  0.61801634777525583        1.0419796975886302     
  0.61797662306654799        1.0407113632749048     
  0.61793741004842651        1.0394422064242321     
  0.61789871236803817        1.0381722283182315     
  0.61786053340566938        1.0369014256080389     
  0.61782287691385895        1.0356298004493782     
  0.61778574663782493        1.0343573545464488     
  0.61774914595792607        1.0330840832955794     
  0.61771307897383854        1.0318099933089568     
  0.61767754901194316        1.0305350782914320     
  0.61764256017491304        1.0292593441280569     
  0.61760811597614040        1.0279827866713314     
  0.61757422016166041        1.0267054051249871     
  0.61754087699313676        1.0254272067797847     
  0.61750808985541816        1.0241481840683546     
  0.61747586291789525        1.0228683418897753     
  0.61744419959550834        1.0215876721709516     
  0.61741310468624300        1.0203061894430312     
  0.61738258139002378        1.0190238811909682     
  0.61735263398287066        1.0177407522762416     
  0.61732326645868252        1.0164568024765208     
  0.61729448265192277        1.0151720283302232     
  0.61726628688241858        1.0138864341472311     
  0.61723868332048804        1.0126000212922528     
  0.61721167599198812        1.0113127881188406     
  0.61718526846375277        1.0100247244651093     
  0.61715946586305293        1.0087358466663845     
  0.61713427207670835        1.0074461492478843     
  0.61710969127142412        1.0061556308739292     
  0.61708572692080033        1.0048642774532621     
  0.61706238473593655        1.0035721137921825     
  0.61703966825526579        1.0022791259981541     
  0.61701758201815438        1.0009853171788186     
  0.61699613016171517       0.99969068266126282     
  0.61697531763799673       0.99839523198351476     
  0.61695514822442210       0.99709895285433459     
  0.61693562652602041       0.99580184724009335     
  0.61691675748556185       0.99450392286100642     
  0.61689854553500956       0.99320517753204562     
  0.61688099509421690       0.99190560817242246     
  0.61686411040788391       0.99060520770118377     
  0.61684789666573780       0.98930398605235792     
  0.61683235848265761       0.98800194192047586     
  0.61681750056606355       0.98669907504121512     
  0.61680332725135778       0.98539537737212646     
  0.61678984352141764       0.98409085246437789     
  0.61677705420151996       0.98278550021200595     
  0.61676496448550044       0.98147932705426477     
  0.61675357886610938       0.98017232519559383     
  0.61674290172591950       0.97886448364952705     
  0.61673293882842495       0.97755581778610678     
  0.61672369520834225       0.97624632829392821     
  0.61671517562073985       0.97493600942724301     
  0.61670738464310404       0.97362485093240103     
  0.61670032793342877       0.97231286337494660     
  0.61669401050761163       0.97100004395272599     
  0.61668843762123127       0.96968639372545529     
  0.61668361357690316       0.96837189340865337     
  0.61667954492450183       0.96705656891001779     
  0.61667623663547511       0.96574041332039973     
  0.61667369312193887       0.96442340672570759     
  0.61667192057903431       0.96310556546698400     
  0.61667092415452596       0.96178688344582619     
  0.61667070947448177       0.96046736354897089     
  0.61667128149511763       0.95914699347328058     
  0.61667264617314010       0.95782578136081153     
  0.61667480863102597       0.95650371648191701     
  0.61667777534199730       0.95518081649802089     
  0.61668155080885123       0.95385705514365204     
  0.61668614167226310       0.95253245183071433     
  0.61669155311909130       0.95120699323815350     
  0.61669779072028974       0.94988067290090583     
  0.61670486071828412       0.94855349881450779     
  0.61671276827090282       0.94722545300779926     
  0.61672152044100415       0.94589656030161851     
  0.61673112228323923       0.94456679822036493     
  0.61674157960141529       0.94323615967552055     
  0.61675289969154701       0.94190467244587761     
  0.61676508691129772       0.94057229306512813     
  0.61677814843778223       0.93923904365723510     
  0.61679209050216255       0.93790492326132013     
  0.61680691872625326       0.93656991419951763     
  0.61682263933805115       0.93523401201429324     
  0.61683925968036746       0.93389723919093193     
  0.61685678450548409       0.93255955169920346     
  0.61687522183182231       0.93122098638042283     
  0.61689457732356356       0.92988151928896390     
  0.61691485707149762       0.92854113479698186     
  0.61693606843007442       0.92719984923333587     
  0.61695821770392012       0.92585764995524000     
  0.61698131167548975       0.92451453519278992     
  0.61700535686417157       0.92317049432000375     
  0.61703036040269510       0.92182553165969894     
  0.61705632796763177       0.92047960940184059     
  0.61708326805369806       0.91913276612060324     
  0.61711118682134813       0.91778497430202410     
  0.61714009147424087       0.91643623284966125     
  0.61716998868360273       0.91508652346353736     
  0.61720088575845600       0.91373584415560272     
  0.61723279018863864       0.91238419663016157     
  0.61726570823425364       0.91103154296281197     
  0.61729964860703024       0.90967791726866165     
  0.61733461805231082       0.90832329241755549     
  0.61737062422690747       0.90696766590987943     
  0.61740767371153038       0.90561099843848192     
  0.61744577560601277       0.90425332909805611     
  0.61748493640178759       0.90289461051754272     
  0.61752516382370382       0.90153483070054696     
  0.61756646621585953       0.90017399702098866     
  0.61760885042048197       0.89881206193164664     
  0.61765232631760258       0.89744908037766302     
  0.61769689979944742       0.89608496474219557     
  0.61774258064805232       0.89471976037361212     
  0.61778937587644123       0.89335341105750288     
  0.61785703657264712       0.89266594706404634     
  0.61790617149383142       0.89131302198336249     
  0.61795644108307923       0.88995961493088172     
  0.61800785298060279       0.88860554086007348     
  0.61806041608427076       0.88725083616477440     
  0.61811413753151911       0.88589545997748753     
  0.61816902626656822       0.88453944729638034     
  0.61822509025476491       0.88318278667892680     
  0.61828233829712453       0.88182550343478960     
  0.61834077856835556       0.88046759220531323     
  0.61840041941417845       0.87910904992788430     
  0.61846126982289051       0.87774990545134179     
  0.61852333798620474       0.87639014341129617     
  0.61858663272453118       0.87502977938383530     
  0.61865116280241872       0.87366882083343056     
  0.61871693679323136       0.87230726411694026     
  0.61878396354052334       0.87094511760237903     
  0.61885225244785425       0.86958241646008894     
  0.61892181240836530       0.86821916934927268     
  0.61899265162962225       0.86685533417131166     
  0.61906478053436298       0.86549100888057273     
  0.61913820694780364       0.86412611922831029     
  0.61921294058892773       0.86276071293930001     
  0.61928899103113833       0.86139482757012753     
  0.61936636731414008       0.86002846428996071     
  0.61944507876212285       0.85866163962375897     
  0.61952513462162684       0.85729436149315807     
  0.61960654422997208       0.85592664570163912     
  0.61968931754452405       0.85455855559567118     
  0.61977346388045773       0.85319010568905385     
  0.61985899195557848       0.85182124510704571     
  0.61994591280101352       0.85045218323981742     
  0.62003423430253746       0.84908274856975308     
  0.62012396758399857       0.84771320081864276     
  0.62021511993890510       0.84634329070305958     
  0.62030770304558469       0.84497336861585670     
  0.62040172571574492       0.84360344560048151     
  0.62049719640179213       0.84223344950681844     
  0.62059412458996865       0.84086343330444180     
  0.62069251940580150       0.83949361111727527     
  0.62079238996454822       0.83812403861745810     
  0.62089374483475601       0.83675496112198178     
  0.62099659189596590       0.83538638177124946     
  0.62110093911870068       0.83401840141749606     
  0.62120679409255153       0.83265110584077040     
  0.62131549258910490       0.83108367989275322     
  0.62142465608836628       0.82969995216143122     
  0.62153538910798856       0.82831526340901951     
  0.62164770407909609       0.82692977583780969     
  0.62176161293116605       0.82554344342644614     
  0.62187712805012785       0.82415618826364834     
  0.62199426196825924       0.82276795079745624     
  0.62211302726484730       0.82137870291483406     
  0.62223343721931701       0.81998829777145277     
  0.62235550573479348       0.81859655732519743     
  0.62247924678000788       0.81720336538183547     
  0.62260467546251408       0.81580845416181824     
  0.62273180785381221       0.81441149778300537     
  0.62286066124761807       0.81301216932865161     
  0.62299125619999407       0.81160966708796700     
  0.62312361570874941       0.81020323935365912     
  0.62325776842623148       0.80879145232327188     
  0.62339374875767262       0.80737268311805854     
  0.62353161174027183       0.80594332126206336     
  0.62367142593214508       0.80449905480954464     
  0.62380996410365841       0.80335043769724424     
  0.62395256527205700       0.80196874795798145     
  0.62409672780369663       0.80059936532384657     
  0.62424215661660565       0.79925600120206797     
  0.62438773007161785       0.79798905234534623     
  0.62454436374104350       0.79625591196260459     
  0.62469322685293371       0.79503186456703767     
  0.62485062079072828       0.79346603049287112     
  0.63275012990036095       0.67071673629910467     
  0.63187497588941777       0.67985029378911144     
  0.63192540403545139       0.68066877009547022     
  0.63197352229200121       0.68152017995997660     
  0.63202874745552007       0.68231487140552816     
  0.63207868663920030       0.68317135181806765     
  0.63212922044172681       0.68403372177617150     
  0.63218698894094216       0.68483709382612268     
  0.63223947399614933       0.68570362671479423     
  0.63229261033658457       0.68657575201231491     
  0.63235283536459264       0.68738921760805072     
  0.63240797789881997       0.68826530129252372     
  0.63246351464492168       0.68914982327320273     
  0.63252622571764883       0.68997372759978270     
  0.63258376666985683       0.69086265484296994     
  0.63264178734745569       0.69175949543760129     
  0.63270674595251652       0.69259702026714942     
  0.63276668099233480       0.69349966952818709     
  0.63283317245605597       0.69434624706981474     
  0.63289464817075436       0.69525896125302544     
  0.63296246220221508       0.69611725594324947     
  0.63302529298173216       0.69704252551280610     
  0.63309446636372257       0.69791266385193684     
  0.63315855573277713       0.69885211137779235     
  0.63322875186338279       0.69973839926886916     
  0.63329974990948201       0.70062955080000910     
  0.63336550304111305       0.70159381813197708     
  0.63343705231867464       0.70250754732910448     
  0.63350913664006658       0.70342976071244590     
  0.63358152029397763       0.70436337170121943     
  0.63365389733942734       0.70531224007956084     
  0.63372613183251003       0.70627833928065598     
  0.63379812622518117       0.70726327627104091     
  0.63386948501780682       0.70827228072582415     
  0.63394553135853338       0.70924174980192944     
  0.63402047627966140       0.71024109849357830     
  0.63409340438078565       0.71128240957277478     
  0.63318192948800467       0.72546776646889954     
  0.63540607566738860       0.69979524968634776     
  0.63707602174598410       0.68455439710448751     
  0.64143612006765705       0.65074381509418178     
  0.63569922813979662       0.70192296086992179     
  0.63579678243061366       0.70265774145812787     
  0.63765386166459259       0.68534223074962930     
  0.63611717333678552       0.70462171479960845     
  0.63622852550496267       0.70524760031237199     
  0.63634189606879532       0.70586173379529749     
  0.63645973887208773       0.70643573782323599     
  0.63657793436577292       0.70701669145366219     
  0.63670939084769052       0.70745496882225978     
  0.63684169796286105       0.70789347127774738     
  0.63701853284883070       0.70782410921928141     
  0.63490893622327249       0.74183162854309082     
   3.5523595703228459        1.7132149449523748     
  0.63942031241320352       0.68980998496225887     
  0.63807692381074466       0.70563922596292250     
  0.63791166338555427       0.70955688515166648     
  0.63666819420262899       0.72783403069089503     
  0.63908684908815672       0.70232772571786517     
  0.63970972742721610       0.69764617080363389     
  0.63962788958797245       0.70039755866707765     
  0.64004744899738142       0.69791244014491716     
  0.64027547189889478       0.69744787347659198     
  0.64053354413240704       0.69669023258531637     
  0.64083578367677008       0.69550453766910814     
  0.64114536204464811       0.69427133942785146     
  0.64144847335244315       0.69312818844145996     
  0.64174610509363628       0.69206246800470272     
  0.64469660154245012       0.66817531699498944     
  0.64155725130208607       0.69770284524342818     
  0.64314678279171300       0.68434032748364493     
  0.64401918256946467       0.67840973442338393     
  0.63864695807354166       0.74175061552486454     
  0.64358018202786560       0.68566867182795410     
  0.64452829661156075       0.68075971184416650     
  0.64505191486429569       0.67798845075361447     
  0.64100613238084514       0.72140370162582235     
  0.64546456580037481       0.67788460860201583     
  0.64094528275746687       0.72737096775988563     
  0.64023427042951464       0.74070577099012369     
  0.64661603324583716       0.67343127825928739     
  0.64703002669962162       0.67177230157460266     
  0.64440132828536700       0.69668794666983092     
  0.64784174917452630       0.66867849465881546     
  0.64583426218577999       0.68702154490956691     
  0.64932451107284450       0.66080965580985784     
  0.64893196387693575       0.66520729905106679     
  0.64922497041571769       0.66460715445239527     
  0.64983443405871966       0.66173319499922423     
  0.65017404373519816       0.66083894072719707     
  0.65062813068569425       0.65915984594868560     
  0.65108183846813783       0.65752022257776233     
  0.65152756246467181       0.65596782040638602     
  0.65197057838891792       0.65446360703254358     
  0.65232031161568504       0.65359848239436358     
  0.65279446216133141       0.65194321158248614     
  0.65326153858082436       0.65036327885209033     
  0.65372728026359161       0.64882205399906390     
  0.65419267400472492       0.64731218017260361     
  0.65465896796988410       0.64582508456553278     
  0.65512716839675778       0.64435406298376519     
  0.65559799945047315       0.64289442181570189     
  0.65607208708145892       0.64144226845350760     
  0.65654975242657376       0.63999568234364257     
  0.65703142339987608       0.63855220972549409     
  0.65751727101646862       0.63711098791700271     
  0.65800749792414848       0.63567101507779311     
  0.65850219474385308       0.63423196720580033     
  0.65900148207820319       0.63279337018719672     
  0.65950543761593639       0.63135500980135040     
  0.66001412974348017       0.62991673459251418     
  0.66052760820095080       0.62847850257985982     
  0.66104593161192082       0.62704022919427105     
  0.66156914264948896       0.62560192008137261     
  0.66209729443808496       0.62416352889705540     
  0.66263042868942768       0.62272507287514567     
  0.66316858699343395       0.62128657147141320     
  0.66371182220721070       0.61984798965454813     
  0.66426017216432376       0.61840937103778038     
  0.66481525699844346       0.61694811504132108     
  0.66537392078753055       0.61551089452204510     
  0.66593775393574217       0.61407418491282095     
  0.66606102159583369       0.61476192441737942     
  0.66707842283344654       0.61121270024926178     
  0.66724086245261327       0.61171751689434761     
  0.66824396478908210       0.60833676120498281     
  0.66844124836963326       0.60868566598525242     
  0.66943150713465294       0.60546041680427187     
  0.66966174619823093       0.60566940482662002     
  0.67064144378967305       0.60258382679930289     
  0.67090298568256035       0.60266691022952490     
  0.67187415895748726       0.59970721266746518     
  0.67216555980316595       0.59967669099295096     
  0.67313003780236313       0.59683080768865049     
  0.67345008325159050       0.59669731864078634     
  0.67440952750767980       0.59395460966390146     
  0.67475709952317431       0.59372779687773414     
  0.67571304976533209       0.59107875575668412     
  0.67608720501474806       0.59076703553580545     
  0.67704106389469476       0.58820326494264752     
  0.67744093850177256       0.58781428591990670     
  0.67839400750317491       0.58532827734359649     
  0.67881888177305827       0.58486873335818901     
  0.67977233606855036       0.58245389541584669     
  0.68022157564838237       0.58192981301806990     
  0.68117653766481323       0.57958013785729179     
  0.68164959197016406       0.57899693122044837     
  0.68260710257163248       0.57670705694225677     
  0.68310349361715639       0.57606960989173261     
  0.68406450520610074       0.57383479623453304     
  0.68458382698795739       0.57314750182326402     
  0.68554925859608706       0.57096340160913672     
  0.68609116738026454       0.57023023005829077     
  0.68706188207928853       0.56809293788252879     
  0.68762609151384890       0.56731748182042152     
  0.68860291080377023       0.56522345740724056     
  0.68918917146196645       0.56440902321664899     
  0.69017287620408474       0.56235506354979492     
  0.69078100959844213       0.56150458504882894     
  0.69177233248093717       0.55948782613194648     
  0.69240218328564285       0.55860403550950766     
  0.69340184494967128       0.55662182028407869     
  0.69405330876427740       0.55570717938367642     
  0.69506199472461205       0.55375711381764070     
  0.69573499849560649       0.55281388936000719     
  0.69675337613124899       0.55089377641481874     
  0.69744787706015643       0.54992405599544469     
  0.69847658879279406       0.54803190253200595     
  0.69919257906158427       0.54703759313638556     
  0.70023225518989862       0.54517156224392560     
  0.70096976183244974       0.54415440336136012     
  0.70186513688974583       0.54272617919747546     
  0.70277295976368370       0.54129041309445691     
  0.70369086640732326       0.53985117159956131     
  0.70461735597281905       0.53841264709730663     
  0.70555248586420538       0.53697488182009412     
  0.70649632081280134       0.53553793085562407     
  0.70744895213039871       0.53410178352798521     
  0.70841046728580870       0.53266644239629346     
  0.70938095002667589       0.53123192165780075     
  0.71036050916198712       0.52979817780183913     
  0.71134921689249009       0.52836525906693999     
  0.71234717294139449       0.52693314947244796     
  0.71335448179759953       0.52550182617680397     
  0.71437122622294913       0.52407131992402167     
  0.71539750176299954       0.52264163384370987     
  0.71643342912250096       0.52121271795643764     
  0.71747907160984459       0.51978465445572086     
  0.71853455342886063       0.51835739120202962     
  0.71959997246791729       0.51693093902309173     
  0.72067541960745707       0.51550532583277853     
  0.72176101108364454       0.51408052779561408     
  0.72285683491797781       0.51265658435029582     
  0.72396302148411962       0.51123344858579856     
  0.72507965005228991       0.50981118339604492     
  0.72620684813061875       0.50838975419001364     
  0.72734472443396925       0.50696916907072276     
  0.72849336698137079       0.50554947931977556     
  0.72965291159298384       0.50413064386817152     
  0.73082345934003645       0.50271269404570829     
  0.73200513166521775       0.50129562378100623     
  0.73319804450595483       0.49987944104773097     
  0.73440230005378271       0.49846418211770538     
  0.73561803556891081       0.49704982026691280     
  0.73684536115370047       0.49563638295175011     
  0.73808440429697164       0.49422386806388857     
  0.73933527870596705       0.49281230150465122     
  0.74059811669543496       0.49140167848851524     
  0.74187303607850519       0.48999202306108597     
  0.74316016867572132       0.48858333730297132     
  0.74445964325193115       0.48717563186237967     
  0.74577159227714973       0.48576891398050914     
  0.74709614655408452       0.48436319668993771     
  0.74843344304159454       0.48295848570315969     
  0.74978360508449726       0.48155481190944804     
  0.75114677445500111       0.48015217858604758     
  0.75252310188049765       0.47875057831082374     
  0.75391271213616740       0.47735004797757608     
  0.75531575615585533       0.47595058563184200     
  0.75673237404481497       0.47455220959679689     
  0.75816271365551891       0.47315492902644207     
  0.75960691910175282       0.47175876176410120     
  0.76106513875029991       0.47036372202702448     
  0.76253752876896608       0.46896981555302508     
  0.76402423895667082       0.46757706055356280     
  0.76552542669639023       0.46618546709400754     
  0.76704124378464278       0.46479505621847994     
  0.76857185830532349       0.46340582890448068     
  0.77011742734046673       0.46201780488691685     
  0.77167810855802310       0.46063100568599080     
  0.77325406539832198       0.45924544768645725     
  0.77484547273724147       0.45786113503209880     
  0.77645250146460543       0.45647808060608641     
  0.77807531152644283       0.45509631446846383     
  0.77971408473348502       0.45371584089973704     
  0.78136899930947479       0.45233667234604602     
  0.78304023070564299       0.45095882781162977     
  0.78472794921823852       0.44958233545714688     
  0.78643235525066491       0.44820718908369972     
  0.78815362713370218       0.44683341334032256     
  0.78989194751783964       0.44546103018381911     
  0.79164751002761558       0.44409005140645402     
  0.79342050040207757       0.44272050129024365     
  0.79521112528381588       0.44135238267782367     
  0.79701957259207790       0.43998572352431542     
  0.79884604501706324       0.43862053756068287     
  0.80069075361079223       0.43725683256275216     
  0.80255389406788302       0.43589463668569156     
  0.80443567329454124       0.43453396836863101     
  0.80633624036564044       0.43317489310185181     
  0.80825596311992287       0.43181729884560405     
  0.81019494645988233       0.43046130571536062     
  0.81215342749046404       0.42910691195900896     
  0.81413163762936924       0.42775412627013676     
  0.81612979249743123       0.42640297672396599     
  0.81814812669472936       0.42505347508618818     
  0.82018686955243703       0.42370564185138604     
  0.82224625513295335       0.42235949592777855     
  0.82432652468665601       0.42101505248729176     
  0.82642790738610361       0.41967234149355953     
  0.82855065777084180       0.41833137175123514     
  0.83069501895199593       0.41699216640705794     
  0.83286124602110523       0.41565474060625385     
  0.83504958022916453       0.41431912541373506     
  0.83726029349858655       0.41298532713166547     
  0.83949363196544591       0.41165337874183550     
  0.84174987096600384       0.41032329029508391     
  0.84402927634114056       0.40899508382505811     
  0.84633212000770142       0.40766877928344969     
  0.84865866899579878       0.40634440398610039     
  0.85100921177307454       0.40502197040504878     
  0.85338402842489192       0.40370150157941631     
  0.85578340445123569       0.40238301927545012     
  0.85820761956067337       0.40106655311252848     
  0.86065699112378902       0.39975210589123000     
  0.86313179824696595       0.39843971448286986     
  0.86563235171435438       0.39712939379426432     
  0.86815895600147230       0.39582116724279814     
  0.87071192767679484       0.39451505240347079     
  0.87329157078168029       0.39321107963016000     
  0.87589821312839899       0.39190926477528898     
  0.87853218018018497       0.39060962913179881     
  0.88119378793616121       0.38931220402118027     
  0.88388338752669837       0.38801699899962716     
  0.88660130321879804       0.38672404631487622     
  0.88934788525520114       0.38543336322134680     
  0.89212347561317751       0.38414497625433502     
  0.89492842625028990       0.38285890846214826     
  0.89776309789070741       0.38157518049779965     
  0.90062785025066716       0.38029381720170796     
  0.90352305519247633       0.37901483892448801     
  0.90644907846991774       0.37773827345234767     
  0.90940629895984915       0.37646414352718544     
  0.91239510076786479       0.37519247216030344     
  0.91541587191388551       0.37392328344835579     
  0.91846901070617160       0.37265659869982637     
  0.92155490369309034       0.37139244979919617     
  0.92467396822040460       0.37013085360457121     
  0.92782661333103300       0.36887183567657073     
  0.93101325174984118       0.36761542282437243     
  0.93423430135841190       0.36636164228808776     
  0.93749020996787735       0.36511050807373063     
  0.94078138947852674       0.36386205789825499     
  0.94410829222872339       0.36261631035744313     
  0.94747136688516975       0.36137328992319040     
  0.95087106505614594       0.36013302301174516     
  0.95430784253368417       0.35889553729323131     
  0.95778217412753963       0.35766085410190296     
  0.96129452552377137       0.35642900311925296     
  0.96484538297506839       0.35520000705407384     
  0.96843523245770602       0.35397389246582778     
  0.97206456743962910       0.35275068574726326     
  0.97573388413110917       0.35153041550008146     
  0.97944370621830923       0.35031310075137023     
  0.98319453631952936       0.34909877430551189     
  0.98698690405746825       0.34788745970582702     
  0.99082133813095263       0.34667918466487968     
  0.99469838448658565       0.34547397268923247     
  0.99861857849664226       0.34427185565204477     
   1.0025824917123309       0.34307285301043700     
   1.0065906715135164       0.34187699857731124     
   1.0106436952645546       0.34068431664874599     
   1.0147421472278955       0.33949483242728229     
   1.0188866047476610       0.33830857762733885     
   1.0230776847089815       0.33712557129737586     
   1.0273159775134677       0.33594584714461539     
   1.0316020980511316       0.33476943242659235     
   1.0359366801387777       0.33359635070911275     
   1.0403203476854763       0.33242663319241872     
   1.0447537496737045       0.33126030499909609     
   1.0492375390053641       0.33009739359051393     
   1.0537723696704904       0.32893792964383972     
   1.0583589287918400       0.32778193535126454     
   1.0629978794495560       0.32662944540940719     
   1.0676899280658654       0.32548048254839557     
   1.0724357800692168       0.32433507381139803     
   1.0772361355724995       0.32319325174050717     
   1.0820917238313026       0.32205504245077199     
   1.0870032875807571       0.32092047141110758     
   1.0919715679646116       0.31978956841451656     
   1.0969973162993478       0.31866236352418142     
   1.1020813117319406       0.31753888156893961     
   1.1072243236293584       0.31641915430880246     
   1.1124271553388982       0.31530320650330401     
   1.1176906027594029       0.31419106908493788     
   1.1230154882780887       0.31308276857579720     
   1.1284026374860572       0.31197833437910732     
   1.1338528952536697       0.31087779392885573     
   1.1393671142690582       0.30978117618069811     
   1.1449461667788519       0.30868850826006067     
   1.1505909287007909       0.30759982004998720     
   1.1563022944087256       0.30651514001226543     
   1.1620811768192572       0.30543449534421951     
   1.1679284979331062       0.30435791462415329     
   1.1738451844904678       0.30328542888305321     
   1.1798322023543122       0.30221706269186999     
   1.1858905079325663       0.30115284695327760     
   1.1920210979721177       0.30009280612991895     
   1.1982249423055347       0.29903697520359163     
   1.2045030719773819       0.29798537772608624     
   1.2108565134688702       0.29693804239022470     
   1.2172862966372024       0.29589500077006614     
   1.2237935049388289       0.29485627566637412     
   1.2303791975730860       0.29382189945492088     
   1.2370444673338785       0.29279190046775383     
   1.2437904388430185       0.29176630382932767     
   1.2506182320064581       0.29074513960647630     
   1.2575289873695088       0.28972843708783769     
   1.2645238710159141       0.28871622389355139     
   1.2716040779914455       0.28770852548286996     
   1.2787708019851367       0.28670537149533004     
   1.2860252665153133       0.28570678925284282     
   1.2933687100146367       0.28471280696101509     
   1.3008023837309681       0.28372345407068128     
   1.3083275797407046       0.28273875593616071     
   1.3159455903721651       0.28175874179483562     
   1.3236577425874612       0.28078343815918100     
   1.3314653875035709       0.27981287102020880     
   1.3393698681230384       0.27884707166518413     
   1.3473725876941625       0.27788606435322422     
   1.3554749507456809       0.27692987711704770     
   1.3636783965536372       0.27597853581674725     
   1.3719843578286008       0.27503207124975937     
   1.3803943400786061       0.27409050584886685     
   1.3889098247287366       0.27315386999237962     
   1.3975323581335082       0.27222218732615849     
   1.4062634767659312       0.27129548702653850     
   1.4151047666306462       0.27037379430201763     
   1.4240578329869151       0.26945713534560545     
   1.4331242986240353       0.26854553755074217     
   1.4423058270576579       0.26763902611723589     
   1.4516041006854215       0.26673762740101348     
   1.4610208378713301       0.26584136648194018     
   1.4705577709752091       0.26495027035950491     
   1.4802166713663238       0.26406436445318116     
   1.4899993372086822       0.26318367443336821     
   1.4999076089402215       0.26230822423189948     
   1.5099433278082957       0.26143804156390016     
   1.5201084108195226       0.26057314822085920     
   1.5304047567631260       0.25971357228595693     
   1.5408343392913830       0.25885933629222790     
   1.5513991232526345       0.25801046780746067     
   1.5621011763329189       0.25716698591652254     
   1.5729425010245668       0.25632892141895647     
   1.5839252289978181       0.25549629381529804     
   1.5950514624655781       0.25466913005256897     
   1.6063233889564041       0.25384745134987530     
   1.6177431922007124       0.25303128335267083     
   1.6293131210322598       0.25222064852001036     
   1.6410354382446077       0.25141557176949325     
   1.6529124703349634       0.25061607526758312     
   1.6649465814532702       0.24982218134065209     
   1.6771401716671523       0.24903391268214781     
   1.6894956585043677       0.24825129414994462     
   1.7020155470130791       0.24747434603559809     
   1.7147023526620249       0.24670309168698479     
   1.7275586274809562       0.24593755488601426     
   1.7405870158161814       0.24517775492631400     
   1.7537901756443424       0.24442371398794899     
   1.7671707986447351       0.24367545516320815     
   1.7807316491220704       0.24293299919576727     
   1.7944755464408275       0.24219636621067683     
   1.8084053241085130       0.24146557914495159     
   1.8225238927217831       0.24074065854498281     
   1.8368342202380830       0.24002162440529135     
   1.8513392971523577       0.23930849893067885     
   1.8660422182651619       0.23860130028176840     
   1.8809460860887912       0.23790005013223733     
   1.8960540796285081       0.23720476841005003     
   1.9113694363385556       0.23651547484096486     
   1.9268954458366725       0.23583218946783036     
   1.9426354646417350       0.23515493166638887     
   1.9585929199126841       0.23448372005739257     
   1.9747712791463778       0.23381857461920244     
   1.9911740734232763       0.23315951512925764     
   2.0078049233697199       0.23250655963532157     
   2.0246675153798184       0.23185972617024486     
   2.0417655837829582       0.23121903388642664     
   2.0591029178465310       0.23058450260549504     
   2.0766834308231337       0.22995614883936907     
   2.0945110725396492       0.22933399115525341     
   2.1125898654974740       0.22871804802716372     
   2.1309239247692644       0.22810833684805520     
   2.1495174405329052       0.22750487505290171     
   2.1683746642555475       0.22690768090485242     
   2.1874999612597703       0.22631677081526053     
   2.2068977235863847       0.22573216396548504     
   2.2265725224336683       0.22515387462983372     
   2.2465289037752330       0.22458192260082344     
   2.2667715960263908       0.22401632289683066     
   2.2873053528160701       0.22345709362859695     
   2.3081350694579266       0.22290425047432988     
   2.3292657012079649       0.22235781065529928     
   2.3507023029995904       0.22181779112975336     
   2.3724500676891194       0.22128420709856156     
   2.3945142533610189       0.22075707530291416     
   2.4169002032805218       0.22023641312079356     
   2.4396134231413482       0.21972223554668996     
   2.4626595032165390       0.21921455856788089     
   2.4860441218893499       0.21871339900681508     
   2.5097731072969935       0.21821877223882064     
   2.5338523733485840       0.21773069479018076     
   2.5582879692827887       0.21724918253278214     
   2.5830860964797275       0.21677425029104128     
   2.6082529980810625       0.21630591580043357     
   2.6337951430834341       0.21584419337587180     
   2.6597190723455824       0.21538909941524317     
   2.6860314726244514       0.21494064990418912     
   2.7127391738841706       0.21449886066858315     
   2.7398491561507221       0.21406374730205055     
   2.7673685318942893       0.21363532581979788     
   2.7953045369184388       0.21321361299371847     
   2.8236646366479636       0.21279862338057862     
   2.8524563718624485       0.21239037396338750     
   2.8816874674002042       0.21198888103942426     
   2.9113658449244428       0.21159416012086804     
   2.9414995337896879       0.21120622842052400     
   2.9720967911886955       0.21082510177129388     
   3.0031660369078979       0.21045079652620344     
   3.0347158422242377       0.21008332988733064     
   3.0667549865381649       0.20972271862727745     
   3.0992924465204226       0.20936897951513797     
   3.1323373957136722       0.20902212947639848     
   3.1658991751914418       0.20868218635225746     
   3.1999873829423131       0.20834916703724501     
   3.2346117557515397       0.20802309019869406     
   3.2697823393874472       0.20770397275796937     
   3.3055093204128028       0.20739183359148408     
   3.3418031720147718       0.20708669063396426     
   3.3786745760287231       0.20678856262548648     
   3.4161344128079345       0.20649746935532734     
   3.4541939205297099       0.20621342886031635     
   3.4928644606464436       0.20593646190247822     
   3.5321577623985618       0.20566658763921419     
   3.5720857560880521       0.20540382677377339     
   3.6126606523537590       0.20514820026045841     
   3.6538950120812697       0.20489972835865378     
   3.6958016251392363       0.20465843276774173     
   3.7383935654804286       0.20442433582093708     
   3.7816842517703080       0.20419745971055928     
   3.8256874080329775       0.20397782727626551     
   3.8704171048131211       0.20376546154973130     
   3.9158877333512030       0.20356038629927004     
   3.9621139671311125       0.20336262664406593     
   4.0091109458830960       0.20317220675799741     
   4.0568940890917604       0.20298915253183569     
   4.1054792333957613       0.20281348991970741     
   4.1548825756608290       0.20264524583013460     
   4.2051207286949781       0.20248444761710765     
   4.2562107176105677       0.20233112329551817     
   4.3081699176022923       0.20218530238058266     
   4.3610162818751297       0.20204701355301991     
   4.4147680968681566       0.20191628753952801     
   4.4694441344074631       0.20179315559030422     
   4.5250636720165787       0.20167764949390879     
   4.5816464198961189       0.20156980246919162     
   4.6392126344040676       0.20146964823375119     
   4.6977830971664796       0.20137722141284739     
   4.7573791601546231       0.20129255734850243     
   4.8180225804687806       0.20121569366602993     
   4.8797358920834490       0.20114666729361352     
   4.9425420405581990       0.20108551775207592     
   5.0064647493696350       0.20103228434005502     
   5.0715282202790730       0.20098700873086012     
   5.1377573492562441       0.20094973343877220     
   5.2051777616037711       0.20092050183723534     
   5.2738157048669896       0.20089935913074844     
   5.3436982242289526       0.20088635133725466     
   5.4148529956007891       0.20088152662690356     
   5.4873085606778433       0.20088493397737700     
   5.5610942024946937       0.20089662423757831     
   5.6362400475823842       0.20091664968589179     
   5.7127770064514722       0.20094506461014353     
   5.7907369781201465       0.20098192437433737     
   5.8701526753898614       0.20102728665054928     
   5.9510578442697195       0.20108121046231864     
   6.0334870775172442       0.20114375739882209     
   6.1174760687429437       0.20121499055279038     
   6.2030615507112135       0.20129497514247574     
   6.2902813642258666       0.20138377842284386     
   6.3791743746631777       0.20148147031322197     
   6.4697807234260205       0.20158812257349987     
   6.5621417381333140       0.20170380948786348     
   6.6562999324898344       0.20182860811888725     
   6.7522992706429648       0.20196259756986484     
   6.8501848897622457       0.20210586033943650     
   6.9500035062647356       0.20225848111854100     
   7.0518031840013036       0.20242054795077666     
   7.1556335350386862       0.20259215182446966     
   7.2615458533153019       0.20277338661827868     
   7.3695929908276581       0.20296434982232139     
   7.4798295059965509       0.20316514239100011     
   7.5923117197990591       0.20337586893709680     
   7.7070979426934683       0.20359663749379467     
   7.8242483425964764       0.20382756026150498     
   7.9438251070441419       0.20406875352379655     
   8.0658926043289938       0.20432033769907129     
   8.1905172790968006       0.20458243796040043     
   8.3177680311960280       0.20485518382429349     
   8.4477160042020838       0.20513871002376874     
   8.5804350532209277       0.20543315603549225     
   8.7160015221814753       0.20573866696288981     
   8.8544944585120788       0.20605539359348862     
   8.9959960000294217       0.20638349226254993     
   9.1405910959600103       0.20672312581619767     
   9.2883679802271519       0.20707446338640317     
   9.4394180915390091       0.20743768107687743     
   9.5938365530219372       0.20781296188168707     
   9.7517218930797025       0.20820049664422915     
   9.9131767274107361       0.20860048383179489     
   10.078307390001735       0.20901313060435486     
   10.247224833068895       0.20943865252659677     
   10.420044266036898       0.20987727467838771     
   10.596885603541788       0.21032923192468470     
   10.777873824218920       0.21079476938874928     
   10.963139051590712       0.21127414322683927     
   11.152817091625872       0.21176762107401575     
   11.347049422891201       0.21227548295153384     
   11.545983976396357       0.21279802175229240     
   11.749774936450560       0.21333554433763185     
   11.958583690477500       0.21388837211740180     
   12.172578900415829       0.21445684217162217     
   12.391937097210596       0.21504130817911177     
   12.616842949262692       0.21564214157651421     
   12.847490549033031       0.21625973260110193     
   13.084082711067166       0.21689449183237106     
   13.326832877020509       0.21754685137477547     
   13.575965086152182       0.21821726653247439     
   13.831714950765409       0.21890621745950070     
   14.094330422457876       0.21961421102293593     
   14.364072592275285       0.22034178280880387     
   14.641216880314371       0.22108949937356856     
   14.926054061449141       0.22185796072496333     
   15.218891372872520       0.22264780300311710     
   15.520053659085093       0.22345970147478977     
   15.829885509078816       0.22429437401882671     
   16.148751884740530       0.22515258461736282     
   16.477040848386654       0.22603514774761993     
   16.815164404542553       0.22694293263381435     
   17.163562571856417       0.22787686914635910     
   17.522703877478818       0.22883795289395636     
   17.893089066579204       0.22982725212968599     
   18.275254584476340       0.23084591540740368     
   18.669775700882244       0.23189517988668942     
   19.077270808702654       0.23297638111897198     
   19.498405629094982       0.23409096389980175     
   19.933899027861791       0.23524049530908411     
   20.384529268358431       0.23642667952788723     
   20.851140617724411       0.23765137466905914     
   21.334651511622130       0.23891661266719030     
   21.836065055540928       0.24022462326536648     
   22.356479391209362       0.24157786102388515     
   22.897101195966801       0.24297903812984331     
   23.459262482408231       0.24443116423819380     
   24.044438806165186       0.24593759300281129     
   24.654272756398203       0.24750207963580931     
   25.290601867348006       0.24912885073644983     
   25.955493991119837       0.25082269151983877     
   26.651289821759871       0.25258905347109861     
   27.380658254926452       0.25443419191410527     
   28.146665030748206       0.25636534040626879     
   28.952862869208115       0.25839093818105641     
   29.803408570946978       0.26052092887917522     
   30.703224090945231       0.26276716595825217     
   31.685519619011536       0.26520438974244043     
   32.706972675682550       0.26773933599660776     
   33.800750959309056       0.27044704933449243     
   34.978555723044146       0.27335661377758308     
   36.255711397186772       0.27650641597538644     
   37.653003885435659       0.27994893701552437     
   39.199937435933784       0.28375926885935437     
   40.941041189983551       0.28805166092935047     
   42.949675461211896       0.29301586520955292     
   45.364364467815506       0.29901307719784498     
   48.519768888660295       0.30692263558937971     
   54.355650967069586       0.32190639957437978     
