   1.2159729634341268        1.2760515163923170     
   1.2147956251104393        1.2766278664516666     
   1.2136463778421476        1.2772020282455285     
   1.2124964651722578        1.2777770347833588     
   1.2113457136498629        1.2783529046381137     
   1.2101941224155612        1.2789296394712557     
   1.2090416905321963        1.2795072409738872     
   1.2078884198295583        1.2800857105363581     
   1.2067343088521236        1.2806650499148828     
   1.2055793594327193        1.2812452605057432     
   1.2044235683609135        1.2818263442677975     
   1.2032669373300142        1.2824083026206008     
   1.2021094679352338        1.2829911369978206     
   1.2009511581762762        1.2835748492362207     
   1.1997920086267704        1.2841594408899324     
   1.1986320194465563        1.2847449135642082     
   1.1974711894078069        1.2853312690210303     
   1.1963095213358468        1.2859185085763873     
   1.1951470126213546        1.2865066341545086     
   1.1939836641123138        1.2870956472985549     
   1.1928194760040856        1.2876855496284796     
   1.1916544477950057        1.2882763428453945     
   1.1904885802940885        1.2888680285088534     
   1.1893218729556774        1.2894606083328064     
   1.1881543254652556        1.2900540840098795     
   1.1869859390096487        1.2906484570684285     
   1.1858167128107524        1.2912437292605008     
   1.1846466465728955        1.2918399022885427     
   1.1834757411315489        1.2924369777321463     
   1.1823039960402144        1.2930349573181248     
   1.1811314116663487        1.2936338426864284     
   1.1799579886521165        1.2942336354499515     
   1.1787837253891023        1.2948343374783557     
   1.1776086211129435        1.2954359505508428     
   1.1764326800441223        1.2960384758898411     
   1.1752558979419332        1.2966419156739555     
   1.1740782784766715        1.2972462711946049     
   1.1728998188475022        1.2978515444769596     
   1.1717205202221155        1.2984577371028476     
   1.1705403831415320        1.2990648507280729     
   1.1693594059464862        1.2996728872622665     
   1.1681775902355063        1.3002818482502652     
   1.1669949360959904        1.3008917354119114     
   1.1658114428862125        1.3015025505536073     
   1.1646271110565420        1.3021142953628924     
   1.1634419397882285        1.3027269716742138     
   1.1622559315300625        1.3033405809566130     
   1.1610690833645207        1.3039551252916781     
   1.1598813982683192        1.3045706060958886     
   1.1586928728805566        1.3051870255107718     
   1.1575035107366451        1.3058043848965410     
   1.1563133096989844        1.3064226862646067     
   1.1551222721660408        1.3070419311127768     
   1.1539303941811541        1.3076621216686832     
   1.1527376788956232        1.3082832593523179     
   1.1515441275085541        1.3089053458114399     
   1.1503497374657021        1.3095283831263296     
   1.1491545097540012        1.3101523729777216     
   1.1479584444743234        1.3107773171505510     
   1.1467615414829073        1.3114032174632810     
   1.1455638024067794        1.3120300755352021     
   1.1443652245198770        1.3126578934892983     
   1.1431658106188272        1.3132866728192099     
   1.1419655603358096        1.3139164153858487     
   1.1407644714867353        1.3145471232641159     
   1.1395625465473262        1.3151787979965526     
   1.1383597863032304        1.3158114413250550     
   1.1371561891349884        1.3164450552722982     
   1.1359517542130775        1.3170796417751736     
   1.1347464832951140        1.3177152024759913     
   1.1335403779996449        1.3183517390381123     
   1.1323334351086469        1.3189892536873731     
   1.1311256571283248        1.3196277479925931     
   1.1299170426667915        1.3202672239783655     
   1.1287075940184816        1.3209076832463875     
   1.1274973078833437        1.3215491280515907     
   1.1262861896877667        1.3221915596405747     
   1.1250742330813339        1.3228349806328641     
   1.1238614432809424        1.3234793923072652     
   1.1226478171752405        1.3241247969164234     
   1.1214333587713590        1.3247711958888293     
   1.1202180633646754        1.3254185916718400     
   1.1190019347853828        1.3260669857231231     
   1.1177849733257328        1.3267163799171544     
   1.1165671755784785        1.3273667765650476     
   1.1153485431687584        1.3280181773949113     
   1.1141290791400027        1.3286705839736572     
   1.1129087814799017        1.3293239984640353     
   1.1116876492160448        1.3299784229112965     
   1.1104656841791598        1.3306338590380324     
   1.1092428861264467        1.3312903088137624     
   1.1080192546671372        1.3319477742305099     
   1.1067947884515139        1.3326062573976309     
   1.1055694942987255        1.3332657594684221     
   1.1043433648630450        1.3339262832680239     
   1.1031164038407337        1.3345878303255536     
   1.1018886096682703        1.3352504027950225     
   1.1006599840734230        1.3359140024477152     
   1.0994305283308157        1.3365786311118120     
   1.0982002402167639        1.3372442910346436     
   1.0969691210111310        1.3379109840534915     
   1.0957371709030017        1.3385787121395496     
   1.0945043870903899        1.3392474776241050     
   1.0932707739723200        1.3399172819889709     
   1.0920363308803640        1.3405881273216376     
   1.0908010560076624        1.3412600158506089     
   1.0895649545004495        1.3419329489817660     
   1.0883280199458294        1.3426069295010103     
   1.0870902538895975        1.3432819592528025     
   1.0858516610118647        1.3439580397126045     
   1.0846122406472614        1.3446351729977075     
   1.0833719866985223        1.3453133618786794     
   1.0821309033438433        1.3459926079039723     
   1.0808889953533038        1.3466729125575068     
   1.0796462546815679        1.3473542788589592     
   1.0784026863653451        1.3480367082689688     
   1.0771582924824434        1.3487202026061755     
   1.0759130689271701        1.3494047644362277     
   1.0746670139574659        1.3500903960465631     
   1.0734201388130646        1.3507770981701874     
   1.0721724306265474        1.3514648744428424     
   1.0709238936279850        1.3521537264487971     
   1.0696745338118276        1.3528436555657855     
   1.0684243450205990        1.3535346646390845     
   1.0671733309796192        1.3542267553283363     
   1.0659214890136202        1.3549199300714376     
   1.0646688207643205        1.3556141907888959     
   1.0634153273335034        1.3563095394726206     
   1.0621610053611621        1.3570059786590183     
   1.0609058608058246        1.3577035097618713     
   1.0596498885150458        1.3584021355461231     
   1.0583930903272820        1.3591018579343987     
   1.0571354708195384        1.3598026785222341     
   1.0558770223101424        1.3605046003991799     
   1.0546177500177820        1.3612076250924372     
   1.0533576522131807        1.3619117549794173     
   1.0520967299093464        1.3626169921101901     
   1.0508349837635214        1.3633233385816435     
   1.0495724151950165        1.3640307964039289     
   1.0483090183826029        1.3647393684767484     
   1.0470448026397456        1.3654490558556760     
   1.0457797669265720        1.3661598608666901     
   1.0445139021411780        1.3668717868295472     
   1.0432472115597449        1.3675848355533144     
   1.0419796975886302        1.3682990089603562     
   1.0407113632749048        1.3690143088971449     
   1.0394422064242321        1.3697307378611299     
   1.0381722283182315        1.3704482979265009     
   1.0369014256080389        1.3711669917434701     
   1.0356298004493782        1.3718868212906663     
   1.0343573545464488        1.3726077886072268     
   1.0330840832955794        1.3733298965172698     
   1.0318099933089568        1.3740531464638372     
   1.0305350782914320        1.3747775414928860     
   1.0292593441280569        1.3755030831464514     
   1.0279827866713314        1.3762297742176917     
   1.0267054051249871        1.3769576170889257     
   1.0254272067797847        1.3776866131441698     
   1.0241481840683546        1.3784167656190960     
   1.0228683418897753        1.3791480762046200     
   1.0215876721709516        1.3798805482133307     
   1.0203061894430312        1.3806141821473923     
   1.0190238811909682        1.3813489818855662     
   1.0177407522762416        1.3820849491447902     
   1.0164568024765208        1.3828220862839871     
   1.0151720283302232        1.3835603960723146     
   1.0138864341472311        1.3842998803124589     
   1.0126000212922528        1.3850405411816569     
   1.0113127881188406        1.3857823812399448     
   1.0100247244651093        1.3865254041233190     
   1.0087358466663845        1.3872696101462019     
   1.0074461492478843        1.3880150023691562     
   1.0061556308739292        1.3887615833380367     
   1.0048642774532621        1.3895093572123798     
   1.0035721137921825        1.3902583232563153     
   1.0022791259981541        1.3910084856204166     
   1.0009853171788186        1.3917598463128988     
  0.99969068266126282        1.3925124083358251     
  0.99839523198351476        1.3932661728958737     
  0.99709895285433459        1.3940211439726244     
  0.99580184724009335        1.3947773237451491     
  0.99450392286100642        1.3955347136683196     
  0.99320517753204562        1.3962933164610010     
  0.99190560817242246        1.3970531349604771     
  0.99060520770118377        1.3978141725227600     
  0.98930398605235792        1.3985764303418680     
  0.98800194192047586        1.3993399110516729     
  0.98669907504121512        1.4001046171581333     
  0.98539537737212646        1.4008705521682341     
  0.98409085246437789        1.4016377181137258     
  0.98278550021200595        1.4024061175029516     
  0.98147932705426477        1.4031757520095409     
  0.98017232519559383        1.4039466251384871     
  0.97886448364952705        1.4047187408136146     
  0.97755581778610678        1.4054920995805911     
  0.97624632829392821        1.4062667038779209     
  0.97493600942724301        1.4070425569770724     
  0.97362485093240103        1.4078196627390158     
  0.97231286337494660        1.4085980223492096     
  0.97100004395272599        1.4093776387235177     
  0.96968639372545529        1.4101585142858279     
  0.96837189340865337        1.4109406540991027     
  0.96705656891001779        1.4117240573847387     
  0.96574041332039973        1.4125087276212613     
  0.96442340672570759        1.4132946699796789     
  0.96310556546698400        1.4140818849354373     
  0.96178688344582619        1.4148703758865173     
  0.96046736354897089        1.4156601450681698     
  0.95914699347328058        1.4164511967013398     
  0.95782578136081153        1.4172435323508457     
  0.95650371648191701        1.4180371560514435     
  0.95518081649802089        1.4188320681386353     
  0.95385705514365204        1.4196282746935953     
  0.95253245183071433        1.4204257758328964     
  0.95120699323815350        1.4212245759654563     
  0.94988067290090583        1.4220246786119533     
  0.94855349881450779        1.4228260854027990     
  0.94722545300779926        1.4236288013897183     
  0.94589656030161851        1.4244328260033390     
  0.94456679822036493        1.4252381649071570     
  0.94323615967552055        1.4260448217487089     
  0.94190467244587761        1.4268527955820984     
  0.94057229306512813        1.4276620948778875     
  0.93923904365723510        1.4284727194475753     
  0.93790492326132013        1.4292846721660051     
  0.93656991419951763        1.4300979581288265     
  0.93523401201429324        1.4309125806903937     
  0.93389723919093193        1.4317285396397805     
  0.93255955169920346        1.4325458436085516     
  0.93122098638042283        1.4333644904844300     
  0.92988151928896390        1.4341844862576552     
  0.92854113479698186        1.4350058358186286     
  0.92719984923333587        1.4358285398060424     
  0.92585764995524000        1.4366526027386954     
  0.92451453519278992        1.4374780276873154     
  0.92317049432000375        1.4383048189210375     
  0.92182553165969894        1.4391329787180314     
  0.92047960940184059        1.4399625150163544     
  0.91913276612060324        1.4407934255159400     
  0.91778497430202410        1.4416257168024136     
  0.91643623284966125        1.4424593919184157     
  0.91508652346353736        1.4432944562386592     
  0.91373584415560272        1.4441309129506308     
  0.91238419663016157        1.4449687647569269     
  0.91103154296281197        1.4458080197253382     
  0.90967791726866165        1.4466486761965169     
  0.90832329241755549        1.4474907408102122     
  0.90696766590987943        1.4483342168793374     
  0.90561099843848192        1.4491791127279927     
  0.90425332909805611        1.4500254260463308     
  0.90289461051754272        1.4508731662934491     
  0.90153483070054696        1.4517223381300990     
  0.90017399702098866        1.4525729435940320     
  0.89881206193164664        1.4534249922316311     
  0.89744908037766302        1.4542784796068369     
  0.89608496474219557        1.4551334207851185     
  0.89471976037361212        1.4559898126543009     
  0.89335341105750288        1.4568476660343654     
  0.89266594706404634        1.4576145398528038     
  0.89131302198336249        1.4584730765083349     
  0.88995961493088172        1.4593329887504958     
  0.88860554086007348        1.4601943043614782     
  0.88725083616477440        1.4610570212797462     
  0.88589545997748753        1.4619211480612404     
  0.88453944729638034        1.4627866828507896     
  0.88318278667892680        1.4636536301744676     
  0.88182550343478960        1.4645219895091159     
  0.88046759220531323        1.4653917645646444     
  0.87910904992788430        1.4662629587318798     
  0.87774990545134179        1.4671355710036116     
  0.87639014341129617        1.4680096064915793     
  0.87502977938383530        1.4688850660346671     
  0.87366882083343056        1.4697619515846712     
  0.87230726411694026        1.4706402666585940     
  0.87094511760237903        1.4715200131119324     
  0.86958241646008894        1.4724011890469715     
  0.86821916934927268        1.4732837962786389     
  0.86685533417131166        1.4741678437070829     
  0.86549100888057273        1.4750533206711030     
  0.86412611922831029        1.4759402405862927     
  0.86276071293930001        1.4768285998163524     
  0.86139482757012753        1.4777183961266120     
  0.86002846428996071        1.4786096323973266     
  0.85866163962375897        1.4795023093499338     
  0.85729436149315807        1.4803964289195624     
  0.85592664570163912        1.4812919919391856     
  0.85455855559567118        1.4821889925122620     
  0.85319010568905385        1.4830874316324560     
  0.85182124510704571        1.4839873195558386     
  0.85045218323981742        1.4848886297273864     
  0.84908274856975308        1.4857913894283556     
  0.84771320081864276        1.4866955649069011     
  0.84634329070305958        1.4876011946057919     
  0.84497336861585670        1.4885082317331753     
  0.84360344560048151        1.4894166777094491     
  0.84223344950681844        1.4903265458396304     
  0.84086343330444180        1.4912378315267130     
  0.83949361111727527        1.4921505073201251     
  0.83812403861745810        1.4930645680999390     
  0.83675496112198178        1.4939799817365829     
  0.83538638177124946        1.4948967506565602     
  0.83401840141749606        1.4958148632569082     
  0.83265110584077040        1.4967343100803654     
  0.83108367989275322        1.4976836538166938     
  0.82969995216143122        1.4986083472121594     
  0.82831526340901951        1.4995346239382585     
  0.82692977583780969        1.5004624640214490     
  0.82554344342644614        1.5013918775305195     
  0.82415618826364834        1.5023228791975662     
  0.82276795079745624        1.5032554811586500     
  0.82137870291483406        1.5041896910345647     
  0.81998829777145277        1.5051255337623224     
  0.81859655732519743        1.5060630389421505     
  0.81720336538183547        1.5070022273009580     
  0.81580845416181824        1.5079431418196756     
  0.81441149778300537        1.5088858342138072     
  0.81301216932865161        1.5098303565748323     
  0.81160966708796700        1.5107768310194407     
  0.81020323935365912        1.5117253728786499     
  0.80879145232327188        1.5126761985887462     
  0.80737268311805854        1.5136295535646438     
  0.80594332126206336        1.5145859779662991     
  0.80449905480954464        1.5155461186542314     
  0.80335043769724424        1.5164640938494021     
  0.80196874795798145        1.5174179697311563     
  0.80059936532384657        1.5183715395359840     
  0.79925600120206797        1.5193227825559901     
  0.79798905234534623        1.5202642684364500     
  0.79625591196260459        1.5212761409895612     
  0.79503186456703767        1.5222141970229179     
  0.79346603049287112        1.5232044774605786     
  0.67071673629910467        1.5431945161670635     
  0.67985029378911144        1.5424559773801370     
  0.68066877009547022        1.5430858365209326     
  0.68152017995997660        1.5437115979512532     
  0.68231487140552816        1.5443479293371118     
  0.68317135181806765        1.5449754564033333     
  0.68403372177617150        1.5456033271015914     
  0.68483709382612268        1.5462421353229658     
  0.68570362671479423        1.5468719434783544     
  0.68657575201231491        1.5475021568593907     
  0.68738921760805072        1.5481432470998644     
  0.68826530129252372        1.5487754548808987     
  0.68914982327320273        1.5494076175377089     
  0.68997372759978270        1.5500509707890433     
  0.69086265484296994        1.5506850803167138     
  0.69175949543760129        1.5513192445193273     
  0.69259702026714942        1.5519643823180056     
  0.69349966952818709        1.5526002914172796     
  0.69434624706981474        1.5532466441740298     
  0.69525896125302544        1.5538836252204817     
  0.69611725594324947        1.5545307799365564     
  0.69704252551280610        1.5551684497461473     
  0.69791266385193684        1.5558164061608135     
  0.69885211137779235        1.5564545232903910     
  0.69973839926886916        1.5571026070368692     
  0.70062955080000910        1.5577512782552319     
  0.70159381813197708        1.5583895324967290     
  0.70250754732910448        1.5590373292540536     
  0.70342976071244590        1.5596851480368314     
  0.70436337170121943        1.5603325256912906     
  0.70531224007956084        1.5609788488196270     
  0.70627833928065598        1.5616238085497596     
  0.70726327627104091        1.5622671562309942     
  0.70827228072582415        1.5629080624953424     
  0.70924174980192944        1.5635567414644156     
  0.71024109849357830        1.5642020565637769     
  0.71128240957277478        1.5648420869455735     
  0.72546776646889954        1.5633920308898430     
  0.69979524968634776        1.5683093047180776     
  0.68455439710448751        1.5716029804820382     
  0.65074381509418178        1.5780418256997222     
  0.70192296086992179        1.5704026263133444     
  0.70265774145812787        1.5710990648679262     
  0.68534223074962930        1.5747330087372378     
  0.70462171479960845        1.5732355837226235     
  0.70524760031237199        1.5739551959299714     
  0.70586173379529749        1.5746781040665430     
  0.70643573782323599        1.5754088801072101     
  0.70701669145366219        1.5761399398455522     
  0.70745496882225978        1.5768953710403828     
  0.70789347127774738        1.5776521612815482     
  0.70782410921928141        1.5784920723070091     
  0.74183162854309082        1.5747601050838766     
   1.7132149449523748        2.3608163230592858     
  0.68980998496225887        1.5847444865068738     
  0.70563922596292250        1.5830089368564306     
  0.70955688515166648        1.5832150324951351     
  0.72783403069089503        1.5811376418520799     
  0.70232772571786517        1.5869014674861774     
  0.69764617080363389        1.5885038335121449     
  0.70039755866707765        1.5889014906189631     
  0.69791244014491716        1.5901510001087491     
  0.69744787347659198        1.5910736789842501     
  0.69669023258531637        1.5920456931106592     
  0.69550453766910814        1.5930889870402618     
  0.69427133942785146        1.5941417170084153     
  0.69312818844145996        1.5951814400570501     
  0.69206246800470272        1.5962101732888185     
  0.66817531699498944        1.6010158006534010     
  0.69770284524342818        1.5970046559874715     
  0.68434032748364493        1.6000501556214348     
  0.67840973442338393        1.6018897321284968     
  0.74175061552486454        1.5925525116261463     
  0.68566867182795410        1.6024174513112235     
  0.68075971184416650        1.6049584420839229     
  0.67798845075361447        1.6062850697555158     
  0.72140370162582235        1.6000959883049797     
  0.67788460860201583        1.6080428256428836     
  0.72737096775988563        1.6008889533265633     
  0.74070577099012369        1.5996588637335361     
  0.67343127825928739        1.6114047004718031     
  0.67177230157460266        1.6125581011859600     
  0.69668794666983092        1.6093288374010462     
  0.66867849465881546        1.6148334601139038     
  0.68702154490956691        1.6126734185969405     
  0.66080965580985784        1.6179189910848195     
  0.66520729905106679        1.6180647205875514     
  0.66460715445239527        1.6190519154595417     
  0.66173319499922423        1.6204228019194082     
  0.66083894072719707        1.6214629723392906     
  0.65915984594868560        1.6226371041621759     
  0.65752022257776233        1.6238065301947922     
  0.65596782040638602        1.6249632073622962     
  0.65446360703254358        1.6261136957330637     
  0.65359848239436358        1.6271579517454169     
  0.65194321158248614        1.6283377334545686     
  0.65036327885209033        1.6295068196556370     
  0.64882205399906390        1.6306713229335421     
  0.64731218017260361        1.6318324702612339     
  0.64582508456553278        1.6329917032101218     
  0.64435406298376519        1.6341501540836301     
  0.64289442181570189        1.6353086182420651     
  0.64144226845350760        1.6364677586434011     
  0.63999568234364257        1.6376279038165080     
  0.63855220972549409        1.6387894760241597     
  0.63711098791700271        1.6399526260147028     
  0.63567101507779311        1.6411175294593834     
  0.63423196720580033        1.6422842459680367     
  0.63279337018719672        1.6434528614658563     
  0.63135500980135040        1.6446234173515517     
  0.62991673459251418        1.6457959443698096     
  0.62847850257985982        1.6469704543978931     
  0.62704022919427105        1.6481469667963471     
  0.62560192008137261        1.6493254853037520     
  0.62416352889705540        1.6505060227369335     
  0.62272507287514567        1.6516885808794946     
  0.62128657147141320        1.6528731611096430     
  0.61984798965454813        1.6540597743655354     
  0.61840937103778038        1.6552484178304816     
  0.61694811504132108        1.6564435910844382     
  0.61551089452204510        1.6576360228336906     
  0.61407418491282095        1.6588303963714039     
  0.61476192441737942        1.6596521180432817     
  0.61121270024926178        1.6612232035704864     
  0.61171751689434761        1.6620802654027873     
  0.60833676120498281        1.6636267467984607     
  0.60868566598525242        1.6645146038846192     
  0.60546041680427187        1.6660386218613796     
  0.60566940482662002        1.6669546055162772     
  0.60258382679930289        1.6684588386728110     
  0.60266691022952490        1.6694006098438212     
  0.59970721266746518        1.6708873962379138     
  0.59967669099295096        1.6718529013364913     
  0.59683080768865049        1.6733242915265438     
  0.59669731864078634        1.6743117569655070     
  0.59395460966390146        1.6757695643282702     
  0.59372779687773414        1.6767773792024461     
  0.59107875575668412        1.6782232295655617     
  0.59076703553580545        1.6792499901814977     
  0.58820326494264752        1.6806853239554198     
  0.58781428591990670        1.6817297527149231     
  0.58532827734359649        1.6831558623846870     
  0.58486873335818901        1.6842168437282210     
  0.58245389541584669        1.6856348668087824     
  0.58192981301806990        1.6867113965730236     
  0.57958013785729179        1.6881223748054048     
  0.57899693122044837        1.6892135515640336     
  0.57670705694225677        1.6906184180812913     
  0.57606960989173261        1.6917234293976593     
  0.57383479623453304        1.6931230117254417     
  0.57314750182326402        1.6942411279795309     
  0.57096340160913672        1.6956361890431184     
  0.57023023005829077        1.6967667519190495     
  0.56809293788252879        1.6981579800950084     
  0.56731748182042152        1.6993003950886507     
  0.56522345740724056        1.7006884175237129     
  0.56440902321664899        1.7018421376979145     
  0.56235506354979492        1.7032275246604347     
  0.56150458504882894        1.7043920674986957     
  0.55948782613194648        1.7057753312978141     
  0.55860403550950766        1.7069502473667986     
  0.55662182028407869        1.7083318664668583     
  0.55570717938367642        1.7095167528546893     
  0.55375711381764070        1.7108971608024586     
  0.55281388936000719        1.7120916474744479     
  0.55089377641481874        1.7134712448300284     
  0.54992405599544469        1.7146749920332343     
  0.54803190253200595        1.7160541445748621     
  0.54703759313638556        1.7172668435439640     
  0.54517156224392560        1.7186458909244258     
  0.54415440336136012        1.7198672617870310     
  0.54272617919747546        1.7211683967983564     
  0.54129041309445691        1.7224732637344808     
  0.53985117159956131        1.7237811122921689     
  0.53841264709730663        1.7250911480539224     
  0.53697488182009412        1.7264033687506344     
  0.53553793085562407        1.7277177691950871     
  0.53410178352798521        1.7290343568477280     
  0.53266644239629346        1.7303531366321727     
  0.53123192165780075        1.7316741112271594     
  0.52979817780183913        1.7329972945894943     
  0.52836525906693999        1.7343226828118905     
  0.52693314947244796        1.7356502845349477     
  0.52550182617680397        1.7369801097956024     
  0.52407131992402167        1.7383121581485570     
  0.52264163384370987        1.7396464345856466     
  0.52121271795643764        1.7409829545958431     
  0.51978465445572086        1.7423217076306425     
  0.51835739120202962        1.7436627096813764     
  0.51693093902309173        1.7450059643248588     
  0.51550532583277853        1.7463514717721034     
  0.51408052779561408        1.7476992425259257     
  0.51265658435029582        1.7490492745344555     
  0.51123344858579856        1.7504015829724913     
  0.50981118339604492        1.7517561611253580     
  0.50838975419001364        1.7531130217881588     
  0.50696916907072276        1.7544721692428213     
  0.50554947931977556        1.7558335991074485     
  0.50413064386817152        1.7571973255878763     
  0.50271269404570829        1.7585633483431558     
  0.50129562378100623        1.7599316745999918     
  0.49987944104773097        1.7613023087729252     
  0.49846418211770538        1.7626752495584945     
  0.49704982026691280        1.7640505084478058     
  0.49563638295175011        1.7654280859624971     
  0.49422386806388857        1.7668079886560899     
  0.49281230150465122        1.7681902173891544     
  0.49140167848851524        1.7695747793135093     
  0.48999202306108597        1.7709616756980415     
  0.48858333730297132        1.7723509123329408     
  0.48717563186237967        1.7737424932784918     
  0.48576891398050914        1.7751364233188722     
  0.48436319668993771        1.7765327060626261     
  0.48295848570315969        1.7779313466551150     
  0.48155481190944804        1.7793323450454310     
  0.48015217858604758        1.7807357069213512     
  0.47875057831082374        1.7821414402304057     
  0.47735004797757608        1.7835495437091957     
  0.47595058563184200        1.7849600242219739     
  0.47455220959679689        1.7863728844117450     
  0.47315492902644207        1.7877881288639372     
  0.47175876176410120        1.7892057603607801     
  0.47036372202702448        1.7906257824661922     
  0.46896981555302508        1.7920482005520357     
  0.46757706055356280        1.7934730173810292     
  0.46618546709400754        1.7949002374606162     
  0.46479505621847994        1.7963298629882440     
  0.46340582890448068        1.7977619004491330     
  0.46201780488691685        1.7991963523635732     
  0.46063100568599080        1.8006332208868625     
  0.45924544768645725        1.8020725092839207     
  0.45786113503209880        1.8035142234650166     
  0.45647808060608641        1.8049583674950713     
  0.45509631446846383        1.8064049417675521     
  0.45371584089973704        1.8078539522431361     
  0.45233667234604602        1.8093054031450775     
  0.45095882781162977        1.8107592973096613     
  0.44958233545714688        1.8122156356018624     
  0.44820718908369972        1.8136744263646276     
  0.44683341334032256        1.8151356712639271     
  0.44546103018381911        1.8165993725773113     
  0.44409005140645402        1.8180655348120325     
  0.44272050129024365        1.8195341597684767     
  0.44135238267782367        1.8210052539653483     
  0.43998572352431542        1.8224788184437792     
  0.43862053756068287        1.8239548573813038     
  0.43725683256275216        1.8254333763042194     
  0.43589463668569156        1.8269143762640565     
  0.43453396836863101        1.8283978604719697     
  0.43317489310185181        1.8298837824188996     
  0.43181729884560405        1.8313722529019967     
  0.43046130571536062        1.8328632134543938     
  0.42910691195900896        1.8343566717826112     
  0.42775412627013676        1.8358526334032228     
  0.42640297672396599        1.8373510995101050     
  0.42505347508618818        1.8388520749882142     
  0.42370564185138604        1.8403555627852815     
  0.42235949592777855        1.8418615662325091     
  0.42101505248729176        1.8433700895320781     
  0.41967234149355953        1.8448811335550515     
  0.41833137175123514        1.8463947040051396     
  0.41699216640705794        1.8479108033460521     
  0.41565474060625385        1.8494294359010692     
  0.41431912541373506        1.8509506023764675     
  0.41298532713166547        1.8524743091722926     
  0.41165337874183550        1.8540005565951878     
  0.41032329029508391        1.8555293502525951     
  0.40899508382505811        1.8570606930223514     
  0.40766877928344969        1.8585945882886383     
  0.40634440398610039        1.8601310377577240     
  0.40502197040504878        1.8616700466090363     
  0.40370150157941631        1.8632116175928690     
  0.40238301927545012        1.8647557537865871     
  0.40106655311252848        1.8663024564595112     
  0.39975210589123000        1.8678517331813291     
  0.39843971448286986        1.8694035835774718     
  0.39712939379426432        1.8709580124539880     
  0.39582116724279814        1.8725150226398495     
  0.39451505240347079        1.8740746183874752     
  0.39321107963016000        1.8756368009468587     
  0.39190926477528898        1.8772015750316473     
  0.39060962913179881        1.8787689441119568     
  0.38931220402118027        1.8803389092807483     
  0.38801699899962716        1.8819114768749721     
  0.38672404631487622        1.8834866478267740     
  0.38543336322134680        1.8850644267029963     
  0.38414497625433502        1.8866448158644136     
  0.38285890846214826        1.8882278185552201     
  0.38157518049779965        1.8898134386216423     
  0.38029381720170796        1.8914016789377983     
  0.37901483892448801        1.8929925435031609     
  0.37773827345234767        1.8945860345420122     
  0.37646414352718544        1.8961821555403584     
  0.37519247216030344        1.8977809099563041     
  0.37392328344835579        1.8993823010245507     
  0.37265659869982637        1.9009863326897418     
  0.37139244979919617        1.9025930063411640     
  0.37013085360457121        1.9042023271046418     
  0.36887183567657073        1.9058142979991515     
  0.36761542282437243        1.9074289217696521     
  0.36636164228808776        1.9090462010874232     
  0.36511050807373063        1.9106661419751507     
  0.36386205789825499        1.9122887445597181     
  0.36261631035744313        1.9139140137993029     
  0.36137328992319040        1.9155419532201019     
  0.36013302301174516        1.9171725659018741     
  0.35889553729323131        1.9188058546441438     
  0.35766085410190296        1.9204418238991328     
  0.35642900311925296        1.9220804760389294     
  0.35520000705407384        1.9237218152528317     
  0.35397389246582778        1.9253658447960593     
  0.35275068574726326        1.9270125680060857     
  0.35153041550008146        1.9286619877064699     
  0.35031310075137023        1.9303141092139355     
  0.34909877430551189        1.9319689343579234     
  0.34788745970582702        1.9336264673955483     
  0.34667918466487968        1.9352867115538914     
  0.34547397268923247        1.9369496712099159     
  0.34427185565204477        1.9386153485914039     
  0.34307285301043700        1.9402837492330933     
  0.34187699857731124        1.9419548749602087     
  0.34068431664874599        1.9436287301382951     
  0.33949483242728229        1.9453053189496088     
  0.33830857762733885        1.9469846439076679     
  0.33712557129737586        1.9486667109324380     
  0.33594584714461539        1.9503515221123924     
  0.33476943242659235        1.9520390813008115     
  0.33359635070911275        1.9537293933848718     
  0.33242663319241872        1.9554224612756443     
  0.33126030499909609        1.9571182895610981     
  0.33009739359051393        1.9588168822628114     
  0.32893792964383972        1.9605182425882717     
  0.32778193535126454        1.9622223761056339     
  0.32662944540940719        1.9639292850371541     
  0.32548048254839557        1.9656389749327392     
  0.32433507381139803        1.9673514502166529     
  0.32319325174050717        1.9690667138847591     
  0.32205504245077199        1.9707847707379011     
  0.32092047141110758        1.9725056258306060     
  0.31978956841451656        1.9742292830910002     
  0.31866236352418142        1.9759557464275863     
  0.31753888156893961        1.9776850212714394     
  0.31641915430880246        1.9794171111934493     
  0.31530320650330401        1.9811520217778407     
  0.31419106908493788        1.9828897569614525     
  0.31308276857579720        1.9846303219725145     
  0.31197833437910732        1.9863737213118418     
  0.31087779392885573        1.9881199601021864     
  0.30978117618069811        1.9898690431068378     
  0.30868850826006067        1.9916209756844823     
  0.30759982004998720        1.9933757624797628     
  0.30651514001226543        1.9951334086199708     
  0.30543449534421951        1.9968939196707549     
  0.30435791462415329        1.9986573008781894     
  0.30328542888305321        2.0004235568534248     
  0.30221706269186999        2.0021926941658199     
  0.30115284695327760        2.0039647176099660     
  0.30009280612991895        2.0057396339692950     
  0.29903697520359163        2.0075174470052661     
  0.29798537772608624        2.0092981639258976     
  0.29693804239022470        2.0110817905120681     
  0.29589500077006614        2.0128683317777876     
  0.29485627566637412        2.0146577954246676     
  0.29382189945492088        2.0164501864031625     
  0.29279190046775383        2.0182455109468735     
  0.29176630382932767        2.0200437763495600     
  0.29074513960647630        2.0218449885124299     
  0.28972843708783769        2.0236491536656427     
  0.28871622389355139        2.0254562786267698     
  0.28770852548286996        2.0272663709776557     
  0.28670537149533004        2.0290794371286509     
  0.28570678925284282        2.0308954842881413     
  0.28471280696101509        2.0327145195032914     
  0.28372345407068128        2.0345365495324250     
  0.28273875593616071        2.0363615824962542     
  0.28175874179483562        2.0381896254335268     
  0.28078343815918100        2.0400206863259336     
  0.27981287102020880        2.0418547734267900     
  0.27884707166518413        2.0436918934502044     
  0.27788606435322422        2.0455320554154817     
  0.27692987711704770        2.0473752672764047     
  0.27597853581674725        2.0492215377875720     
  0.27503207124975937        2.0510708742462977     
  0.27409050584886685        2.0529232867414908     
  0.27315386999237962        2.0547787829335080     
  0.27222218732615849        2.0566373727679004     
  0.27129548702653850        2.0584990645359049     
  0.27037379430201763        2.0603638679352301     
  0.26945713534560545        2.0622317924709055     
  0.26854553755074217        2.0641028473831748     
  0.26763902611723589        2.0659770427701210     
  0.26673762740101348        2.0678543884752707     
  0.26584136648194018        2.0697348949027035     
  0.26495027035950491        2.0716185719593216     
  0.26406436445318116        2.0735054302131548     
  0.26318367443336821        2.0753954802918066     
  0.26230822423189948        2.0772887335528938     
  0.26143804156390016        2.0791852002190616     
  0.26057314822085920        2.0810848926771879     
  0.25971357228595693        2.0829878213236781     
  0.25885933629222790        2.0848939985931940     
  0.25801046780746067        2.0868034353611389     
  0.25716698591652254        2.0887161455827967     
  0.25632892141895647        2.0906321393165839     
  0.25549629381529804        2.0925514307155710     
  0.25466913005256897        2.0944740314932746     
  0.25384745134987530        2.0963999555501354     
  0.25303128335267083        2.0983292153968085     
  0.25222064852001036        2.1002618248482898     
  0.25141557176949325        2.1021977970116277     
  0.25061607526758312        2.1041371461682474     
  0.24982218134065209        2.1060798867277915     
  0.24903391268214781        2.1080260331532683     
  0.24825129414994462        2.1099755993100873     
  0.24747434603559809        2.1119286009220906     
  0.24670309168698479        2.1138850527969364     
  0.24593755488601426        2.1158449697682640     
  0.24517775492631400        2.1178083685391957     
  0.24442371398794899        2.1197752649647450     
  0.24367545516320815        2.1217456747496009     
  0.24293299919576727        2.1237196147035151     
  0.24219636621067683        2.1256971020905944     
  0.24146557914495159        2.1276781533290157     
  0.24074065854498281        2.1296627859763566     
  0.24002162440529135        2.1316510180361914     
  0.23930849893067885        2.1336428668758760     
  0.23860130028176840        2.1356383516930304     
  0.23790005013223733        2.1376374905623940     
  0.23720476841005003        2.1396403024729613     
  0.23651547484096486        2.1416468067551317     
  0.23583218946783036        2.1436570228815119     
  0.23515493166638887        2.1456709708350301     
  0.23448372005739257        2.1476886711857457     
  0.23381857461920244        2.1497101442303315     
  0.23315951512925764        2.1517354106149269     
  0.23250655963532157        2.1537644919749259     
  0.23185972617024486        2.1557974102572039     
  0.23121903388642664        2.1578341872364701     
  0.23058450260549504        2.1598748446999134     
  0.22995614883936907        2.1619194061367946     
  0.22933399115525341        2.1639678944845739     
  0.22871804802716372        2.1660203330374106     
  0.22810833684805520        2.1680767458772086     
  0.22750487505290171        2.1701371574079840     
  0.22690768090485242        2.1722015920077835     
  0.22631677081526053        2.1742700752228696     
  0.22573216396548504        2.1763426317225578     
  0.22515387462983372        2.1784192887122424     
  0.22458192260082344        2.1805000713253726     
  0.22401632289683066        2.1825850071919382     
  0.22345709362859695        2.1846741229523681     
  0.22290425047432988        2.1867674467358560     
  0.22235781065529928        2.1888650063748294     
  0.22181779112975336        2.1909668302337679     
  0.22128420709856156        2.1930729479055708     
  0.22075707530291416        2.1951833887205723     
  0.22023641312079356        2.1972981821246096     
  0.21972223554668996        2.1994173591482031     
  0.21921455856788089        2.2015409508234143     
  0.21871339900681508        2.2036689882493201     
  0.21821877223882064        2.2058015036960628     
  0.21773069479018076        2.2079385293848550     
  0.21724918253278214        2.2100800983473263     
  0.21677425029104128        2.2122262446685461     
  0.21630591580043357        2.2143770015032875     
  0.21584419337587180        2.2165324042646297     
  0.21538909941524317        2.2186924878830485     
  0.21494064990418912        2.2208572880540451     
  0.21449886066858315        2.2230268411402694     
  0.21406374730205055        2.2252011842341566     
  0.21363532581979788        2.2273803548144810     
  0.21321361299371847        2.2295643905845699     
  0.21279862338057862        2.2317533310809790     
  0.21239037396338750        2.2339472152034219     
  0.21198888103942426        2.2361460828732760     
  0.21159416012086804        2.2383499751728237     
  0.21120622842052400        2.2405589329300017     
  0.21082510177129388        2.2427729984835167     
  0.21045079652620344        2.2449922146369810     
  0.21008332988733064        2.2472166244741878     
  0.20972271862727745        2.2494462721245343     
  0.20936897951513797        2.2516812025200554     
  0.20902212947639848        2.2539214613491589     
  0.20868218635225746        2.2561670946090491     
  0.20834916703724501        2.2584181497451201     
  0.20802309019869406        2.2606746740417369     
  0.20770397275796937        2.2629367167679462     
  0.20739183359148408        2.2652043269551392     
  0.20708669063396426        2.2674775552038460     
  0.20678856262548648        2.2697564526257894     
  0.20649746935532734        2.2720410706921368     
  0.20621342886031635        2.2743314630761304     
  0.20593646190247822        2.2766276827944223     
  0.20566658763921419        2.2789297850364068     
  0.20540382677377339        2.2812378251379837     
  0.20514820026045841        2.2835518594694086     
  0.20489972835865378        2.2858719461112798     
  0.20465843276774173        2.2881981434355940     
  0.20442433582093708        2.2905305106964038     
  0.20419745971055928        2.2928691085806401     
  0.20397782727626551        2.2952139987263065     
  0.20376546154973130        2.2975652440647352     
  0.20356038629927004        2.2999229084981865     
  0.20336262664406593        2.3022870564517310     
  0.20317220675799741        2.3046577546355018     
  0.20298915253183569        2.3070350701007296     
  0.20281348991970741        2.3094190715421563     
  0.20264524583013460        2.3118098286407753     
  0.20248444761710765        2.3142074125500640     
  0.20233112329551817        2.3166118957460631     
  0.20218530238058266        2.3190233514092822     
  0.20204701355301991        2.3214418553907237     
  0.20191628753952801        2.3238674839226148     
  0.20179315559030422        2.3263003149155774     
  0.20167764949390879        2.3287404280232114     
  0.20156980246919162        2.3311879039349779     
  0.20146964823375119        2.3336428252703443     
  0.20137722141284739        2.3361052762766268     
  0.20129255734850243        2.3385753431293432     
  0.20121569366602993        2.3410531124939009     
  0.20114666729361352        2.3435386744267710     
  0.20108551775207592        2.3460321193644718     
  0.20103228434005502        2.3485335408963945     
  0.20098700873086012        2.3510430333510053     
  0.20094973343877220        2.3535606933593725     
  0.20092050183723534        2.3560866199977646     
  0.20089935913074844        2.3586209138862722     
  0.20088635133725466        2.3611636783618395     
  0.20088152662690356        2.3637150181792759     
  0.20088493397737700        2.3662750410547471     
  0.20089662423757831        2.3688438567012220     
  0.20091664968589179        2.3714215773955165     
  0.20094506461014353        2.3740083174864384     
  0.20098192437433737        2.3766041946199898     
  0.20102728665054928        2.3792093284759588     
  0.20108121046231864        2.3818238420613831     
  0.20114375739882209        2.3844478604100061     
  0.20121499055279038        2.3870815120534985     
  0.20129497514247574        2.3897249285200393     
  0.20138377842284386        2.3923782445860180     
  0.20148147031322197        2.3950415976662462     
  0.20158812257349987        2.3977151291979903     
  0.20170380948786348        2.4003989839275555     
  0.20182860811888725        2.4030933098110063     
  0.20196259756986484        2.4057982593438636     
  0.20210586033943650        2.4085139878829853     
  0.20225848111854100        2.4112406557407287     
  0.20242054795077666        2.4139784267652358     
  0.20259215182446966        2.4167274692756644     
  0.20277338661827868        2.4194879566082070     
  0.20296434982232139        2.4222600662996188     
  0.20316514239100011        2.4250439807007718     
  0.20337586893709680        2.4278398871182127     
  0.20359663749379467        2.4306479787613173     
  0.20382756026150498        2.4334684539275013     
  0.20406875352379655        2.4363015165925046     
  0.20432033769907129        2.4391473770486423     
  0.20458243796040043        2.4420062512093201     
  0.20485518382429349        2.4448783622117523     
  0.20513871002376874        2.4477639392319093     
  0.20543315603549225        2.4506632194629860     
  0.20573866696288981        2.4535764468609997     
  0.20605539359348862        2.4565038729663717     
  0.20638349226254993        2.4594457583805576     
  0.20672312581619767        2.4624023713243233     
  0.20707446338640317        2.4653739894779454     
  0.20743768107687743        2.4683608994445230     
  0.20781296188168707        2.4713633985100669     
  0.20820049664422915        2.4743817932871437     
  0.20860048383179489        2.4774164022630858     
  0.20901313060435486        2.4804675541013039     
  0.20943865252659677        2.4835355909847094     
  0.20987727467838771        2.4866208669523409     
  0.21032923192468470        2.4897237494230549     
  0.21079476938874928        2.4928446203049601     
  0.21127414322683927        2.4959838761015583     
  0.21176762107401575        2.4991419296436121     
  0.21227548295153384        2.5023192098302167     
  0.21279802175229240        2.5055161642227031     
  0.21333554433763185        2.5087332580875472     
  0.21388837211740180        2.5119709775473820     
  0.21445684217162217        2.5152298295935047     
  0.21504130817911177        2.5185103439030505     
  0.21564214157651421        2.5218130735708870     
  0.21625973260110193        2.5251385992233728     
  0.21689449183237106        2.5284875264536577     
  0.21754685137477547        2.5318604919852987     
  0.21821726653247439        2.5352581633393587     
  0.21890621745950070        2.5386812418477378     
  0.21961421102293593        2.5421304649784080     
  0.22034178280880387        2.5456066087438334     
  0.22108949937356856        2.5491104913599050     
  0.22185796072496333        2.5526429763810707     
  0.22264780300311710        2.5562049760551000     
  0.22345970147478977        2.5597974549418030     
  0.22429437401882671        2.5634214363673702     
  0.22515258461736282        2.5670780045497179     
  0.22603514774761993        2.5707683128811434     
  0.22694293263381435        2.5744935868520260     
  0.22787686914635910        2.5782551362515704     
  0.22883795289395636        2.5820543573300938     
  0.22982725212968599        2.5858927442195361     
  0.23084591540740368        2.5897718997697874     
  0.23189517988668942        2.5936935456556673     
  0.23297638111897198        2.5976595359169687     
  0.23409096389980175        2.6016718706306667     
  0.23524049530908411        2.6057327142895921     
  0.23642667952788723        2.6098444157201341     
  0.23765137466905914        2.6140095297018693     
  0.23891661266719030        2.6182308434572530     
  0.24022462326536648        2.6225114100103237     
  0.24157786102388515        2.6268545826597975     
  0.24297903812984331        2.6312640589601033     
  0.24443116423819380        2.6357439349719938     
  0.24593759300281129        2.6402987658776871     
  0.24750207963580931        2.6449336430924966     
  0.24912885073644983        2.6496542867559785     
  0.25082269151983877        2.6544671624456502     
  0.25258905347109861        2.6593796233342291     
  0.25443419191410527        2.6644000938816768     
  0.25636534040626879        2.6695383003815496     
  0.25839093818105641        2.6748055729859042     
  0.26052092887917522        2.6802152408121089     
  0.26276716595825217        2.6857831717849980     
  0.26520438974244043        2.6916318591358293     
  0.26773933599660776        2.6975934278869271     
  0.27044704933449243        2.7037890716461979     
  0.27335661377758308        2.7102576261336351     
  0.27650641597538644        2.7170502954498454     
  0.27994893701552437        2.7242370151271933     
  0.28375926885935437        2.7319177559661814     
  0.28805166092935047        2.7402444772343633     
  0.29301586520955292        2.7494693220122053     
  0.29901307719784498        2.7600717446665932     
  0.30692263558937971        2.7732172254841796     
  0.32190639957437978        2.7957526851384138     
