  0.62762811515335704        1.2760515163923170     
  0.62753968652916081        1.2766278664516666     
  0.62745433970229314        1.2772020282455285     
  0.62736918062585600        1.2777770347833588     
  0.62728420092252701        1.2783529046381137     
  0.62719940200493451        1.2789296394712557     
  0.62711478527421483        1.2795072409738872     
  0.62703035236952454        1.2800857105363581     
  0.62694610466614298        1.2806650499148828     
  0.62686204381919786        1.2812452605057432     
  0.62677817107952238        1.2818263442677975     
  0.62669448810909445        1.2824083026206008     
  0.62661099656875108        1.2829911369978206     
  0.62652769783596240        1.2835748492362207     
  0.62644459350594850        1.2841594408899324     
  0.62636168515238455        1.2847449135642082     
  0.62627897424083068        1.2853312690210303     
  0.62619646257968520        1.2859185085763873     
  0.62611415154276828        1.2865066341545086     
  0.62603204279430269        1.2870956472985549     
  0.62595013795633447        1.2876855496284796     
  0.62586843860137054        1.2882763428453945     
  0.62578694641943533        1.2888680285088534     
  0.62570566300093666        1.2894606083328064     
  0.62562458996375392        1.2900540840098795     
  0.62554372905661293        1.2906484570684285     
  0.62546308187951427        1.2912437292605008     
  0.62538265008201521        1.2918399022885427     
  0.62530243541448371        1.2924369777321463     
  0.62522243953367340        1.2930349573181248     
  0.62514266417202957        1.2936338426864284     
  0.62506311109345469        1.2942336354499515     
  0.62498378189335457        1.2948343374783557     
  0.62490467824503593        1.2954359505508428     
  0.62482580222891038        1.2960384758898411     
  0.62474715526093250        1.2966419156739555     
  0.62466873939859258        1.2972462711946049     
  0.62459055619422865        1.2978515444769596     
  0.62451260752846105        1.2984577371028476     
  0.62443489523917395        1.2990648507280729     
  0.62435742100389635        1.2996728872622665     
  0.62428018676825692        1.3002818482502652     
  0.62420319436782423        1.3008917354119114     
  0.62412644559264308        1.3015025505536073     
  0.62404994233099043        1.3021142953628924     
  0.62397368638027451        1.3027269716742138     
  0.62389767980808941        1.3033405809566130     
  0.62382192427039984        1.3039551252916781     
  0.62374642189741636        1.3045706060958886     
  0.62367117433587071        1.3051870255107718     
  0.62359618378101223        1.3058043848965410     
  0.62352145199813136        1.3064226862646067     
  0.62344698111751939        1.3070419311127768     
  0.62337277278653258        1.3076621216686832     
  0.62329882921821078        1.3082832593523179     
  0.62322515248390742        1.3089053458114399     
  0.62315174437671306        1.3095283831263296     
  0.62307860697813766        1.3101523729777216     
  0.62300574231051609        1.3107773171505510     
  0.62293315239133817        1.3114032174632810     
  0.62286083938613834        1.3120300755352021     
  0.62278880513838764        1.3126578934892983     
  0.62271705192917448        1.3132866728192099     
  0.62264558180777019        1.3139164153858487     
  0.62257439669843551        1.3145471232641159     
  0.62250349889547330        1.3151787979965526     
  0.62243289057541507        1.3158114413250550     
  0.62236257374344583        1.3164450552722982     
  0.62229255048145971        1.3170796417751736     
  0.62222282307869359        1.3177152024759913     
  0.62215339382839241        1.3183517390381123     
  0.62208426466957123        1.3189892536873731     
  0.62201543798894188        1.3196277479925931     
  0.62194691589176698        1.3202672239783655     
  0.62187870077582386        1.3209076832463875     
  0.62181079462980127        1.3215491280515907     
  0.62174320011384487        1.3221915596405747     
  0.62167591901780117        1.3228349806328641     
  0.62160895401279037        1.3234793923072652     
  0.62154230716042369        1.3241247969164234     
  0.62147598106869895        1.3247711958888293     
  0.62140997770981876        1.3254185916718400     
  0.62134429970800342        1.3260669857231231     
  0.62127894943533613        1.3267163799171544     
  0.62121392900728656        1.3273667765650476     
  0.62114924092738089        1.3280181773949113     
  0.62108488781706694        1.3286705839736572     
  0.62102087193948208        1.3293239984640353     
  0.62095719565045016        1.3299784229112965     
  0.62089386152876469        1.3306338590380324     
  0.62083087201392073        1.3312903088137624     
  0.62076822955190991        1.3319477742305099     
  0.62070593653343209        1.3326062573976309     
  0.62064399595960806        1.3332657594684221     
  0.62058240981798385        1.3339262832680239     
  0.62052118091520447        1.3345878303255536     
  0.62046031169004856        1.3352504027950225     
  0.62039980483872104        1.3359140024477152     
  0.62033966303692911        1.3365786311118120     
  0.62027988872853301        1.3372442910346436     
  0.62022048462478285        1.3379109840534915     
  0.62016145337382000        1.3385787121395496     
  0.62010279743127572        1.3392474776241050     
  0.62004451977985642        1.3399172819889709     
  0.61998662305738506        1.3405881273216376     
  0.61992910984196781        1.3412600158506089     
  0.61987198321802484        1.3419329489817660     
  0.61981524547147582        1.3426069295010103     
  0.61975889947178719        1.3432819592528025     
  0.61970294832087702        1.3439580397126045     
  0.61964739476303454        1.3446351729977075     
  0.61959224118509426        1.3453133618786794     
  0.61953749070759778        1.3459926079039723     
  0.61948314651005565        1.3466729125575068     
  0.61942921089789515        1.3473542788589592     
  0.61937568710853619        1.3480367082689688     
  0.61932257818545855        1.3487202026061755     
  0.61926988676870232        1.3494047644362277     
  0.61921761568243849        1.3500903960465631     
  0.61916576865602857        1.3507770981701874     
  0.61911434778881791        1.3514648744428424     
  0.61906335637217913        1.3521537264487971     
  0.61901279783347507        1.3528436555657855     
  0.61896267478986977        1.3535346646390845     
  0.61891299055622817        1.3542267553283363     
  0.61886374803070832        1.3549199300714376     
  0.61881495042404455        1.3556141907888959     
  0.61876660093044178        1.3563095394726206     
  0.61871870246564964        1.3570059786590183     
  0.61867125859094407        1.3577035097618713     
  0.61862427214331372        1.3584021355461231     
  0.61857774645148178        1.3591018579343987     
  0.61853168504211198        1.3598026785222341     
  0.61848609065367632        1.3605046003991799     
  0.61844096690172656        1.3612076250924372     
  0.61839631696043840        1.3619117549794173     
  0.61835214421094897        1.3626169921101901     
  0.61830845202911111        1.3633233385816435     
  0.61826524386329273        1.3640307964039289     
  0.61822252271673139        1.3647393684767484     
  0.61818029259427343        1.3654490558556760     
  0.61813855684864361        1.3661598608666901     
  0.61809731834567860        1.3668717868295472     
  0.61805658077146597        1.3675848355533144     
  0.61801634777525583        1.3682990089603562     
  0.61797662306654799        1.3690143088971449     
  0.61793741004842651        1.3697307378611299     
  0.61789871236803817        1.3704482979265009     
  0.61786053340566938        1.3711669917434701     
  0.61782287691385895        1.3718868212906663     
  0.61778574663782493        1.3726077886072268     
  0.61774914595792607        1.3733298965172698     
  0.61771307897383854        1.3740531464638372     
  0.61767754901194316        1.3747775414928860     
  0.61764256017491304        1.3755030831464514     
  0.61760811597614040        1.3762297742176917     
  0.61757422016166041        1.3769576170889257     
  0.61754087699313676        1.3776866131441698     
  0.61750808985541816        1.3784167656190960     
  0.61747586291789525        1.3791480762046200     
  0.61744419959550834        1.3798805482133307     
  0.61741310468624300        1.3806141821473923     
  0.61738258139002378        1.3813489818855662     
  0.61735263398287066        1.3820849491447902     
  0.61732326645868252        1.3828220862839871     
  0.61729448265192277        1.3835603960723146     
  0.61726628688241858        1.3842998803124589     
  0.61723868332048804        1.3850405411816569     
  0.61721167599198812        1.3857823812399448     
  0.61718526846375277        1.3865254041233190     
  0.61715946586305293        1.3872696101462019     
  0.61713427207670835        1.3880150023691562     
  0.61710969127142412        1.3887615833380367     
  0.61708572692080033        1.3895093572123798     
  0.61706238473593655        1.3902583232563153     
  0.61703966825526579        1.3910084856204166     
  0.61701758201815438        1.3917598463128988     
  0.61699613016171517        1.3925124083358251     
  0.61697531763799673        1.3932661728958737     
  0.61695514822442210        1.3940211439726244     
  0.61693562652602041        1.3947773237451491     
  0.61691675748556185        1.3955347136683196     
  0.61689854553500956        1.3962933164610010     
  0.61688099509421690        1.3970531349604771     
  0.61686411040788391        1.3978141725227600     
  0.61684789666573780        1.3985764303418680     
  0.61683235848265761        1.3993399110516729     
  0.61681750056606355        1.4001046171581333     
  0.61680332725135778        1.4008705521682341     
  0.61678984352141764        1.4016377181137258     
  0.61677705420151996        1.4024061175029516     
  0.61676496448550044        1.4031757520095409     
  0.61675357886610938        1.4039466251384871     
  0.61674290172591950        1.4047187408136146     
  0.61673293882842495        1.4054920995805911     
  0.61672369520834225        1.4062667038779209     
  0.61671517562073985        1.4070425569770724     
  0.61670738464310404        1.4078196627390158     
  0.61670032793342877        1.4085980223492096     
  0.61669401050761163        1.4093776387235177     
  0.61668843762123127        1.4101585142858279     
  0.61668361357690316        1.4109406540991027     
  0.61667954492450183        1.4117240573847387     
  0.61667623663547511        1.4125087276212613     
  0.61667369312193887        1.4132946699796789     
  0.61667192057903431        1.4140818849354373     
  0.61667092415452596        1.4148703758865173     
  0.61667070947448177        1.4156601450681698     
  0.61667128149511763        1.4164511967013398     
  0.61667264617314010        1.4172435323508457     
  0.61667480863102597        1.4180371560514435     
  0.61667777534199730        1.4188320681386353     
  0.61668155080885123        1.4196282746935953     
  0.61668614167226310        1.4204257758328964     
  0.61669155311909130        1.4212245759654563     
  0.61669779072028974        1.4220246786119533     
  0.61670486071828412        1.4228260854027990     
  0.61671276827090282        1.4236288013897183     
  0.61672152044100415        1.4244328260033390     
  0.61673112228323923        1.4252381649071570     
  0.61674157960141529        1.4260448217487089     
  0.61675289969154701        1.4268527955820984     
  0.61676508691129772        1.4276620948778875     
  0.61677814843778223        1.4284727194475753     
  0.61679209050216255        1.4292846721660051     
  0.61680691872625326        1.4300979581288265     
  0.61682263933805115        1.4309125806903937     
  0.61683925968036746        1.4317285396397805     
  0.61685678450548409        1.4325458436085516     
  0.61687522183182231        1.4333644904844300     
  0.61689457732356356        1.4341844862576552     
  0.61691485707149762        1.4350058358186286     
  0.61693606843007442        1.4358285398060424     
  0.61695821770392012        1.4366526027386954     
  0.61698131167548975        1.4374780276873154     
  0.61700535686417157        1.4383048189210375     
  0.61703036040269510        1.4391329787180314     
  0.61705632796763177        1.4399625150163544     
  0.61708326805369806        1.4407934255159400     
  0.61711118682134813        1.4416257168024136     
  0.61714009147424087        1.4424593919184157     
  0.61716998868360273        1.4432944562386592     
  0.61720088575845600        1.4441309129506308     
  0.61723279018863864        1.4449687647569269     
  0.61726570823425364        1.4458080197253382     
  0.61729964860703024        1.4466486761965169     
  0.61733461805231082        1.4474907408102122     
  0.61737062422690747        1.4483342168793374     
  0.61740767371153038        1.4491791127279927     
  0.61744577560601277        1.4500254260463308     
  0.61748493640178759        1.4508731662934491     
  0.61752516382370382        1.4517223381300990     
  0.61756646621585953        1.4525729435940320     
  0.61760885042048197        1.4534249922316311     
  0.61765232631760258        1.4542784796068369     
  0.61769689979944742        1.4551334207851185     
  0.61774258064805232        1.4559898126543009     
  0.61778937587644123        1.4568476660343654     
  0.61785703657264712        1.4576145398528038     
  0.61790617149383142        1.4584730765083349     
  0.61795644108307923        1.4593329887504958     
  0.61800785298060279        1.4601943043614782     
  0.61806041608427076        1.4610570212797462     
  0.61811413753151911        1.4619211480612404     
  0.61816902626656822        1.4627866828507896     
  0.61822509025476491        1.4636536301744676     
  0.61828233829712453        1.4645219895091159     
  0.61834077856835556        1.4653917645646444     
  0.61840041941417845        1.4662629587318798     
  0.61846126982289051        1.4671355710036116     
  0.61852333798620474        1.4680096064915793     
  0.61858663272453118        1.4688850660346671     
  0.61865116280241872        1.4697619515846712     
  0.61871693679323136        1.4706402666585940     
  0.61878396354052334        1.4715200131119324     
  0.61885225244785425        1.4724011890469715     
  0.61892181240836530        1.4732837962786389     
  0.61899265162962225        1.4741678437070829     
  0.61906478053436298        1.4750533206711030     
  0.61913820694780364        1.4759402405862927     
  0.61921294058892773        1.4768285998163524     
  0.61928899103113833        1.4777183961266120     
  0.61936636731414008        1.4786096323973266     
  0.61944507876212285        1.4795023093499338     
  0.61952513462162684        1.4803964289195624     
  0.61960654422997208        1.4812919919391856     
  0.61968931754452405        1.4821889925122620     
  0.61977346388045773        1.4830874316324560     
  0.61985899195557848        1.4839873195558386     
  0.61994591280101352        1.4848886297273864     
  0.62003423430253746        1.4857913894283556     
  0.62012396758399857        1.4866955649069011     
  0.62021511993890510        1.4876011946057919     
  0.62030770304558469        1.4885082317331753     
  0.62040172571574492        1.4894166777094491     
  0.62049719640179213        1.4903265458396304     
  0.62059412458996865        1.4912378315267130     
  0.62069251940580150        1.4921505073201251     
  0.62079238996454822        1.4930645680999390     
  0.62089374483475601        1.4939799817365829     
  0.62099659189596590        1.4948967506565602     
  0.62110093911870068        1.4958148632569082     
  0.62120679409255153        1.4967343100803654     
  0.62131549258910490        1.4976836538166938     
  0.62142465608836628        1.4986083472121594     
  0.62153538910798856        1.4995346239382585     
  0.62164770407909609        1.5004624640214490     
  0.62176161293116605        1.5013918775305195     
  0.62187712805012785        1.5023228791975662     
  0.62199426196825924        1.5032554811586500     
  0.62211302726484730        1.5041896910345647     
  0.62223343721931701        1.5051255337623224     
  0.62235550573479348        1.5060630389421505     
  0.62247924678000788        1.5070022273009580     
  0.62260467546251408        1.5079431418196756     
  0.62273180785381221        1.5088858342138072     
  0.62286066124761807        1.5098303565748323     
  0.62299125619999407        1.5107768310194407     
  0.62312361570874941        1.5117253728786499     
  0.62325776842623148        1.5126761985887462     
  0.62339374875767262        1.5136295535646438     
  0.62353161174027183        1.5145859779662991     
  0.62367142593214508        1.5155461186542314     
  0.62380996410365841        1.5164640938494021     
  0.62395256527205700        1.5174179697311563     
  0.62409672780369663        1.5183715395359840     
  0.62424215661660565        1.5193227825559901     
  0.62438773007161785        1.5202642684364500     
  0.62454436374104350        1.5212761409895612     
  0.62469322685293371        1.5222141970229179     
  0.62485062079072828        1.5232044774605786     
  0.63275012990036095        1.5431945161670635     
  0.63187497588941777        1.5424559773801370     
  0.63192540403545139        1.5430858365209326     
  0.63197352229200121        1.5437115979512532     
  0.63202874745552007        1.5443479293371118     
  0.63207868663920030        1.5449754564033333     
  0.63212922044172681        1.5456033271015914     
  0.63218698894094216        1.5462421353229658     
  0.63223947399614933        1.5468719434783544     
  0.63229261033658457        1.5475021568593907     
  0.63235283536459264        1.5481432470998644     
  0.63240797789881997        1.5487754548808987     
  0.63246351464492168        1.5494076175377089     
  0.63252622571764883        1.5500509707890433     
  0.63258376666985683        1.5506850803167138     
  0.63264178734745569        1.5513192445193273     
  0.63270674595251652        1.5519643823180056     
  0.63276668099233480        1.5526002914172796     
  0.63283317245605597        1.5532466441740298     
  0.63289464817075436        1.5538836252204817     
  0.63296246220221508        1.5545307799365564     
  0.63302529298173216        1.5551684497461473     
  0.63309446636372257        1.5558164061608135     
  0.63315855573277713        1.5564545232903910     
  0.63322875186338279        1.5571026070368692     
  0.63329974990948201        1.5577512782552319     
  0.63336550304111305        1.5583895324967290     
  0.63343705231867464        1.5590373292540536     
  0.63350913664006658        1.5596851480368314     
  0.63358152029397763        1.5603325256912906     
  0.63365389733942734        1.5609788488196270     
  0.63372613183251003        1.5616238085497596     
  0.63379812622518117        1.5622671562309942     
  0.63386948501780682        1.5629080624953424     
  0.63394553135853338        1.5635567414644156     
  0.63402047627966140        1.5642020565637769     
  0.63409340438078565        1.5648420869455735     
  0.63318192948800467        1.5633920308898430     
  0.63540607566738860        1.5683093047180776     
  0.63707602174598410        1.5716029804820382     
  0.64143612006765705        1.5780418256997222     
  0.63569922813979662        1.5704026263133444     
  0.63579678243061366        1.5710990648679262     
  0.63765386166459259        1.5747330087372378     
  0.63611717333678552        1.5732355837226235     
  0.63622852550496267        1.5739551959299714     
  0.63634189606879532        1.5746781040665430     
  0.63645973887208773        1.5754088801072101     
  0.63657793436577292        1.5761399398455522     
  0.63670939084769052        1.5768953710403828     
  0.63684169796286105        1.5776521612815482     
  0.63701853284883070        1.5784920723070091     
  0.63490893622327249        1.5747601050838766     
   3.5523595703228459        2.3608163230592858     
  0.63942031241320352        1.5847444865068738     
  0.63807692381074466        1.5830089368564306     
  0.63791166338555427        1.5832150324951351     
  0.63666819420262899        1.5811376418520799     
  0.63908684908815672        1.5869014674861774     
  0.63970972742721610        1.5885038335121449     
  0.63962788958797245        1.5889014906189631     
  0.64004744899738142        1.5901510001087491     
  0.64027547189889478        1.5910736789842501     
  0.64053354413240704        1.5920456931106592     
  0.64083578367677008        1.5930889870402618     
  0.64114536204464811        1.5941417170084153     
  0.64144847335244315        1.5951814400570501     
  0.64174610509363628        1.5962101732888185     
  0.64469660154245012        1.6010158006534010     
  0.64155725130208607        1.5970046559874715     
  0.64314678279171300        1.6000501556214348     
  0.64401918256946467        1.6018897321284968     
  0.63864695807354166        1.5925525116261463     
  0.64358018202786560        1.6024174513112235     
  0.64452829661156075        1.6049584420839229     
  0.64505191486429569        1.6062850697555158     
  0.64100613238084514        1.6000959883049797     
  0.64546456580037481        1.6080428256428836     
  0.64094528275746687        1.6008889533265633     
  0.64023427042951464        1.5996588637335361     
  0.64661603324583716        1.6114047004718031     
  0.64703002669962162        1.6125581011859600     
  0.64440132828536700        1.6093288374010462     
  0.64784174917452630        1.6148334601139038     
  0.64583426218577999        1.6126734185969405     
  0.64932451107284450        1.6179189910848195     
  0.64893196387693575        1.6180647205875514     
  0.64922497041571769        1.6190519154595417     
  0.64983443405871966        1.6204228019194082     
  0.65017404373519816        1.6214629723392906     
  0.65062813068569425        1.6226371041621759     
  0.65108183846813783        1.6238065301947922     
  0.65152756246467181        1.6249632073622962     
  0.65197057838891792        1.6261136957330637     
  0.65232031161568504        1.6271579517454169     
  0.65279446216133141        1.6283377334545686     
  0.65326153858082436        1.6295068196556370     
  0.65372728026359161        1.6306713229335421     
  0.65419267400472492        1.6318324702612339     
  0.65465896796988410        1.6329917032101218     
  0.65512716839675778        1.6341501540836301     
  0.65559799945047315        1.6353086182420651     
  0.65607208708145892        1.6364677586434011     
  0.65654975242657376        1.6376279038165080     
  0.65703142339987608        1.6387894760241597     
  0.65751727101646862        1.6399526260147028     
  0.65800749792414848        1.6411175294593834     
  0.65850219474385308        1.6422842459680367     
  0.65900148207820319        1.6434528614658563     
  0.65950543761593639        1.6446234173515517     
  0.66001412974348017        1.6457959443698096     
  0.66052760820095080        1.6469704543978931     
  0.66104593161192082        1.6481469667963471     
  0.66156914264948896        1.6493254853037520     
  0.66209729443808496        1.6505060227369335     
  0.66263042868942768        1.6516885808794946     
  0.66316858699343395        1.6528731611096430     
  0.66371182220721070        1.6540597743655354     
  0.66426017216432376        1.6552484178304816     
  0.66481525699844346        1.6564435910844382     
  0.66537392078753055        1.6576360228336906     
  0.66593775393574217        1.6588303963714039     
  0.66606102159583369        1.6596521180432817     
  0.66707842283344654        1.6612232035704864     
  0.66724086245261327        1.6620802654027873     
  0.66824396478908210        1.6636267467984607     
  0.66844124836963326        1.6645146038846192     
  0.66943150713465294        1.6660386218613796     
  0.66966174619823093        1.6669546055162772     
  0.67064144378967305        1.6684588386728110     
  0.67090298568256035        1.6694006098438212     
  0.67187415895748726        1.6708873962379138     
  0.67216555980316595        1.6718529013364913     
  0.67313003780236313        1.6733242915265438     
  0.67345008325159050        1.6743117569655070     
  0.67440952750767980        1.6757695643282702     
  0.67475709952317431        1.6767773792024461     
  0.67571304976533209        1.6782232295655617     
  0.67608720501474806        1.6792499901814977     
  0.67704106389469476        1.6806853239554198     
  0.67744093850177256        1.6817297527149231     
  0.67839400750317491        1.6831558623846870     
  0.67881888177305827        1.6842168437282210     
  0.67977233606855036        1.6856348668087824     
  0.68022157564838237        1.6867113965730236     
  0.68117653766481323        1.6881223748054048     
  0.68164959197016406        1.6892135515640336     
  0.68260710257163248        1.6906184180812913     
  0.68310349361715639        1.6917234293976593     
  0.68406450520610074        1.6931230117254417     
  0.68458382698795739        1.6942411279795309     
  0.68554925859608706        1.6956361890431184     
  0.68609116738026454        1.6967667519190495     
  0.68706188207928853        1.6981579800950084     
  0.68762609151384890        1.6993003950886507     
  0.68860291080377023        1.7006884175237129     
  0.68918917146196645        1.7018421376979145     
  0.69017287620408474        1.7032275246604347     
  0.69078100959844213        1.7043920674986957     
  0.69177233248093717        1.7057753312978141     
  0.69240218328564285        1.7069502473667986     
  0.69340184494967128        1.7083318664668583     
  0.69405330876427740        1.7095167528546893     
  0.69506199472461205        1.7108971608024586     
  0.69573499849560649        1.7120916474744479     
  0.69675337613124899        1.7134712448300284     
  0.69744787706015643        1.7146749920332343     
  0.69847658879279406        1.7160541445748621     
  0.69919257906158427        1.7172668435439640     
  0.70023225518989862        1.7186458909244258     
  0.70096976183244974        1.7198672617870310     
  0.70186513688974583        1.7211683967983564     
  0.70277295976368370        1.7224732637344808     
  0.70369086640732326        1.7237811122921689     
  0.70461735597281905        1.7250911480539224     
  0.70555248586420538        1.7264033687506344     
  0.70649632081280134        1.7277177691950871     
  0.70744895213039871        1.7290343568477280     
  0.70841046728580870        1.7303531366321727     
  0.70938095002667589        1.7316741112271594     
  0.71036050916198712        1.7329972945894943     
  0.71134921689249009        1.7343226828118905     
  0.71234717294139449        1.7356502845349477     
  0.71335448179759953        1.7369801097956024     
  0.71437122622294913        1.7383121581485570     
  0.71539750176299954        1.7396464345856466     
  0.71643342912250096        1.7409829545958431     
  0.71747907160984459        1.7423217076306425     
  0.71853455342886063        1.7436627096813764     
  0.71959997246791729        1.7450059643248588     
  0.72067541960745707        1.7463514717721034     
  0.72176101108364454        1.7476992425259257     
  0.72285683491797781        1.7490492745344555     
  0.72396302148411962        1.7504015829724913     
  0.72507965005228991        1.7517561611253580     
  0.72620684813061875        1.7531130217881588     
  0.72734472443396925        1.7544721692428213     
  0.72849336698137079        1.7558335991074485     
  0.72965291159298384        1.7571973255878763     
  0.73082345934003645        1.7585633483431558     
  0.73200513166521775        1.7599316745999918     
  0.73319804450595483        1.7613023087729252     
  0.73440230005378271        1.7626752495584945     
  0.73561803556891081        1.7640505084478058     
  0.73684536115370047        1.7654280859624971     
  0.73808440429697164        1.7668079886560899     
  0.73933527870596705        1.7681902173891544     
  0.74059811669543496        1.7695747793135093     
  0.74187303607850519        1.7709616756980415     
  0.74316016867572132        1.7723509123329408     
  0.74445964325193115        1.7737424932784918     
  0.74577159227714973        1.7751364233188722     
  0.74709614655408452        1.7765327060626261     
  0.74843344304159454        1.7779313466551150     
  0.74978360508449726        1.7793323450454310     
  0.75114677445500111        1.7807357069213512     
  0.75252310188049765        1.7821414402304057     
  0.75391271213616740        1.7835495437091957     
  0.75531575615585533        1.7849600242219739     
  0.75673237404481497        1.7863728844117450     
  0.75816271365551891        1.7877881288639372     
  0.75960691910175282        1.7892057603607801     
  0.76106513875029991        1.7906257824661922     
  0.76253752876896608        1.7920482005520357     
  0.76402423895667082        1.7934730173810292     
  0.76552542669639023        1.7949002374606162     
  0.76704124378464278        1.7963298629882440     
  0.76857185830532349        1.7977619004491330     
  0.77011742734046673        1.7991963523635732     
  0.77167810855802310        1.8006332208868625     
  0.77325406539832198        1.8020725092839207     
  0.77484547273724147        1.8035142234650166     
  0.77645250146460543        1.8049583674950713     
  0.77807531152644283        1.8064049417675521     
  0.77971408473348502        1.8078539522431361     
  0.78136899930947479        1.8093054031450775     
  0.78304023070564299        1.8107592973096613     
  0.78472794921823852        1.8122156356018624     
  0.78643235525066491        1.8136744263646276     
  0.78815362713370218        1.8151356712639271     
  0.78989194751783964        1.8165993725773113     
  0.79164751002761558        1.8180655348120325     
  0.79342050040207757        1.8195341597684767     
  0.79521112528381588        1.8210052539653483     
  0.79701957259207790        1.8224788184437792     
  0.79884604501706324        1.8239548573813038     
  0.80069075361079223        1.8254333763042194     
  0.80255389406788302        1.8269143762640565     
  0.80443567329454124        1.8283978604719697     
  0.80633624036564044        1.8298837824188996     
  0.80825596311992287        1.8313722529019967     
  0.81019494645988233        1.8328632134543938     
  0.81215342749046404        1.8343566717826112     
  0.81413163762936924        1.8358526334032228     
  0.81612979249743123        1.8373510995101050     
  0.81814812669472936        1.8388520749882142     
  0.82018686955243703        1.8403555627852815     
  0.82224625513295335        1.8418615662325091     
  0.82432652468665601        1.8433700895320781     
  0.82642790738610361        1.8448811335550515     
  0.82855065777084180        1.8463947040051396     
  0.83069501895199593        1.8479108033460521     
  0.83286124602110523        1.8494294359010692     
  0.83504958022916453        1.8509506023764675     
  0.83726029349858655        1.8524743091722926     
  0.83949363196544591        1.8540005565951878     
  0.84174987096600384        1.8555293502525951     
  0.84402927634114056        1.8570606930223514     
  0.84633212000770142        1.8585945882886383     
  0.84865866899579878        1.8601310377577240     
  0.85100921177307454        1.8616700466090363     
  0.85338402842489192        1.8632116175928690     
  0.85578340445123569        1.8647557537865871     
  0.85820761956067337        1.8663024564595112     
  0.86065699112378902        1.8678517331813291     
  0.86313179824696595        1.8694035835774718     
  0.86563235171435438        1.8709580124539880     
  0.86815895600147230        1.8725150226398495     
  0.87071192767679484        1.8740746183874752     
  0.87329157078168029        1.8756368009468587     
  0.87589821312839899        1.8772015750316473     
  0.87853218018018497        1.8787689441119568     
  0.88119378793616121        1.8803389092807483     
  0.88388338752669837        1.8819114768749721     
  0.88660130321879804        1.8834866478267740     
  0.88934788525520114        1.8850644267029963     
  0.89212347561317751        1.8866448158644136     
  0.89492842625028990        1.8882278185552201     
  0.89776309789070741        1.8898134386216423     
  0.90062785025066716        1.8914016789377983     
  0.90352305519247633        1.8929925435031609     
  0.90644907846991774        1.8945860345420122     
  0.90940629895984915        1.8961821555403584     
  0.91239510076786479        1.8977809099563041     
  0.91541587191388551        1.8993823010245507     
  0.91846901070617160        1.9009863326897418     
  0.92155490369309034        1.9025930063411640     
  0.92467396822040460        1.9042023271046418     
  0.92782661333103300        1.9058142979991515     
  0.93101325174984118        1.9074289217696521     
  0.93423430135841190        1.9090462010874232     
  0.93749020996787735        1.9106661419751507     
  0.94078138947852674        1.9122887445597181     
  0.94410829222872339        1.9139140137993029     
  0.94747136688516975        1.9155419532201019     
  0.95087106505614594        1.9171725659018741     
  0.95430784253368417        1.9188058546441438     
  0.95778217412753963        1.9204418238991328     
  0.96129452552377137        1.9220804760389294     
  0.96484538297506839        1.9237218152528317     
  0.96843523245770602        1.9253658447960593     
  0.97206456743962910        1.9270125680060857     
  0.97573388413110917        1.9286619877064699     
  0.97944370621830923        1.9303141092139355     
  0.98319453631952936        1.9319689343579234     
  0.98698690405746825        1.9336264673955483     
  0.99082133813095263        1.9352867115538914     
  0.99469838448658565        1.9369496712099159     
  0.99861857849664226        1.9386153485914039     
   1.0025824917123309        1.9402837492330933     
   1.0065906715135164        1.9419548749602087     
   1.0106436952645546        1.9436287301382951     
   1.0147421472278955        1.9453053189496088     
   1.0188866047476610        1.9469846439076679     
   1.0230776847089815        1.9486667109324380     
   1.0273159775134677        1.9503515221123924     
   1.0316020980511316        1.9520390813008115     
   1.0359366801387777        1.9537293933848718     
   1.0403203476854763        1.9554224612756443     
   1.0447537496737045        1.9571182895610981     
   1.0492375390053641        1.9588168822628114     
   1.0537723696704904        1.9605182425882717     
   1.0583589287918400        1.9622223761056339     
   1.0629978794495560        1.9639292850371541     
   1.0676899280658654        1.9656389749327392     
   1.0724357800692168        1.9673514502166529     
   1.0772361355724995        1.9690667138847591     
   1.0820917238313026        1.9707847707379011     
   1.0870032875807571        1.9725056258306060     
   1.0919715679646116        1.9742292830910002     
   1.0969973162993478        1.9759557464275863     
   1.1020813117319406        1.9776850212714394     
   1.1072243236293584        1.9794171111934493     
   1.1124271553388982        1.9811520217778407     
   1.1176906027594029        1.9828897569614525     
   1.1230154882780887        1.9846303219725145     
   1.1284026374860572        1.9863737213118418     
   1.1338528952536697        1.9881199601021864     
   1.1393671142690582        1.9898690431068378     
   1.1449461667788519        1.9916209756844823     
   1.1505909287007909        1.9933757624797628     
   1.1563022944087256        1.9951334086199708     
   1.1620811768192572        1.9968939196707549     
   1.1679284979331062        1.9986573008781894     
   1.1738451844904678        2.0004235568534248     
   1.1798322023543122        2.0021926941658199     
   1.1858905079325663        2.0039647176099660     
   1.1920210979721177        2.0057396339692950     
   1.1982249423055347        2.0075174470052661     
   1.2045030719773819        2.0092981639258976     
   1.2108565134688702        2.0110817905120681     
   1.2172862966372024        2.0128683317777876     
   1.2237935049388289        2.0146577954246676     
   1.2303791975730860        2.0164501864031625     
   1.2370444673338785        2.0182455109468735     
   1.2437904388430185        2.0200437763495600     
   1.2506182320064581        2.0218449885124299     
   1.2575289873695088        2.0236491536656427     
   1.2645238710159141        2.0254562786267698     
   1.2716040779914455        2.0272663709776557     
   1.2787708019851367        2.0290794371286509     
   1.2860252665153133        2.0308954842881413     
   1.2933687100146367        2.0327145195032914     
   1.3008023837309681        2.0345365495324250     
   1.3083275797407046        2.0363615824962542     
   1.3159455903721651        2.0381896254335268     
   1.3236577425874612        2.0400206863259336     
   1.3314653875035709        2.0418547734267900     
   1.3393698681230384        2.0436918934502044     
   1.3473725876941625        2.0455320554154817     
   1.3554749507456809        2.0473752672764047     
   1.3636783965536372        2.0492215377875720     
   1.3719843578286008        2.0510708742462977     
   1.3803943400786061        2.0529232867414908     
   1.3889098247287366        2.0547787829335080     
   1.3975323581335082        2.0566373727679004     
   1.4062634767659312        2.0584990645359049     
   1.4151047666306462        2.0603638679352301     
   1.4240578329869151        2.0622317924709055     
   1.4331242986240353        2.0641028473831748     
   1.4423058270576579        2.0659770427701210     
   1.4516041006854215        2.0678543884752707     
   1.4610208378713301        2.0697348949027035     
   1.4705577709752091        2.0716185719593216     
   1.4802166713663238        2.0735054302131548     
   1.4899993372086822        2.0753954802918066     
   1.4999076089402215        2.0772887335528938     
   1.5099433278082957        2.0791852002190616     
   1.5201084108195226        2.0810848926771879     
   1.5304047567631260        2.0829878213236781     
   1.5408343392913830        2.0848939985931940     
   1.5513991232526345        2.0868034353611389     
   1.5621011763329189        2.0887161455827967     
   1.5729425010245668        2.0906321393165839     
   1.5839252289978181        2.0925514307155710     
   1.5950514624655781        2.0944740314932746     
   1.6063233889564041        2.0963999555501354     
   1.6177431922007124        2.0983292153968085     
   1.6293131210322598        2.1002618248482898     
   1.6410354382446077        2.1021977970116277     
   1.6529124703349634        2.1041371461682474     
   1.6649465814532702        2.1060798867277915     
   1.6771401716671523        2.1080260331532683     
   1.6894956585043677        2.1099755993100873     
   1.7020155470130791        2.1119286009220906     
   1.7147023526620249        2.1138850527969364     
   1.7275586274809562        2.1158449697682640     
   1.7405870158161814        2.1178083685391957     
   1.7537901756443424        2.1197752649647450     
   1.7671707986447351        2.1217456747496009     
   1.7807316491220704        2.1237196147035151     
   1.7944755464408275        2.1256971020905944     
   1.8084053241085130        2.1276781533290157     
   1.8225238927217831        2.1296627859763566     
   1.8368342202380830        2.1316510180361914     
   1.8513392971523577        2.1336428668758760     
   1.8660422182651619        2.1356383516930304     
   1.8809460860887912        2.1376374905623940     
   1.8960540796285081        2.1396403024729613     
   1.9113694363385556        2.1416468067551317     
   1.9268954458366725        2.1436570228815119     
   1.9426354646417350        2.1456709708350301     
   1.9585929199126841        2.1476886711857457     
   1.9747712791463778        2.1497101442303315     
   1.9911740734232763        2.1517354106149269     
   2.0078049233697199        2.1537644919749259     
   2.0246675153798184        2.1557974102572039     
   2.0417655837829582        2.1578341872364701     
   2.0591029178465310        2.1598748446999134     
   2.0766834308231337        2.1619194061367946     
   2.0945110725396492        2.1639678944845739     
   2.1125898654974740        2.1660203330374106     
   2.1309239247692644        2.1680767458772086     
   2.1495174405329052        2.1701371574079840     
   2.1683746642555475        2.1722015920077835     
   2.1874999612597703        2.1742700752228696     
   2.2068977235863847        2.1763426317225578     
   2.2265725224336683        2.1784192887122424     
   2.2465289037752330        2.1805000713253726     
   2.2667715960263908        2.1825850071919382     
   2.2873053528160701        2.1846741229523681     
   2.3081350694579266        2.1867674467358560     
   2.3292657012079649        2.1888650063748294     
   2.3507023029995904        2.1909668302337679     
   2.3724500676891194        2.1930729479055708     
   2.3945142533610189        2.1951833887205723     
   2.4169002032805218        2.1972981821246096     
   2.4396134231413482        2.1994173591482031     
   2.4626595032165390        2.2015409508234143     
   2.4860441218893499        2.2036689882493201     
   2.5097731072969935        2.2058015036960628     
   2.5338523733485840        2.2079385293848550     
   2.5582879692827887        2.2100800983473263     
   2.5830860964797275        2.2122262446685461     
   2.6082529980810625        2.2143770015032875     
   2.6337951430834341        2.2165324042646297     
   2.6597190723455824        2.2186924878830485     
   2.6860314726244514        2.2208572880540451     
   2.7127391738841706        2.2230268411402694     
   2.7398491561507221        2.2252011842341566     
   2.7673685318942893        2.2273803548144810     
   2.7953045369184388        2.2295643905845699     
   2.8236646366479636        2.2317533310809790     
   2.8524563718624485        2.2339472152034219     
   2.8816874674002042        2.2361460828732760     
   2.9113658449244428        2.2383499751728237     
   2.9414995337896879        2.2405589329300017     
   2.9720967911886955        2.2427729984835167     
   3.0031660369078979        2.2449922146369810     
   3.0347158422242377        2.2472166244741878     
   3.0667549865381649        2.2494462721245343     
   3.0992924465204226        2.2516812025200554     
   3.1323373957136722        2.2539214613491589     
   3.1658991751914418        2.2561670946090491     
   3.1999873829423131        2.2584181497451201     
   3.2346117557515397        2.2606746740417369     
   3.2697823393874472        2.2629367167679462     
   3.3055093204128028        2.2652043269551392     
   3.3418031720147718        2.2674775552038460     
   3.3786745760287231        2.2697564526257894     
   3.4161344128079345        2.2720410706921368     
   3.4541939205297099        2.2743314630761304     
   3.4928644606464436        2.2766276827944223     
   3.5321577623985618        2.2789297850364068     
   3.5720857560880521        2.2812378251379837     
   3.6126606523537590        2.2835518594694086     
   3.6538950120812697        2.2858719461112798     
   3.6958016251392363        2.2881981434355940     
   3.7383935654804286        2.2905305106964038     
   3.7816842517703080        2.2928691085806401     
   3.8256874080329775        2.2952139987263065     
   3.8704171048131211        2.2975652440647352     
   3.9158877333512030        2.2999229084981865     
   3.9621139671311125        2.3022870564517310     
   4.0091109458830960        2.3046577546355018     
   4.0568940890917604        2.3070350701007296     
   4.1054792333957613        2.3094190715421563     
   4.1548825756608290        2.3118098286407753     
   4.2051207286949781        2.3142074125500640     
   4.2562107176105677        2.3166118957460631     
   4.3081699176022923        2.3190233514092822     
   4.3610162818751297        2.3214418553907237     
   4.4147680968681566        2.3238674839226148     
   4.4694441344074631        2.3263003149155774     
   4.5250636720165787        2.3287404280232114     
   4.5816464198961189        2.3311879039349779     
   4.6392126344040676        2.3336428252703443     
   4.6977830971664796        2.3361052762766268     
   4.7573791601546231        2.3385753431293432     
   4.8180225804687806        2.3410531124939009     
   4.8797358920834490        2.3435386744267710     
   4.9425420405581990        2.3460321193644718     
   5.0064647493696350        2.3485335408963945     
   5.0715282202790730        2.3510430333510053     
   5.1377573492562441        2.3535606933593725     
   5.2051777616037711        2.3560866199977646     
   5.2738157048669896        2.3586209138862722     
   5.3436982242289526        2.3611636783618395     
   5.4148529956007891        2.3637150181792759     
   5.4873085606778433        2.3662750410547471     
   5.5610942024946937        2.3688438567012220     
   5.6362400475823842        2.3714215773955165     
   5.7127770064514722        2.3740083174864384     
   5.7907369781201465        2.3766041946199898     
   5.8701526753898614        2.3792093284759588     
   5.9510578442697195        2.3818238420613831     
   6.0334870775172442        2.3844478604100061     
   6.1174760687429437        2.3870815120534985     
   6.2030615507112135        2.3897249285200393     
   6.2902813642258666        2.3923782445860180     
   6.3791743746631777        2.3950415976662462     
   6.4697807234260205        2.3977151291979903     
   6.5621417381333140        2.4003989839275555     
   6.6562999324898344        2.4030933098110063     
   6.7522992706429648        2.4057982593438636     
   6.8501848897622457        2.4085139878829853     
   6.9500035062647356        2.4112406557407287     
   7.0518031840013036        2.4139784267652358     
   7.1556335350386862        2.4167274692756644     
   7.2615458533153019        2.4194879566082070     
   7.3695929908276581        2.4222600662996188     
   7.4798295059965509        2.4250439807007718     
   7.5923117197990591        2.4278398871182127     
   7.7070979426934683        2.4306479787613173     
   7.8242483425964764        2.4334684539275013     
   7.9438251070441419        2.4363015165925046     
   8.0658926043289938        2.4391473770486423     
   8.1905172790968006        2.4420062512093201     
   8.3177680311960280        2.4448783622117523     
   8.4477160042020838        2.4477639392319093     
   8.5804350532209277        2.4506632194629860     
   8.7160015221814753        2.4535764468609997     
   8.8544944585120788        2.4565038729663717     
   8.9959960000294217        2.4594457583805576     
   9.1405910959600103        2.4624023713243233     
   9.2883679802271519        2.4653739894779454     
   9.4394180915390091        2.4683608994445230     
   9.5938365530219372        2.4713633985100669     
   9.7517218930797025        2.4743817932871437     
   9.9131767274107361        2.4774164022630858     
   10.078307390001735        2.4804675541013039     
   10.247224833068895        2.4835355909847094     
   10.420044266036898        2.4866208669523409     
   10.596885603541788        2.4897237494230549     
   10.777873824218920        2.4928446203049601     
   10.963139051590712        2.4959838761015583     
   11.152817091625872        2.4991419296436121     
   11.347049422891201        2.5023192098302167     
   11.545983976396357        2.5055161642227031     
   11.749774936450560        2.5087332580875472     
   11.958583690477500        2.5119709775473820     
   12.172578900415829        2.5152298295935047     
   12.391937097210596        2.5185103439030505     
   12.616842949262692        2.5218130735708870     
   12.847490549033031        2.5251385992233728     
   13.084082711067166        2.5284875264536577     
   13.326832877020509        2.5318604919852987     
   13.575965086152182        2.5352581633393587     
   13.831714950765409        2.5386812418477378     
   14.094330422457876        2.5421304649784080     
   14.364072592275285        2.5456066087438334     
   14.641216880314371        2.5491104913599050     
   14.926054061449141        2.5526429763810707     
   15.218891372872520        2.5562049760551000     
   15.520053659085093        2.5597974549418030     
   15.829885509078816        2.5634214363673702     
   16.148751884740530        2.5670780045497179     
   16.477040848386654        2.5707683128811434     
   16.815164404542553        2.5744935868520260     
   17.163562571856417        2.5782551362515704     
   17.522703877478818        2.5820543573300938     
   17.893089066579204        2.5858927442195361     
   18.275254584476340        2.5897718997697874     
   18.669775700882244        2.5936935456556673     
   19.077270808702654        2.5976595359169687     
   19.498405629094982        2.6016718706306667     
   19.933899027861791        2.6057327142895921     
   20.384529268358431        2.6098444157201341     
   20.851140617724411        2.6140095297018693     
   21.334651511622130        2.6182308434572530     
   21.836065055540928        2.6225114100103237     
   22.356479391209362        2.6268545826597975     
   22.897101195966801        2.6312640589601033     
   23.459262482408231        2.6357439349719938     
   24.044438806165186        2.6402987658776871     
   24.654272756398203        2.6449336430924966     
   25.290601867348006        2.6496542867559785     
   25.955493991119837        2.6544671624456502     
   26.651289821759871        2.6593796233342291     
   27.380658254926452        2.6644000938816768     
   28.146665030748206        2.6695383003815496     
   28.952862869208115        2.6748055729859042     
   29.803408570946978        2.6802152408121089     
   30.703224090945231        2.6857831717849980     
   31.685519619011536        2.6916318591358293     
   32.706972675682550        2.6975934278869271     
   33.800750959309056        2.7037890716461979     
   34.978555723044146        2.7102576261336351     
   36.255711397186772        2.7170502954498454     
   37.653003885435659        2.7242370151271933     
   39.199937435933784        2.7319177559661814     
   40.941041189983551        2.7402444772343633     
   42.949675461211896        2.7494693220122053     
   45.364364467815506        2.7600717446665932     
   48.519768888660295        2.7732172254841796     
   54.355650967069586        2.7957526851384138     
