           1  0.43584836253205395       0.44321219496960529       -7.3638324375513431E-003
           2  0.43599994673224080       0.44334434711393078       -7.3444003816899861E-003
           3  0.43615168155655387       0.44347654450886953       -7.3248629523156583E-003
           4  0.43630358359672350       0.44360889472764670       -7.3053111309231977E-003
           5  0.43645565286373722       0.44374139791888728       -7.2857450551500613E-003
           6  0.43660788954244162       0.44387405432830690       -7.2661647858652811E-003
           7  0.43676029381841858       0.44400686420473051       -7.2465703863119346E-003
           8  0.43691286587843831       0.44413982779004130       -7.2269619116029915E-003
           9  0.43706560590839511       0.44427294533597422       -7.2073394275791181E-003
          10  0.43721851409548140       0.44440621708588574       -7.1877029904043321E-003
          11  0.43737159062547543       0.44453964329738538       -7.1680526719099524E-003
          12  0.43752483568600936       0.44467322421562022       -7.1483885296108607E-003
          13  0.43767824946489092       0.44480696008692783       -7.1287106220369045E-003
          14  0.43783183214900218       0.44494085116766602       -7.1090190186638424E-003
          15  0.43798558392626413       0.44507489770827546       -7.0893137820113306E-003
          16  0.43813950498475340       0.44520909996072378       -7.0695949759703725E-003
          17  0.43829359551223146       0.44534345818162924       -7.0498626693977773E-003
          18  0.43844785569812988       0.44547797261767713       -7.0301169195472468E-003
          19  0.43860228573026921       0.44561264353015340       -7.0103577998841815E-003
          20  0.43875688579782818       0.44574747117246399       -6.9905853746358160E-003
          21  0.43891165609004151       0.44588245580006575       -6.9707997100242336E-003
          22  0.43906659679611482       0.44601759767125082       -6.9510008751360042E-003
          23  0.43922170810594413       0.44615289704172584       -6.9311889357817069E-003
          24  0.43937699020921800       0.44628835417090090       -6.9113639616829037E-003
          25  0.43953244329591273       0.44642396931869521       -6.8915260227824793E-003
          26  0.43968806755675421       0.44655974274214755       -6.8716751853933333E-003
          27  0.43984386318204510       0.44669567470362631       -6.8518115215812081E-003
          28  0.43999983036249168       0.44683176546510694       -6.8319351026152608E-003
          29  0.44015596928941453       0.44696801528670649       -6.8120459972919600E-003
          30  0.44031228015393742       0.44710442443216913       -6.7921442782317154E-003
          31  0.44046876314769567       0.44724099316428012       -6.7722300165844462E-003
          32  0.44062541846264780       0.44737772174603152       -6.7523032833837204E-003
          33  0.44078224629026930       0.44751461044585061       -6.7323641555813163E-003
          34  0.44093924682252272       0.44765165953111946       -6.7124127085967378E-003
          35  0.44109642025328022       0.44778886925946232       -6.6924490061820996E-003
          36  0.44125376677386041       0.44792623990728214       -6.6724731334217302E-003
          37  0.44141128657840201       0.44806377173494066       -6.6524851565386567E-003
          38  0.44156897985919225       0.44820146501723768       -6.6324851580454314E-003
          39  0.44172684681005103       0.44833932002123611       -6.6124732111850770E-003
          40  0.44188488762481637       0.44847733701645676       -6.5924493916403870E-003
          41  0.44204310249687540       0.44861551627743529       -6.5724137805598937E-003
          42  0.44220149162090377       0.44875385807287099       -6.5523664519672176E-003
          43  0.44236005519133925       0.44889236267553440       -6.5323074841951434E-003
          44  0.44251879340261513       0.44903103036021969       -6.5122369576045558E-003
          45  0.44267770644978360       0.44916986140042553       -6.4921549506419263E-003
          46  0.44283679452768421       0.44930885607290227       -6.4720615452180663E-003
          47  0.44299605783251900       0.44944801464900946       -6.4519568164904673E-003
          48  0.44315549655896475       0.44958733741098789       -6.4318408520231407E-003
          49  0.44331511090384251       0.44972682463101687       -6.4117137271743618E-003
          50  0.44347490106221332       0.44986647659343804       -6.3915755312247136E-003
          51  0.44363486723154871       0.45000629357119265       -6.3714263396439375E-003
          52  0.44379500960779295       0.45014627584814537       -6.3512662403524267E-003
          53  0.44395532838858393       0.45028642370090355       -6.3310953123196234E-003
          54  0.44411582376974001       0.45042673741813177       -6.3109136483917583E-003
          55  0.44427649594962443       0.45056721727665888       -6.2907213270344542E-003
          56  0.44443734512625260       0.45070786355800357       -6.2705184317509710E-003
          57  0.44459837149664660       0.45084867655058575       -6.2503050539391425E-003
          58  0.44475957525924431       0.45098965653772960       -6.2300812784852888E-003
          59  0.44492095661240921       0.45113080380506554       -6.2098471926563259E-003
          60  0.44508251575471419       0.45127211863953615       -6.1896028848219542E-003
          61  0.44524425288553443       0.45141360132614011       -6.1693484406056820E-003
          62  0.44540616820310519       0.45155525215746889       -6.1490839543636988E-003
          63  0.44556826190768889       0.45169707141842314       -6.1288095107342455E-003
          64  0.44573053419878061       0.45183905939965924       -6.1085252008786228E-003
          65  0.44589298527555010       0.45198121639551175       -6.0882311199616512E-003
          66  0.44605561533890392       0.45212354269386579       -6.0679273549618662E-003
          67  0.44621842458949285       0.45226603858636766       -6.0476139968748122E-003
          68  0.44638141322740987       0.45240870436905689       -6.0272911416470176E-003
          69  0.44654458145327264       0.45255154033731304       -6.0069588840404031E-003
          70  0.44670792946876753       0.45269454678404369       -5.9866173152761659E-003
          71  0.44687145747584983       0.45283772400319316       -5.9662665273433335E-003
          72  0.44703516567512697       0.45298107229616141       -5.9459066210344469E-003
          73  0.44719905426929346       0.45312459195756449       -5.9255376882710320E-003
          74  0.44736312346009444       0.45326828328807711       -5.9051598279826756E-003
          75  0.44752737345068766       0.45341214658435741       -5.8847731336697517E-003
          76  0.44769180444268891       0.45355618215137494       -5.8643777086860305E-003
          77  0.44785641664078141       0.45370039028375547       -5.8439736429740652E-003
          78  0.44802121024616098       0.45384477129183726       -5.8235610456762732E-003
          79  0.44818618546392069       0.45398932547255733       -5.8031400086366314E-003
          80  0.44835134249680825       0.45413405313386113       -5.7827106370528791E-003
          81  0.44851668155009239       0.45427895457631934       -5.7622730262269495E-003
          82  0.44868220282652060       0.45442403011137561       -5.7418272848550056E-003
          83  0.44884790653180762       0.45456928004159891       -5.7213735097912943E-003
          84  0.44901379287082838       0.45471470467484243       -5.7009118040140527E-003
          85  0.44917986204753330       0.45486030432358093       -5.6804422760476370E-003
          86  0.44934611426771115       0.45500607929573283       -5.6599650280216851E-003
          87  0.44951254973791060       0.45515202989892850       -5.6394801610178957E-003
          88  0.44967916866334157       0.45529815644703120       -5.6189877836896329E-003
          89  0.44984597124974635       0.45544445925357219       -5.5984880038258411E-003
          90  0.45001295770407662       0.45559093863024047       -5.5779809261638502E-003
          91  0.45018012823289361       0.45573759489184351       -5.5574666589499055E-003
          92  0.45034748304294792       0.45588442835414417       -5.5369453111962508E-003
          93  0.45051502234096863       0.45603143933486395       -5.5164169938953234E-003
          94  0.45068274633650496       0.45617862814546822       -5.4958818089632655E-003
          95  0.45085065523501211       0.45632599511062977       -5.4753398756176574E-003
          96  0.45101874924554564       0.45647354054645911       -5.4547913009134752E-003
          97  0.45118702857585924       0.45662126477464210       -5.4342361987828602E-003
          98  0.45135549343500864       0.45676916811499968       -5.4136746799910429E-003
          99  0.45152414403214602       0.45691725088900720       -5.3931068568611740E-003
         100  0.45169298057564988       0.45706551342152923       -5.3725328458793520E-003
         101  0.45186200327521187       0.45721395603585807       -5.3519527606462058E-003
         102  0.45203121234046301       0.45736257905725086       -5.3313667167878553E-003
         103  0.45220060798041639       0.45751138281355946       -5.3107748331430726E-003
         104  0.45237019040653453       0.45766036762923823       -5.2901772227036958E-003
         105  0.45253995982904049       0.45780953383306872       -5.2695740040282213E-003
         106  0.45270991645806369       0.45795888175535471       -5.2489652972910195E-003
         107  0.45288006050613278       0.45810841172348377       -5.2283512173509905E-003
         108  0.45305039218250515       0.45825812407239719       -5.2077318898920422E-003
         109  0.45322091169913825       0.45840801913324314       -5.1871074341048873E-003
         110  0.45339161926926347       0.45855809723714258       -5.1664779678791128E-003
         111  0.45356251510476642       0.45870835871904175       -5.1458436142753361E-003
         112  0.45373359941611807       0.45885880391694206       -5.1252045008239877E-003
         113  0.45390487241711980       0.45900943316540016       -5.1045607482803623E-003
         114  0.45407633432221245       0.45916024679999057       -5.0839124777781186E-003
         115  0.45424798534209121       0.45931124516258537       -5.0632598204941592E-003
         116  0.45441982569172396       0.45946242859060188       -5.0426028988779237E-003
         117  0.45459185558550019       0.45961379742423369       -5.0219418387335013E-003
         118  0.45476407523619167       0.45976535200653246       -5.0012767703407901E-003
         119  0.45493648485752392       0.45991709268057268       -4.9806078230487660E-003
         120  0.45510908466749361       0.46006901978720321       -4.9599351197096020E-003
         121  0.45528187487712724       0.46022113367477013       -4.9392587976428981E-003
         122  0.45545485570273508       0.46037343468802627       -4.9185789852911888E-003
         123  0.45562802736163793       0.46052592317267260       -4.8978958110346693E-003
         124  0.45580139006767195       0.46067859947848527       -4.8772094108133213E-003
         125  0.45597494403794681       0.46083146395373026       -4.8565199157834527E-003
         126  0.45614868948795995       0.46098451694933440       -4.8358274613744534E-003
         127  0.45632262663473849       0.46113775881636793       -4.8151321816294335E-003
         128  0.45649675569549497       0.46129118990733303       -4.7944342118380612E-003
         129  0.45667107688636444       0.46144481057612008       -4.7737336897556437E-003
         130  0.45684559042655437       0.46159862117703565       -4.7530307504812797E-003
         131  0.45702029653224902       0.46175262206637929       -4.7323255341302772E-003
         132  0.45719519542200043       0.46190681360084812       -4.7116181788476874E-003
         133  0.45737028731547930       0.46206119613881613       -4.6909088233368368E-003
         134  0.45754557242900989       0.46221577003932601       -4.6701976103161180E-003
         135  0.45772105098297544       0.46237053566274944       -4.6494846797739964E-003
         136  0.45789672319605135       0.46252549337060866       -4.6287701745573173E-003
         137  0.45807258928804029       0.46268064352560467       -4.6080542375643851E-003
         138  0.45824864947885913       0.46283598649160868       -4.5873370127495483E-003
         139  0.45842490398900076       0.46299152263393140       -4.5666186449306312E-003
         140  0.45860135303709842       0.46314725231750870       -4.5458992804102705E-003
         141  0.45877799684649501       0.46330317591145237       -4.5251790649573631E-003
         142  0.45895483563790812       0.46345929378433265       -4.5044581464245281E-003
         143  0.45913186962986041       0.46361560630349918       -4.4837366736387718E-003
         144  0.45930909904477857       0.46377211384008638       -4.4630147953078070E-003
         145  0.45948652410524005       0.46392881676672953       -4.4422926614894886E-003
         146  0.45966414503426090       0.46408571545758548       -4.4215704233245834E-003
         147  0.45984196205368311       0.46424281028645925       -4.4008482327761445E-003
         148  0.46001997538656608       0.46440010162934009       -4.3801262427740073E-003
         149  0.46019818525496226       0.46455758986155771       -4.3594046065954517E-003
         150  0.46037659188281088       0.46471527536181023       -4.3386834789993500E-003
         151  0.46055519549423901       0.46487315851000816       -4.3179630157691440E-003
         152  0.46073399631188527       0.46503123968426491       -4.2972433723796333E-003
         153  0.46091299456183282       0.46518951926928986       -4.2765247074570412E-003
         154  0.46109219046690270       0.46534799764474633       -4.2558071778436291E-003
         155  0.46127158425350057       0.46550667519759759       -4.2350909440970197E-003
         156  0.46145117614568681       0.46566555231078127       -4.2143761650944578E-003
         157  0.46163096636867107       0.46582462937017338       -4.1936630015023124E-003
         158  0.46181095515024101       0.46598390676776474       -4.1729516175237347E-003
         159  0.46199114271441610       0.46614338488795748       -4.1522421735413761E-003
         160  0.46217152928886296       0.46630306412393141       -4.1315348350684511E-003
         161  0.46235211509805035       0.46646294486155671       -4.1108297635063518E-003
         162  0.46253290037301642       0.46662302750344470       -4.0901271304282782E-003
         163  0.46271388533763425       0.46678331243505916       -4.0694270974249158E-003
         164  0.46289507022079368       0.46694380005463459       -4.0487298338409139E-003
         165  0.46307645525039670       0.46710449075868621       -4.0280355082895070E-003
         166  0.46325804065374210       0.46726538494205583       -4.0073442883137300E-003
         167  0.46343982666051287       0.46742648300700890       -3.9866563464960314E-003
         168  0.46362181350003606       0.46758778535524831       -3.9659718552122469E-003
         169  0.46380400140103140       0.46774929238695800       -3.9452909859266083E-003
         170  0.46398639059017871       0.46791100449584722       -3.9246139056685059E-003
         171  0.46416898130168754       0.46807292210039875       -3.9039407987112029E-003
         172  0.46435177376438114       0.46823504560168205       -3.8832718373009167E-003
         173  0.46453476820827139       0.46839737540509030       -3.8626071968189124E-003
         174  0.46471796486022388       0.46855991190444191       -3.8419470442180303E-003
         175  0.46490136395800014       0.46872265553359888       -3.8212915755987398E-003
         176  0.46508496572949470       0.46888560668964535       -3.8006409601506475E-003
         177  0.46526877040707471       0.46904876578771165       -3.7799953806369468E-003
         178  0.46545277822165909       0.46921213323592231       -3.7593550142632215E-003
         179  0.46563698940803439       0.46937570945953194       -3.7387200514975572E-003
         180  0.46582140419577289       0.46953949486073898       -3.7180906649660894E-003
         181  0.46600602281828235       0.46970348985871513       -3.6974670404327781E-003
         182  0.46619084551095791       0.46986769488110069       -3.6768493701427873E-003
         183  0.46637587250705304       0.47003211034565556       -3.6562378386025274E-003
         184  0.46656110403968420       0.47019673666998946       -3.6356326303052522E-003
         185  0.46674654034128132       0.47036157426783926       -3.6150339265579312E-003
         186  0.46693218164902089       0.47052662357546438       -3.5944419264434813E-003
         187  0.46711802819769971       0.47069188501691051       -3.5738568192107967E-003
         188  0.46730408022253694       0.47085735901884512       -3.5532787963081791E-003
         189  0.46749033795709877       0.47102304599855838       -3.5327080414596090E-003
         190  0.46767680163814274       0.47118894639011538       -3.5121447519726456E-003
         191  0.46786347150208857       0.47135506062409582       -3.4915891220072548E-003
         192  0.46805034778719812       0.47152138914215613       -3.4710413549580155E-003
         193  0.46823743072855334       0.47168793236713785       -3.4505016385845133E-003
         194  0.46842472056052709       0.47185469071751351       -3.4299701569864283E-003
         195  0.46861221752459098       0.47202166465192807       -3.4094471273370952E-003
         196  0.46879992185914238       0.47218885460998689       -3.3889327508445088E-003
         197  0.46898783380107534       0.47235626102243500       -3.3684272213596600E-003
         198  0.46917595358634334       0.47252388431369802       -3.3479307273546755E-003
         199  0.46936428145654957       0.47269172494190442       -3.3274434853548529E-003
         200  0.46955281765045764       0.47285978334656681       -3.3069656961091654E-003
         201  0.46974156240805237       0.47302805997417458       -3.2864975661222040E-003
         202  0.46993051596449587       0.47319655523913934       -3.2660392746434730E-003
         203  0.47011967856642939       0.47336526963156605       -3.2455910651366660E-003
         204  0.47030905045329824       0.47353420358997494       -3.2251531366767061E-003
         205  0.47049863186107477       0.47370335753066461       -3.2047256695898474E-003
         206  0.47068842303496816       0.47387273193306556       -3.1843088980973988E-003
         207  0.47087842421551762       0.47404232724040596       -3.1639030248883371E-003
         208  0.47106863564550955       0.47421214391246963       -3.1435082669600822E-003
         209  0.47125905756444025       0.47438218238328606       -3.1231248188458016E-003
         210  0.47144969021695121       0.47455244312514089       -3.1027529081896765E-003
         211  0.47164053384374749       0.47472292657717757       -3.0823927334300838E-003
         212  0.47183158869262065       0.47489363323289885       -3.0620445402781971E-003
         213  0.47202285500128704       0.47506456350493786       -3.0417085036508196E-003
         214  0.47221433301833776       0.47523571789324809       -3.0213848749103267E-003
         215  0.47240602298550943       0.47540709683754212       -3.0010738520326874E-003
         216  0.47259792514606819       0.47557870079054426       -2.9807756444760747E-003
         217  0.47279003974710371       0.47575053023583802       -2.9604904887343131E-003
         218  0.47298236703031854       0.47592258560595696       -2.9402185756384203E-003
         219  0.47317490724728806       0.47609486742200996       -2.9199601747219028E-003
         220  0.47336766063962171       0.47626737611033543       -2.8997154707137152E-003
         221  0.47356062745216132       0.47644011212844023       -2.8794846762789095E-003
         222  0.47375380793837002       0.47661307601030217       -2.8592680719321528E-003
         223  0.47394720233628773       0.47678626813972241       -2.8390658034346816E-003
         224  0.47414081089813009       0.47695968904093311       -2.8188781428030163E-003
         225  0.47433463387243757       0.47713333919172957       -2.7987053192919942E-003
         226  0.47452867150383243       0.47730721903359258       -2.7785475297601447E-003
         227  0.47472292404003247       0.47748132903761559       -2.7584049975831193E-003
         228  0.47491739173554770       0.47765566973815338       -2.7382780026056763E-003
         229  0.47511207483067491       0.47783024151968595       -2.7181666890110368E-003
         230  0.47530697358299062       0.47800504495257351       -2.6980713695828884E-003
         231  0.47550208823857681       0.47818008046954785       -2.6779922309710380E-003
         232  0.47569741904447810       0.47835534852189660       -2.6579294774184969E-003
         233  0.47589296625527028       0.47853084963835119       -2.6378833830809079E-003
         234  0.47608873012037711       0.47870658428077278       -2.6178541603956718E-003
         235  0.47628471089124064       0.47888255293787363       -2.5978420466329921E-003
         236  0.47648090881810273       0.47905875607791953       -2.5778472598168012E-003
         237  0.47667732415467651       0.47923519420727134       -2.5578700525948350E-003
         238  0.47687395714620384       0.47941186772837641       -2.5379105821725645E-003
         239  0.47707080805398272       0.47958877723556242       -2.5179691815797045E-003
         240  0.47726787712707303       0.47976592316031252       -2.4980460332394983E-003
         241  0.47746516461925831       0.47994330600021928       -2.4781413809609742E-003
         242  0.47766267078163982       0.48012092621005492       -2.4582554284151015E-003
         243  0.47786039586878637       0.48029878428749961       -2.4383884187132443E-003
         244  0.47805834013684390       0.48047688074196676       -2.4185406051228653E-003
         245  0.47825650383424551       0.48065521597805000       -2.3987121438044934E-003
         246  0.47845488722380425       0.48083379059371761       -2.3789033699133655E-003
         247  0.47865349055786482       0.48101260502544746       -2.3591144675826348E-003
         248  0.47885231409276641       0.48119165977559963       -2.3393456828332271E-003
         249  0.47905135807849081       0.48137095524620732       -2.3195971677165139E-003
         250  0.47925062278019265       0.48155049205730038       -2.2998692771077356E-003
         251  0.47945010844832087       0.48173027059036921       -2.2801621420483476E-003
         252  0.47964981533863071       0.48191029132367974       -2.2604759850490264E-003
         253  0.47984974371192041       0.48209055479335694       -2.2408110814365334E-003
         254  0.48004989381933072       0.48227106137802700       -2.2211675586962798E-003
         255  0.48025026593083492       0.48245181175378071       -2.2015458229457940E-003
         256  0.48045086029221379       0.48263280618371185       -2.1819458914980605E-003
         257  0.48065167717125556       0.48281404531852573       -2.1623681472701661E-003
         258  0.48085271682063185       0.48299552951216584       -2.1428126915339907E-003
         259  0.48105406545037882       0.48317931903885730       -2.1252535884784818E-003
         260  0.48125555370344714       0.48336135944836683       -2.1058057449196976E-003
         261  0.48145726552601281       0.48354364960399071       -2.0863840779778986E-003
         262  0.48165920122042827       0.48372618919909743       -2.0669879786691658E-003
         263  0.48186136105625577       0.48390897891147688       -2.0476178552211177E-003
         264  0.48206374528716883       0.48409201917745170       -2.0282738902828723E-003
         265  0.48226635418306013       0.48427531067753959       -2.0089564944794636E-003
         266  0.48246918800465721       0.48445885394418187       -1.9896659395246541E-003
         267  0.48267224702051470       0.48464264963339376       -1.9704026128790630E-003
         268  0.48287553149316814       0.48482669830517822       -1.9511668120100745E-003
         269  0.48307904168632754       0.48501100052495305       -1.9319588386255138E-003
         270  0.48328277787015667       0.48519555697050509       -1.9127791003484274E-003
         271  0.48348674030662431       0.48538036817333868       -1.8936278667143758E-003
         272  0.48369092926391827       0.48556543477326070       -1.8745055093424279E-003
         273  0.48389534500932285       0.48575075738165019       -1.8554123723273364E-003
         274  0.48409998780805091       0.48593633657881841       -1.8363487707674930E-003
         275  0.48430485792800004       0.48612217298882798       -1.8173150608279398E-003
         276  0.48450995564304233       0.48630826732636601       -1.7983116833236723E-003
         277  0.48471528122173324       0.48649462022541012       -1.7793390036768830E-003
         278  0.48492083492347116       0.48668123214110381       -1.7603972176326588E-003
         279  0.48512661703481197       0.48686810402355180       -1.7414869887398265E-003
         280  0.48533262780971764       0.48705523622133262       -1.7226084116149787E-003
         281  0.48553886752576741       0.48724262951587138       -1.7037619901039691E-003
         282  0.48574533645899215       0.48743028465695154       -1.6849481979593905E-003
         283  0.48595203487849314       0.48761820227245284       -1.6661673939596944E-003
         284  0.48615896305685186       0.48780638304648294       -1.6474199896310826E-003
         285  0.48636612126534579       0.48799482763606195       -1.6287063707161598E-003
         286  0.48657350977665365       0.48818353673331488       -1.6100269566612369E-003
         287  0.48678112887319358       0.48837251120448749       -1.5913823312939113E-003
         288  0.48698897882806597       0.48856175174747224       -1.5727729194062734E-003
         289  0.48719705990276152       0.48875125882033821       -1.5541989175766879E-003
         290  0.48740537240523174       0.48894103386986948       -1.5356614646377387E-003
         291  0.48761391657738823       0.48913107689408725       -1.5171603166990177E-003
         292  0.48782269273554063       0.48932138955505605       -1.4986968195154216E-003
         293  0.48803170110783001       0.48951197157243392       -1.4802704646039166E-003
         294  0.48824094202726626       0.48970282496157780       -1.4618829343115425E-003
         295  0.48845041576665826       0.48989395046589645       -1.4435346992381914E-003
         296  0.48866012258537095       0.49008534850631785       -1.4252259209469043E-003
         297  0.48887006276569028       0.49027701997341228       -1.4069572077219927E-003
         298  0.48908023661243871       0.49046896646076832       -1.3887298483296062E-003
         299  0.48929064440890069       0.49066118889049326       -1.3705444815925727E-003
         300  0.48950128646446134       0.49085368900857945       -1.3524025441181142E-003
         301  0.48971216305046422       0.49104646759213361       -1.3343045416693844E-003
         302  0.48992327445407086       0.49123952581820024       -1.3162513641293838E-003
         303  0.49013462095919424       0.49143286482323256       -1.2982438640383176E-003
         304  0.49034617536406722       0.49162557654127303       -1.2794011772058189E-003
         305  0.49055799078010009       0.49181939444401812       -1.2614036639180259E-003
         306  0.49077004193451224       0.49201348723230776       -1.2434452977955202E-003
         307  0.49098232914139722       0.49220785620146362       -1.2255270600664003E-003
         308  0.49119485267267388       0.49240250181831280       -1.2076491456389227E-003
         309  0.49140761279742473       0.49259742441049487       -1.1898116130701353E-003
         310  0.49162060978730765       0.49279262438231763       -1.1720145950099847E-003
         311  0.49183384391866286       0.49298810227119011       -1.1542583525272487E-003
         312  0.49204731544907954       0.49318385811468352       -1.1365426656039790E-003
         313  0.49226102463173194       0.49337989181011527       -1.1188671783833315E-003
         314  0.49247497172907745       0.49357620351288839       -1.1012317838109409E-003
         315  0.49268915697746063       0.49377279273308289       -1.0836357556222587E-003
         316  0.49290358060267198       0.49396965872430426       -1.0660781216322857E-003
         317  0.49311824283387723       0.49416680070315677       -1.0485578692795428E-003
         318  0.49333314380994486       0.49436421587443119       -1.0310720644863269E-003
         319  0.49354828368654580       0.49456190157615842       -1.0136178896126280E-003
         320  0.49376366248451992       0.49475985223223767       -9.9618974771775726E-004
         321  0.49397928019812853       0.49495806133976888       -9.7878114164035024E-004
         322  0.49419513646241880       0.49515651374248171       -9.6137728006290279E-004
         323  0.49441123076776111       0.49535519108257936       -9.4396031481824849E-004
         324  0.49462761759270701       0.49555545706504811       -9.2783947234109654E-004
         325  0.49484420473854029       0.49575499678644069       -9.1079204790039947E-004
         326  0.49506103487692565       0.49595488813035848       -8.9385325343283029E-004
         327  0.49527810972535180       0.49615519842639244       -8.7708870104064030E-004
         328  0.49549543477868174       0.49635617346356842       -8.6073868488667493E-004
         329  0.49571294682955319       0.49655523008495073       -8.4228325539753568E-004
         330  0.49593076586147566       0.49675697602459534       -8.2621016311967832E-004
         331  0.49614878425944720       0.49695741056208131       -8.0862630263411894E-004
         332  0.49638185314162886       0.49634551319138176        3.6339950247099573E-005
         333  0.49659702178120219       0.49663466998436839       -3.7648203166207317E-005
         334  0.49681535268185439       0.49685292440426393       -3.7571722409535102E-005
         335  0.49703392499966559       0.49707168851607281       -3.7763516407218756E-005
         336  0.49725276741034063       0.49729022176904780       -3.7454358707167401E-005
         337  0.49747184331388494       0.49750950022450258       -3.7656910617633876E-005
         338  0.49769117080329595       0.49772906167915104       -3.7890875855095540E-005
         339  0.49791076916753896       0.49794838340171227       -3.7614234173311001E-005
         340  0.49813060296342232       0.49816845226845857       -3.7849305036252723E-005
         341  0.49835068974432811       0.49838880144752218       -3.8111703194065871E-005
         342  0.49857104735479402       0.49860892358690917       -3.7876232115152675E-005
         343  0.49879164294992046       0.49882977917712051       -3.8136227200058492E-005
         344  0.49901249208445320       0.49905093698934544       -3.8444904892243059E-005
         345  0.49923361265086880       0.49927186240684934       -3.8249755980546141E-005
         346  0.49945497304288933       0.49949353029029642       -3.8557247407089434E-005
         347  0.49967658850939667       0.49971549534801440       -3.8906838617736028E-005
         348  0.49989847515448643       0.49993724803626738       -3.8772881780946289E-005
         349  0.50012060415654647       0.50015973371000855       -3.9129553462080580E-005
         350  0.50034300364399020       0.50038203812265336       -3.9034478663158012E-005
         351  0.50056564698160588       0.50060507617736216       -3.9429195756279789E-005
         352  0.50078856058765342       0.50082795125964541       -3.9390671991990089E-005
         353  0.50101171967921132       0.50105155883960617       -3.9839160394850026E-005
         354  0.50123514931918456       0.50127500399950298       -3.9854680318418545E-005
         355  0.50145882584081647       0.50149919101218532       -4.0365171368850206E-005
         356  0.50168277275177864       0.50172323535062047       -4.0462598841828346E-005
         357  0.50190697942850404       0.50194755709791783       -4.0577669413788264E-005
         358  0.50213143523638359       0.50217263550555069       -4.1200269167096515E-005
         359  0.50235616136353223       0.50239759731132416       -4.1435947791934602E-005
         360  0.50258114834886458       0.50262285955245567       -4.1711203591088264E-005
         361  0.50280639631835633       0.50284844138533547       -4.2045066979135015E-005
         362  0.50303190540246334       0.50307436777960413       -4.2462377140783936E-005
         363  0.50325767605280025       0.50330065007151215       -4.2974018711894324E-005
         364  0.50348370885075844       0.50352729669168095       -4.3587840922509891E-005
         365  0.50371000402152477       0.50375433968308114       -4.4335661556371697E-005
         366  0.50393656911294737       0.50398135750732564       -4.4788394378270091E-005
         367  0.50416339692281498       0.50420880981313920       -4.5412890324225685E-005
         368  0.50439048746229742       0.50443677005683341       -4.6282594535984600E-005
         369  0.50461716149546498       0.50474627398283323       -1.2911248736824366E-004
         370  0.50484685094899628       0.50480443336223979        4.2417586756493542E-005
         371  0.50507720219056562       0.50492029464820121        1.5690754236441506E-004
         372  0.50531416730416134       0.50488116800033567        4.3299930382567631E-004
         373  0.50553112659903443       0.50548694070828659        4.4185890747838741E-005
         374  0.50575974390583966       0.50571515338393369        4.4590521905973901E-005
         375  0.50599109019834387       0.50582054970720036        1.7054049114351155E-004
         376  0.50644720782559438       0.50639986538219595        4.7342443398434852E-005
         377  0.50667689443857011       0.50662847652018450        4.8417918385612602E-005
         378  0.50690684700903965       0.50685729565742932        4.9551351610332972E-005
         379  0.50713706760397914       0.50708614625547743        5.0921348501709041E-005
         380  0.50736755298185898       0.50731532887982522        5.2224102033759934E-005
         381  0.50759831192196792       0.50754391347898420        5.4398442983716322E-005
         382  0.50782933522067675       0.50777280076864184        5.6534452034906479E-005
         383  0.50806064646144045       0.50799886955356011        6.1776907880339849E-005
         384  0.50852522896699581       0.50864199922044540       -1.1677025344958292E-004
         385  0.53427176444068825       0.54082044717438538       -6.5486827336971309E-003
         386  0.50898978187745914       0.50879407274960309        1.9570912785604744E-004
         387  0.50922118072052525       0.50912311363549845        9.8067085026798395E-005
         388  0.50945395133102089       0.50937518219774769        7.8769133273204339E-005
         389  0.50968759173417988       0.50970677037253798       -1.9178638358097189E-005
         390  0.51015434636641077       0.51001936129286185        1.3498507354892109E-004
         391  0.51038847223287820       0.51022061584323153        1.6785638964667005E-004
         392  0.51062250461514058       0.51046797010728995        1.5453450785063438E-004
         393  0.51085704412845379       0.51068351734709516        1.7352678135862387E-004
         394  0.51109175135476070       0.51091178838075557        1.7996297400513228E-004
         395  0.51132673782445237       0.51113863273436178        1.8810509009059562E-004
         396  0.51156200622744996       0.51136321258719453        1.9879364025543467E-004
         397  0.51179754027407298       0.51158786208181262        2.0967819226036521E-004
         398  0.51203333402027851       0.51181342816983444        2.1990585044406874E-004
         399  0.51226938809752143       0.51203983628492966        2.2955181259176616E-004
         400  0.51250810357946464       0.51211746499881217        3.9063858065246926E-004
         401  0.51274207994434629       0.51254097347672123        2.0110646762505624E-004
         402  0.51297942666959806       0.51269292943357603        2.8649723602203192E-004
         403  0.51321694987944333       0.51288953999339926        3.2740988604407217E-004
         404  0.51345746531780223       0.51347129981724737       -1.3834499445142256E-005
         405  0.51369126725922798       0.51340604554834190        2.8522171088607440E-004
         406  0.51416752685091538       0.51384699963140612        3.2052721950925900E-004
         407  0.51440609913100088       0.51406590671797381        3.4019241302707393E-004
         408  0.51464576749481250       0.51454864582445869        9.7121670353805811E-005
         409  0.51488364256010921       0.51453934874715301        3.4429381295619788E-004
         410  0.51512507610029323       0.51504988754038517        7.5188559908068164E-005
         411  0.51536728671457632       0.51534660568199364        2.0681032582681169E-005
         412  0.51560228470899083       0.51522507817831942        3.7720653067141452E-004
         413  0.51584238864790433       0.51545326509249345        3.8912355541087518E-004
         414  0.51608214142900122       0.51584164025260693        2.4050117639429214E-004
         415  0.51632338842050363       0.51591219570390590        4.1119271659773027E-004
         416  0.51656343452256215       0.51626473027884001        2.9870424372213655E-004
         417  0.51680599301659147       0.51634131137019867        4.6468164639279497E-004
         418  0.51704681328703439       0.51661097689636226        4.3583639067212854E-004
         419  0.51728844162284848       0.51684828627561574        4.4015534723274019E-004
         420  0.51753056747127446       0.51707120732200829        4.5936014926617474E-004
         421  0.51777276601318922       0.51730739145961158        4.6537455357764657E-004
         422  0.51801532105152770       0.51753882588494726        4.7649516658043733E-004
         423  0.51825814831993877       0.51777088400057902        4.8726431935974812E-004
         424  0.51850124060168312       0.51800389357247034        4.9734702921278018E-004
         425  0.51874460178817972       0.51823760403550878        5.0699775267093461E-004
         426  0.51898815745362492       0.51847595975779670        5.1219769582822039E-004
         427  0.51923208726566861       0.51870943435850181        5.2265290716679846E-004
         428  0.51947628236505350       0.51894380259471662        5.3247977033687999E-004
         429  0.51972074871487706       0.51917881519304965        5.4193352182740906E-004
         430  0.51996548735680947       0.51941442573223839        5.5106162457108088E-004
         431  0.52021049959280352       0.51965057892681388        5.5992066598964385E-004
         432  0.52045578655105962       0.51988723164720174        5.6855490385787633E-004
         433  0.52070134913855504       0.52012435397039880        5.7699516815623575E-004
         434  0.52094718818793362       0.52036192113642121        5.8526705151240588E-004
         435  0.52119330428383492       0.52059992156369095        5.9338272014397564E-004
         436  0.52143969810521884       0.52083833995372530        6.0135815149353622E-004
         437  0.52168637011732666       0.52107717171042855        6.0919840689810378E-004
         438  0.52193332081403554       0.52131641125032546        6.1690956371007744E-004
         439  0.52218055059678292       0.52155605757099677        6.2449302578615473E-004
         440  0.52242805989253660       0.52179610863108727        6.3195126144932612E-004
         441  0.52267584909333753       0.52203656415097965        6.3928494235787614E-004
         442  0.52292391858409237       0.52227742427589663        6.4649430819574416E-004
         443  0.52317226873402245       0.52251868990018457        6.5357883383787563E-004
         444  0.52342089992069396       0.52276036162825368        6.6053829244028250E-004
         445  0.52366981250874245       0.52300244068786994        6.6737182087250879E-004
         446  0.52391900687148996       0.52324492795191690        6.7407891957305122E-004
         447  0.52416848337398625       0.52348782473761757        6.8065863636868063E-004
         448  0.52441824238065504       0.52373113238249147        6.8710999816357088E-004
         449  0.52466828426630907       0.52397485185174886        6.9343241456021332E-004
         450  0.52491860939348234       0.52421898466206163        6.9962473142071158E-004
         451  0.52516921221277091       0.52446343395120321        7.0577826156770218E-004
         452  0.52542010537631523       0.52470840274559472        7.1170263072051210E-004
         453  0.52567128285151321       0.52495379182626989        7.1749102524332198E-004
         454  0.52592243608128331       0.52521448892537526        7.0794715590805080E-004
         455  0.52617448582414961       0.52544591251785022        7.2857330629938488E-004
         456  0.52642621760859454       0.52570620836391913        7.2000924467541250E-004
         457  0.52667883792867520       0.52593961718847060        7.3922074020460471E-004
         458  0.52693114530215801       0.52619969962343460        7.3144567872340804E-004
         459  0.52718433467958625       0.52643501442866147        7.4932025092477872E-004
         460  0.52743721999577931       0.52669499339814096        7.4222659763834020E-004
         461  0.52769097913152174       0.52693211520889482        7.5886392262691782E-004
         462  0.52794444454114642       0.52719208805569129        7.5235648545513012E-004
         463  0.52819877432794460       0.52743093108822159        7.6784323972300950E-004
         464  0.52845282181893105       0.52769098422230098        7.6183759663006612E-004
         465  0.52870772330801163       0.52793147385754668        7.7624945046494975E-004
         466  0.52896235477622666       0.52819168290283081        7.7067187339585619E-004
         467  0.52921782917471571       0.52843375379552293        7.8407537919278347E-004
         468  0.52947304637172365       0.52869418818187253        7.7885818985112820E-004
         469  0.52972909500180709       0.52893778228165877        7.9131272014831833E-004
         470  0.52998489962931516       0.52919850343641817        7.8639619289699869E-004
         471  0.53024152390403467       0.52944356998567410        7.9795391836057217E-004
         472  0.53049791757040399       0.52970463450873972        7.9328306166426277E-004
         473  0.53075511897226280       0.52995112854447801        8.0399042778478425E-004
         474  0.53101210326878812       0.53021258676631722        7.9951650247089834E-004
         475  0.53126988331739289       0.53046046944733016        8.0941387006272514E-004
         476  0.53152745979285043       0.53072236741123735        8.0509238161308172E-004
         477  0.53178582008870678       0.53097160369811736        8.1421639058942841E-004
         478  0.53204399026535820       0.53123398348554696        8.1000677981124536E-004
         479  0.53230293243979510       0.53148454264507883        8.1838979471626772E-004
         480  0.53256169781812046       0.53174744291135956        8.1425490676090284E-004
         481  0.53282122350641814       0.53199929840160975        8.2192510480838532E-004
         482  0.53308058557746296       0.53226275460855443        8.1783096890852836E-004
         483  0.53334069647062232       0.53251588249060300        8.2481398001932327E-004
         484  0.53360065671846468       0.53277992735736590        8.2072936109878203E-004
         485  0.53386135452344241       0.53303430667927576        8.2704784416665067E-004
         486  0.53412191442943580       0.53329897047198560        8.2294395745019511E-004
         487  0.53438320087529845       0.53355458275423817        8.2861812106027610E-004
         488  0.53464436190733999       0.53381989392058105        8.2446798675894772E-004
         489  0.53490623873343301       0.53407672297916464        8.2951575426837287E-004
         490  0.53516800238427764       0.53434270748813950        8.2529489613814011E-004
         491  0.53543047133304122       0.53460073948633513        8.2973184670609434E-004
         492  0.53569283908093235       0.53486742205441606        8.2541702651628412E-004
         493  0.53595590192307441       0.53512664455803471        8.2925736503969283E-004
         494  0.53621887526348966       0.53539404812483804        8.2482713865161816E-004
         495  0.53648253377196675       0.53565445053511329        8.2808323685346075E-004
         496  0.53674611420271368       0.53592259679572607        8.2351740698760612E-004
         497  0.53701037016442310       0.53618416988501816        8.2620027940494278E-004
         498  0.53727455918822797       0.53645307939193243        8.2147979629554335E-004
         499  0.53753941439159925       0.53671581536772095        8.2359902387829642E-004
         500  0.53780421352398544       0.53698550750653307        8.1870601745237526E-004
         501  0.53806966977191384       0.53724939968211660        8.2027008979723703E-004
         502  0.53833508054411283       0.53751989275537249        8.1518778874034581E-004
         503  0.53860093355357275       0.53778786730518668        8.1306624838606290E-004
         504  0.53886712576596885       0.53805631933989650        8.1080642607234132E-004
         505  0.53913362508840246       0.53832523622705652        8.0838886134593224E-004
         506  0.53940043000713478       0.53859464988649808        8.0578012063670101E-004
         507  0.53966754060392230       0.53886456176691899        8.0297883700330974E-004
         508  0.53993495727792840       0.53913497386375686        7.9998341417153451E-004
         509  0.54020268045428732       0.53940588769335029        7.9679276093702622E-004
         510  0.54047071055931317       0.53967730488372367        7.9340567558949804E-004
         511  0.54073904801457062       0.53994922715431060        7.8982086026002651E-004
         512  0.54100769326718234       0.54022165580655979        7.8603746062255730E-004
         513  0.54127664673020959       0.54049459282977108        7.8205390043850631E-004
         514  0.54154590883883702       0.54076803973799648        7.7786910084054472E-004
         515  0.54181548003828750       0.54104199801017328        7.7348202811422517E-004
         516  0.54208536075114955       0.54131646952648371        7.6889122466583526E-004
         517  0.54235555141003833       0.54159145596657043        7.6409544346789371E-004
         518  0.54262605247611151       0.54186695863098444        7.5909384512706790E-004
         519  0.54289686435315698       0.54214297980224202        7.5388455091496276E-004
         520  0.54316798750087802       0.54241952077261257        7.4846672826545113E-004
         521  0.54343942235991349       0.54269658331715509        7.4283904275840307E-004
         522  0.54371116935926711       0.54297416933763598        7.3700002163112899E-004
         523  0.54398322895379603       0.54325228036261008        7.3094859118594258E-004
         524  0.54425560157176200       0.54353091839785961        7.2468317390239623E-004
         525  0.54452828768234129       0.54381008481821069        7.1820286413060153E-004
         526  0.54480128770553926       0.54408978181808132        7.1150588745794163E-004
         527  0.54507460210603631       0.54437001087695236        7.0459122908395067E-004
         528  0.54534823133451971       0.54465077380460025        6.9745752991945409E-004
         529  0.54562217581638239       0.54493207272782063        6.9010308856176650E-004
         530  0.54589643602573901       0.54521390910548995        6.8252692024906025E-004
         531  0.54617101240505506       0.54549628494130842        6.7472746374663828E-004
         532  0.54644590541402627       0.54577920196756624        6.6670344646002633E-004
         533  0.54672111550853952       0.54606266203121212        6.5845347732740311E-004
         534  0.54699664312862362       0.54634666719101610        6.4997593760751649E-004
         535  0.54727248875013157       0.54663121905429302        6.4126969583855331E-004
         536  0.54754865282361143       0.54691631963718734        6.3233318642408332E-004
         537  0.54782513581449965       0.54720197074380006        6.2316507069959393E-004
         538  0.54810193817510555       0.54748817439233977        6.1376378276578603E-004
         539  0.54837906037582784       0.54777493238565544        6.0412799017239838E-004
         540  0.54865650287302736       0.54806224674587889        5.9425612714847365E-004
         541  0.54893426613611440       0.54835011934250710        5.8414679360729860E-004
         542  0.54921235063250284       0.54863855211871448        5.7379851378835944E-004
         543  0.54949075683266257       0.54892754700103175        5.6320983163082872E-004
         544  0.54976948520505975       0.54921710596615780        5.5237923890194551E-004
         545  0.55004853622425698       0.54950723094692144        5.4130527733553535E-004
         546  0.55032791035004913       0.54979792406577088        5.2998628427824990E-004
         547  0.55060760806050590       0.55008918725409506        5.1842080641084642E-004
         548  0.55088762984470163       0.55038102238048259        5.0660746421904435E-004
         549  0.55116797616355040       0.55067343163710725        4.9454452644315250E-004
         550  0.55144864750361977       0.55096641694628534        4.8223055733442877E-004
         551  0.55172964434140759       0.55125998038651502        4.6966395489256296E-004
         552  0.55201096716022813       0.55155412397862424        4.5684318160388315E-004
         553  0.55229261643940397       0.55184884981499027        4.4376662441369952E-004
         554  0.55257459266197162       0.55214415997082011        4.3043269115150551E-004
         555  0.55285689631910584       0.55244005647187899        4.1683984722684642E-004
         556  0.55313952789505516       0.55273654144150730        4.0298645354786000E-004
         557  0.55342248788104975       0.55303361695419728        3.8887092685246927E-004
         558  0.55370577676213695       0.55333128517089014        3.7449159124680609E-004
         559  0.55398939503991074       0.55362954812241782        3.5984691749291198E-004
         560  0.55427334320457844       0.55392840798127974        3.4493522329870352E-004
         561  0.55455762174531165       0.55422786693897141        3.2975480634023224E-004
         562  0.55484223115679432       0.55452792716090660        3.1430399588772140E-004
         563  0.55512717194579120       0.55482859073960566        2.9858120618553308E-004
         564  0.55541244461469208       0.55512985983862329        2.8258477606879495E-004
         565  0.55569804965303571       0.55543173674677226        2.6631290626344395E-004
         566  0.55598398757224621       0.55573422358598501        2.4976398626119778E-004
         567  0.55627025888047665       0.55603732254608573        2.3293633439092076E-004
         568  0.55655686408190097       0.55634103587094363        2.1582821095733618E-004
         569  0.55684380367403408       0.55664536587392655        1.9843780010753154E-004
         570  0.55713107818530805       0.55695031464810218        1.8076353720586358E-004
         571  0.55741868812155482       0.55725588450629138        1.6280361526344045E-004
         572  0.55770663399100673       0.55756207775038813        1.4455624061859851E-004
         573  0.55799491631265408       0.55786889662430317        1.2601968835090904E-004
         574  0.55828353559698018       0.55817634346613898        1.0719213084120494E-004
         575  0.55857249237499540       0.55848442048142988        8.8071893565522252E-005
         576  0.55886178715842305       0.55879313005470543        6.8657103717617574E-005
         577  0.55915142047195832       0.55910247448255068        4.8945989407633839E-005
         578  0.55944139284923566       0.55941245603701995        2.8936812215718533E-005
         579  0.55973170480710277       0.55972307713283964        8.6276742631286041E-006
         580  0.56002235687195800       0.56003434012842024       -1.1983256462233527E-005
         581  0.56031334838118096       0.56034623374216053       -3.2885360979562073E-005
         582  0.56060468227308058       0.56065878738957042       -5.4105116489844285E-005
         583  0.56089635785599967       0.56097199026986522       -7.5632413865545089E-005
         584  0.56118837567578828       0.56128584458122455       -9.7468905436270958E-005
         585  0.56148073628127759       0.56160035267938302       -1.1961639810542657E-004
         586  0.56177344020285502       0.56191551704882292       -1.4207684596789782E-004
         587  0.56206648798861181       0.56223134008153108       -1.6485209291927649E-004
         588  0.56235988018091176       0.56254782423658189       -1.8794405567013062E-004
         589  0.56265361732538199       0.56286497197296581       -2.1135464758381683E-004
         590  0.56294769997391714       0.56318278573790037       -2.3508576398323378E-004
         591  0.56324212866495582       0.56350126807874112       -2.5913941378530314E-004
         592  0.56353690396111300       0.56382042142532751       -2.8351746421451107E-004
         593  0.56383202641292096       0.56414024830622034       -3.0822189329937633E-004
         594  0.56412749658134986       0.56446075121273664       -3.3325463138678124E-004
         595  0.56442331501227705       0.56478193274134358       -3.5861772906653488E-004
         596  0.56471948228057434       0.56510379535199007       -3.8431307141573168E-004
         597  0.56501599893491483       0.56542634167467254       -4.1034273975770752E-004
         598  0.56531286555083238       0.56574957421422833       -4.3670866339595715E-004
         599  0.56561008269403490       0.56607349555937880       -4.6341286534390402E-004
         600  0.56590765093411688       0.56639810829572024       -4.9045736160335807E-004
         601  0.56620557083455569       0.56672341506196866       -5.1784422741296687E-004
         602  0.56650384297858136       0.56704941842433498       -5.4557544575362105E-004
         603  0.56680246794003175       0.56737612102088597       -5.7365308085421951E-004
         604  0.56710144629612858       0.56770352549256553       -6.0207919643695540E-004
         605  0.56740077861700577       0.56803163453448757       -6.3085591748179848E-004
         606  0.56770046550790354       0.56836045070600127       -6.5998519809773448E-004
         607  0.56800050753615527       0.56868997676733324       -6.8946923117796377E-004
         608  0.56830090529690636       0.56902021536589598       -7.1931006898962035E-004
         609  0.56860165937831952       0.56935116920906326       -7.4950983074373312E-004
         610  0.56890277037863823       0.56968284098548716       -7.8007060684892604E-004
         611  0.56920423888212190       0.57001523346108784       -8.1099457896594007E-004
         612  0.56950606549374527       0.57034834933617329       -8.4228384242801546E-004
         613  0.56980825081557285       0.57068219135523124       -8.7394053965839102E-004
         614  0.57011079543773457       0.57101676232082377       -9.0596688308919315E-004
         615  0.57041369998260416       0.57135206493996360       -9.3836495735943881E-004
         616  0.57071696504534619       0.57168810204500808       -9.7113699966189238E-004
         617  0.57102059124335269       0.57202487640440114       -1.0042851610484460E-003
         618  0.57132457918456536       0.57236239084428742       -1.0378116597220544E-003
         619  0.57162892948446542       0.57270064818582767       -1.0717187013622453E-003
         620  0.57193364276460223       0.57303965124997303       -1.1060084853707908E-003
         621  0.57223871964383100       0.57337940289039080       -1.1406832465598038E-003
         622  0.57254416075017511       0.57371990595137468       -1.1757452011995628E-003
         623  0.57284996670394006       0.57406116332322765       -1.2111966192875911E-003
         624  0.57315613813523381       0.57440317788389428       -1.2470397486604723E-003
         625  0.57346267567719167       0.57474595252578520       -1.2832768485935286E-003
         626  0.57376957996454581       0.57508949015886612       -1.3199101943203173E-003
         627  0.57407685163877176       0.57543379369118020       -1.3569420524084386E-003
         628  0.57438449132871883       0.57577886608922335       -1.3943747605045242E-003
         629  0.57469249968877734       0.57612471026651413       -1.4322105777367922E-003
         630  0.57500087736397787       0.57647132918797805       -1.4704518240001851E-003
         631  0.57530962499986404       0.57681872583303173       -1.5091008331676870E-003
         632  0.57561874324418871       0.57716690319427855       -1.5481599500898335E-003
         633  0.57592823276988436       0.57751586422800449       -1.5876314581201312E-003
         634  0.57623809421466721       0.57786561199175390       -1.6275177770866955E-003
         635  0.57654832824974545       0.57821614948108446       -1.6678212313390173E-003
         636  0.57685893554112910       0.57856747972906741       -1.7085441879383101E-003
         637  0.57716991675453677       0.57891960578695723       -1.7496890324204539E-003
         638  0.57748127255663351       0.57927253072101370       -1.7912581643801939E-003
         639  0.57779300362847330       0.57962625758979580       -1.8332539613225007E-003
         640  0.57810511064034509       0.57998078949177956       -1.8756788514344702E-003
         641  0.57841759427767392       0.58033612951375113       -1.9185352360772123E-003
         642  0.57873045522310607       0.58069228076910662       -1.9618255460005507E-003
         643  0.57904369416271217       0.58104924638116418       -2.0055522184520003E-003
         644  0.57935731178237215       0.58140702949369838       -2.0497177113262266E-003
         645  0.57967130878852990       0.58176563323291930       -2.0943244443893949E-003
         646  0.57998568586686405       0.58212506078010973       -2.1393749132456730E-003
         647  0.58030044372278622       0.58248531529928260       -2.1848715764963833E-003
         648  0.58061558305821892       0.58284639998036336       -2.2308169221444407E-003
         649  0.58093110458684438       0.58320831801602580       -2.2772134291814128E-003
         650  0.58124700900961435       0.58357107262868424       -2.3240636190698938E-003
         651  0.58156329705546339       0.58393466702617769       -2.3713699707142988E-003
         652  0.58187996942965259       0.58429910446268429       -2.4191350330317052E-003
         653  0.58219702685901586       0.58466438818021138       -2.4673613211955159E-003
         654  0.58251447007325308       0.58503052143842238       -2.5160513651693028E-003
         655  0.58283229979265072       0.58539750752114705       -2.5652077284963326E-003
         656  0.58315051676699903       0.58576534970098604       -2.6148329339870102E-003
         657  0.58346912172091137       0.58613405129142448       -2.6649295705131193E-003
         658  0.58378811539521369       0.58650361560442343       -2.7155002092097424E-003
         659  0.58410749854293009       0.58687404595957371       -2.7665474166436166E-003
         660  0.58442727190557064       0.58724534570234088       -2.8180737967702374E-003
         661  0.58474743624099246       0.58761751817980701       -2.8700819388145504E-003
         662  0.58506799230681605       0.58799056675683303       -2.9225744500169792E-003
         663  0.58538894085757953       0.58836449481302555       -2.9755539554460197E-003
         664  0.58571028267080527       0.58873930573341826       -3.0290230626129899E-003
         665  0.58603201850064113       0.58911500292570707       -3.0829844250659377E-003
         666  0.58635414913205219       0.58949158980112137       -3.1374406690691803E-003
         667  0.58667667534516710       0.58986906978750409       -3.1923944423369877E-003
         668  0.58699959791202783       0.59024744632930626       -3.2478484172784317E-003
         669  0.58732291762304267       0.59062672287667628       -3.3038052536336071E-003
         670  0.58764663527551841       0.59100690289644131       -3.3602676209228965E-003
         671  0.58797075166118917       0.59138798986920738       -3.4172382080182029E-003
         672  0.58829526757516637       0.59176998728553443       -3.4747197103680572E-003
         673  0.58862018383002324       0.59215289865046683       -3.5327148204435943E-003
         674  0.58894550122638567       0.59253672748176078       -3.5912262553751129E-003
         675  0.58927122058636161       0.59292147730949496       -3.6502567231333494E-003
         676  0.58959734272210784       0.59330715167772419       -3.7098089556163449E-003
         677  0.58992386846090961       0.59369375414150871       -3.7698856805991054E-003
         678  0.59025079862832575       0.59408128827028805       -3.8304896419623091E-003
         679  0.59057813405946158       0.59446975764660903       -3.8916235871474525E-003
         680  0.59090587559056784       0.59485916586483667       -3.9532902742688281E-003
         681  0.59123402406767356       0.59524951653444436       -4.0154924667707981E-003
         682  0.59156258033464715       0.59564081327433205       -4.0782329396849004E-003
         683  0.59189154524403875       0.59603305971805753       -4.1415144740187815E-003
         684  0.59222091965710810       0.59642625951465378       -4.2053398575456757E-003
         685  0.59255070443663249       0.59682041632423177       -4.2697118875992812E-003
         686  0.59288090044359298       0.59721553381373338       -4.3346333701403950E-003
         687  0.59321150856234950       0.59761161567807031       -4.4001071157208083E-003
         688  0.59354252966477439       0.59800866560949351       -4.4661359447191185E-003
         689  0.59387396464702114       0.59840668733308300       -4.5327226860618630E-003
         690  0.59420581437984576       0.59880568455634708       -4.5998701765013195E-003
         691  0.59453807977236794       0.59920566103039397       -4.6675812580260212E-003
         692  0.59487076172508146       0.59960662050797686       -4.7358587828953969E-003
         693  0.59520386113487012       0.60000856674464742       -4.8047056097773044E-003
         694  0.59553737893073977       0.60041150353682315       -4.8741246060833854E-003
         695  0.59587131601898013       0.60081543466574117       -4.9441186467610310E-003
         696  0.59620567332296759       0.60122036393519129       -5.0146906122237045E-003
         697  0.59654045178257242       0.60162629517748312       -5.0858433949106940E-003
         698  0.59687565232816964       0.60203323221981397       -5.1575798916443372E-003
         699  0.59721127589815737       0.60244117890481674       -5.2299030066593755E-003
         700  0.59754732344204975       0.60285013909387863       -5.3028156518288849E-003
         701  0.59788379592292462       0.60326011667487645       -5.3763207519518241E-003
         702  0.59822069429652180       0.60367111553092678       -5.4504212344049785E-003
         703  0.59855801953185916       0.60408313956730808       -5.5251200354489161E-003
         704  0.59889577260169002       0.60449619270107235       -5.6004200993823305E-003
         705  0.59923395448057526       0.60491027885498383       -5.6763243744085701E-003
         706  0.59957256616306209       0.60532540198678453       -5.7528358237224353E-003
         707  0.59991160863767967       0.60574156605049689       -5.8299574128172216E-003
         708  0.60025108290830553       0.60615877502716065       -5.9076921188551124E-003
         709  0.60059098998735072       0.60657703291628839       -5.9860429289376738E-003
         710  0.60093133087543760       0.60699634370029842       -6.0650128248608270E-003
         711  0.60127210660426111       0.60741671141722398       -6.1446048129628617E-003
         712  0.60161331819952957       0.60783814009879178       -6.2248218992622117E-003
         713  0.60195496670143656       0.60826063380503692       -6.3056671036003653E-003
         714  0.60229705313864734       0.60868419657494055       -6.3871434362932078E-003
         715  0.60263957857817696       0.60910883252368109       -6.4692539455041276E-003
         716  0.60298254406435947       0.60953454572294730       -6.5520016585878249E-003
         717  0.60332595067394035       0.60996134030923665       -6.6353896352963071E-003
         718  0.60366979947007871       0.61038922039361687       -6.7194209235381663E-003
         719  0.60401409153833874       0.61081819013225136       -6.8040985939126220E-003
         720  0.60435882796795748       0.61124825369025382       -6.8894257222963384E-003
         721  0.60470400985074946       0.61167941523673985       -6.9754053859903964E-003
         722  0.60504963829507674       0.61211167897761087       -7.0620406825341320E-003
         723  0.60539571441215345       0.61254504912333740       -7.1493347111839523E-003
         724  0.60574223932623417       0.61297952991290994       -7.2372905866757709E-003
         725  0.60608921416142914       0.61341512558364797       -7.3259114222188337E-003
         726  0.60643664005616837       0.61385184040359531       -7.4152003474269312E-003
         727  0.60678451815594225       0.61428967865584294       -7.5051604999006871E-003
         728  0.60713284962200209       0.61472864465901622       -7.5957950370141303E-003
         729  0.60748163560694368       0.61516874270729072       -7.6871071003470348E-003
         730  0.60783087729822238       0.61560997717845101       -7.7790998802286238E-003
         731  0.60818057586344887       0.61605235239799394       -7.8717765345450719E-003
         732  0.60853073250338596       0.61649587276930529       -7.9651402659193238E-003
         733  0.60888134840472385       0.61694054265804299       -8.0591942533191352E-003
         734  0.60923242480227457       0.61738636655000856       -8.1539417477339837E-003
         735  0.60958396288456018       0.61783334880463392       -8.2493859200737374E-003
         736  0.60993596390232840       0.61828149394165888       -8.3455300393304732E-003
         737  0.61028842907992342       0.61873080640498279       -8.4423773250593692E-003
         738  0.61064135967860000       0.61918129073390160       -8.5399310553015972E-003
         739  0.61099475694727767       0.61963295142802843       -8.6381944807507605E-003
         740  0.61134862215985619       0.62008579305056621       -8.7371708907100221E-003
         741  0.61170295658711993       0.62053982014834830       -8.8368635612283697E-003
         742  0.61205776152370883       0.62099503733063899       -8.9372758069301561E-003
         743  0.61241303827346483       0.62145144922690643       -9.0384109534416002E-003
         744  0.61276878814819502       0.62190906048160188       -9.1402723334068625E-003
         745  0.61312501245771511       0.62236787572617613       -9.2428632684610212E-003
         746  0.61348171254676331       0.62282789968717001       -9.3461871404066921E-003
         747  0.61383888975407175       0.62328913706638844       -9.4502473123166952E-003
         748  0.61419654542553348       0.62375159257675361       -9.5550471512201307E-003
         749  0.61455468094299970       0.62421527103362640       -9.6605900906266973E-003
         750  0.61491329768374836       0.62468017722991187       -9.7668795461635094E-003
         751  0.61527239702941150       0.62514631596151371       -9.8739189321022103E-003
         752  0.61563198038666245       0.62561369209334872       -9.9817117066862693E-003
         753  0.61599204917728823       0.62608231052896224       -1.0090261351674013E-002
         754  0.61635260481751508       0.62655217614338676       -1.0199571325871681E-002
         755  0.61671364874926793       0.62702329388376066       -1.0309645134492729E-002
         756  0.61707518242998327       0.62749566873726714       -1.0420486307283872E-002
         757  0.61743720731443252       0.62796930566946518       -1.0532098355032660E-002
         758  0.61779972489565860       0.62844420976218696       -1.0644484866528359E-002
         759  0.61816273665678223       0.62892038605333700       -1.0757649396554769E-002
         760  0.61852624410374868       0.62939783964295315       -1.0871595539204471E-002
         761  0.61889024875679366       0.62987657566790489       -1.0986326911111233E-002
         762  0.61925475214727499       0.63035659929066168       -1.1101847143386689E-002
         763  0.61961975582329343       0.63083791571676673       -1.1218159893473301E-002
         764  0.61998526135206311       0.63132053020511503       -1.1335268853051916E-002
         765  0.62035127030483339       0.63180444801536328       -1.1453177710529894E-002
         766  0.62071778426741986       0.63228967444306339       -1.1571890175643529E-002
         767  0.62108480485183026       0.63277621486147495       -1.1691410009644687E-002
         768  0.62145233368506536       0.63326407468351609       -1.1811740998450726E-002
         769  0.62182037240012600       0.63375325932805626       -1.1932886927930264E-002
         770  0.62218892263908820       0.63424377423043676       -1.2054851591348559E-002
         771  0.62255798608410950       0.63473562495578650       -1.2177638871676999E-002
         772  0.62292756441714292       0.63522881705248113       -1.2301252635338211E-002
         773  0.62329765933595083       0.63572335610992858       -1.2425696773977757E-002
         774  0.62366827256245139       0.63621924778982142       -1.2550975227370031E-002
         775  0.62403940583457107       0.63671649779634676       -1.2677091961775688E-002
         776  0.62441106089947240       0.63721511185026547       -1.2804050950793067E-002
         777  0.62478323953651538       0.63771509577548380       -1.2931856238968420E-002
         778  0.62515594351845738       0.63821645535227589       -1.3060511833818511E-002
         779  0.62552917467666025       0.63871919656399623       -1.3190021887335979E-002
         780  0.62590293481360959       0.63922332526671011       -1.3320390453100517E-002
         781  0.62627722578990608       0.63972884751757486       -1.3451621727668783E-002
         782  0.62665204945838260       0.64023576932506299       -1.3583719866680388E-002
         783  0.62702740771122056       0.64074409683006672       -1.3716689118846159E-002
         784  0.62740330244630016       0.64125383617402865       -1.3850533727728487E-002
         785  0.62777973558274558       0.64176499356170502       -1.3985257978959442E-002
         786  0.62815670907582688       0.64227757531589946       -1.4120866240072583E-002
         787  0.62853422488730171       0.64279158776617185       -1.4257362878870139E-002
         788  0.62891228499222052       0.64330703727078875       -1.4394752278568235E-002
         789  0.62929089141001060       0.64382393034142615       -1.4533038931415554E-002
         790  0.62967004617246591       0.64434227351700502       -1.4672227344539102E-002
         791  0.63004975132462648       0.64486207336616286       -1.4812322041536374E-002
         792  0.63043000894809120       0.64538333657930247       -1.4953327631211266E-002
         793  0.63081082113609510       0.64590606987159893       -1.5095248735503830E-002
         794  0.63119219001147853       0.64643028005117020       -1.5238090039691676E-002
         795  0.63157411773268213       0.64695597404685634       -1.5381856314174214E-002
         796  0.63195660645090623       0.64748315873282680       -1.5526552281920569E-002
         797  0.63233965837924822       0.64801184120879274       -1.5672182829544523E-002
         798  0.63272327573420950       0.64854202856343779       -1.5818752829228289E-002
         799  0.63310746076217850       0.64907372798032426       -1.5966267218145758E-002
         800  0.63349221573812986       0.64960694673402630       -1.6114730995896442E-002
         801  0.63387754296747012       0.65014169219718043       -1.6264149229710312E-002
         802  0.63426344477841490       0.65067797180839893       -1.6414527029984027E-002
         803  0.63464992351841321       0.65121579305771338       -1.6565869539300171E-002
         804  0.63503698159159339       0.65175516364134878       -1.6718182049755392E-002
         805  0.63542462140238887       0.65229609122830634       -1.6871469825917473E-002
         806  0.63581284539335969       0.65283858361507463       -1.7025738221714937E-002
         807  0.63620165604996437       0.65338264874907226       -1.7180992699107889E-002
         808  0.63659105586690723       0.65392829458368706       -1.7337238716779835E-002
         809  0.63698104739032846       0.65447552925772479       -1.7494481867396328E-002
         810  0.63737163319372137       0.65502436099301686       -1.7652727799295498E-002
         811  0.63776281587334771       0.65557479807429997       -1.7811982200952259E-002
         812  0.63815459806724051       0.65612684893007678       -1.7972250862836270E-002
         813  0.63854698244970287       0.65668052210786620       -1.8133539658163333E-002
         814  0.63893997173081185       0.65723582627296862       -1.8295854542156764E-002
         815  0.63933356864544277       0.65779277016016513       -1.8459201514722356E-002
         816  0.63972777598204089       0.65835136269712269       -1.8623586715081797E-002
         817  0.64012259654300263       0.65891161283388311       -1.8789016290880478E-002
         818  0.64051803319875256       0.65947352977405915       -1.8955496575306596E-002
         819  0.64091408883240919       0.66003712273732018       -1.9123033904910991E-002
         820  0.64131076638587858       0.66060240115654967       -1.9291634770671084E-002
         821  0.64170806883350262       0.66116937456459379       -1.9461305731091172E-002
         822  0.64210599917806421       0.66173805257534724       -1.9632053397283022E-002
         823  0.64250456049969329       0.66230844509497089       -1.9803884595277599E-002
         824  0.64290375588159487       0.66288056200069778       -1.9976806119102908E-002
         825  0.64330358848455360       0.66345441346151834       -2.0150824976964743E-002
         826  0.64370406149428727       0.66403000970999593       -2.0325948215708656E-002
         827  0.64410517814520318       0.66460736114484875       -2.0502182999645568E-002
         828  0.64450694173955536       0.66518647841305323       -2.0679536673497867E-002
         829  0.64490935560962681       0.66576737224435545       -2.0858016634728638E-002
         830  0.64531242313397186       0.66635005352199761       -2.1037630388025752E-002
         831  0.64571614775306696       0.66693453334910147       -2.1218385596034506E-002
         832  0.64612053295707317       0.66752082299527649       -2.1400290038203318E-002
         833  0.64652558229576651       0.66810893393773696       -2.1583351641970450E-002
         834  0.64693129937033700       0.66869887782635251       -2.1767578456015513E-002
         835  0.64733768782085521       0.66929066642620927       -2.1952978605354057E-002
         836  0.64774475137723864       0.66988431184051256       -2.2139560463273922E-002
         837  0.64815249380470263       0.67047982626950675       -2.2327332464804117E-002
         838  0.64856091894146839       0.67107722217628918       -2.2516303234820789E-002
         839  0.64897003068054859       0.67167651220356406       -2.2706481523015465E-002
         840  0.64937983298484248       0.67227770924076558       -2.2897876255923100E-002
         841  0.64979032988325669       0.67288082640426039       -2.3090496521003701E-002
         842  0.65020152545322984       0.67348587695892792       -2.3284351505698075E-002
         843  0.65061342387981647       0.67409287457799882       -2.3479450698182358E-002
         844  0.65102602938880050       0.67470183304585496       -2.3675803657054462E-002
         845  0.65143934628554589       0.67531276642855265       -2.3873420143006752E-002
         846  0.65185337895835982       0.67592568908588102       -2.4072310127521201E-002
         847  0.65226813185759613       0.67654061557797829       -2.4272483720382154E-002
         848  0.65268360952393223       0.67715756078883749       -2.4473951264905258E-002
         849  0.65309981658015070       0.67777653988659148       -2.4676723306440773E-002
         850  0.65351675774152895       0.67839756837041154       -2.4880810628882588E-002
         851  0.65393443777149207       0.67902066186835797       -2.5086224096865894E-002
         852  0.65435286157366934       0.67964583654555821       -2.5292974971888871E-002
         853  0.65477203409840901       0.68027310868672553       -2.5501074588316519E-002
         854  0.65519196043125205       0.68090249508644618       -2.5710534655194128E-002
         855  0.65561264571755917       0.68153401271201286       -2.5921366994453687E-002
         856  0.65603409521295930       0.68216767892401109       -2.6133583711051789E-002
         857  0.65645631428968698       0.68280351150380203       -2.6347197214115048E-002
         858  0.65687930840852904       0.68344152852387141       -2.6562220115342372E-002
         859  0.65730308315821140       0.68408174852087000       -2.6778665362658605E-002
         860  0.65772764421386898       0.68472419030859488       -2.6996546094725904E-002
         861  0.65815299738924615       0.68536887320453554       -2.7215875815289392E-002
         862  0.65857914860634081       0.68601581689438207       -2.7436668288041255E-002
         863  0.65900610391537096       0.68666504151512775       -2.7658937599756794E-002
         864  0.65943386947962856       0.68731656758528425       -2.7882698105655690E-002
         865  0.65986245161833168       0.68797041619036436       -2.8107964572032684E-002
         866  0.66029185676553581       0.68862660879739790       -2.8334752031862087E-002
         867  0.66072209151544159       0.68928516745074864       -2.8563075935307047E-002
         868  0.66115316257950718       0.68994611457866517       -2.8792951999157990E-002
         869  0.66158507683838630       0.69060947321810695       -2.9024396379720652E-002
         870  0.66201784132701214       0.69127526694441199       -2.9257425617399857E-002
         871  0.66245146324464754       0.69194351991024872       -2.9492056665601174E-002
         872  0.66288594993516792       0.69261425675314081       -2.9728306817972894E-002
         873  0.66332130893789809       0.69328750281576723       -2.9966193877869141E-002
         874  0.66375754796429087       0.69396328403622976       -3.0205736071938882E-002
         875  0.66419467489627304       0.69464162693508558       -3.0446952038812536E-002
         876  0.66463269783580869       0.69532255882759508       -3.0689860991786388E-002
         877  0.66507162504684214       0.69600610756175807       -3.0934482514915929E-002
         878  0.66551146503283010       0.69669230185281084       -3.1180836819980740E-002
         879  0.66595222648794483       0.69738117106088759       -3.1428944572942763E-002
         880  0.66639391833294137       0.69807274534169350       -3.1678827008752131E-002
         881  0.66683654973815931       0.69876705574023101       -3.1930506002071701E-002
         882  0.66728013009604337       0.69946413406037056       -3.2184003964327190E-002
         883  0.66772466904588723       0.70016401296604736       -3.2439343920160124E-002
         884  0.66817017648192678       0.70086672600773026       -3.2696549525803476E-002
         885  0.66861666259186836       0.70157230778101543       -3.2955645189147065E-002
         886  0.66906413782936636       0.70228079379687791       -3.3216655967511555E-002
         887  0.66951261293879993       0.70299222057825173       -3.3479607639451792E-002
         888  0.66996209898316161       0.70370662577217924       -3.3744526789017626E-002
         889  0.67041260732039276       0.70442404803436132       -3.4011440713968555E-002
         890  0.67086414966843921       0.70514452730042210       -3.4280377631982883E-002
         891  0.67131673806305803       0.70586810458910709       -3.4551366526049065E-002
         892  0.67177038493819630       0.70659482233942839       -3.4824437401232089E-002
         893  0.67222510308106798       0.70732472419951720       -3.5099621118449220E-002
         894  0.67268090566802952       0.70805785516795028       -3.5376949499920762E-002
         895  0.67313780632677378       0.70879426184906913       -3.5656455522295349E-002
         896  0.67359581908419430       0.70953399220745417       -3.5938173123259864E-002
         897  0.67405495844331287       0.71027709588441246       -3.6222137441099589E-002
         898  0.67451523936681790       0.71102362410890219       -3.6508384742084288E-002
         899  0.67497667735262334       0.71177363000201532       -3.6796952649391979E-002
         900  0.67543928838438705       0.71252716834364549       -3.7087879959258441E-002
         901  0.67590308903972129       0.71328429601546317       -3.7381206975741876E-002
         902  0.67636809642703966       0.71404507170529907       -3.7676975278259417E-002
         903  0.67683432832724333       0.71480955649229383       -3.7975228165050501E-002
         904  0.67730180313286981       0.71557781355646255       -3.8276010423592743E-002
         905  0.67777053991627922       0.71634990844381674       -3.8579368527537516E-002
         906  0.67824055848237097       0.71712590926159525       -3.8885350779224281E-002
         907  0.67871187938060973       0.71790588669628441       -3.9194007315674684E-002
         908  0.67918452398421736       0.71868991431792872       -3.9505390333711365E-002
         909  0.67965851448753589       0.71947806853153751       -3.9819554044001615E-002
         910  0.68013387402299907       0.72027042903570515       -4.0136555012706077E-002
         911  0.68061062663012295       0.72106707864707587       -4.0456452016952915E-002
         912  0.68108879739708816       0.72186810385905775       -4.0779306461969589E-002
         913  0.68156841247228206       0.72267359483845295       -4.1105182366170889E-002
         914  0.68204949915124258       0.72348364574379442       -4.1434146592551846E-002
         915  0.68253208591931658       0.72429835484788740       -4.1766268928570827E-002
         916  0.68301620263967566       0.72511782527332758       -4.2101622633651914E-002
         917  0.68350188045624760       0.72594216451237226       -4.2440284056124655E-002
         918  0.68398915207172128       0.72677148553329973       -4.2782333461578448E-002
         919  0.68447805174846299       0.72760590670347802       -4.3127854955015033E-002
         920  0.68496861545450616       0.72844555231853203       -4.3476936864025872E-002
         921  0.68546088098069669       0.72929055300633006       -4.3829672025633371E-002
         922  0.68595488806383742       0.73014104614057163       -4.4186158076734205E-002
         923  0.68645067856541941       0.73099717648352913       -4.4546497918109718E-002
         924  0.68694829662989199       0.73185909672914462       -4.4910800099252635E-002
         925  0.68744778885442492       0.73272696808029159       -4.5279179225866661E-002
         926  0.68794920447210040       0.73360096087303983       -4.5651756400939436E-002
         927  0.68845259566365957       0.73448125571760881       -4.6028660053949233E-002
         928  0.68895801767995712       0.73536804383327414       -4.6410026153317019E-002
         929  0.68946552924073412       0.73626152851546489       -4.6795999274730771E-002
         930  0.68997519269781216       0.73716192560137617       -4.7186732903564010E-002
         931  0.69048707461830394       0.73806946564825204       -4.7582391029948101E-002
         932  0.69100124592088896       0.73898439423486550       -4.7983148313976542E-002
         933  0.69151778243221262       0.73990697396906435       -4.8389191536851728E-002
         934  0.69203676542454540       0.74083748637273195       -4.8800720948186549E-002
         935  0.69255828212548098       0.74177623361196565       -4.9217951486484668E-002
         936  0.69308242639044182       0.74272354084389003       -4.9641114453448210E-002
         937  0.69360929938876481       0.74367975856041502       -5.0070459171650206E-002
         938  0.69413901051371052       0.74464526578065160       -5.0506255266941080E-002
         939  0.69467167837428212       0.74562047348939953       -5.0948795115117407E-002
         940  0.69520743187594325       0.74660582834942169       -5.1398396473478436E-002
         941  0.69574641153913841       0.74760181726608110       -5.1855405726942694E-002
         942  0.69628877115169641       0.74860897316761676       -5.2320202015920358E-002
         943  0.69683467949190159       0.74962788090936949       -5.2793201417467905E-002
         944  0.69738432251297822       0.75065918485195937       -5.3274862338981155E-002
         945  0.69793790603407424       0.75170359822964461       -5.3765692195570369E-002
         946  0.69849565875817377       0.75276191354840494       -5.4266254790231172E-002
         947  0.69905783609948724       0.75383501586163748       -5.4777179762150241E-002
         948  0.69962472477704019       0.75492389866133192       -5.5299173884291730E-002
         949  0.70019664860417463       0.75602968395926662       -5.5833035355091987E-002
         950  0.70077397554518517       0.75715364668422613       -5.6379671139040965E-002
         951  0.70135712682139806       0.75829724625711925       -5.6940119435721193E-002
         952  0.70194658834491064       0.75946216614071871       -5.7515577795808071E-002
         953  0.70254292568549936       0.76065036567390232       -5.8107439988402954E-002
         954  0.70314680364836257       0.76186414781026979       -5.8717344161907215E-002
         955  0.70375901299729937       0.76310625177162139       -5.9347238774322020E-002
         956  0.70438552859884840       0.76439840442447582       -6.0012875825627421E-002
         957  0.70501823938587305       0.76571048454555124       -6.0692245159678193E-002
         958  0.70566305305623578       0.76706395320068788       -6.1400900144452097E-002
         959  0.70632189861836447       0.76846549140046949       -6.2143592782105017E-002
         960  0.70699731734730809       0.76992390006260780       -6.2926582715299717E-002
         961  0.70769277733108593       0.77145118890201270       -6.3758411570926765E-002
         962  0.70841323204537143       0.77306451004978716       -6.4651278004415724E-002
         963  0.70916620476466141       0.77478991184397938       -6.5623707079317972E-002
         964  0.70996416832795350       0.77667057633726488       -6.6706408009311380E-002
         965  0.71083081968731399       0.77878853815501203       -6.7957718467698047E-002
         966  0.71182370785553495       0.78134301069786583       -6.9519302842330877E-002
         967  0.71328064377077971       0.78550314154394774       -7.2222497773168026E-002
