  0.62763080883946065        1.2159514749148892     
  0.62754238824028130        1.2147741318295115     
  0.62745704988738316        1.2136248855655656     
  0.62737189905657509        1.2124749707590745     
  0.62728692765419281        1.2113242173710645     
  0.62720213710382899        1.2101726246900011     
  0.62711752881465910        1.2090201918531709     
  0.62703310441015880        1.2078669205272428     
  0.62694886514654546        1.2067128077859619     
  0.62686481275811934        1.2055578564303941     
  0.62678094853679689        1.2044020637296384     
  0.62669727423875421        1.2032454325629540     
  0.62661379120226557        1.2020879605511314     
  0.62653050111570263        1.2009296495114898     
  0.62644740551595468        1.1997704992839486     
  0.62636450585275938        1.1986105085344965     
  0.62628180372100439        1.1974496775886345     
  0.62619930074242147        1.1962880069952473     
  0.62611699850868885        1.1951254968205052     
  0.62603489866079642        1.1939621476207880     
  0.62595300271664833        1.1927979583102215     
  0.62587131230460169        1.1916329290718046     
  0.62578982900639502        1.1904670593582667     
  0.62570855455484109        1.1893003504111075     
  0.62562749061554512        1.1881328024877091     
  0.62554663881070138        1.1869644152150405     
  0.62546600071776381        1.1857951875221155     
  0.62538557804829287        1.1846251198783553     
  0.62530537259749608        1.1834542136941608     
  0.62522538589791132        1.1822824669565262     
  0.62514561978886329        1.1811098813643541     
  0.62506607593281460        1.1799364562966561     
  0.62498675594602271        1.1787621903887711     
  0.62490766188431901        1.1775870876854131     
  0.62482879521665813        1.1764111447390824     
  0.62475015780323040        1.1752343628705391     
  0.62467175129210395        1.1740567405978231     
  0.62459357761077405        1.1728782798455817     
  0.62451563846210545        1.1716989795401314     
  0.62443793572452377        1.1705188407227225     
  0.62436047111850113        1.1693378622811437     
  0.62428324663111046        1.1681560463461653     
  0.62420626390032730        1.1669733904845441     
  0.62412952492445983        1.1657898966994074     
  0.62405303149583446        1.1646055642186544     
  0.62397678543538226        1.1634203925262989     
  0.62390078858307352        1.1622343811575551     
  0.62382504309300535        1.1610475335538859     
  0.62374955051185377        1.1598598452298812     
  0.62367431302769982        1.1586713197461687     
  0.62359933247586696        1.1574819560423477     
  0.62352461090410050        1.1562917555784586     
  0.62345014988744607        1.1551007136380804     
  0.62337595192061390        1.1539088371240753     
  0.62330201852471745        1.1527161203256426     
  0.62322835199716842        1.1515225673131160     
  0.62315495421152900        1.1503281765884252     
  0.62308182703547843        1.1491329463641846     
  0.62300897283036638        1.1479368811232655     
  0.62293639332692541        1.1467399770200295     
  0.62286409065091419        1.1455422351389746     
  0.62279206699227885        1.1443436572528236     
  0.62272032430183166        1.1431442418898710     
  0.62264886473897940        1.1419439900775195     
  0.62257769028546095        1.1407429003950320     
  0.62250680327560981        1.1395409758469890     
  0.62243620555123025        1.1383382128325297     
  0.62236589941853981        1.1371346136470974     
  0.62229588706417904        1.1359301788530780     
  0.62222617062034724        1.1347249081580002     
  0.62215675210000621        1.1335187994603713     
  0.62208763398770561        1.1323118567428185     
  0.62201881838428330        1.1311040787454503     
  0.62195030731234879        1.1298954629587949     
  0.62188210323910942        1.1286860125847575     
  0.62181420838641255        1.1274757274611908     
  0.62174662479660947        1.1262646047490796     
  0.62167935505592464        1.1250526487081431     
  0.62161240122194639        1.1238398563715613     
  0.62154576585774957        1.1226262313541726     
  0.62147945105314550        1.1214117706983922     
  0.62141345918428492        1.1201964751084850     
  0.62134779272120999        1.1189803463621304     
  0.62128245380442881        1.1177633815993504     
  0.62121744495799580        1.1165455829250668     
  0.62115276861524649        1.1153269510301573     
  0.62108842731901226        1.1141074879040094     
  0.62102442292024085        1.1128871859049330     
  0.62096075852295463        1.1116660542266283     
  0.62089743617761439        1.1104440875206403     
  0.62083445846773355        1.1092212874854672     
  0.62077182802049014        1.1079976562296316     
  0.62070954715082938        1.1067731913594239     
  0.62064761840213789        1.1055478933826826     
  0.62058604441771514        1.1043217639673295     
  0.62052482755305616        1.1030948006252483     
  0.62046397064200665        1.1018670072005050     
  0.62040347609898872        1.1006383815604990     
  0.62034334650128831        1.0994089235823350     
  0.62028358442067388        1.0981786328050012     
  0.62022419288812891        1.0969475149808150     
  0.62016517396251913        1.0957155620599113     
  0.62010653050871234        1.0944827769750589     
  0.62004826559709725        1.0932491653371816     
  0.61999038148789465        1.0920147211701936     
  0.61993288104009103        1.0907794466396188     
  0.61987576700248448        1.0895433421107690     
  0.61981904200100491        1.0883064059632244     
  0.61976270915502074        1.0870686433582353     
  0.61970677067591462        1.0858300462609769     
  0.61965122995098243        1.0845906231234923     
  0.61959608935383448        1.0833503677246394     
  0.61954135229240637        1.0821092883381676     
  0.61948702086906260        1.0808673742692831     
  0.61943309871406438        1.0796246364803352     
  0.61937958816603222        1.0783810671332468     
  0.61932649245376825        1.0771366708993857     
  0.61927381465591624        1.0758914500571666     
  0.61922155689200931        1.0746453926483559     
  0.61916972310289020        1.0733985128991659     
  0.61911831581262322        1.0721508041930599     
  0.61906733845462036        1.0709022728817159     
  0.61901679339543136        1.0696529093738152     
  0.61896668398082300        1.0684027181136442     
  0.61891701355910078        1.0671517034165028     
  0.61886778483791871        1.0658998597715865     
  0.61881900134469681        1.0646471935012571     
  0.61877066562129490        1.0633936960161017     
  0.61872278138711045        1.0621393758900679     
  0.61867535145798558        1.0608842279998976     
  0.61862837931529779        1.0596282567683706     
  0.61858186803253457        1.0583714602842598     
  0.61853582063991674        1.0571138355672602     
  0.61849024047721946        1.0558553839584515     
  0.61844513132584567        1.0545961133095778     
  0.61840049609257108        1.0533360177927877     
  0.61835633803076140        1.0520750964948578     
  0.61831266041711541        1.0508133484659903     
  0.61826946699724838        1.0495507797154611     
  0.61822676084314043        1.0482873855187562     
  0.61818454547699686        1.0470231676774084     
  0.61814282431724232        1.0457581261080717     
  0.61810160062151920        1.0444922577975828     
  0.61806087822108946        1.0432255683586062     
  0.61802066056820260        1.0419580571668834     
  0.61798095097922434        1.0406897210032515     
  0.61794175348119063        1.0394205675109451     
  0.61790307101057640        1.0381505867313063     
  0.61786490735145960        1.0368797816645796     
  0.61782726644668962        1.0356081575491081     
  0.61779015171159901        1.0343357107884426     
  0.61775356640145007        1.0330624347451653     
  0.61771751529379337        1.0317883469454383     
  0.61768200120639505        1.0305134329645691     
  0.61764702784970471        1.0292376921484006     
  0.61761259995299111        1.0279611402267905     
  0.61757872020227367        1.0266837591823017     
  0.61754539292987065        1.0254055572899532     
  0.61751262204286095        1.0241265356244160     
  0.61748041118428965        1.0228466903853632     
  0.61744876454450726        1.0215660263886379     
  0.61741768569485966        1.0202845377113410     
  0.61738717890966344        1.0190022296999433     
  0.61735724791705771        1.0177190981189586     
  0.61732789700972923        1.0164351476950506     
  0.61729912997755909        1.0151503742809709     
  0.61727095143702682        1.0138647872842768     
  0.61724336400690438        1.0125783614194228     
  0.61721637392493478        1.0112911329082748     
  0.61718998357500687        1.0100030714746606     
  0.61716419821524193        1.0087141955661609     
  0.61713902121680297        1.0074244906636851     
  0.61711445731089321        1.0061339651859795     
  0.61709051108795221        1.0048426248728326     
  0.61706718619064227        1.0035504581257597     
  0.61704448717066429        1.0022574687432757     
  0.61702241837065452        1.0009636563025421     
  0.61700098428319905       0.99966902265301361     
  0.61698018921776321       0.99837356562665081     
  0.61696003798397170       0.99707729163348036     
  0.61694053463449661       0.99578019277896335     
  0.61692168329612651       0.99448226170070109     
  0.61690348946117446       0.99318351556228590     
  0.61688595707144100       0.99188394257319756     
  0.61686909104134768       0.99058354804404836     
  0.61685289555300726       0.98928232322687848     
  0.61683737577564457       0.98798027697562274     
  0.61682253625072359       0.98667740595854037     
  0.61680838197770149       0.98537371475641433     
  0.61679491683028409       0.98406918586687342     
  0.61678214651813090       0.98276383593165373     
  0.61677007573359810       0.98145766186770000     
  0.61675870848653691       0.98015064627597415     
  0.61674805116978504       0.97884281741213286     
  0.61673810761858616       0.97753415328430382     
  0.61672888335883680       0.97622466378613559     
  0.61672038295649811       0.97491433946223727     
  0.61671261164549018       0.97360318312535910     
  0.61670557455886021       0.97229119497495398     
  0.61669927671635771       0.97097837208737370     
  0.61669372349519558       0.96966471793742159     
  0.61668892007298859       0.96835023135805676     
  0.61668487141578809       0.96703490576561657     
  0.61668158271843221       0.96571873843359735     
  0.61667905946152513       0.96440173166143917     
  0.61667730722276348       0.96308388912949883     
  0.61667633144452583       0.96176521090412415     
  0.61667613698952173       0.96044568360743310     
  0.61667672974817567       0.95912531477958907     
  0.61667811539697359       0.95780410673259997     
  0.61668029886941733       0.95648204459339570     
  0.61668328639672221       0.95515914067469065     
  0.61668708310604370       0.95383538231085518     
  0.61669169488246067       0.95251077229938197     
  0.61669712738395299       0.95118530742629759     
  0.61670338652290657       0.94985898931332324     
  0.61671047799580325       0.94853181349925708     
  0.61671840760402152       0.94720377682330092     
  0.61672718091783685       0.94587486948203747     
  0.61673680452484836       0.94454510420309357     
  0.61674728463527528       0.94321448436809741     
  0.61675862566289852       0.94188296896375756     
  0.61677083616574657       0.94055061452021915     
  0.61678391981949376       0.93921735989104915     
  0.61679788439461458       0.93788324040158666     
  0.61681273499484590       0.93654822599492760     
  0.61682847852362099       0.93521232891253758     
  0.61684512070614572       0.93387553095771159     
  0.61686266915730625       0.93253786017884455     
  0.61688112932331696       0.93119928883893954     
  0.61690050812020392       0.92985982428714897     
  0.61692081124396980       0.92851944113109353     
  0.61694204586029944       0.92717815033051731     
  0.61696421913984378       0.92583596249733158     
  0.61698733705494502       0.92449285436866691     
  0.61701140526488740       0.92314879113965032     
  0.61703643254387064       0.92180382189203369     
  0.61706242437164660       0.92045790400191541     
  0.61708938910272437       0.91911107261615654     
  0.61711733184313566       0.91776326979575229     
  0.61714626095781766       0.91641452703760762     
  0.61717618288151199       0.91506482010280921     
  0.61720710462241390       0.91371413771269649     
  0.61723903345805875       0.91236247487361599     
  0.61727197728816674       0.91100984357385784     
  0.61730594208652945       0.90965619453300417     
  0.61734093711353621       0.90830157725966454     
  0.61737696864418190       0.90694594730636868     
  0.61741404391196353       0.90558928532970784     
  0.61745217095206328       0.90423159582338530     
  0.61749135799708998       0.90287288824207690     
  0.61753161106979826       0.90151309502604415     
  0.61757293954596570       0.90015225686829747     
  0.61761535053947492       0.89879033695565425     
  0.61765885242521990       0.89742733741021352     
  0.61770345272758209       0.89606322725163567     
  0.61774916005968317       0.89469801080316858     
  0.61779598208552144       0.89333165470598286     
  0.61786366665554560       0.89264437367902350     
  0.61791282861877395       0.89129145193336501     
  0.61796312540271459       0.88993804872749571     
  0.61801456448596603       0.88858397155219548     
  0.61806715476636054       0.88722925679518139     
  0.61812090356901794       0.88587387156665254     
  0.61817582022536166       0.88451786781519237     
  0.61823191238421493       0.88316122089623217     
  0.61828918846284198       0.88180393837301829     
  0.61834765691562787       0.88044602690681084     
  0.61840732615525174       0.87908748713831097     
  0.61846820520507517       0.87772835029140706     
  0.61853030217091964       0.87636859708861381     
  0.61859362549193253       0.87500822038578019     
  0.61865818450379506       0.87364725935444820     
  0.61872398794239980       0.87228572173468111     
  0.61879104446942301       0.87092360247666911     
  0.61885936255476137       0.86956088697878564     
  0.61892895189938513       0.86819762383052979     
  0.61899982103679263       0.86683379697462670     
  0.61907197950973769       0.86546944513095214     
  0.61914543639424391       0.86410457766687587     
  0.61922020058682581       0.86273919072290917     
  0.61929628142248250       0.86137330159632797     
  0.61937368843259366       0.86000694665907340     
  0.61945243087394630       0.85864013871666833     
  0.61953251716202529       0.85727281165019398     
  0.61961395875140657       0.85590516886488333     
  0.61969676328165724       0.85453707214991281     
  0.61978094070866074       0.85316858379629501     
  0.61986650098789431       0.85179978142924151     
  0.61995345368668187       0.85043072642955042     
  0.62004180680551135       0.84906123323594818     
  0.62013157211402148       0.84769165744827857     
  0.62022275794951542       0.84632190344742653     
  0.62031537326098107       0.84495194291772069     
  0.62040942821330802       0.84358193754945843     
  0.62050493190462985       0.84221194673908784     
  0.62060189346433359       0.84084202465110536     
  0.62070032170319622       0.83947221820151774     
  0.62080022575721217       0.83810274641801485     
  0.62090161405740629       0.83673361443001526     
  0.62100449492594822       0.83536497658429365     
  0.62110887606910004       0.83399692385868474     
  0.62121476519020502       0.83262983292280890     
  0.62132350221062227       0.83106216036450120     
  0.62143270064635869       0.82967843496265781     
  0.62154346884066991       0.82829378019864186     
  0.62165581916733614       0.82690827427268643     
  0.62176976366112835       0.82552193571632604     
  0.62188531452600770       0.82413469377329596     
  0.62200248444545725       0.82274646157122377     
  0.62212128614685136       0.82135717843838418     
  0.62224173267843874       0.81996674599694341     
  0.62236383772007009       0.81857503987572366     
  0.62248761588095902       0.81718181250394895     
  0.62261308141775606       0.81578696789758132     
  0.62274025132927646       0.81438999172437354     
  0.62286914322800524       0.81299053454971815     
  0.62299977591124422       0.81158808084943812     
  0.62313217430094525       0.81018155998946351     
  0.62326636576479799       0.80876978784176667     
  0.62340238691963279       0.80735080481192678     
  0.62354028962102370       0.80592143853573717     
  0.62368014660743065       0.80447675637409788     
  0.62381871041862769       0.80332915173656017     
  0.62396134759879140       0.80194764535384044     
  0.62410554932644990       0.80057824216941254     
  0.62425100605078010       0.79923542628197564     
  0.62439657725991460       0.79797028959273386     
  0.62455334216156921       0.79623260904114512     
  0.62470213215784098       0.79501431826529645     
  0.63270927446907588       0.66996972426533197     
  0.63183711824886390       0.67901447047879637     
  0.63188761311443298       0.67982147641175639     
  0.63193477535165055       0.68067072236699089     
  0.63198258465696411       0.68152514583071699     
  0.63203788906544889       0.68231917152448007     
  0.63208783591146234       0.68317566765770565     
  0.63213830522242498       0.68403875362109112     
  0.63219609367658181       0.68484202964418595     
  0.63224859680605405       0.68570848269648832     
  0.63230173115142541       0.68658071451539959     
  0.63236197266068039       0.68739412103800845     
  0.63241714561403561       0.68826999344857764     
  0.63247272112763286       0.68915422221525990     
  0.63253532885213082       0.68997928172601264     
  0.63259289357535031       0.69086806794496070     
  0.63265099939209446       0.69176413295489159     
  0.63271603027535661       0.69260100751755715     
  0.63277598380067346       0.69350355972008293     
  0.63284244380338139       0.69435056636965231     
  0.63290379917970352       0.69526467295491134     
  0.63297167322282089       0.69612243594996481     
  0.63303449446338100       0.69704791537486410     
  0.63310366707936006       0.69791818138753658     
  0.63316775553853333       0.69885775386305060     
  0.63323804203420642       0.69974315844050228     
  0.63330903039422404       0.70063453421043720     
  0.63337474204418209       0.70159937819018015     
  0.63344632454230720       0.70251285678167197     
  0.63351848259687393       0.70343434154656337     
  0.63359073767781815       0.70436955793095812     
  0.63366314260805090       0.70531823094077095     
  0.63373538196201495       0.70628440179752761     
  0.63380734497149405       0.70726984202687093     
  0.63387870967721904       0.70827890919692105     
  0.63395474625730586       0.70924863944160543     
  0.63402965232558461       0.71024860379634536     
  0.63410251397451567       0.71129088104825822     
  0.63319111446346210       0.72547490814669824     
  0.64225979359079843       0.64411308462570793     
  0.63560740202368016       0.70124693044864039     
  0.63570945206777107       0.70192017274931329     
  0.63580682289332902       0.70265708593626175     
  0.63766339177521669       0.68534798746980208     
  0.63390340550857105       0.73150123259931488     
  0.63413419106582258       0.73047021646187082     
  0.63794153791362285       0.68749425694068245     
  0.63635036978244186       0.70587960524505400     
  0.63646951822577880       0.70643880020694994     
  0.63658804819200310       0.70701603309230798     
  0.63671968430870884       0.70745237397676353     
  0.63685247869053685       0.70788535492236848     
  0.63702451116332504       0.70787194573598278     
  0.63926024857903341       0.68806564212172150     
  0.63763225923941613       0.70683474550070235     
  0.63970060976427989       0.68892128945666298     
  0.63833567063267793       0.70482760384620313     
  0.63856881853567138       0.70420406401428137     
  0.63902259447483800       0.70120011698763518     
  0.63947640232645031       0.69830279335666834     
  0.63933519233458391       0.70170144838123250     
  0.63991809076759409       0.69747556929401644     
  0.64000366525573305       0.69847257671041441     
  0.64027051532308477       0.69760597132633206     
  0.64053965690356551       0.69673465220584707     
  0.64084592725501477       0.69550813003601364     
  0.64115701439109929       0.69426021013008954     
  0.64146100336486456       0.69310887624458717     
  0.64175873896005609       0.69204265831365475     
  0.64471794598344201       0.66809384831354401     
  0.64157961552334375       0.69758262988185971     
  0.64317835051334049       0.68415348982862945     
  0.63897954311373784       0.73379238998895846     
  0.64046654010768356       0.71629177722331916     
  0.64362171262043932       0.68539218569365312     
  0.64448737190732963       0.68121106965774803     
  0.64574614100824412       0.67239026776663757     
  0.64510052704382781       0.67935821993173573     
  0.64599466028935759       0.67525729371387122     
  0.64623468229500458       0.67495365206791913     
  0.64660066308192898       0.67363949023387382     
  0.64704444153006790       0.67174627105245288     
  0.64441817928412670       0.69662857497161013     
  0.64785749793422009       0.66864324719785728     
  0.64585768907116292       0.68690954295823992     
  0.64981498874723198       0.65743695468974628     
  0.64809471226949933       0.67165551796734224     
  0.64944804101377962       0.66306510365327598     
  0.64972494776992773       0.66260023151490866     
  0.65017503503559548       0.66091123037305421     
  0.65064298049243663       0.65913595531462765     
  0.65109677685230716       0.65749652831678351     
  0.65154229447256706       0.65594614235151383     
  0.65198537797702927       0.65444203724765626     
  0.65233535734532333       0.65357570378469887     
  0.65280962397390763       0.65192028656651246     
  0.65327662759408400       0.65034140900903381     
  0.65374245547616783       0.64880020757399515     
  0.65420785637527801       0.64729084644415602     
  0.65467420356181394       0.64580396595684875     
  0.65514245743582644       0.64433315291535176     
  0.65561338324541263       0.64287346876304219     
  0.65608750340787936       0.64142164595870321     
  0.65656529814587361       0.63997481549283253     
  0.65704705325462487       0.63853137084270806     
  0.65753297721513959       0.63709022489039713     
  0.65802328161354318       0.63565032353121897     
  0.65851806335077701       0.63421130760335043     
  0.65901743957057834       0.63277272382440697     
  0.65952148393577648       0.63133438074542192     
  0.66003026369647133       0.62989613302683634     
  0.66054383756396295       0.62845789025592647     
  0.66106225356243653       0.62701962540532885     
  0.66158555901077243       0.62558131923519411     
  0.66211380283852583       0.62414294742114840     
  0.66264703334227559       0.62270449275581852     
  0.66318528884083394       0.62126599211578548     
  0.66372861723265686       0.61982743527411543     
  0.66427706477921256       0.61838882329363587     
  0.66483221135931092       0.61692777143884103     
  0.66539098785299744       0.61549048675604467     
  0.66595494441193215       0.61405366966428787     
  0.66607841079466368       0.61474044728575128     
  0.66709578044356233       0.61119236101164565     
  0.66725844553767200       0.61169615462787630     
  0.66826154774789293       0.60831634124072798     
  0.66845902387325229       0.60866443418158755     
  0.66944931390007156       0.60543994384445809     
  0.66967972813233967       0.60564825015446466     
  0.67065944690503443       0.60256343759646303     
  0.67092117130218387       0.60264585517143932     
  0.67189236664936303       0.59968688615296584     
  0.67218396108533118       0.59965569541883113     
  0.67314845712977545       0.59681052749608166     
  0.67346868463615450       0.59667645782508183     
  0.67442818454155462       0.59393428545469551     
  0.67477591068666354       0.59370704112068595     
  0.67573193798190112       0.59105843026800531     
  0.67610623958594551       0.59074634200745268     
  0.67706018473696450       0.58818294986534592     
  0.67746020484479663       0.58779363511980720     
  0.67841334727466507       0.58530803909583551     
  0.67883837592789187       0.58484815302784288     
  0.67979191672895301       0.58243366615229120     
  0.68024131342582883       0.58190925819527861     
  0.68119636152316865       0.57955992500680198     
  0.68166956640124388       0.57897644073378718     
  0.68262716526205058       0.57668689079330859     
  0.68312370550347612       0.57604919336469196     
  0.68408481053468284       0.57381467753161852     
  0.68460428367446591       0.57312714662567688     
  0.68556981628083102       0.57094331199838821     
  0.68611187276879548       0.57020993614960447     
  0.68708269708358005       0.56807287580655075     
  0.68764705732446096       0.56729722430826135     
  0.68862398935261049       0.56520341793298445     
  0.68921040193447458       0.56438880278972803     
  0.69019421958175653       0.56233505751036428     
  0.69080250098781315       0.56148442715887581     
  0.69179394233519298       0.55946786285457450     
  0.69242395056635075       0.55858390807774705     
  0.69342373170617955       0.55660188299837854     
  0.69407534873889276       0.55568710624029705     
  0.69508416175443299       0.55373720752547984     
  0.69575731487348458       0.55279387322006646     
  0.69677582311713648       0.55087391665712138     
  0.69747048233942521       0.54990407503570327     
  0.69849932756337874       0.54801207054797152     
  0.69921547815552176       0.54701764828682653     
  0.70025528792426528       0.54515176681476363     
  0.70099295124650174       0.54413451820170256     
  0.70188848494045686       0.54270629092663869     
  0.70279645674292290       0.54127055287499104     
  0.70371451028268961       0.53983134873977923     
  0.70464116417736078       0.53839282012608247     
  0.70557644535530328       0.53695508824588734     
  0.70652043605561643       0.53551816250401885     
  0.70747321704842003       0.53408205898322758     
  0.70843489429145379       0.53264673424447939     
  0.70940554305044590       0.53121222431442472     
  0.71038525263918484       0.52977853231864125     
  0.71137412388140930       0.52834563719437910     
  0.71237225206122234       0.52691353485681924     
  0.71337972813979211       0.52548223417864826     
  0.71439664061336705       0.52405175214865252     
  0.71542308925354359       0.52262208241869790     
  0.71645918245168960       0.52119320288880344     
  0.71750499615403895       0.51976516702044884     
  0.71856066245353534       0.51833790604117747     
  0.71962624887369897       0.51691149724817831     
  0.72070188572517435       0.51548588273121154     
  0.72178765416635904       0.51406111468393367     
  0.72288366051046637       0.51263719291946341     
  0.72399002889278352       0.51121408398271229     
  0.72510684452137131       0.50979183847252418     
  0.72623423186852176       0.50837042825971424     
  0.72737228407920540       0.50694989243964250     
  0.72852112538382263       0.50553020991083331     
  0.72968085628154600       0.50411141021994632     
  0.73085160359228896       0.50269347384532959     
  0.73203346604729902       0.50127643896245488     
  0.73322658136646990       0.49986027170274216     
  0.73443104151513672       0.49844502826930459     
  0.73564697052188910       0.49703070617684320     
  0.73687450108259789       0.49561729093081214     
  0.73811374532681318       0.49420480889179985     
  0.73936482721353991       0.49279326731621731     
  0.74062787264172492       0.49138267305353334     
  0.74190300443816448       0.48997304133351549     
  0.74319035505127429       0.48856437344444154     
  0.74449004635938054       0.48715669194574884     
  0.74580220791733565       0.48575000869802798     
  0.74712698357122009       0.48434431483293894     
  0.74846449520865765       0.48293964128071681     
  0.74981488488180748       0.48153598810353548     
  0.75117828328708591       0.48013337708941650     
  0.75255483213539931       0.47873181491445471     
  0.75394467660623865       0.47733130607157725     
  0.75534795191827941       0.47593187365445588     
  0.75676479940235297       0.47453353372750567     
  0.75819537864989728       0.47313627760268262     
  0.75963982478977388       0.47174013709007157     
  0.76109828657699863       0.47034512569070708     
  0.76257092327642939       0.46895124464586635     
  0.76405788685013898       0.46755850924848630     
  0.76555931512537823       0.46616695761617677     
  0.76707538134703213       0.46477657977993930     
  0.76860625191924326       0.46338737959704068     
  0.77015207587023782       0.46199938809165292     
  0.77171301098984446       0.46061262639294953     
  0.77328923651051629       0.45922708962970427     
  0.77488090969910928       0.45784280600704319     
  0.77648820060251467       0.45645978914191598     
  0.77811128389559969       0.45507804979247735     
  0.77975033113119530       0.45369760590280073     
  0.78140551769758804       0.45231847337302722     
  0.78307702806296420       0.45094065975447672     
  0.78476503210074366       0.44956419402480430     
  0.78646971937184618       0.44818908341394176     
  0.78819127089883623       0.44681534899367281     
  0.78992988178916035       0.44544299772674667     
  0.79168573568942036       0.44407205366273583     
  0.79345902665155943       0.44270253126372405     
  0.79524994934789150       0.44133444751252410     
  0.79705870172782245       0.43996781867921408     
  0.79888548159446748       0.43860266427162675     
  0.80073049064755486       0.43723900240257230     
  0.80259394668223072       0.43587683660464149     
  0.80447604335199607       0.43451620111699418     
  0.80637693040865466       0.43315715817181538     
  0.80829696214016278       0.43179961262016198     
  0.81023627270882259       0.43044365246311350     
  0.81219508672705010       0.42908928972057531     
  0.81417362113422342       0.42773654785711807     
  0.81617211370064902       0.42638543218093417     
  0.81819078698755132       0.42503596696705886     
  0.82022987411501702       0.42368816887495064     
  0.82228960684696972       0.42234205917815365     
  0.82437022062263543       0.42099765861450267     
  0.82647195533697981       0.41965498678386748     
  0.82859506447568254       0.41831405372265690     
  0.83073978356755973       0.41697488972869057     
  0.83290637488320840       0.41563750324285409     
  0.83509508068283722       0.41430192458109238     
  0.83730616508719369       0.41296816715820173     
  0.83953988105274902       0.41163625782072222     
  0.84179650060167222       0.41030620965714415     
  0.84407629396967454       0.40897804092570356     
  0.84637952149261486       0.40765178156375370     
  0.84870646974455866       0.40632744226042794     
  0.85105740753254733       0.40500505222599448     
  0.85343262170808931       0.40368462866228549     
  0.85583239963188129       0.40236619186261491     
  0.85825703632556116       0.40104975931598824     
  0.86070681527198734       0.39973536104151158     
  0.86318204884155936       0.39842300741168690     
  0.86568302745432557       0.39711272956275800     
  0.86821005949824037       0.39580454775068136     
  0.87076345944317624       0.39449848110561203     
  0.87334354496035893       0.39319454985416080     
  0.87595063517529204       0.39189277655623428     
  0.87858503911949337       0.39059319432027984     
  0.88124711840925674       0.38929580164608618     
  0.88393716725321270       0.38800064900991171     
  0.88665554848447126       0.38670774107086558     
  0.88940259730857207       0.38541710583321526     
  0.89217866204575325       0.38412876546793651     
  0.89498409665930989       0.38284274179516870     
  0.89781925165075949       0.38155906235606873     
  0.90068449611065182       0.38027774577203538     
  0.90358019477660834       0.37899881711604960     
  0.90650671493589952       0.37772230312829724     
  0.90946444244016211       0.37644822219865814     
  0.91245376329276895       0.37517659634958322     
  0.91547505321079670       0.37390745735515335     
  0.91852871382907975       0.37264082438317925     
  0.92161514615251161       0.37137672076769601     
  0.92473474116347987       0.37011517911758585     
  0.92788793349864718       0.36885620986322754     
  0.93107511716244262       0.36759985082894486     
  0.93429673433485438       0.36634611542935669     
  0.93755319619298816       0.36509503843133062     
  0.94084495207281582       0.36384663656604022     
  0.94417242651834266       0.36260094395387443     
  0.94753608957702828       0.36135797340658327     
  0.95093637297097100       0.36011776210425939     
  0.95437374943268816       0.35888032872960007     
  0.95784867778493399       0.35764570301522380     
  0.96136164619589815       0.35641390312871413     
  0.96491311788847522       0.35518496361927676     
  0.96850359380230544       0.35395890347914893     
  0.97213356203218138       0.35273575189561668     
  0.97580352784288560       0.35151553316690454     
  0.97951398533112888       0.35029828049520517     
  0.98326547430634792       0.34908400896252301     
  0.98705850394003591       0.34787275194066053     
  0.99089361408640497       0.34666453200361447     
  0.99477133629812009       0.34545937925162606     
  0.99869221760849647       0.34425732031898360     
   1.0026568298124194       0.34305837468158268     
   1.0066657077114090       0.34186258164381889     
   1.0107194465723897       0.34066995780301917     
   1.0148186175509015       0.33948053406343992     
   1.0189638127090339       0.33829433604195536     
   1.0231556281918142       0.33711139142083479     
   1.0273946648335481       0.33593172956154416     
   1.0316815442342235       0.33475537515175058     
   1.0360168883031169       0.33358235653305135     
   1.0404013383085056       0.33241269820307029     
   1.0448355207765643       0.33124643399955206     
   1.0493201075464613       0.33008358417800843     
   1.0538557451737043       0.32892418234552123     
   1.0584431169470341       0.32776825209282068     
   1.0630828954667748       0.32661582472725886     
   1.0677757803180428       0.32546692551271850     
   1.0725224691680761       0.32432158417477425     
   1.0773236829820485       0.32317982606155676     
   1.0821801421200035       0.32204168052409943     
   1.0870925867371395       0.32090717393827106     
   1.0920617469838561       0.31977633970651576     
   1.0970884000285266       0.31864919947024989     
   1.1021732964869535       0.31752578735339743     
   1.1073172381428944       0.31640612482086283     
   1.1125210025498120       0.31529024489361301     
   1.1177853949136924       0.31417817556728878     
   1.1231112358100959       0.31306994399130184     
   1.1284993583491534       0.31196557737853203     
   1.1339506012437133       0.31086510508661025     
   1.1394658116872258       0.30976855766904876     
   1.1450458685816041       0.30867596034075406     
   1.1506916520748813       0.30758734189633241     
   1.1564040492260934       0.30650273288347463     
   1.1621839831500020       0.30542215777488585     
   1.1680323528821765       0.30434565135171865     
   1.1739501188598094       0.30327323572011078     
   1.1799382224005135       0.30220494202103398     
   1.1859976368168843       0.30114079684508427     
   1.1921293314946526       0.30008083159725074     
   1.1983343096382557       0.29902507292966130     
   1.2046135857529616       0.29797354862417186     
   1.2109681815153248       0.29692628851931868     
   1.2173991492398257       0.29588331892811270     
   1.2239075363305183       0.29484467115074919     
   1.2304944338882835       0.29381037014785399     
   1.2371609313521412       0.29278044520838648     
   1.2439081348717549       0.29175492559962712     
   1.2507371742246765       0.29073383918008155     
   1.2576492042944993       0.28971721224041630     
   1.2646453778931470       0.28870507535684331     
   1.2717268967074018       0.28769745265084690     
   1.2788949390959059       0.28669437695006639     
   1.2861507328453365       0.28569587466204988     
   1.2934955266562675       0.28470197198116953     
   1.3009305838772325       0.28371269612239564     
   1.3084571739382074       0.28272807693366936     
   1.3160765964971037       0.28174814223121480     
   1.3237901748009628       0.28077291926486414     
   1.3315992707968765       0.27980243208395711     
   1.3395052191893353       0.27883671355039896     
   1.3475094235212595       0.27787578789475026     
   1.3556132986466116       0.27691968140712103     
   1.3638182713905258       0.27596842216265277     
   1.3721257908920070       0.27502203823563476     
   1.3805373379791401       0.27408055622105376     
   1.3890544188510681       0.27314400245118231     
   1.3976785558830316       0.27221240449440587     
   1.4064113187778970       0.27128578630170908     
   1.4152542685328853       0.27036417710822630     
   1.4242090191094803       0.26944760178533006     
   1.4332771893048557       0.26853608838340698     
   1.4424604460772392       0.26762966162376312     
   1.4517604767313019       0.26672834722869193     
   1.4611789864137676       0.26583217221012700     
   1.4707177172304504       0.26494116220265712     
   1.4803784412552703       0.26405534260029495     
   1.4901629648349639       0.26317473804071467     
   1.5000731090593191       0.26229937509192663     
   1.5101107352277647       0.26142927886929618     
   1.5202777500004439       0.26056447258432941     
   1.5305760514788440       0.25970498443055612     
   1.5410076200140412       0.25885083615912940     
   1.5515744294242588       0.25800205434552126     
   1.5622785034739808       0.25715866333803328     
   1.5731219091881596       0.25632068634117011     
   1.5841067333754475       0.25548814819846671     
   1.5952351014869115       0.25466107321970138     
   1.6065091816021100       0.25383948485697833     
   1.6179311803224079       0.25302340628101727     
   1.6295033242940355       0.25221286240824586     
   1.6412279086149557       0.25140787480407334     
   1.6531072290762880       0.25060846891460808     
   1.6651436578152725       0.24981466624790077     
   1.6773395948116818       0.24902648954260298     
   1.6896974668261140       0.24824396280032718     
   1.7022197767838028       0.24746710658966264     
   1.7149090312314506       0.24669594513851711     
   1.7277678188936174       0.24593049891198052     
   1.7407987419418038       0.24517079117191651     
   1.7540044554712413       0.24441684429511235     
   1.7673876900369880       0.24366867801482059     
   1.7809511769484201       0.24292631601048700     
   1.7946977650017433       0.24218977595886571     
   1.8086302609407019       0.24145908309209718     
   1.8227515903813265       0.24073425675160670     
   1.8370647252908108       0.24001531667892279     
   1.8515726522532674       0.23930228547322663     
   1.8662784575996640       0.23859518196943030     
   1.8811852591313598       0.23789402673120724     
   1.8962962267087038       0.23719884043519474     
   1.9116146069583264       0.23650964219221432     
   1.9271436839728850       0.23582645249395873     
   1.9428868130201282       0.23514929085703612     
   1.9588474254715151       0.23447817565223111     
   1.9750289808990813       0.23381312742754459     
   1.9914350530275058       0.23315416324991167     
   2.0080692145374144       0.23250130436682992     
   2.0249351612427722       0.23185456820448275     
   2.0420366230364482       0.23121397421014786     
   2.0593774319244065       0.23057953969169298     
   2.0769614562546539       0.22995128392492858     
   2.0947926690603049       0.22932922414353862     
   2.1128750947856254       0.22871337878948378     
   2.1312128379691919       0.22810376590798942     
   2.1498100837433238       0.22750040323114318     
   2.1686711090085860       0.22690330771400735     
   2.1878002569303661       0.22631249699752443     
   2.2072019625055068       0.22572798813387096     
   2.2268807331166620       0.22514979868707280     
   2.2468411728165623       0.22457794559550012     
   2.2670879663369146       0.22401244607585799     
   2.2876259104011898       0.22345331622984160     
   2.3084598617568015       0.22290057359872376     
   2.3295947967860102       0.22235423446558694     
   2.3510357833544231       0.22181431528945481     
   2.3727879927092022       0.22128083228105236     
   2.3948567001546981       0.22075380148424431     
   2.4172472579321682       0.22023323999314920     
   2.4399651709206225       0.21971916292316929     
   2.4630159879952034       0.21921158794500217     
   2.4864054261742954       0.21871053038241475     
   2.5101393154103322       0.21821600562522156     
   2.5342235685565822       0.21772803030348484     
   2.5586642423603498       0.21724662008779283     
   2.5834675170396992       0.21677179060655344     
   2.6086396629211674       0.21630355870300516     
   2.6341871458131365       0.21584193888220951     
   2.6601164801801929       0.21538694846420542     
   2.6864344007195124       0.21493860192460162     
   2.7131477215683577       0.21449691569856527     
   2.7402633908724319       0.21406190640980383     
   2.7677885708830865       0.21363358860225884     
   2.7957304814270798       0.21321197961505570     
   2.8240965669683953       0.21279709465881674     
   2.8528943938563596       0.21238895002212835     
   2.8821317144013672       0.21198756134251501     
   2.9118163828298602       0.21159294601395218     
   2.9419565134837096       0.21120511904418648     
   2.9725603207845550       0.21082409748624381     
   3.0036362034860002       0.21044989825881330     
   3.0351927826284459       0.21008253737944058     
   3.0672388278614080       0.20972203195291678     
   3.0997832846804272       0.20936839953576875     
   3.1328353793463695       0.20902165588903943     
   3.1664044121503059       0.20868181985546885     
   3.2005000081002142       0.20834890778179216     
   3.2351319396723275       0.20802293766852803     
   3.2703101745914824       0.20770392814200225     
   3.3060449581324480       0.20739189690972293     
   3.3423467659903574       0.20708686194909678     
   3.3792262454362771       0.20678884272814935     
   3.4166943437099766       0.20649785784041780     
   3.4547622351145182       0.20621392658735060     
   3.4934413246286571       0.20593706898801389     
   3.5327433322279060       0.20566730444608489     
   3.5726801949751543       0.20540465361940830     
   3.6132641582677278       0.20514913696774068     
   3.6545077216585589       0.20490077582261768     
   3.6964237189564715       0.20465959123939467     
   3.7390251973331599       0.20442560602316279     
   3.7823256563691650       0.20419884123547427     
   3.8263387466723340       0.20397932088888820     
   3.8710785791316273       0.20376706749891238     
   3.9165595240687678       0.20356210519719475     
   3.9627962809980093       0.20336445881701595     
   4.0098039915945956       0.20317415258805507     
   4.0575980973727033       0.20299121220738542     
   4.1061943834958896       0.20281566433863105     
   4.1556090933540766       0.20264753538981040     
   4.2058588449818703       0.20248685272645794     
   4.2569606542447023       0.20233364455571498     
   4.3089319773051677       0.20218793958278333     
   4.3617906617785049       0.20204976773614286     
   4.4155550347087758       0.20191915935534338     
   4.4702439048000837       0.20179614539560264     
   4.5258765126097869       0.20168075809911440     
   4.5824726310237383       0.20157303015768849     
   4.6400524934254079       0.20147299560424498     
   4.6986368976558754       0.20138068900360118     
   4.7582471440098253       0.20129614622139222     
   4.8189051313703315       0.20121940375946401     
   4.8806332413018030       0.20115049991751613     
   4.9434545519582977       0.20108947320782972     
   5.0073926924062420       0.20103636376490908     
   5.0724719688722564       0.20099121254666619     
   5.1387172454977730       0.20095406241053482     
   5.2061541622294518       0.20092495671334551     
   5.2748089884083527       0.20090394060900585     
   5.3447087093291907       0.20089106060428596     
   5.4158810935494923       0.20088636434228074     
   5.4883546809283805       0.20088990093364509     
   5.5621587047648697       0.20090172161324710     
   5.6373233622979271       0.20092187832896383     
   5.7138795763827464       0.20095042541163219     
   5.7918592455620752       0.20098741833199510     
   5.8712951061744816       0.20103291473943324     
   5.9522208275099997       0.20108697414250926     
   6.0346711852902342       0.20114965731543377     
   6.1186817591987372       0.20122102804406231     
   6.2042893172906295       0.20130115145402791     
   6.2915317511389306       0.20139009468686225     
   6.3804479047501621       0.20148792787512032     
   6.4710779742411679       0.20159472265288517     
   6.5634632754194842       0.20171055347591058     
   6.6576464004661284       0.20183549722219601     
   6.7536711776847298       0.20196963361402040     
   6.8515829603228724       0.20211304448310291     
   6.9514283420554337       0.20226581508746394     
   7.0532554490818704       0.20242803336511350     
   7.1571139939590553       0.20259979012603707     
   7.2630551680195907       0.20278117969908280     
   7.3711318737014242       0.20297229953447510     
   7.4813987063603600       0.20317325061342262     
   7.5939121461392531       0.20338413726158761     
   7.7087303167413666       0.20360506815757065     
   7.8259135365903143       0.20383615523547988     
   7.9455240469998936       0.20407751482584713     
   8.0676261399454656       0.20432926766264015     
   8.1922863807839210       0.20459153880413222     
   8.3195736377481673       0.20486445798091368     
   8.4495591569912420       0.20514815988848242     
   8.5823168255976867       0.20544278411262390     
   8.7179228971279965       0.20574847608046198     
   8.8564567158150869       0.20606538625104728     
   8.9980001909877423       0.20639367151012994     
   9.1426384790814019       0.20673349454844520     
   9.2904597840057814       0.20708502474268453     
   9.4415556967175167       0.20744843818092132     
   9.5960212644027152       0.20782391815789281     
   9.7539551591231159       0.20821165553831580     
   9.9154599145268172       0.20861184908699548     
   10.080642226716350       0.20902470579941240     
   10.249612823944338       0.20945044171321592     
   10.422487029428899       0.20988928200186821     
   10.599384964651698       0.21034146160232758     
   10.780431510728620       0.21080722597257387     
   10.965757101028109       0.21128683130188733     
   11.155497453518542       0.21178054555912917     
   11.349794157194584       0.21228864898016811     
   11.548795181000878       0.21281143471268785     
   11.752654938090583       0.21334920981611213     
   11.961534825392564       0.21390229600749278     
   12.175603728343644       0.21447103061928949     
   12.395038080126596       0.21505576769448104     
   12.620023116832911       0.21565687889447613     
   12.850752524061397       0.21627475492396669     
   13.087429578522736       0.21690980666176438     
   13.330267932754369       0.21756246661759412     
   13.579491749649588       0.21823319054083723     
   13.835336578714617       0.21892245904385624     
   14.098050845754571       0.21963077947388723     
   14.367895751414340       0.22035868795056182     
   14.645146933379291       0.22110675160703172     
   14.930095484329948       0.22187557107016756     
   15.223048903494391       0.22266578316256336     
   15.524332262542085       0.22347806386655886     
   15.834290435711003       0.22431313182791746     
   16.153288956465946       0.22517175197299388     
   16.481715717436504       0.22605473952624583     
   16.819983994637479       0.22696296504512686     
   17.168533511904055       0.22789735926445329     
   17.527833477723053       0.22885891907884487     
   17.898385315306303       0.22984871417460756     
   18.280725933728537       0.23086789454929565     
   18.675431367611264       0.23191769907441898     
   19.083120502547242       0.23299946502407340     
   19.504460182587117       0.23411463943699545     
   19.940170097163751       0.23526479164741876     
   20.391029537602908       0.23645162843608816     
   20.857883683476285       0.23767701069529149     
   21.341652548954102       0.23894297384191099     
   21.843340668826464       0.24025175136196913     
   22.364047570938375       0.24160580190857547     
   22.904982343164480       0.24300784293928529     
   23.467478973597878       0.24446088967016583     
   24.053015346015894       0.24596830217457719     
   24.663237544596207       0.24753384379746493     
   25.299986238003960       0.24916174998224855     
   25.965333969139341       0.25085681723247522     
   26.661625996492408       0.25262450968620737     
   27.391537973504914       0.25447109908497351     
   28.158142132811726       0.25640383750388918     
   28.965000894799228       0.25843118858267689     
   29.816283523019159       0.26056312708143908     
   30.716925203067838       0.26281154358454134     
   31.700220074166587       0.26525139023378264     
   32.722759528969384       0.26778919028453246     
   33.817799904880900       0.27050021462704538     
   34.997094598089745       0.27341368457415255     
   36.276044890706956       0.27656818953379203     
   37.675555876689415       0.28001652553564382     
   39.225328801163762       0.28383430616396926     
   40.970248384463268       0.28813672405905011     
   42.984403046276917       0.29311546570484359     
   45.408133768404994       0.29913656092694685     
   48.582640117521350       0.30709675379014473     
   54.568484807115929       0.32248087718209578     
