  0.63118942615442197       0.46063489416354036     
  0.63111650508471884       0.46114490903055982     
  0.63104485234398955       0.46165584665490811     
  0.63097365699759689       0.46216747910549960     
  0.63090290255662562       0.46267980277661169     
  0.63083258887859917       0.46319281868544260     
  0.63076271586750432       0.46370652786389943     
  0.63069328351377796       0.46422093137006182     
  0.63062429164938505       0.46473603021852361     
  0.63055574030609918       0.46525182548236110     
  0.63048762932821889       0.46576831818283382     
  0.63041995874854917       0.46628550939660618     
  0.63035272842500167       0.46680340015200922     
  0.63028593835692781       0.46732199151943510     
  0.63021958847985204       0.46784128455266205     
  0.63015367868647609       0.46836128029478796     
  0.63008820892889661       0.46888197980756530     
  0.63002317916792594       0.46940338415690452     
  0.62995858934838844       0.46992549440577092     
  0.62989443943314360       0.47044831162398149     
  0.62983072933035456       0.47097183686721744     
  0.62976745898843967       0.47149607120440984     
  0.62970462833732999       0.47202101570079036     
  0.62964223736355751       0.47254667143963897     
  0.62958028602654414       0.47307303949807999     
  0.62951877426015435       0.47360012094748893     
  0.62945770197779860       0.47412791685493694     
  0.62939706914599303       0.47465642830459065     
  0.62933687576182029       0.47518565639122584     
  0.62927712171176164       0.47571560217906766     
  0.62921780700439389       0.47624626676962523     
  0.62915893157158664       0.47677765124371985     
  0.62910049532461376       0.47730975667780140     
  0.62904249835143344       0.47784258420177950     
  0.62898494049563813       0.47837613487567904     
  0.62892782175632544       0.47891040980679445     
  0.62887114204441197       0.47944541007822494     
  0.62881490137915619       0.47998113680664323     
  0.62875909968903154       0.48051759108373171     
  0.62870373696593962       0.48105477402158092     
  0.62864881313637011       0.48159268671470412     
  0.62859432823149797       0.48213133029028055     
  0.62854028213686175       0.48267070583414756     
  0.62848667487943810       0.48321081447573788     
  0.62843350640270990       0.48375165732150144     
  0.62838077665215419       0.48429323548019310     
  0.62832848558249910       0.48483555006503698     
  0.62827663326989436       0.48537860222718293     
  0.62822521954196409       0.48592239304551377     
  0.62817424448092396       0.48646692367654010     
  0.62812370802241235       0.48701219523484168     
  0.62807361018693475       0.48755820886213086     
  0.62802395079493190       0.48810496564197114     
  0.62797473003972692       0.48865246677141433     
  0.62792594771452015       0.48920071332935122     
  0.62787760392277436       0.48974970648954547     
  0.62782969859310789       0.49029944737506059     
  0.62778223164828484       0.49084993710891589     
  0.62773520320444609       0.49140117687422591     
  0.62768861312154711       0.49195316777866593     
  0.62764246141251234       0.49250591097783042     
  0.62759674811493515       0.49305940763663941     
  0.62755147316239790       0.49361365889035447     
  0.62750663657188432       0.49416866590130570     
  0.62746223828177661       0.49472442980979647     
  0.62741827836969621       0.49528095180026188     
  0.62737475671073539       0.49583823299738422     
  0.62733167336075257       0.49639627458266256     
  0.62728902832704792       0.49695507772469616     
  0.62724682158556500       0.49751464358436481     
  0.62720505306462082       0.49807497330979345     
  0.62716372287347233       0.49863606810631556     
  0.62712283096692600       0.49919792913389927     
  0.62708237726196203       0.49976055754269666     
  0.62704236184878392       0.50032395453787926     
  0.62700278471270765       0.50088812129433047     
  0.62696364576833996       0.50145305896699355     
  0.62692494513823993       0.50201876877673912     
  0.62688668273317971       0.50258525188106629     
  0.62684885865417161       0.50315250949806978     
  0.62681147281763783       0.50372054279072209     
  0.62677452524244270       0.50428935295552180     
  0.62673801598300782       0.50485894120192421     
  0.62670194495828779       0.50542930869926983     
  0.62666631223170821       0.50600045666362159     
  0.62663111782983794       0.50657238630155976     
  0.62659636181529654       0.50714509883284720     
  0.62656204397388282       0.50771859539283859     
  0.62652816457508764       0.50829287726964922     
  0.62649472347968471       0.50886794562582327     
  0.62646172074232864       0.50944380168635062     
  0.62642915643469621       0.51002044668356028     
  0.62639703050097184       0.51059788181178223     
  0.62636534296719659       0.51117610829292293     
  0.62633409389671391       0.51175512736259288     
  0.62630328323153051       0.51233494022020409     
  0.62627291109835048       0.51291554812527451     
  0.62624297745472679       0.51349695228603376     
  0.62621348231253238       0.51407915392976411     
  0.62618442568055954       0.51466215428473827     
  0.62615580773956825       0.51524595463567646     
  0.62612762828790347       0.51583055614820961     
  0.62609988742483758       0.51641596008519597     
  0.62607258533447629       0.51700216773857066     
  0.62604572187732865       0.51758918029949630     
  0.62601929713409354       0.51817699903106496     
  0.62599331114506873       0.51876562518556490     
  0.62596776389459519       0.51935505999944354     
  0.62594265555004014       0.51994530476962542     
  0.62591798592746462       0.52053636068279152     
  0.62589375528315372       0.52112822906843048     
  0.62586996348477597       0.52172091113369112     
  0.62584661078669845       0.52231440821174535     
  0.62582369694061557       0.52290872147645739     
  0.62580122227166435       0.52350385228796448     
  0.62577918661205700       0.52409980184998117     
  0.62575759012021204       0.52469657147325122     
  0.62573643290092729       0.52529416245343397     
  0.62571571467660314       0.52589257596465022     
  0.62569543585998910       0.52649181340619222     
  0.62567559632869318       0.52709187600647334     
  0.62565619628844749       0.52769276510224983     
  0.62563723553800243       0.52829448190034589     
  0.62561871423567628       0.52889702772629543     
  0.62560063254194065       0.52950040390859510     
  0.62558299036671905       0.53010461169631085     
  0.62556578792153528       0.53070965243887058     
  0.62554902503862087       0.53131552736408383     
  0.62553270198806643       0.53192223784483006     
  0.62551681869534304       0.53252978514353710     
  0.62550137532918071       0.53313817060435476     
  0.62548637189667478       0.53374739552066108     
  0.62547180837972216       0.53435746117961513     
  0.62545768487268305       0.53496836890742105     
  0.62544400163060887       0.53558012008543188     
  0.62543075857657637       0.53619271598794005     
  0.62541795574415460       0.53680615792768194     
  0.62540559317731603       0.53742044722295357     
  0.62539367108676980       0.53803558524938466     
  0.62538218942700219       0.53865157330009306     
  0.62537114830975471       0.53926841272238102     
  0.62536054780176453       0.53988610485085853     
  0.62535038790245479       0.54050465099993983     
  0.62534066881741657       0.54112405255476859     
  0.62533139060748877       0.54174431085465236     
  0.62532255327129938       0.54236542722032921     
  0.62531415706695648       0.54298740306132665     
  0.62530620183860519       0.54361023965121658     
  0.62529868772894359       0.54423393836541056     
  0.62529161494551411       0.54485850060339336     
  0.62528498349073913       0.54548392769824083     
  0.62527879328779501       0.54611022095852491     
  0.62527304482789914       0.54673738188591148     
  0.62526773787149337       0.54736541173883713     
  0.62526287248312262       0.54799431188003589     
  0.62525844911558348       0.54862408380553229     
  0.62525446745223767       0.54925472875416226     
  0.62525092776477631       0.54988624816546672     
  0.62524783017676044       0.55051864343137757     
  0.62524517469682772       0.55115191590719437     
  0.62524296152858294       0.55178606701657806     
  0.62524119064055328       0.55242109810575823     
  0.62523986224671346       0.55305701060660084     
  0.62523897635696690       0.55369380588394468     
  0.62523853317954681       0.55433148537245669     
  0.62523853272766783       0.55497005044270997     
  0.62523897531086781       0.55560950256877328     
  0.62523986048827951       0.55624984297054925     
  0.62524118914340532       0.55689107332322596     
  0.62524296075319241       0.55753319482305497     
  0.62524517580772210       0.55817620901560605     
  0.62524783412078266       0.55882011721688007     
  0.62525093597974102       0.55946492090780142     
  0.62525448162946395       0.56011062155730496     
  0.62525847094565024       0.56075722050954413     
  0.62526290411878649       0.56140471921941848     
  0.62526778127087457       0.56205311912066014     
  0.62527310255635571       0.56270242166064044     
  0.62527886806315669       0.56335262826614296     
  0.62528507804749556       0.56400374042471357     
  0.62529173248055536       0.56465575952750868     
  0.62529883133436814       0.56530868696816627     
  0.62530637508754561       0.56596252431891347     
  0.62531436364872783       0.56661727295628006     
  0.62532279725418460       0.56727293437324289     
  0.62533167586424809       0.56792950996898384     
  0.62534099979452307       0.56858700126915740     
  0.62535076912663456       0.56924540972023230     
  0.62536098409263963       0.56990473682381382     
  0.62537164449180926       0.57056498393222155     
  0.62538275078954630       0.57122615263382170     
  0.62539430308660005       0.57188824439170127     
  0.62540630119320584       0.57255126056905237     
  0.62541874579674728       0.57321520284036775     
  0.62543163665003654       0.57388007255357754     
  0.62544497408524447       0.57454587126328005     
  0.62545875808713247       0.57521260040396460     
  0.62547298886299030       0.57588026149122906     
  0.62548766658220345       0.57654885602986183     
  0.62550279135621112       0.57721838550665316     
  0.62551836341934608       0.57788885145457258     
  0.62553438291791941       0.57856025537795341     
  0.62555084990439003       0.57923259875024202     
  0.62556776449341811       0.57990588306947810     
  0.62558512690659518       0.58058010987440178     
  0.62560293739276929       0.58125528071619215     
  0.62562119613582268       0.58193139712551045     
  0.62563990307884054       0.58260846054935733     
  0.62565905852993720       0.58328647256795274     
  0.62567866272949579       0.58396543474003637     
  0.62569871560500068       0.58464534851456773     
  0.62571921755273019       0.58532621551152164     
  0.62574016855959236       0.58600803720632477     
  0.62576156885909973       0.58669081516573640     
  0.62578341860590958       0.58737455093077617     
  0.62580571802295659       0.58805924606978510     
  0.62582846724677010       0.58874490212256103     
  0.62585166642547752       0.58943152063570736     
  0.62587531560391652       0.59011910312096927     
  0.62589941520445624       0.59080765122973411     
  0.62592396551349672       0.59149716656702056     
  0.62594896607485861       0.59218765047026778     
  0.62597441799955500       0.59287910484999129     
  0.62600032057676014       0.59357153095591120     
  0.62602667454146554       0.59426493056736496     
  0.62605347968550595       0.59495930512224238     
  0.62608073640379391       0.59565465628141478     
  0.62610844466688054       0.59635098555320842     
  0.62613660514311864       0.59704829470452658     
  0.62616521766897937       0.59774658520004920     
  0.62619428258222898       0.59844585869108813     
  0.62622379974868658       0.59914611665808704     
  0.62625376956626233       0.59984736077996681     
  0.62628419247408751       0.60054959275398923     
  0.62631506839802142       0.60125281409085740     
  0.62634639704938022       0.60195702622419278     
  0.62637817939428220       0.60266223105455563     
  0.62641041515100793       0.60336843002369411     
  0.62644310505759815       0.60407562495408929     
  0.62647624859334627       0.60478381720390995     
  0.62650984644050300       0.60549300858072730     
  0.62654389857875092       0.60620320063391975     
  0.62657840512145457       0.60691439496519850     
  0.62661336628535369       0.60762659321757295     
  0.62664878254851519       0.60833979713465192     
  0.62668465355378633       0.60905400815064947     
  0.62672098023735034       0.60976922818646684     
  0.62675776238719005       0.61048545873623594     
  0.62679500000596522       0.61120270137689237     
  0.62683269346550330       0.61192095782675082     
  0.62687084324847864       0.61264022984903610     
  0.62690944881421329       0.61336051882452003     
  0.62694851096257154       0.61408182664154620     
  0.62698802963921785       0.61480415486960105     
  0.62702800518116941       0.61552750522866773     
  0.62706843758036512       0.61625187931116510     
  0.62710932722689028       0.61697727886301612     
  0.62715067409895575       0.61770370547702125     
  0.62720076760525501       0.61843431123142645     
  0.62724317209199520       0.61916285488578593     
  0.62728603537790084       0.61989243114993031     
  0.62732936015075202       0.62062304266250712     
  0.62737314716375536       0.62135469133081600     
  0.62741739621334347       0.62208737870034247     
  0.62746210826075688       0.62282110676457902     
  0.62750728322573945       0.62355587712227756     
  0.62755292145998953       0.62429169154034658     
  0.62759902330284867       0.62502855178418193     
  0.62764558902530398       0.62576645959611743     
  0.62769261928099918       0.62650541686887717     
  0.62774011407492947       0.62724542524901516     
  0.62778807357678623       0.62798648644926824     
  0.62783649854703139       0.62872860241348816     
  0.62788538932271787       0.62947177492579809     
  0.62793474611135824       0.63021600572342451     
  0.62798456896315680       0.63096129648564858     
  0.62803485876702625       0.63170764921993361     
  0.62808561555077336       0.63245506560348874     
  0.62813684004985559       0.63320354759145536     
  0.62818853262119789       0.63395309699558200     
  0.62824069344905975       0.63470371556363414     
  0.62829332299614016       0.63545540515505505     
  0.62834642192350654       0.63620816771031918     
  0.62839999061158103       0.63696200506400891     
  0.62845402853072774       0.63771691869770897     
  0.62850853823734487       0.63847291130466988     
  0.62856351835689173       0.63922998404252995     
  0.62861896982403298       0.63998813897660189     
  0.62867489369930096       0.64074737822613126     
  0.62873129080740209       0.64150770382213185     
  0.62878815937969723       0.64226911677723908     
  0.62884550337722100       0.64303162036556449     
  0.62890332190352438       0.64379521595133460     
  0.62896161478300849       0.64455990518513839     
  0.62902038386945480       0.64532569052393030     
  0.62907962982920396       0.64609257395987862     
  0.62913935328919368       0.64686055747349946     
  0.62919955472566946       0.64762964298933645     
  0.62926023630635730       0.64839983310875904     
  0.62932139807487752       0.64917112959359735     
  0.62938304143073676       0.64994353474941657     
  0.62944516705632902       0.65071705060078977     
  0.62950777839601457       0.65149168028062210     
  0.62956920478950495       0.65226675683805935     
  0.62963265573872207       0.65304356587378409     
  0.62969657934219936       0.65382148867462786     
  0.62976097709741208       0.65460052759568788     
  0.62982584959173071       0.65538068463167631     
  0.62989119643698599       0.65616196138848393     
  0.62995701720841624       0.65694435945936436     
  0.63002331163688230       0.65772788050240760     
  0.63009007903006953       0.65851252600708965     
  0.63015731856449075       0.65929829741138457     
  0.63022502812414005       0.66008519563122681     
  0.63029320701525404       0.66087322215798383     
  0.63036185023982927       0.66166237673774342     
  0.63043095475870858       0.66245265990598012     
  0.63050051527070672       0.66324407127517948     
  0.63057052123405666       0.66403660831653011     
  0.63064096032676420       0.66483026775843745     
  0.63071181216694661       0.66562504301904890     
  0.63078304366011440       0.66642092228590788     
  0.63085460166814988       0.66721788548664751     
  0.63092969711601243       0.66801724938841978     
  0.63100285582941429       0.66881677536783346     
  0.63107658441385639       0.66961749087729261     
  0.63115097181871582       0.67041943442498608     
  0.63122632538634615       0.67122273455589454     
  0.63129888513758892       0.67202584483756245     
  0.63137576313468735       0.67283169568339662     
  0.63233815452151276       0.67400414619626825     
  0.63221662005975754       0.67473032874524919     
  0.63226668278503284       0.67552830699516808     
  0.63231697580989132       0.67632732376917337     
  0.63236822386259106       0.67712768113769006     
  0.63242160235212264       0.67792986972207148     
  0.63247490063565548       0.67873297458093407     
  0.63252914469432797       0.67953742378524029     
  0.63258544778761883       0.68034368374615528     
  0.63264174267375950       0.68115089608701473     
  0.63269901448466392       0.68195947340635776     
  0.63275826987450567       0.68276983920001078     
  0.63281761270067616       0.68358120364843655     
  0.63287791269963090       0.68439393255499614     
  0.63294014311659919       0.68520843683838561     
  0.63300253043579369       0.68602397538998505     
  0.63306591205861495       0.68684090178511870     
  0.63313116627343058       0.68765958844006170     
  0.63319664163579581       0.68847934306277514     
  0.63326390457993953       0.68930082823086325     
  0.63333143466707809       0.69012340528916494     
  0.63340072851952678       0.69094770888204704     
  0.63347034692779502       0.69177313325135037     
  0.63354168324336191       0.69260027080649711     
  0.63361339479704970       0.69342855530830994     
  0.63368678293187730       0.69425854150943089     
  0.63376121475932845       0.69508996378719978     
  0.63383608942777414       0.69592256893123006     
  0.63391257434115333       0.69675685660216113     
  0.63399011973239117       0.69759259565275755     
  0.63406869247039421       0.69842977468049683     
  0.63414831271761707       0.69926840502747667     
  0.63422897003018597       0.70010848496863742     
  0.63431067650467754       0.70095002243082127     
  0.63439343085140854       0.70179301962182217     
  0.63447762248686757       0.70263764671068496     
  0.63456283641052125       0.70348372843757212     
  0.63464905508695180       0.70433125998425627     
  0.63469941038212696       0.70516434016850660     
  0.63574622199311170       0.70724251854479270     
  0.63507334476121280       0.70776596550169191     
  0.63516179637573267       0.70861961213598523     
  0.63525085084351751       0.70947454784529207     
  0.63547330534698709       0.71038845689906815     
  0.63538445846676928       0.71116815659728272     
  0.63548374765048821       0.71203061762221254     
  0.63573045072853662       0.71295837458148537     
  0.63571306562862673       0.71377208463630915     
  0.63580865800753361       0.71463607980530264     
  0.63590508600585061       0.71550148384342638     
  0.63600283541351843       0.71636851198746976     
  0.63610141442627766       0.71723695189937731     
  0.63620188909165531       0.71810727397423602     
  0.63649088334936177       0.71988981033353272     
  0.63650892373213741       0.72072703646576486     
  0.63678262473605862       0.72250930109068978     
  0.63682229760783837       0.72335913227137361     
  0.63692787683331376       0.72423912209292385     
  0.63703869543389047       0.72512250020314473     
  0.63715068130083097       0.72600747010507061     
  0.63724736098412993       0.72688672119251407     
  0.63736277582995138       0.72777536199233506     
  0.63746601158079785       0.72865966595898679     
  0.63757445326282303       0.72954736079188842     
  0.63768336341636178       0.73043634280898506     
  0.63779354941151312       0.73132697455501794     
  0.63790427341832368       0.73221892946331191     
  0.63801525555692151       0.73311208441413567     
  0.63812650937659088       0.73400644719285835     
  0.63836144544702056       0.73495738064773797     
  0.63833972145693085       0.73579426241800006     
  0.63847854153916495       0.73670428195834936     
  0.63869384877139068       0.73764985201123690     
  0.63870805085331328       0.73850599220418656     
  0.63880449947247786       0.73940023422001122     
  0.63904056400713971       0.74121148155503536     
  0.63919013189535456       0.74213304014845716     
  0.63927121093821149       0.74302469472770749     
  0.63951204351123936       0.74484695622828268     
  0.63962662765780465       0.74575710351202940     
  0.63974549492799815       0.74667030963331804     
  0.63986756809744116       0.74758609159119560     
  0.63995772419603625       0.74848842541736849     
  0.64011026644318703       0.74942035237676385     
  0.64018926789374797       0.75031979124829640     
  0.64040253445299455       0.75128179943818763     
  0.64044978673930864       0.75216890849437346     
  0.64059956690771847       0.75310412902428481     
  0.64071839139895592       0.75402627976419279     
  0.64084389253974461       0.75495262761494231     
  0.64097059535615619       0.75588066262283271     
  0.64109724288830949       0.75680980842260581     
  0.64122398720087703       0.75774013651960970     
  0.64135103141658401       0.75867174234443502     
  0.64147471911569298       0.75960293573434845     
  0.64160380978238363       0.76053777089046593     
  0.64173295562981225       0.76147377742347699     
  0.64186244779479973       0.76241109201264301     
  0.64199231177319160       0.76334972846760152     
  0.64212260076031724       0.76428971354770936     
  0.64225335198690470       0.76523106669055596     
  0.64238459514838964       0.76617380390173828     
  0.64251635050334777       0.76711793684673801     
  0.64264863664721017       0.76806347646053363     
  0.64278146444198381       0.76901043010166437     
  0.64291484168079005       0.76995880371755232     
  0.64304877626451096       0.77090860332675748     
  0.64318327149644816       0.77185983280906445     
  0.64331833149549933       0.77281249643877747     
  0.64345395860394827       0.77376659766650580     
  0.64359015492267624       0.77472213983800975     
  0.64372692218274430       0.77567912613296564     
  0.64386426166943289       0.77663755952809721     
  0.64400217466877130       0.77759744300717837     
  0.64414066247882762       0.77855877956639730     
  0.64427972637687325       0.77952157219884088     
  0.64441936724441995       0.78048582371647812     
  0.64455958631264443       0.78145153710330550     
  0.64470038474188551       0.78241871531626783     
  0.64484148215585657       0.78338722723161514     
  0.64498346474170198       0.78435735430711839     
  0.64512602874654801       0.78532895446333351     
  0.64525252380481135       0.78629407263449103     
  0.64541261208395506       0.78727644548348064     
  0.64554075424779389       0.78824473543318718     
  0.64570186747621872       0.78923002346881033     
  0.64583145041134371       0.79020139710205917     
  0.64599346550035830       0.79118955074222486     
  0.64612452450458513       0.79216403541416702     
  0.64628741650357735       0.79315505193214775     
  0.64641997847104660       0.79413267110213681     
  0.64658373295408866       0.79512655280212441     
  0.64671781706502751       0.79610732633169334     
  0.64688242468916968       0.79710407796312888     
  0.64701804547489583       0.79808802356591735     
  0.64718350508923506       0.79908765385460101     
  0.64732067086406753       0.80007478631642814     
  0.64748698298698693       0.80107730483061390     
  0.64762570145874743       0.80206763871070152     
  0.64779287073831215       0.80307305706839915     
  0.64793314499482790       0.80406660474063307     
  0.64810117781503007       0.80507493545872255     
  0.64824301054209899       0.80607170915233728     
  0.64841191676176657       0.80708296650674538     
  0.64855530820893326       0.80808297730932455     
  0.64872509850111215       0.80909717604587317     
  0.64887004764838452       0.81010043446486379     
  0.64904073428342701       0.81111759018817975     
  0.64918723974750314       0.81212410659176615     
  0.64935883482233092       0.81314423490056287     
  0.64950689477744761       0.81415401947680632     
  0.64967941229936832       0.81517713699279915     
  0.64982902418777377       0.81619019960537753     
  0.65000247818692736       0.81721632304813807     
  0.65015363983978158       0.81823267378856090     
  0.65032804463421112       0.81926182010782767     
  0.65048075285268259       0.82028146859255013     
  0.65065612278948992       0.82131365484071606     
  0.65081037529489083       0.82233661117744172     
  0.65098672479744757       0.82337185453417017     
  0.65114251936936840       0.82439812889645392     
  0.65131986332381508       0.82543644686270401     
  0.65147719723539488       0.82646604920805844     
  0.65165555052847768       0.82750745937703907     
  0.65181442164467462       0.82854039999534757     
  0.65199379892393305       0.82958491993284822     
  0.65215420574398375       0.83062120947079410     
  0.65233462159418365       0.83166885680352509     
  0.65249656217925722       0.83270850572765132     
  0.65267803113202971       0.83375929814794048     
  0.65284150413105213       0.83480231726061771     
  0.65301350015106485       0.83585094268631410     
  0.65318753463851442       0.83690190821196375     
  0.65336231628418395       0.83795456456681139     
  0.65353776651293993       0.83900887481875452     
  0.65371387233248202       0.84006483517222086     
  0.65389063499021871       0.84112244904786149     
  0.65406805594466877       0.84218171998140989     
  0.65424613772634133       0.84324265206314508     
  0.65442488163995716       0.84430524876843260     
  0.65460428935723380       0.84536951376792313     
  0.65478436312901711       0.84643545103716444     
  0.65496510499401184       0.84750306445311208     
  0.65514651671161184       0.84857235775909357     
  0.65532859987089620       0.84964333461995234     
  0.65551135650221692       0.85071599893583372     
  0.65569478906276568       0.85179035483609200     
  0.65587889854155978       0.85286640570453609     
  0.65606368822921968       0.85394415611897534     
  0.65624915879589618       0.85502360931709853     
  0.65643531330643856       0.85610476978072347     
  0.65662215293600767       0.85718764102606626     
  0.65680967967375592       0.85827222699872108     
  0.65699789639316841       0.85935853211258006     
  0.65718680427358389       0.86044655991369834     
  0.65737640599542246       0.86153631473619785     
  0.65756670299695430       0.86262780027914698     
  0.65775769789276717       0.86372102086293223     
  0.65794939235143901       0.86481598032575802     
  0.65814178904712306       0.86591268303998792     
  0.65833488946727403       0.86701113276902464     
  0.65852869666862668       0.86811133410629993     
  0.65872321178159909       0.86921329064824948     
  0.65891843711677800       0.87031700661827371     
  0.65911437545615204       0.87142248649805576     
  0.65931102864687563       0.87252973428956060     
  0.65950839893289592       0.87363875421325488     
  0.65970648861391679       0.87474955052958914     
  0.65990529982809809       0.87586212742453418     
  0.66010483505752671       0.87697648927613270     
  0.66030509630893808       0.87809264022227596     
  0.66050608581783377       0.87921058453210288     
  0.66070780642488214       0.88033032680624257     
  0.66091026000312469       0.88145187114400403     
  0.66111344916221026       0.88257522204592809     
  0.66131737603171992       0.88370038376888194     
  0.66152204311795526       0.88482736078089341     
  0.66172745305940750       0.88595615763195046     
  0.66193360800652812       0.88708677862338281     
  0.66214051028151666       0.88821922815896226     
  0.66234816294781562       0.88935351105013494     
  0.66255656801614937       0.89048963155746463     
  0.66276572792747113       0.89162759418261062     
  0.66297564556145006       0.89276740367424057     
  0.66318632344937689       0.89390906460637720     
  0.66339776342380286       0.89505258118881970     
  0.66360996872352751       0.89619795839897876     
  0.66382294232934769       0.89734520108868931     
  0.66403668638983682       0.89849431367338406     
  0.66425120330176979       0.89964530071359039     
  0.66446649633649923       0.90079816725471051     
  0.66468256781246426       0.90195291783961506     
  0.66489942045403472       0.90310955724278963     
  0.66511705714442759       0.90426809033744882     
  0.66533548057344938       0.90542852190454459     
  0.66555469350275442       0.90659085677657081     
  0.66577469900715891       0.90775509996932213     
  0.66599549950117021       0.90892125615181096     
  0.66621709810032259       0.91008933038778106     
  0.66643949754131304       0.91125932754744055     
  0.66666270102216962       0.91243125276626225     
  0.66688671124759136       0.91360511092322083     
  0.66711153121482969       0.91478090707050674     
  0.66733716390509712       0.91595864626494650     
  0.66756361234549155       0.91713833360204533     
  0.66779087947690385       0.91831997414343314     
  0.66801896831347740       0.91950357300451913     
  0.66824788244067801       0.92068913562964272     
  0.66847763028799956       0.92187667015469588     
  0.66870815417666307       0.92306614817445054     
  0.66893956168142799       0.92425763266002614     
  0.66917180660848319       0.92545110160783461     
  0.66940489218452104       0.92664656033470749     
  0.66963882146493647       0.92784401407664652     
  0.66987359821357850       0.92904346847775554     
  0.67010922553954211       0.93024492883324617     
  0.67034570684143524       0.93144840061393686     
  0.67058304539562663       0.93265388923733561     
  0.67082124451452396       0.93386140015575492     
  0.67106030759422552       0.93507093888312220     
  0.67130023845771569       0.93628251118754724     
  0.67154104016568572       0.93749612242577884     
  0.67178271666659573       0.93871177846729092     
  0.67202527108823240       0.93992948473679194     
  0.67226870724972165       0.94114924706255976     
  0.67251302848510452       0.94237107101586592     
  0.67275823871808083       0.94359496251570385     
  0.67300434172452017       0.94482092741423906     
  0.67325134080315141       0.94604897131018117     
  0.67349924010006168       0.94727910029700158     
  0.67374804303966074       0.94851132007655359     
  0.67399775356742908       0.94974563666183798     
  0.67424837556035111       0.95098205604386821     
  0.67449991306397827       0.95222058432628742     
  0.67475236960203222       0.95346122733291772     
  0.67500574960374793       0.95470399141962470     
  0.67526005663259614       0.95594888246659449     
  0.67551529475657901       0.95719590665836152     
  0.67577146815590705       0.95844507026111680     
  0.67602858101370977       0.95969637956054576     
  0.67628663744249684       0.96094984081971990     
  0.67654564108646120       0.96220546005065921     
  0.67680559728329870       0.96346324425497765     
  0.67706650896435527       0.96472319907109993     
  0.67732838124598860       0.96598533141054466     
  0.67759121821795687       0.96724964761348686     
  0.67785502428300148       0.96851615421864790     
  0.67811980390313953       0.96978485781776458     
  0.67838556130362382       0.97105576488455636     
  0.67865230120592102       0.97232888219853930     
  0.67892002806359764       0.97360421640362571     
  0.67918874627813641       0.97488177413256627     
  0.67945846073497163       0.97616156231838747     
  0.67972917619983642       0.97744358784479257     
  0.68000089696711385       0.97872785734094081     
  0.68027362801727687       0.98001437785499690     
  0.68054737421317735       0.98130315638717058     
  0.68082213992859342       0.98259419967222839     
  0.68109793080656822       0.98388751520699369     
  0.68137475106264844       0.98518310967452727     
  0.68165260628096280       0.98648099057958816     
  0.68193150094639543       0.98778116480397693     
  0.68221144056961214       0.98908363985231129     
  0.68249242976963809       0.99038842272687178     
  0.68277447441142247       0.99169552118435078     
  0.68305757904155617       0.99300494222719671     
  0.68334174930017777       0.99431669352386365     
  0.68362699026370510       0.99563078243253211     
  0.68391330774025316       0.99694721676618880     
  0.68420070663965404       0.99826600382905206     
  0.68448919282838205       0.99958715151427968     
  0.68477877164966394        1.0009106674281112     
  0.68506944879027387        1.0022365594036780     
  0.68536122944510103        1.0035648350047714     
  0.68565411998753034        1.0048955025200084     
  0.68594812574779074        1.0062285696409723     
  0.68624325275779752        1.0075640445012721     
  0.68653950665452101        1.0089019350230017     
  0.68683689335059006        1.0102422493170584     
  0.68713541929207367        1.0115849958387177     
  0.68743508970762346        1.0129301823385368     
  0.68773591134196299        1.0142778175009501     
  0.68803789011631433        1.0156279095419465     
  0.68834103233081811        1.0169804669305600     
  0.68864534423387380        1.0183354981305421     
  0.68895083201296659        1.0196930115947094     
  0.68925750224821014        1.0210530160389295     
  0.68956536134332080        1.0224155200992211     
  0.68987441604076749        1.0237805326432947     
  0.69018467249041571        1.0251480622069087     
  0.69049613787010011        1.0265181179759280     
  0.69080881849621689        1.0278907086413549     
  0.69112272145434961        1.0292658433888322     
  0.69143785336000463        1.0306435311462898     
  0.69175422133702957        1.0320237811792254     
  0.69207183224967228        1.0334066026235558     
  0.69239069337992820        1.0347920048989345     
  0.69271081177549565        1.0361799973111434     
  0.69303219478574074        1.0375705893798135     
  0.69335484930071201        1.0389637903726503     
  0.69367878318569787        1.0403596101850807     
  0.69400400342786051        1.0417580582040173     
  0.69433051807811230        1.0431591445003896     
  0.69465833437157976        1.0445628786744747     
  0.69498745999566003        1.0459692706355925     
  0.69531790280607242        1.0473783304283628     
  0.69564967073006001        1.0487900681735163     
  0.69598277161328947        1.0502044939734192     
  0.69631721327156704        1.0516216179439284     
  0.69665300404656549        1.0530414505592838     
  0.69699015209102932        1.0544640022099110     
  0.69732866546569305        1.0558892832621221     
  0.69766855285491891        1.0573173045035802     
  0.69800982213872653        1.0587480762552366     
  0.69835248237524150        1.0601816096060679     
  0.69869654194087727        1.0616179152550722     
  0.69904200969593211        1.0630570042382059     
  0.69938889416251970        1.0644988874152641     
  0.69973720437138986        1.0659435759998133     
  0.70008694935650706        1.0673910812437943     
  0.70043813805844335        1.0688414143768952     
  0.70079077982862248        1.0702945869236278     
  0.70114488365039696        1.0717506102141769     
  0.70150045920354276        1.0732094960545782     
  0.70185751586353651        1.0746712560974148     
  0.70221606308575013        1.0761359020837038     
  0.70257611057317282        1.0776034459494315     
  0.70293766828022464        1.0790738998289764     
  0.70330074583922675        1.0805472756922825     
  0.70366535363598504        1.0820235860269092     
  0.70403150127260483        1.0835028428634734     
  0.70439919909570547        1.0849850587457099     
  0.70476845760228179        1.0864702463546581     
  0.70513928728352770        1.0879584184096633     
  0.70551169846150619        1.0894495875641370     
  0.70588570176996623        1.0909437667125348     
  0.70626130802060261        1.0924409689059793     
  0.70663852848490427        1.0939412075336907     
  0.70701737358670580        1.0954444954857703     
  0.70739785479314921        1.0969508463650621     
  0.70777998348185323        1.0984602737624796     
  0.70816377093455940        1.0999727912527000     
  0.70854922854938929        1.1014884125307638     
  0.70893636800132953        1.1030071515162116     
  0.70932520113017916        1.1045290222818205     
  0.70971573973812896        1.1060540389233893     
  0.71010799618387910        1.1075822159445163     
  0.71050198232550965        1.1091135675733319     
  0.71089771065610963        1.1106481084979718     
  0.71129519341425840        1.1121858532909601     
  0.71169444336525156        1.1137268169167012     
  0.71209547329771805        1.1152710144056759     
  0.71249829595287884        1.1168184608085214     
  0.71290292437466007        1.1183691714245787     
  0.71330937178321208        1.1199231617204937     
  0.71371765162064515        1.1214804473609388     
  0.71412777722079024        1.1230410439932268     
  0.71453976224023796        1.1246049675297753     
  0.71495362073615487        1.1261722342005556     
  0.71536936623182934        1.1277428599404169     
  0.71578701325800353        1.1293168614016957     
  0.71620657585607383        1.1308942549718626     
  0.71662806848619065        1.1324750573709008     
  0.71705150594848022        1.1340592856010057     
  0.71747690294591726        1.1356469566589964     
  0.71790427441229943        1.1372380877532082     
  0.71833363556196106        1.1388326963374764     
  0.71876500180926972        1.1404308000589511     
  0.71919838846652406        1.1420324165583340     
  0.71963381151229022        1.1436375639806304     
  0.72007128648964125        1.1452462602442983     
  0.72051082971688107        1.1468585238467823     
  0.72095245749758763        1.1484743733404814     
  0.72139618609875700        1.1500938273182615     
  0.72184203250480206        1.1517169049178189     
  0.72229001329688625        1.1533436250741598     
  0.72274014583320867        1.1549740073095118     
  0.72319244721389186        1.1566080710417332     
  0.72364693484469012        1.1582458359622974     
  0.72410362677280338        1.1598873222635657     
  0.72456254057322189        1.1615325498913913     
  0.72502369504026909        1.1631815396840746     
  0.72548710785649884        1.1648343118036140     
  0.72595279792639966        1.1664908873088264     
  0.72642078428807921        1.1681512874238957     
  0.72689108569454841        1.1698155332554485     
  0.72736372175892006        1.1714836465683112     
  0.72783871201953332        1.1731556491543051     
  0.72831607620053906        1.1748315630092978     
  0.72879583453937657        1.1765114105569974     
  0.72927800723864611        1.1781952142777159     
  0.72976261492246242        1.1798829970197344     
  0.73024967866462587        1.1815747820204012     
  0.73073921935923114        1.1832705924778215     
  0.73123125883043461        1.1849704523099711     
  0.73172581831779970        1.1866743851206518     
  0.73222292007722511        1.1883824152957327     
  0.73272258621217901        1.1900945672046297     
  0.73322483953562057        1.1918108657926232     
  0.73372970271842863        1.1935313359976663     
  0.73423719913888363        1.1952560033355280     
  0.73474735219106435        1.1969848934256357     
  0.73526018564733309        1.1987180322417905     
  0.73577572363021715        1.2004554460944692     
  0.73629399074210633        1.2021971617222724     
  0.73681501173808583        1.2039432060673116     
  0.73733881181759153        1.2056936064784725     
  0.73786541637497260        1.2074483905401601     
  0.73839485127900084        1.2092075862677576     
  0.73892714266275084        1.2109712219634776     
  0.73946231726529021        1.2127393264559210     
  0.74000040182293780        1.2145119286778825     
  0.74054142374198428        1.2162890581367285     
  0.74108541074086198        1.2180707446670302     
  0.74163239098445910        1.2198570185261897     
  0.74218239305793554        1.2216479103781808     
  0.74273544566362337        1.2234434510827523     
  0.74329157842030558        1.2252436722579714     
  0.74385082067316799        1.2270486054468726     
  0.74441320281653234        1.2288582830484613     
  0.74497875566939442        1.2306727378818747     
  0.74554751014145770        1.2324920029526303     
  0.74611949785951626        1.2343161118960957     
  0.74669475092157300        1.2361450988067393     
  0.74727330156398564        1.2379789980045435     
  0.74785518318132660        1.2398178447593402     
  0.74844042882867212        1.2416616742322859     
  0.74902907293909593        1.2435105226959102     
  0.74962114987209350        1.2453644265069048     
  0.75021669445080730        1.2472234224890117     
  0.75081574272863438        1.2490875484822204     
  0.75141833041440731        1.2509568422233801     
  0.75202449449811659        1.2528313425076765     
  0.75263427221150236        1.2547110884501795     
  0.75324770163494736        1.2565961199222198     
  0.75386482086028650        1.2584864769545523     
  0.75448566946923068        1.2603822007998855     
  0.75511028699434646        1.2622833328325842     
  0.75573871369606771        1.2641899151083609     
  0.75637099085782866        1.2661019905804731     
  0.75700716011577840        1.2680196026206594     
  0.75764726365930468        1.2699427951659366     
  0.75829134513413021        1.2718716133746064     
  0.75893944780496758        1.2738061023021907     
  0.75959161670883779        1.2757463084615257     
  0.76024789708134688        1.2776922786883174     
  0.76090833475634023        1.2796440604328896     
  0.76157297682339198        1.2816017022415225     
  0.76224187120351772        1.2835652534531636     
  0.76291506611282878        1.2855347638123185     
  0.76359261111566390        1.2875102842396502     
  0.76427455647928144        1.2894918663665100     
  0.76496095316600643        1.2914795625326949     
  0.76565185349978804        1.2934734262782162     
  0.76634731032785575        1.2954735117347411     
  0.76704737771415865        1.2974798741375406     
  0.76775211048127867        1.2994925694944537     
  0.76846156480056560        1.3015116550240080     
  0.76917579721042295        1.3035371884383926     
  0.76989486642450811        1.3055692292794487     
  0.77061883098852957        1.3076078371980708     
  0.77134775158325219        1.3096530736568521     
  0.77208168947037270        1.3117050007894464     
  0.77282070698520333        1.3137636817688150     
  0.77356486831553495        1.3158291813903120     
  0.77431423841603331        1.3179015652739323     
  0.77506888329178558        1.3199809000791460     
  0.77582887078411311        1.3220672540951135     
  0.77659426989707303        1.3241606967473061     
  0.77736515096131598        1.3262612987254951     
  0.77814158583362980        1.3283691321392788     
  0.77892364755673194        1.3304842702709725     
  0.77971141088814699        1.3326067879775028     
  0.78050495227350991        1.3347367616785948     
  0.78130434946318705        1.3368742690771407     
  0.78210968212077792        1.3390193896228864     
  0.78292103130774482        1.3411722041338852     
  0.78373848010260361        1.3433327952697263     
  0.78456211314918822        1.3455012472005814     
  0.78539201722040586        1.3476776460404565     
  0.78622828041448034        1.3498620792499620     
  0.78707099346929454        1.3520546366374324     
  0.78792024876381972        1.3542554096150354     
  0.78877614106582028        1.3564644917739113     
  0.78963876671232724        1.3586819782734527     
  0.79050822489642392        1.3609079668272357     
  0.79138461671840032        1.3631425569945685     
  0.79226804563503195        1.3653858505322096     
  0.79315861778420116        1.3676379516533956     
  0.79405644185756241        1.3698989669435351     
  0.79496162857402342        1.3721690049700950     
  0.79587429217586425        1.3744481774377597     
  0.79679454899870450        1.3767365981094646     
  0.79772251879331080        1.3790343838308425     
  0.79865832389668068        1.3813416539100014     
  0.79960208968691460        1.3836585304800204     
  0.80055394545139902        1.3859851391820466     
  0.80151402268170235        1.3883216078699852     
  0.80248245703128473        1.3906680681321419     
  0.80345938791527538        1.3930246550020193     
  0.80444495752816314        1.3953915062169275     
  0.80543931283133086        1.3977687637706415     
  0.80644260428050507        1.4001565729498853     
  0.80745498653967407        1.4025550829055486     
  0.80847661817534655        1.4049644464356219     
  0.80950766306014910        1.4073848210960587     
  0.81054828881828145        1.4098163680158120     
  0.81159866820463389        1.4122592529905877     
  0.81265897927047592        1.4147136466370551     
  0.81372940473508104        1.4171797239275679     
  0.81481013302429017        1.4196576650255763     
  0.81590135807886954        1.4221476551632812     
  0.81700328013627455        1.4246498852815397     
  0.81811610455718564        1.4271645511393258     
  0.81924004422182006        1.4296918552223126     
  0.82037531821393139        1.4322320057437756     
  0.82152215226907110        1.4347852170281672     
  0.82268077971340070        1.4373517102840578     
  0.82385144143846212        1.4399317136212022     
  0.82503438617810487        1.4425254623064270     
  0.82622987150729565        1.4451331995923771     
  0.82743816257038993        1.4477551757530853     
  0.82865953507758072        1.4503916504979824     
  0.82989427295329099        1.4530428911558075     
  0.83114267110618789        1.4557091749173363     
  0.83240503450731951        1.4583907881551272     
  0.83368167945938898        1.4610880274843048     
  0.83497293378658366        1.4638011999693981     
  0.83627913741985149        1.4665306236482225     
  0.83760064324540584        1.4692766282696652     
  0.83893781818734969        1.4720395562237669     
  0.84029104264504251        1.4748197621594759     
  0.84166071254516539        1.4776176146973898     
  0.84304724009099596        1.4804334971076072     
  0.84445105351322447        1.4832678071890708     
  0.84587260000572606        1.4861209597120242     
  0.84731234465047633        1.4889933856441737     
  0.84877077260491074        1.4918855340038633     
  0.85024839087240356        1.4947978733889304     
  0.85174572856159836        1.4977308922935531     
  0.85326333878602201        1.5006851007551285     
  0.85480180053924881        1.5036610319923227     
  0.85636171889377855        1.5066592426935308     
  0.85794372950613440        1.5096803168059258     
  0.85954849745976702        1.5127248647440892     
  0.86117672133997258        1.5157935268537535     
  0.86282913607084977        1.5188869758895907     
  0.86450651357957131        1.5220059177359531     
  0.86620966602289351        1.5251510942259729     
  0.86793945102559233        1.5283232876256161     
  0.86969677176330784        1.5315233209249519     
  0.87148258288790903        1.5347520629219469     
  0.87329789433656113        1.5380104316030749     
  0.87514377508049312        1.5412993974968667     
  0.87702135767956746        1.5446199877127613     
  0.87893184618146014        1.5479732927623595     
  0.88087651999497762        1.5513604701061610     
  0.88285674041871043        1.5547827499162357     
  0.88487396150100672        1.5582414444581800     
  0.88692973513929940        1.5617379527686408     
  0.88902572234123944        1.5652737704693225     
  0.89116370400262856        1.5688504992462990     
  0.89334559356522203        1.5724698579542475     
  0.89557345126162047        1.5761336951149802     
  0.89784949918641355        1.5798440021879063     
  0.90017614103214705        1.5836029308173167     
  0.90255598199360820        1.5874128103365517     
  0.90499185502313562        1.5912761706951288     
  0.90748684701150550        1.5951957654786475     
  0.91004433389920614        1.5991746025607907     
  0.91266801973288869        1.6032159782696853     
  0.91536198030916260        1.6073235156350272     
  0.91813072083319103        1.6115012146683261     
  0.92097923960820471        1.6157535080569141     
  0.92391310610267452        1.6200853293426349     
  0.92693855951056991        1.6245021988399300     
  0.93006262068854095        1.6290103214282987     
  0.93329324317703488        1.6336167180347729     
  0.93663948736640490        1.6383293775915253     
  0.94011175687389192        1.6431574627165886     
  0.94372208208495034        1.6481115567884899     
  0.94748450872981094        1.6532040018690346     
  0.95141559447865731        1.6584493307355124     
  0.95553508316697855        1.6638648530007170     
  0.95998881655151358        1.6695753707178675     
  0.96458078437778672        1.6754147247642761     
  0.96945583788785050        1.6815070131237118     
  0.97466269469543731        1.6878947318672721     
  0.98026573253336702        1.6946339722167960     
  0.98635309056871789        1.7018014390647684     
  0.99305109103844413        1.7095069388864257     
   1.0005523209536102        1.7179176837536803     
   1.0091774939317126        1.7273118038198545     
   1.0195394478802160        1.7382201369844554     
   1.0331402356885466        1.7519421894705756     
   1.0591882292302526        1.7764315720846073     
