  0.62763080883946065        1.2760549253775286     
  0.62754238824028130        1.2766312800568551     
  0.62745704988738316        1.2772054458197426     
  0.62737189905657509        1.2777804566826894     
  0.62728692765419281        1.2783563308423629     
  0.62720213710382899        1.2789330699439265     
  0.62711752881465910        1.2795106756710561     
  0.62703310441015880        1.2800891494309017     
  0.62694886514654546        1.2806684931428882     
  0.62686481275811934        1.2812487080963759     
  0.62678094853679689        1.2818297961972780     
  0.62669727423875421        1.2824117587330921     
  0.62661379120226557        1.2829945975787771     
  0.62653050111570263        1.2835783141473351     
  0.62644740551595468        1.2841629100748095     
  0.62636450585275938        1.2847483871314087     
  0.62628180372100439        1.2853347469074099     
  0.62619930074242147        1.2859219909716813     
  0.62611699850868885        1.2865101209507515     
  0.62603489866079642        1.2870991384203343     
  0.62595300271664833        1.2876890451431824     
  0.62587131230460169        1.2882798427439850     
  0.62578982900639502        1.2888715329337255     
  0.62570855455484109        1.2894641172268839     
  0.62562749061554512        1.2900575972521362     
  0.62554663881070138        1.2906519747122034     
  0.62546600071776381        1.2912472513920803     
  0.62538557804829287        1.2918434289085408     
  0.62530537259749608        1.2924405087764361     
  0.62522538589791132        1.2930384928987042     
  0.62514561978886329        1.2936373827659104     
  0.62506607593281460        1.2942371801324906     
  0.62498675594602271        1.2948378868413677     
  0.62490766188431901        1.2954395041304809     
  0.62482879521665813        1.2960420340852070     
  0.62475015780323040        1.2966454782574455     
  0.62467175129210395        1.2972498385201106     
  0.62459357761077405        1.2978551163649592     
  0.62451563846210545        1.2984613136271417     
  0.62443793572452377        1.2990684319061030     
  0.62436047111850113        1.2996764730494266     
  0.62428324663111046        1.3002854385415750     
  0.62420626390032730        1.3008953303879787     
  0.62412952492445983        1.3015061500953995     
  0.62405303149583446        1.3021178994898972     
  0.62397678543538226        1.3027305803715408     
  0.62390078858307352        1.3033441945404092     
  0.62382504309300535        1.3039587433554605     
  0.62374955051185377        1.3045742290818683     
  0.62367431302769982        1.3051906530736068     
  0.62359933247586696        1.3058080172140585     
  0.62352461090410050        1.3064263231048479     
  0.62345014988744607        1.3070455730550878     
  0.62337595192061390        1.3076657680532600     
  0.62330201852471745        1.3082869105314074     
  0.62322835199716842        1.3089090018090019     
  0.62315495421152900        1.3095320438457270     
  0.62308182703547843        1.3101560386397288     
  0.62300897283036638        1.3107809874745664     
  0.62293639332692541        1.3114068925925242     
  0.62286409065091419        1.3120337556752877     
  0.62279206699227885        1.3126615783298536     
  0.62272032430183166        1.3132903625394787     
  0.62264886473897940        1.3139201100055637     
  0.62257769028546095        1.3145508227143357     
  0.62250680327560981        1.3151825021481387     
  0.62243620555123025        1.3158151505533771     
  0.62236589941853981        1.3164487695025620     
  0.62229588706417904        1.3170833607718306     
  0.62222617062034724        1.3177189262396856     
  0.62215675210000621        1.3183554679992020     
  0.62208763398770561        1.3189929874440756     
  0.62201881838428330        1.3196314865788867     
  0.62195030731234879        1.3202709675574460     
  0.62188210323910942        1.3209114318768451     
  0.62181420838641255        1.3215528814273017     
  0.62174662479660947        1.3221953184156678     
  0.62167935505592464        1.3228387442285654     
  0.62161240122194639        1.3234831610970441     
  0.62154576585774957        1.3241285704899033     
  0.62147945105314550        1.3247749746471877     
  0.62141345918428492        1.3254223753858985     
  0.62134779272120999        1.3260707744032145     
  0.62128245380442881        1.3267201739415224     
  0.62121744495799580        1.3273705756682990     
  0.62115276861524649        1.3280219814210414     
  0.62108842731901226        1.3286743928892339     
  0.62102442292024085        1.3293278128949542     
  0.62096075852295463        1.3299822422928229     
  0.62089743617761439        1.3306376836472960     
  0.62083445846773355        1.3312941386999069     
  0.62077182802049014        1.3319516091490682     
  0.62070954715082938        1.3326100972268133     
  0.62064761840213789        1.3332696048289678     
  0.62058604441771514        1.3339301337196741     
  0.62052482755305616        1.3345916861565179     
  0.62046397064200665        1.3352542636566866     
  0.62040347609898872        1.3359178684461392     
  0.62034334650128831        1.3365825025181852     
  0.62028358442067388        1.3372481679120951     
  0.62022419288812891        1.3379148659367393     
  0.62016517396251913        1.3385825995381118     
  0.62010653050871234        1.3392513703675313     
  0.62004826559709725        1.3399211797641966     
  0.61999038148789465        1.3405920304450498     
  0.61993288104009103        1.3412639241659461     
  0.61987576700248448        1.3419368629021915     
  0.61981904200100491        1.3426108488697750     
  0.61976270915502074        1.3432858834819830     
  0.61970677067591462        1.3439619697297820     
  0.61965122995098243        1.3446391086432290     
  0.61959608935383448        1.3453173030076409     
  0.61954135229240637        1.3459965538830134     
  0.61948702086906260        1.3466768646005387     
  0.61943309871406438        1.3473582359071283     
  0.61937958816603222        1.3480406708042980     
  0.61932649245376825        1.3487241707996818     
  0.61927381465591624        1.3494087376941839     
  0.61922155689200931        1.3500943750005863     
  0.61916972310289020        1.3507810830939482     
  0.61911831581262322        1.3514688648589224     
  0.61906733845462036        1.3521577216239664     
  0.61901679339543136        1.3528476566427148     
  0.61896668398082300        1.3535386714839603     
  0.61891701355910078        1.3542307677364525     
  0.61886778483791871        1.3549239481796067     
  0.61881900134469681        1.3556182141692115     
  0.61877066562129490        1.3563135688682921     
  0.61872278138711045        1.3570100133696397     
  0.61867535145798558        1.3577075504288709     
  0.61862837931529779        1.3584061816508286     
  0.61858186803253457        1.3591059094123961     
  0.61853582063991674        1.3598067362264921     
  0.61849024047721946        1.3605086640879149     
  0.61844513132584567        1.3612116942026822     
  0.61840049609257108        1.3619158294473392     
  0.61835633803076140        1.3626210721049672     
  0.61831266041711541        1.3633274244700675     
  0.61826946699724838        1.3640348879919149     
  0.61822676084314043        1.3647434654364736     
  0.61818454547699686        1.3654531587779526     
  0.61814282431724232        1.3661639702259012     
  0.61810160062151920        1.3668759023551913     
  0.61806087822108946        1.3675889566878947     
  0.61802066056820260        1.3683031355167894     
  0.61798095097922434        1.3690184414589828     
  0.61794175348119063        1.3697348758017189     
  0.61790307101057640        1.3704524420026409     
  0.61786490735145960        1.3711711419305475     
  0.61782726644668962        1.3718909771842609     
  0.61779015171159901        1.3726119504573377     
  0.61775356640145007        1.3733340648238048     
  0.61771751529379337        1.3740573203792779     
  0.61768200120639505        1.3747817211740143     
  0.61764702784970471        1.3755072695610810     
  0.61761259995299111        1.3762339658699783     
  0.61757872020227367        1.3769618146177867     
  0.61754539292987065        1.3776908170670756     
  0.61751262204286095        1.3784209753800285     
  0.61748041118428965        1.3791522923297488     
  0.61744876454450726        1.3798847696240104     
  0.61741768569485966        1.3806184103134340     
  0.61738717890966344        1.3813532160496018     
  0.61735724791705771        1.3820891896854635     
  0.61732789700972923        1.3828263329619443     
  0.61729912997755909        1.3835646487331767     
  0.61727095143702682        1.3843041381630856     
  0.61724336400690438        1.3850448067683359     
  0.61721637392493478        1.3857866523612352     
  0.61718998357500687        1.3865296811018388     
  0.61716419821524193        1.3872738930385844     
  0.61713902121680297        1.3880192923697503     
  0.61711445731089321        1.3887658804147942     
  0.61709051108795221        1.3895136588352779     
  0.61706718619064227        1.3902626314833704     
  0.61704448717066429        1.3910128002761946     
  0.61702241837065452        1.3917641676725170     
  0.61700098428319905        1.3925167358454771     
  0.61698018921776321        1.3932705074869185     
  0.61696003798397170        1.3940254842054398     
  0.61694053463449661        1.3947816694298911     
  0.61692168329612651        1.3955390665292806     
  0.61690348946117446        1.3962976757644827     
  0.61688595707144100        1.3970575010826503     
  0.61686909104134768        1.3978185442611348     
  0.61685289555300726        1.3985808088734899     
  0.61683737577564457        1.3993442962591036     
  0.61682253625072359        1.4001090093158051     
  0.61680838197770149        1.4008749499376103     
  0.61679491683028409        1.4016421228479063     
  0.61678214651813090        1.4024105284112776     
  0.61677007573359810        1.4031801695217301     
  0.61675870848653691        1.4039510509172048     
  0.61674805116978504        1.4047231714838899     
  0.61673810761858616        1.4054965365665120     
  0.61672888335883680        1.4062711474190674     
  0.61672038295649811        1.4070470077921606     
  0.61671261164549018        1.4078241198634378     
  0.61670557455886021        1.4086024861549107     
  0.61669927671635771        1.4093821095983676     
  0.61669372349519558        1.4101629923067209     
  0.61668892007298859        1.4109451369975976     
  0.61668487141578809        1.4117285470993166     
  0.61668158271843221        1.4125132255470829     
  0.61667905946152513        1.4132991746345216     
  0.61667730722276348        1.4140863964809596     
  0.61667633144452583        1.4148748936807369     
  0.61667613698952173        1.4156646705853650     
  0.61667672974817567        1.4164557288321404     
  0.61667811539697359        1.4172480707464743     
  0.61668029886941733        1.4180417009025683     
  0.61668328639672221        1.4188366203329768     
  0.61668708310604370        1.4196328333436714     
  0.61669169488246067        1.4204303422244910     
  0.61669712738395299        1.4212291500634473     
  0.61670338652290657        1.4220292593182711     
  0.61671047799580325        1.4228306732562679     
  0.61671840760402152        1.4236333949793174     
  0.61672718091783685        1.4244374284751204     
  0.61673680452484836        1.4252427747729541     
  0.61674728463527528        1.4260494361383880     
  0.61675862566289852        1.4268574207033631     
  0.61677083616574657        1.4276667237293441     
  0.61678391981949376        1.4284773560392554     
  0.61679788439461458        1.4292893157016238     
  0.61681273499484590        1.4301026094561302     
  0.61682847852362099        1.4309172384416544     
  0.61684512070614572        1.4317332078500229     
  0.61686266915730625        1.4325505167349630     
  0.61688112932331696        1.4333691715736774     
  0.61690050812020392        1.4341891741859460     
  0.61692081124396980        1.4350105307650187     
  0.61694204586029944        1.4358332426675322     
  0.61696421913984378        1.4366573113036116     
  0.61698733705494502        1.4374827426196286     
  0.61701140526488740        1.4383095441204681     
  0.61703643254387064        1.4391377120885518     
  0.61706242437164660        1.4399672551136256     
  0.61708938910272437        1.4407981713474791     
  0.61711733184313566        1.4416304714646446     
  0.61714626095781766        1.4424641541264418     
  0.61717618288151199        1.4432992255057031     
  0.61720710462241390        1.4441356900444462     
  0.61723903345805875        1.4449735513485391     
  0.61727197728816674        1.4458128107422841     
  0.61730594208652945        1.4466534778472135     
  0.61734093711353621        1.4474955489217476     
  0.61737696864418190        1.4483390329699084     
  0.61741404391196353        1.4491839356031266     
  0.61745217095206328        1.4500302592154819     
  0.61749135799708998        1.4508780055376627     
  0.61753161106979826        1.4517271867938306     
  0.61757293954596570        1.4525778004820560     
  0.61761535053947492        1.4534298546839468     
  0.61765885242521990        1.4542833521759519     
  0.61770345272758209        1.4551383002811868     
  0.61774916005968317        1.4559947015055528     
  0.61779598208552144        1.4568525635348573     
  0.61786366665554560        1.4576194188304588     
  0.61791282861877395        1.4584779627383573     
  0.61796312540271459        1.4593378821807486     
  0.61801456448596603        1.4601992059632278     
  0.61806715476636054        1.4610619320310116     
  0.61812090356901794        1.4619260678477430     
  0.61817582022536166        1.4627916092170015     
  0.61823191238421493        1.4636585624808296     
  0.61828918846284198        1.4645269295649062     
  0.61834765691562787        1.4653967125197025     
  0.61840732615525174        1.4662679142264525     
  0.61846820520507517        1.4671405333536121     
  0.61853030217091964        1.4680145755498875     
  0.61859362549193253        1.4688900447981301     
  0.61865818450379506        1.4697669386638648     
  0.61872398794239980        1.4706452590816004     
  0.61879104446942301        1.4715250097432619     
  0.61885936255476137        1.4724061957181043     
  0.61892895189938513        1.4732888132348338     
  0.61899982103679263        1.4741728675768750     
  0.61907197950973769        1.4750583563522797     
  0.61914543639424391        1.4759452812758855     
  0.61922020058682581        1.4768336459369404     
  0.61929628142248250        1.4777234509373116     
  0.61937368843259366        1.4786146942195666     
  0.61945243087394630        1.4795073770221432     
  0.61953251716202529        1.4804015117008817     
  0.61961395875140657        1.4812970726688286     
  0.61969676328165724        1.4821940824421271     
  0.61978094070866074        1.4830925352865809     
  0.61986650098789431        1.4839924232800761     
  0.61995345368668187        1.4848937408124190     
  0.62004180680551135        1.4857965171440739     
  0.62013157211402148        1.4867007049768270     
  0.62022275794951542        1.4876063208683465     
  0.62031537326098107        1.4885133718885908     
  0.62040942821330802        1.4894218380284114     
  0.62050493190462985        1.4903317138573497     
  0.62060189346433359        1.4912429946166443     
  0.62070032170319622        1.4921556766210933     
  0.62080022575721217        1.4930697315371688     
  0.62090161405740629        1.4939851614984108     
  0.62100449492594822        1.4949019473179606     
  0.62110887606910004        1.4958200788889138     
  0.62121476519020502        1.4967395048944450     
  0.62132350221062227        1.4976888928899657     
  0.62143270064635869        1.4986135946290082     
  0.62154346884066991        1.4995398751478271     
  0.62165581916733614        1.5004677266078039     
  0.62176976366112835        1.5013971497545515     
  0.62188531452600770        1.5023281582797354     
  0.62200248444545725        1.5032607682727632     
  0.62212128614685136        1.5041949920930957     
  0.62224173267843874        1.5051308476475325     
  0.62236383772007009        1.5060683567104856     
  0.62248761588095902        1.5070075591440775     
  0.62261308141775606        1.5079484728642401     
  0.62274025132927646        1.5088911771032869     
  0.62286914322800524        1.5098357273222334     
  0.62299977591124422        1.5107822036787653     
  0.62313217430094525        1.5117307682952017     
  0.62326636576479799        1.5126816009187991     
  0.62340238691963279        1.5136349965602736     
  0.62354028962102370        1.5145914308067265     
  0.62368014660743065        1.5155516423507520     
  0.62381871041862769        1.5164694765782942     
  0.62396134759879140        1.5174233345331554     
  0.62410554932644990        1.5183769164557774     
  0.62425100605078010        1.5193280877970865     
  0.62439657725991460        1.5202693160005682     
  0.62455334216156921        1.5212818698230910     
  0.62470213215784098        1.5222190812433207     
  0.63270927446907588        1.5425584166705280     
  0.63183711824886390        1.5418325047132093     
  0.63188761311443298        1.5424629600181099     
  0.63193477535165055        1.5430877865918271     
  0.63198258465696411        1.5437130609428356     
  0.63203788906544889        1.5443495072255904     
  0.63208783591146234        1.5449770378709666     
  0.63213830522242498        1.5456047977928062     
  0.63219609367658181        1.5462436278944234     
  0.63224859680605405        1.5468734554034247     
  0.63230173115142541        1.5475036574768271     
  0.63236197266068039        1.5481447637307526     
  0.63241714561403561        1.5487770121767568     
  0.63247272112763286        1.5494092289691415     
  0.63253532885213082        1.5500524006731340     
  0.63259289357535031        1.5506865395687248     
  0.63265099939209446        1.5513208362983808     
  0.63271603027535661        1.5519660860652036     
  0.63277598380067346        1.5526020173640229     
  0.63284244380338139        1.5532483068431553     
  0.63290379917970352        1.5538850689874253     
  0.63297167322282089        1.5545323163933342     
  0.63303449446338100        1.5551699588635364     
  0.63310366707936006        1.5558179014062943     
  0.63316775553853333        1.5564560051584979     
  0.63323804203420642        1.5571042383486193     
  0.63330903039422404        1.5577528801528273     
  0.63337474204418209        1.5583910481561523     
  0.63344632454230720        1.5590388923215581     
  0.63351848259687393        1.5596868352727029     
  0.63359073767781815        1.5603339614735607     
  0.63366314260805090        1.5609803231149875     
  0.63373538196201495        1.5616252784443239     
  0.63380734497149405        1.5622685524909596     
  0.63387870967721904        1.5629094559476344     
  0.63395474625730586        1.5635581003990726     
  0.63402965232558461        1.5642033242122959     
  0.63410251397451567        1.5648432074211502     
  0.63319111446346210        1.5633933892099101     
  0.64225979359079843        1.5783595961789980     
  0.63560740202368016        1.5697005916426141     
  0.63570945206777107        1.5704055828973598     
  0.63580682289332902        1.5711016834339375     
  0.63766339177521669        1.5747345852468924     
  0.63390340550857105        1.5681350653454293     
  0.63413419106582258        1.5691162399021343     
  0.63794153791362285        1.5768416143423272     
  0.63635036978244186        1.5746777707550994     
  0.63646951822577880        1.5754109399838456     
  0.63658804819200310        1.5761426057884691     
  0.63671968430870884        1.5768983554414651     
  0.63685247869053685        1.5776560409696017     
  0.63702451116332504        1.5784869534732606     
  0.63926024857903341        1.5833645404248915     
  0.63763225923941613        1.5811486381346280     
  0.63970060976427989        1.5857285782048858     
  0.63833567063267793        1.5839797550927637     
  0.63856881853567138        1.5849191113263787     
  0.63902259447483800        1.5862452361697112     
  0.63947640232645031        1.5875567678366482     
  0.63933519233458391        1.5878484312516270     
  0.63991809076759409        1.5893786447971683     
  0.64000366525573305        1.5900624752028318     
  0.64027051532308477        1.5910506354912601     
  0.64053965690356551        1.5920411336622533     
  0.64084592725501477        1.5930910800571882     
  0.64115701439109929        1.5941462183255628     
  0.64146100336486456        1.5951872869834300     
  0.64175873896005609        1.5962161116151092     
  0.64471794598344201        1.6010321012429087     
  0.64157961552334375        1.5970269273064450     
  0.64317835051334049        1.6000836588331082     
  0.63897954311373784        1.5929441148469312     
  0.64046654010768356        1.5965860886205752     
  0.64362171262043932        1.6024656599495999     
  0.64448737190732963        1.6048865497564611     
  0.64574614100824412        1.6072176195864820     
  0.64510052704382781        1.6069304979175585     
  0.64599466028935759        1.6093541413042045     
  0.64623468229500458        1.6102787008374806     
  0.64660066308192898        1.6113729303406907     
  0.64704444153006790        1.6125652425952066     
  0.64441817928412670        1.6093413389633220     
  0.64785749793422009        1.6148421758511029     
  0.64585768907116292        1.6126946805206233     
  0.64981498874723198        1.6184907412694336     
  0.64809471226949933        1.6169894608572268     
  0.64944804101377962        1.6193135977480306     
  0.64972494776992773        1.6202798820553317     
  0.65017503503559548        1.6214537014848158     
  0.65064298049243663        1.6226440055185372     
  0.65109677685230716        1.6238134081046591     
  0.65154229447256706        1.6249697571225166     
  0.65198537797702927        1.6261202401832247     
  0.65233535734532333        1.6271647111828158     
  0.65280962397390763        1.6283445314370657     
  0.65327662759408400        1.6295134517871164     
  0.65374245547616783        1.6306779641040801     
  0.65420785637527801        1.6318390368966393     
  0.65467420356181394        1.6329982458418537     
  0.65514245743582644        1.6341566737608693     
  0.65561338324541263        1.6353151578330982     
  0.65608750340787936        1.6364742541955226     
  0.65656529814587361        1.6376344539033352     
  0.65704705325462487        1.6387960339574894     
  0.65753297721513959        1.6399591835691125     
  0.65802328161354318        1.6411240873859114     
  0.65851806335077701        1.6422908110932455     
  0.65901743957057834        1.6434594370554159     
  0.65952148393577648        1.6446300027306813     
  0.66003026369647133        1.6458025378009826     
  0.66054383756396295        1.6469770625588616     
  0.66106225356243653        1.6481535863698848     
  0.66158555901077243        1.6493321173041191     
  0.66211380283852583        1.6505126643395394     
  0.66264703334227559        1.6516952352587986     
  0.66318528884083394        1.6528798284149511     
  0.66372861723265686        1.6540664503930294     
  0.66427706477921256        1.6552551058258231     
  0.66483221135931092        1.6564502557307361     
  0.66539098785299744        1.6576427121327075     
  0.66595494441193215        1.6588371180323589     
  0.66607841079466368        1.6596590162663745     
  0.66709578044356233        1.6612299204611292     
  0.66725844553767200        1.6620871710330984     
  0.66826154774789293        1.6636335049211353     
  0.66845902387325229        1.6645215142263181     
  0.66944931390007156        1.6660454164864233     
  0.66967972813233967        1.6669615300504748     
  0.67065944690503443        1.6684656454739617     
  0.67092117130218387        1.6694075445595260     
  0.67189236664936303        1.6708942190529379     
  0.67218396108533118        1.6718598534820635     
  0.67314845712977545        1.6733311334360814     
  0.67346868463615450        1.6743187130458652     
  0.67442818454155462        1.6757764418414007     
  0.67477591068666354        1.6767843446054438     
  0.67573193798190112        1.6782301351716673     
  0.67610623958594551        1.6792569727127560     
  0.67706018473696450        1.6806922556660751     
  0.67746020484479663        1.6817367560170302     
  0.67841334727466507        1.6831628082217733     
  0.67883837592789187        1.6842238628448465     
  0.67979191672895301        1.6856418393432988     
  0.68024131342582883        1.6867184398463513     
  0.68119636152316865        1.6881293728449229     
  0.68166956640124388        1.6892206119950488     
  0.68262716526205058        1.6906254362083781     
  0.68312370550347612        1.6917305053104441     
  0.68408481053468284        1.6931300499414816     
  0.68460428367446591        1.6942482218139849     
  0.68556981628083102        1.6956432509045627     
  0.68611187276879548        1.6967738637961163     
  0.68708269708358005        1.6981650660579137     
  0.68764705732446096        1.6993075297703437     
  0.68862398935261049        1.7006955286788035     
  0.68921040193447458        1.7018492952073914     
  0.69019421958175653        1.7032346591528538     
  0.69080250098781315        1.7043992432055592     
  0.69179394233519298        1.7057824875404410     
  0.69242395056635075        1.7069574474449980     
  0.69342373170617955        1.7083390477869274     
  0.69407534873889276        1.7095239729615923     
  0.69508416175443299        1.7109043664356014     
  0.69575731487348458        1.7120988872366880     
  0.69677582311713648        1.7134784719871039     
  0.69747048233942521        1.7146822557460357     
  0.69849932756337874        1.7160613970015519     
  0.69921547815552176        1.7172741311985742     
  0.70025528792426528        1.7186531671260905     
  0.70099295124650174        1.7198745690309392     
  0.70188848494045686        1.7211757201855655     
  0.70279645674292290        1.7224805973455988     
  0.70371451028268961        1.7237884543857311     
  0.70464116417736078        1.7250985066751958     
  0.70557644535530328        1.7264107367015713     
  0.70652043605561643        1.7277251480947515     
  0.70747321704842003        1.7290417431277221     
  0.70843489429145379        1.7303605356562612     
  0.70940554305044590        1.7316815241302519     
  0.71038525263918484        1.7330047134066331     
  0.71137412388140930        1.7343301130946120     
  0.71237225206122234        1.7356577295303812     
  0.71337972813979211        1.7369875665393284     
  0.71439664061336705        1.7383196263748180     
  0.71542308925354359        1.7396539158868456     
  0.71645918245168960        1.7409904450757003     
  0.71750499615403895        1.7423292090508875     
  0.71856066245353534        1.7436702271047864     
  0.71962624887369897        1.7450134896566705     
  0.72070188572517435        1.7463590139349501     
  0.72178765416635904        1.7477067953425673     
  0.72288366051046637        1.7490568397076922     
  0.72399002889278352        1.7504091595217872     
  0.72510684452137131        1.7517637505304093     
  0.72623423186852176        1.7531206242353377     
  0.72737228407920540        1.7544797786955486     
  0.72852112538382263        1.7558412240678840     
  0.72968085628154600        1.7572049603576207     
  0.73085160359228896        1.7585709974770047     
  0.73203346604729902        1.7599393337102858     
  0.73322658136646990        1.7613099819459279     
  0.73443104151513672        1.7626829368385719     
  0.73564697052188910        1.7640582049605142     
  0.73687450108259789        1.7654357953550992     
  0.73811374532681318        1.7668157087756846     
  0.73936482721353991        1.7681979498980736     
  0.74062787264172492        1.7695825234850497     
  0.74190300443816448        1.7709694326200032     
  0.74319035505127429        1.7723586832603846     
  0.74449004635938054        1.7737502770190059     
  0.74580220791733565        1.7751442177174195     
  0.74712698357122009        1.7765405134867716     
  0.74846449520865765        1.7779391642577935     
  0.74981488488180748        1.7793401763678531     
  0.75117828328708591        1.7807435516663981     
  0.75255483213539931        1.7821492951623119     
  0.75394467660623865        1.7835574123497397     
  0.75534795191827941        1.7849679048598950     
  0.75676479940235297        1.7863807758074333     
  0.75819537864989728        1.7877960335181879     
  0.75963982478977388        1.7892136778482293     
  0.76109828657699863        1.7906337125085714     
  0.76257092327642939        1.7920561438197518     
  0.76405788685013898        1.7934809751682217     
  0.76555931512537823        1.7949082051161307     
  0.76707538134703213        1.7963378424332059     
  0.76860625191924326        1.7977698929958030     
  0.77015207587023782        1.7992043569238267     
  0.77171301098984446        1.8006412364480631     
  0.77328923651051629        1.8020805393879815     
  0.77488090969910928        1.8035222665014730     
  0.77648820060251467        1.8049664216922925     
  0.77811128389559969        1.8064130095036335     
  0.77975033113119530        1.8078620329552451     
  0.78140551769758804        1.8093134955247907     
  0.78307702806296420        1.8107674025238452     
  0.78476503210074366        1.8122237546413693     
  0.78646971937184618        1.8136825573067061     
  0.78819127089883623        1.8151438129638295     
  0.78992988178916035        1.8166075271460942     
  0.79168573568942036        1.8180737016992361     
  0.79345902665155943        1.8195423405667244     
  0.79524994934789150        1.8210134471749750     
  0.79705870172782245        1.8224870251278824     
  0.79888548159446748        1.8239630773360016     
  0.80073049064755486        1.8254416070371970     
  0.80259394668223072        1.8269226207273745     
  0.80447604335199607        1.8284061188525929     
  0.80637693040865466        1.8298920534320007     
  0.80829696214016278        1.8313805337135305     
  0.81023627270882259        1.8328715076241053     
  0.81219508672705010        1.8343649798196711     
  0.81417362113422342        1.8358609525037277     
  0.81617211370064902        1.8373594319796933     
  0.81819078698755132        1.8388604203206231     
  0.82022987411501702        1.8403639213382110     
  0.82228960684696972        1.8418699378340553     
  0.82437022062263543        1.8433784727454445     
  0.82647195533697981        1.8448895292937022     
  0.82859506447568254        1.8464031129019816     
  0.83073978356755973        1.8479192244102807     
  0.83290637488320840        1.8494378696703981     
  0.83509508068283722        1.8509590495598351     
  0.83730616508719369        1.8524827688496228     
  0.83953988105274902        1.8540090292577989     
  0.84179650060167222        1.8555378356920027     
  0.84407629396967454        1.8570691919012643     
  0.84637952149261486        1.8586030989620406     
  0.84870646974455866        1.8601395624322232     
  0.85105740753254733        1.8616785836056571     
  0.85343262170808931        1.8632201665891646     
  0.85583239963188129        1.8647643148007234     
  0.85825703632556116        1.8663110323481207     
  0.86070681527198734        1.8678603204361941     
  0.86318204884155936        1.8694121849007495     
  0.86568302745432557        1.8709666267313361     
  0.86821005949824037        1.8725236495102666     
  0.87076345944317624        1.8740832571103168     
  0.87334354496035893        1.8756454531837243     
  0.87595063517529204        1.8772102408620688     
  0.87858503911949337        1.8787776207925018     
  0.88124711840925674        1.8803476019048615     
  0.88393716725321270        1.8819201807502068     
  0.88665554848447126        1.8834953648788522     
  0.88940259730857207        1.8850731562609693     
  0.89217866204575325        1.8866535583240056     
  0.89498409665930989        1.8882365745989502     
  0.89781925165075949        1.8898222072706670     
  0.90068449611065182        1.8914104607226161     
  0.90358019477660834        1.8930013378044332     
  0.90650671493589952        1.8945948409941500     
  0.90946444244016211        1.8961909748406476     
  0.91245376329276895        1.8977897430480657     
  0.91547505321079670        1.8993911469687554     
  0.91852871382907975        1.9009951910714971     
  0.92161514615251161        1.9026018788584984     
  0.92473474116347987        1.9042112115609564     
  0.92788793349864718        1.9058231959469225     
  0.93107511716244262        1.9074378320232825     
  0.93429673433485438        1.9090551259105573     
  0.93755319619298816        1.9106750784464106     
  0.94084495207281582        1.9122976950060138     
  0.94417242651834266        1.9139229766601009     
  0.94753608957702828        1.9155509298646352     
  0.95093637297097100        1.9171815549866109     
  0.95437374943268816        1.9188148571000823     
  0.95784867778493399        1.9204508385236909     
  0.96136164619589815        1.9220895045551072     
  0.96491311788847522        1.9237308563774254     
  0.96850359380230544        1.9253748991704469     
  0.97213356203218138        1.9270216355608747     
  0.97580352784288560        1.9286710694772342     
  0.97951398533112888        1.9303232025945891     
  0.98326547430634792        1.9319780413021488     
  0.98705850394003591        1.9336355873252020     
  0.99089361408640497        1.9352958452231048     
  0.99477133629812009        1.9369588176517181     
  0.99869221760849647        1.9386245082191316     
   1.0026568298124194        1.9402929224446759     
   1.0066657077114090        1.9419640607199979     
   1.0107194465723897        1.9436379294275405     
   1.0148186175509015        1.9453145312560953     
   1.0189638127090339        1.9469938703282539     
   1.0231556281918142        1.9486759502821531     
   1.0273946648335481        1.9503607743559033     
   1.0316815442342235        1.9520483470858108     
   1.0360168883031169        1.9537386720881975     
   1.0404013383085056        1.9554317540679231     
   1.0448355207765643        1.9571275952781753     
   1.0493201075464613        1.9588262016762321     
   1.0538557451737043        1.9605275756865728     
   1.0584431169470341        1.9622317224905301     
   1.0630828954667748        1.9639386452409846     
   1.0677757803180428        1.9656483487937906     
   1.0725224691680761        1.9673608368398159     
   1.0773236829820485        1.9690761143446942     
   1.0821801421200035        1.9707941852274304     
   1.0870925867371395        1.9725150542925838     
   1.0920617469838561        1.9742387244709758     
   1.0970884000285266        1.9759652020051246     
   1.1021732964869535        1.9776944897416695     
   1.1073172381428944        1.9794265941197471     
   1.1125210025498120        1.9811615184258915     
   1.1177853949136924        1.9828992674104002     
   1.1231112358100959        1.9846398461370780     
   1.1284993583491534        1.9863832597143751     
   1.1339506012437133        1.9881295127303393     
   1.1394658116872258        1.9898786094963308     
   1.1450458685816041        1.9916305559078564     
   1.1506916520748813        1.9933853569302058     
   1.1564040492260934        1.9951430170868651     
   1.1621839831500020        1.9969035427301609     
   1.1680323528821765        1.9986669373227488     
   1.1739501188598094        2.0004332080526397     
   1.1799382224005135        2.0022023595827960     
   1.1859976368168843        2.0039743979783213     
   1.1921293314946526        2.0057493279828176     
   1.1983343096382557        2.0075271558032077     
   1.2046135857529616        2.0093078874040211     
   1.2109681815153248        2.0110915282347426     
   1.2173991492398257        2.0128780848642052     
   1.2239075363305183        2.0146675624715691     
   1.2304944338882835        2.0164599682126307     
   1.2371609313521412        2.0182553080466334     
   1.2439081348717549        2.0200535880190449     
   1.2507371742246765        2.0218548146995428     
   1.2576492042944993        2.0236589952192521     
   1.2646453778931470        2.0254661355097126     
   1.2717268967074018        2.0272762435649581     
   1.2788949390959059        2.0290893248179804     
   1.2861507328453365        2.0309053867570941     
   1.2934955266562675        2.0327244370468334     
   1.3009305838772325        2.0345464831352933     
   1.3084571739382074        2.0363715317675561     
   1.3160765964971037        2.0381995904138295     
   1.3237901748009628        2.0400306668313939     
   1.3315992707968765        2.0418647698832872     
   1.3395052191893353        2.0437019057879953     
   1.3475094235212595        2.0455420835776446     
   1.3556132986466116        2.0473853117587355     
   1.3638182713905258        2.0492315983825891     
   1.3721257908920070        2.0510809516218051     
   1.3805373379791401        2.0529333802290877     
   1.3890544188510681        2.0547888931708949     
   1.3976785558830316        2.0566474991287667     
   1.4064113187778970        2.0585092080828664     
   1.4152542685328853        2.0603740284301963     
   1.4242090191094803        2.0622419701088743     
   1.4332771893048557        2.0641130421492222     
   1.4424604460772392        2.0659872547985731     
   1.4517604767313019        2.0678646181219831     
   1.4611789864137676        2.0697451418815804     
   1.4707177172304504        2.0716288364356279     
   1.4803784412552703        2.0735157123691978     
   1.4901629648349639        2.0754057806536022     
   1.5000731090593191        2.0772990517626315     
   1.5101107352277647        2.0791955368053698     
   1.5202777500004439        2.0810952476864122     
   1.5305760514788440        2.0829981947625749     
   1.5410076200140412        2.0849043907424694     
   1.5515744294242588        2.0868138468503519     
   1.5622785034739808        2.0887265752142303     
   1.5731219091881596        2.0906425885403137     
   1.5841067333754475        2.0925618991150747     
   1.5952351014869115        2.0944845195840038     
   1.6065091816021100        2.0964104630615736     
   1.6179311803224079        2.0983397429354871     
   1.6295033242940355        2.1002723721494174     
   1.6412279086149557        2.1022083650206964     
   1.6531072290762880        2.1041477346472091     
   1.6651436578152725        2.1060904957371260     
   1.6773395948116818        2.1080366627425895     
   1.6896974668261140        2.1099862498408770     
   1.7022197767838028        2.1119392726595758     
   1.7149090312314506        2.1138957456810674     
   1.7277678188936174        2.1158556849724639     
   1.7407987419418038        2.1178191057802556     
   1.7540044554712413        2.1197860238686719     
   1.7673876900369880        2.1217564562129994     
   1.7809511769484201        2.1237304185196391     
   1.7946977650017433        2.1257079289883789     
   1.8086302609407019        2.1276890031635123     
   1.8227515903813265        2.1296736590690646     
   1.8370647252908108        2.1316619147971827     
   1.8515726522532674        2.1336537875929080     
   1.8662784575996640        2.1356492963774878     
   1.8811852591313598        2.1376484596608267     
   1.8962962267087038        2.1396512961510670     
   1.9116146069583264        2.1416578254262899     
   1.9271436839728850        2.1436680667733468     
   1.9428868130201282        2.1456820401389609     
   1.9588474254715151        2.1476997661875261     
   1.9750289808990813        2.1497212649880391     
   1.9914350530275058        2.1517465582986710     
   2.0080692145374144        2.1537756664606560     
   2.0249351612427722        2.1558086116642947     
   2.0420366230364482        2.1578454155622371     
   2.0593774319244065        2.1598861010011685     
   2.0769614562546539        2.1619306903148168     
   2.0947926690603049        2.1639792070105668     
   2.1128750947856254        2.1660316743985710     
   2.1312128379691919        2.1680881162947294     
   2.1498100837433238        2.1701485569716450     
   2.1686711090085860        2.1722130213841480     
   2.1878002569303661        2.1742815345418536     
   2.2072019625055068        2.1763541220655460     
   2.2268807331166620        2.1784308097105960     
   2.2468411728165623        2.1805116238834827     
   2.2670879663369146        2.1825965912436294     
   2.2876259104011898        2.1846857393338537     
   2.3084598617568015        2.1867790954449342     
   2.3295947967860102        2.1888766878476558     
   2.3510357833544231        2.1909785451382691     
   2.3727879927092022        2.1930846964594433     
   2.3948567001546981        2.1951951714601430     
   2.4172472579321682        2.1973099997418113     
   2.4399651709206225        2.1994292122852883     
   2.4630159879952034        2.2015528393212520     
   2.4864054261742954        2.2036809126703476     
   2.5101393154103322        2.2058134646145002     
   2.5342235685565822        2.2079505273271942     
   2.5586642423603498        2.2100921339548982     
   2.5834675170396992        2.2122383181766301     
   2.6086396629211674        2.2143891136204603     
   2.6341871458131365        2.2165445556096257     
   2.6601164801801929        2.2187046786053966     
   2.6864344007195124        2.2208695190950509     
   2.7131477215683577        2.2230391131424270     
   2.7402633908724319        2.2252134973025441     
   2.7677885708830865        2.2273927098469697     
   2.7957304814270798        2.2295767881861757     
   2.8240965669683953        2.2317657715154438     
   2.8528943938563596        2.2339596991082606     
   2.8821317144013672        2.2361586112834679     
   2.9118163828298602        2.2383625480769727     
   2.9419565134837096        2.2405715515663207     
   2.9725603207845550        2.2427856634220236     
   3.0036362034860002        2.2450049261379199     
   3.0351927826284459        2.2472293834793504     
   3.0672388278614080        2.2494590794057157     
   3.0997832846804272        2.2516940584064198     
   3.1328353793463695        2.2539343668544873     
   3.1664044121503059        2.2561800501835725     
   3.2005000081002142        2.2584311561753645     
   3.2351319396723275        2.2606877325360202     
   3.2703101745914824        2.2629498275152691     
   3.3060449581324480        2.2652174908708540     
   3.3423467659903574        2.2674907732029204     
   3.3792262454362771        2.2697697251735680     
   3.4166943437099766        2.2720543990396020     
   3.4547622351145182        2.2743448476838646     
   3.4934413246286571        2.2766411246081519     
   3.5327433322279060        2.2789432848699649     
   3.5726801949751543        2.2812513838621076     
   3.6132641582677278        2.2835654783059218     
   3.6545077216585589        2.2858856255719262     
   3.6964237189564715        2.2882118845046522     
   3.7390251973331599        2.2905443140330113     
   3.7823256563691650        2.2928829756767635     
   3.8263387466723340        2.2952279302656855     
   3.8710785791316273        2.2975792411330813     
   3.9165595240687678        2.2999369719338629     
   3.9627962809980093        2.3023011873297237     
   4.0098039915945956        2.3046719540172882     
   4.0575980973727033        2.3070493392322997     
   4.1061943834958896        2.3094334111409975     
   4.1556090933540766        2.3118242398592210     
   4.2058588449818703        2.3142218965370587     
   4.2569606542447023        2.3166264535517156     
   4.3089319773051677        2.3190379847696523     
   4.3617906617785049        2.3214565650661263     
   4.4155550347087758        2.3238822710127134     
   4.4702439048000837        2.3263151808041576     
   4.5258765126097869        2.3287553737500835     
   4.5824726310237383        2.3312029310414890     
   4.6400524934254079        2.3336579350628166     
   4.6986368976558754        2.3361204701676543     
   4.7582471440098253        2.3385906220737445     
   4.8189051313703315        2.3410684785566271     
   4.8806332413018030        2.3435541284221504     
   4.9434545519582977        2.3460476631199869     
   5.0073926924062420        2.3485491754740817     
   5.0724719688722564        2.3510587605828066     
   5.1387172454977730        2.3535765147922749     
   5.2061541622294518        2.3561025372457092     
   5.2748089884083527        2.3586369286883717     
   5.3447087093291907        2.3611797919981266     
   5.4158810935494923        2.3637312325452409     
   5.4883546809283805        2.3662913580027070     
   5.5621587047648697        2.3688602776954291     
   5.6373233622979271        2.3714381043517951     
   5.7138795763827464        2.3740249523652448     
   5.7918592455620752        2.3766209393361901     
   5.8712951061744816        2.3792261850534393     
   5.9522208275099997        2.3818408120033516     
   6.0346711852902342        2.3844649463326100     
   6.1186817591987372        2.3870987158359602     
   6.2042893172906295        2.3897422521997820     
   6.2915317511389306        2.3923956904730925     
   6.3804479047501621        2.3950591679165996     
   6.4710779742411679        2.3977328262360298     
   6.5634632754194842        2.4004168100753436     
   6.6576464004661284        2.4031112677912043     
   6.7536711776847298        2.4058163510706887     
   6.8515829603228724        2.4085322164428193     
   6.9514283420554337        2.4112590234974935     
   7.0532554490818704        2.4139969363787244     
   7.1571139939590553        2.4167461239026897     
   7.2630551680195907        2.4195067588154986     
   7.3711318737014242        2.4222790188809222     
   7.4813987063603600        2.4250630866081546     
   7.5939121461392531        2.4278591500442910     
   7.7087303167413666        2.4306674014360139     
   7.8259135365903143        2.4334880397648337     
   7.9455240469998936        2.4363212692411262     
   8.0676261399454656        2.4391672997346259     
   8.1922863807839210        2.4420263476963671     
   8.3195736377481673        2.4448986360567835     
   8.4495591569912420        2.4477843944361126     
   8.5823168255976867        2.4506838601166443     
   8.7179228971279965        2.4535972766181908     
   8.8564567158150869        2.4565248967526148     
   8.9980001909877423        2.4594669800629423     
   9.1426384790814019        2.4624237956221968     
   9.2904597840057814        2.4653956209548609     
   9.4415556967175167        2.4683827432518886     
   9.5960212644027152        2.4713854594462106     
   9.7539551591231159        2.4744040766932018     
   9.9154599145268172        2.4774389131175072     
   10.080642226716350        2.4804902987728212     
   10.249612823944338        2.4835585749325322     
   10.422487029428899        2.4866440960315455     
   10.599384964651698        2.4897472302494150     
   10.780431510728620        2.4928683591008216     
   10.965757101028109        2.4960078802061014     
   11.155497453518542        2.4991662060226831     
   11.349794157194584        2.5023437658421193     
   11.548795181000878        2.5055410073284259     
   11.752654938090583        2.5087583965532434     
   11.961534825392564        2.5119964196382063     
   12.175603728343644        2.5152555843410371     
   12.395038080126596        2.5185364199885711     
   12.620023116832911        2.5218394815921297     
   12.850752524061397        2.5251653484045393     
   13.087429578522736        2.5285146275682409     
   13.330267932754369        2.5318879564904249     
   13.579491749649588        2.5352860031047522     
   13.835336578714617        2.5387094685821809     
   14.098050845754571        2.5421590919126000     
   14.367895751414340        2.5456356494934669     
   14.645146933379291        2.5491399602879570     
   14.930095484329948        2.5526728888684556     
   15.223048903494391        2.5562353483691393     
   15.524332262542085        2.5598283041341974     
   15.834290435711003        2.5634527804408709     
   16.153288956465946        2.5671098633344496     
   16.481715717436504        2.5708007058908331     
   16.819983994637479        2.5745265374113062     
   17.168533511904055        2.5782886671032701     
   17.527833477723053        2.5820884933902697     
   17.898385315306303        2.5859275126074590     
   18.280725933728537        2.5898073292458799     
   18.675431367611264        2.5937296674716825     
   19.083120502547242        2.5976963831636004     
   19.504460182587117        2.6017094799737741     
   19.940170097163751        2.6057711252087996     
   20.391029537602908        2.6098836711609605     
   20.857883683476285        2.6140496759205880     
   21.341652548954102        2.6182719318006438     
   21.843340668826464        2.6225534967105029     
   22.364047570938375        2.6268977289591975     
   22.904982343164480        2.6313083337946175     
   23.467478973597878        2.6357894142932090     
   24.053015346015894        2.6403455338291035     
   24.663237544596207        2.6449817952303309     
   25.299986238003960        2.6497039298419764     
   25.965333969139341        2.6545184187703867     
   26.661625996492408        2.6594326313924510     
   27.391537973504914        2.6644550146260650     
   28.158142132811726        2.6695953182680041     
   28.965000894799228        2.6748649052828517     
   29.816283523019159        2.6802771467526396     
   30.716925203067838        2.6858479582709229     
   31.700220074166587        2.6917001490383119     
   32.722759528969384        2.6976654993156899     
   33.817799904880900        2.7038655322823222     
   34.997094598089745        2.7103392657795444     
   36.276044890706956        2.7171381728013477     
   37.675555876689415        2.7243326065227849     
   39.225328801163762        2.7320232292671234     
   40.970248384463268        2.7403632504337576     
   42.984403046276917        2.7496073762364053     
   45.408133768404994        2.7602414621120341     
   48.582640117521350        2.7734539981829895     
   54.568484807115929        2.7965193163671236     
