           1   1.0045869088488812       -9.9579367482373726E-002
           2   1.0023478141795128       -9.9344900330749830E-002
           3   1.0001440445075467       -9.9113396247441088E-002
           4  0.99793843648495828       -9.8881724508766311E-002
           5  0.99573076076882427       -9.8649876036104978E-002
           6  0.99352101504315926       -9.8417850867734913E-002
           7  0.99130919681437379       -9.8185648992927810E-002
           8  0.98909530688200087       -9.7953270657445302E-002
           9  0.98687934006339662       -9.7720715643081490E-002
          10  0.98466129863120411       -9.7487984311955600E-002
          11  0.98244117765036965       -9.7255076466661983E-002
          12  0.98021897949398773       -9.7021992479064068E-002
          13  0.97799469968184249       -9.6788732188482385E-002
          14  0.97576833919917361       -9.6555295860716761E-002
          15  0.97353989645188543       -9.6321683561634508E-002
          16  0.97130936831661829       -9.6087895239324261E-002
          17  0.96907675382885128       -9.5853931010532634E-002
          18  0.96684205231294007       -9.5619791015468358E-002
          19  0.96460526246311940       -9.5385475345942439E-002
          20  0.96236638360954041       -9.5150984144604323E-002
          21  0.96012541294086562       -9.4916317387844451E-002
          22  0.95788234929879024       -9.4681475182225583E-002
          23  0.95563719056831475       -9.4446457560281694E-002
          24  0.95338993696645813       -9.4211264737574574E-002
          25  0.95114058742238061       -9.3975896830134964E-002
          26  0.94888914004574676       -9.3740353890596317E-002
          27  0.94663559203244618       -9.3504635901535238E-002
          28  0.94437994258331537       -9.3268743003255494E-002
          29  0.94212219212527304       -9.3032675432635159E-002
          30  0.93986233661986840       -9.2796433077960927E-002
          31  0.93760037686520026       -9.2560016207674956E-002
          32  0.93533631063509093       -9.2323424853694824E-002
          33  0.93307013472911615       -9.2086658972823088E-002
          34  0.93080185299721530       -9.1849719076273928E-002
          35  0.92853145952305061       -9.1612604908190676E-002
          36  0.92625895460075791       -9.1375316703781628E-002
          37  0.92398433487054188       -9.1137854410122898E-002
          38  0.92170760141199182       -9.0900218325463911E-002
          39  0.91942875139140345       -9.0662408440317144E-002
          40  0.91714778473322112       -9.0424424964057337E-002
          41  0.91486469855100172       -9.0186267884990734E-002
          42  0.91257949418399864       -8.9947937526174471E-002
          43  0.91029216701966331       -8.9709433741558264E-002
          44  0.90800271822748724       -8.9470756843251564E-002
          45  0.90571114535495112       -8.9231906857550669E-002
          46  0.90341744628465692       -8.8992883838954207E-002
          47  0.90112161896041532       -8.8753687847228591E-002
          48  0.89882366641959277       -8.8514319346394643E-002
          49  0.89652358136067156       -8.8274777982653596E-002
          50  0.89422136697066723       -8.8035064234917471E-002
          51  0.89191702041198517       -8.7795178104645544E-002
          52  0.88961054212762980       -8.7555119854860308E-002
          53  0.88730192450793621       -8.7314889111310912E-002
          54  0.88499117508861225       -8.7074486702793941E-002
          55  0.88267828496029332       -8.6833912151857540E-002
          56  0.88036325796141601       -8.6593165997042476E-002
          57  0.87804609067077377       -8.6352248199058401E-002
          58  0.87572677928353437       -8.6111158690522771E-002
          59  0.87340532817397909       -8.5869898055110028E-002
          60  0.87108173085122387       -8.5628466012416027E-002
          61  0.86875598725060454       -8.5386862796193341E-002
          62  0.86642809820375677       -8.5145088711461092E-002
          63  0.86409806031146030       -8.4903143727023789E-002
          64  0.86176587342739375       -8.4661028072958722E-002
          65  0.85943153421232943       -8.4418741725587942E-002
          66  0.85709504509739132       -8.4176285122433470E-002
          67  0.85475639989410046       -8.3933658014166745E-002
          68  0.85241560010453898       -8.3690860766979291E-002
          69  0.85007264496624224       -8.3447893566704678E-002
          70  0.84772753260318778       -8.3204756511509714E-002
          71  0.84538025877134726       -8.2961449511819829E-002
          72  0.84303082716687805       -8.2717973114184495E-002
          73  0.84067923464299477       -8.2474327317433982E-002
          74  0.83832547641745292       -8.2230511992332112E-002
          75  0.83596955515962934       -8.1986527607291748E-002
          76  0.83361146915238549       -8.1742374278931607E-002
          77  0.83125121317409767       -8.1498051845569464E-002
          78  0.82888879126954251       -8.1253560889940069E-002
          79  0.82652419805067145       -8.1008901237138886E-002
          80  0.82415743671822950       -8.0764073405400261E-002
          81  0.82178850188902164       -8.0519077222496627E-002
          82  0.81941739295847071       -8.0273912903570555E-002
          83  0.81704411072208227       -8.0028580775791447E-002
          84  0.81466864991834820       -7.9783080680527085E-002
          85  0.81229101176478724       -7.9537412982763733E-002
          86  0.80991119563092029       -7.9291577898557897E-002
          87  0.80752920258063066       -7.9045575782180855E-002
          88  0.80514502109881392       -7.8799405974891101E-002
          89  0.80275866165065191       -7.8553069593946923E-002
          90  0.80037011571070005       -7.8306566221097107E-002
          91  0.79797938395296053       -7.8059896186227995E-002
          92  0.79558646758589679       -7.7813059861283840E-002
          93  0.79319136193555673       -7.7566057144244915E-002
          94  0.79079406611434977       -7.7318888241480366E-002
          95  0.78839458074684410       -7.7071553482196187E-002
          96  0.78599290103039321       -7.6824052757273442E-002
          97  0.78358903042658801       -7.6576386628914861E-002
          98  0.78118296459153735       -7.6328555026738520E-002
          99  0.77877470180324504       -7.6080558095934059E-002
         100  0.77636423989321290       -7.5832395945931275E-002
         101  0.77395158481121862       -7.5584069345460136E-002
         102  0.77153672447223964       -7.5335577600355030E-002
         103  0.76911966113572572       -7.5086921185573807E-002
         104  0.76670040055833166       -7.4838100857878231E-002
         105  0.76427893335746211       -7.4589116145014067E-002
         106  0.76185526078483079       -7.4339967443614263E-002
         107  0.75942938173618380       -7.4090654957482904E-002
         108  0.75700129251034143       -7.3841178681111508E-002
         109  0.75457099826847729       -7.3591539332253042E-002
         110  0.75213848692174534       -7.3341736222671372E-002
         111  0.74970376792551641       -7.3091770425357083E-002
         112  0.74726683155814155       -7.2841641445951844E-002
         113  0.74482768703861313       -7.2591350340791116E-002
         114  0.74238631879054984       -7.2340896139955646E-002
         115  0.73994273954261414       -7.2090280191308587E-002
         116  0.73749693744956746       -7.1839501829776609E-002
         117  0.73504891701147357       -7.1588561734405864E-002
         118  0.73259867960125491       -7.1337460324572888E-002
         119  0.73014620797632024       -7.1086196499609677E-002
         120  0.72769151912214958       -7.0834771965996524E-002
         121  0.72523460277636620       -7.0583186191322866E-002
         122  0.72277546562753248       -7.0331440041153215E-002
         123  0.72031409351478293       -7.0079532668897215E-002
         124  0.71785049062567352       -6.9827464738878575E-002
         125  0.71538466098317521       -6.9575236898037573E-002
         126  0.71291659575307953       -6.9322848740513088E-002
         127  0.71044630157415889       -6.9070301135363721E-002
         128  0.70797376558279357       -6.8817593346603090E-002
         129  0.70549899735664945       -6.8564726489424466E-002
         130  0.70302198856190690       -6.8311700201086012E-002
         131  0.70054274334153210       -6.8058515152199739E-002
         132  0.69806125755737225       -6.7805171329505143E-002
         133  0.69557752566530784       -6.7551668607674031E-002
         134  0.69309154777108262       -6.7298007327948106E-002
         135  0.69060333250193218       -6.7044188534405968E-002
         136  0.68811287058063242       -6.6790211794195642E-002
         137  0.68562015915957175       -6.6536077210596289E-002
         138  0.68312519533574412       -6.6281784882215256E-002
         139  0.68062798531623403       -6.6027335661218878E-002
         140  0.67812852125741829       -6.5772729237866479E-002
         141  0.67562680385040619       -6.5517966013254991E-002
         142  0.67312283132101258       -6.5263046183552831E-002
         143  0.67061659805452978       -6.5007969629025553E-002
         144  0.66810810972511470       -6.4752737167652619E-002
         145  0.66559736384392543       -6.4497348938811427E-002
         146  0.66308435451826286       -6.4241804804075819E-002
         147  0.66056909007322029       -6.3986105806679738E-002
         148  0.65805155578982755       -6.3730251075254429E-002
         149  0.65553175390976826       -6.3474241153850031E-002
         150  0.65300968960472849       -6.3218076826172087E-002
         151  0.65048535647469619       -6.2961757915782179E-002
         152  0.64795874413392429       -6.2705283919878063E-002
         153  0.64542987383777095       -6.2448656968713934E-002
         154  0.64289872500149325       -6.2191875704282751E-002
         155  0.64036529506093365       -6.1934940283077111E-002
         156  0.63782960291591551       -6.1677852643780895E-002
         157  0.63529162326465427       -6.1420611038513151E-002
         158  0.63275136523120268       -6.1163216603620896E-002
         159  0.63020882851392701       -6.0905669679664598E-002
         160  0.62766400641930498       -6.0647970079183544E-002
         161  0.62511690353826721       -6.0390118559634942E-002
         162  0.62256751039043889       -6.0132114701594297E-002
         163  0.62001583225755552       -5.9873959324760584E-002
         164  0.61746186186448282       -5.9615652196341351E-002
         165  0.61490560367380609       -5.9357194070130959E-002
         166  0.61234705052118399       -5.9098584725509440E-002
         167  0.60978621300073343       -5.8839825433913973E-002
         168  0.60722305623784312       -5.8580913653101696E-002
         169  0.60465762596005113       -5.8321853612520513E-002
         170  0.60208988075007019       -5.8062642210141568E-002
         171  0.59951984303568118       -5.7803281729751355E-002
         172  0.59694749203958819       -5.7543770809519224E-002
         173  0.59437283704136201       -5.7284110627036533E-002
         174  0.59179588381506920       -5.7024302056918330E-002
         175  0.58921661539774206       -5.6764344066507100E-002
         176  0.58663503500727399       -5.6504237328488749E-002
         177  0.58405114032350125       -5.6243982043669760E-002
         178  0.58146493200933769       -5.5983578668643119E-002
         179  0.57887640544924746       -5.5723027215142551E-002
         180  0.57628556727822955       -5.5462328646936676E-002
         181  0.57369240536854627       -5.5201482343957053E-002
         182  0.57109690828347526       -5.4940487751791167E-002
         183  0.56849909675216448       -5.4679347031048486E-002
         184  0.56589895352848563       -5.4418059127409713E-002
         185  0.56329648378670794       -5.4156624895536964E-002
         186  0.56069167426455624       -5.3895043625376893E-002
         187  0.55808453477925812       -5.3633316565433020E-002
         188  0.55547505916471596       -5.3371443606903490E-002
         189  0.55286325163118033       -5.3109425525892817E-002
         190  0.55024908741226830       -5.2847260643602567E-002
         191  0.54763258653205582       -5.2584951085647980E-002
         192  0.54501374314100415       -5.2322496771404658E-002
         193  0.54239253259054265       -5.2059896037498277E-002
         194  0.53976899014417767       -5.1797152309879024E-002
         195  0.53714308512672748       -5.1534263399710234E-002
         196  0.53451482869365408       -5.1271230695554948E-002
         197  0.53188420661239588       -5.1008053414400401E-002
         198  0.52925122074234787       -5.0744732152672611E-002
         199  0.52661586951455397       -5.0481267209828928E-002
         200  0.52397814725450076       -5.0217658539564169E-002
         201  0.52133805668131616       -4.9953906813237303E-002
         202  0.51869559442529234       -4.9690012181793364E-002
         203  0.51605074999282896       -4.9425974193678890E-002
         204  0.51340351795457217       -4.9161792832542517E-002
         205  0.51075389947305894       -4.8897468643310127E-002
         206  0.50810189752555435       -4.8633002325065178E-002
         207  0.50544751034241509       -4.8368394173032847E-002
         208  0.50279071848752477       -4.8103642978082561E-002
         209  0.50013152999564980       -4.7838749884585141E-002
         210  0.49746994603256978       -4.7573715441431297E-002
         211  0.49480594518787324       -4.7308538271209066E-002
         212  0.49213954175476182       -4.7043220061494750E-002
         213  0.48947071721453844       -4.6777759677909536E-002
         214  0.48679947335407237       -4.6512157740450810E-002
         215  0.48412580405816158       -4.6246414184242468E-002
         216  0.48144970956716010       -4.5980529494770828E-002
         217  0.47877118211980074       -4.5714503469565848E-002
         218  0.47609021566071363       -4.5448336058386829E-002
         219  0.47340679539976738       -4.5182026459990254E-002
         220  0.47072093615065741       -4.4915576421634462E-002
         221  0.46803264045101228       -4.4648986624713949E-002
         222  0.46534185247164084       -4.4382252740875927E-002
         223  0.46264864459590466       -4.4115381493007533E-002
         224  0.45995293452418895       -4.3848366242118963E-002
         225  0.45725476675723292       -4.3581211332385017E-002
         226  0.45455409984672895       -4.3313913650936620E-002
         227  0.45185094794648134       -4.3046474914954835E-002
         228  0.44914528518397284       -4.2778893366993032E-002
         229  0.44643714649243649       -4.2511172513892248E-002
         230  0.44372649345362791       -4.2243309508211091E-002
         231  0.44101333376702068       -4.1975305518422878E-002
         232  0.43829763207697708       -4.1707157972942888E-002
         233  0.43557940082659902       -4.1438868450858202E-002
         234  0.43285865200693613       -4.1170438471789694E-002
         235  0.43013535304249029       -4.0901865703308893E-002
         236  0.42740945615867898       -4.0633146518554319E-002
         237  0.42468102393971119       -4.0364286849797537E-002
         238  0.42194999831406133       -4.0095282130420351E-002
         239  0.41921642353117977       -3.9826136719723237E-002
         240  0.41648022135557677       -3.9556844309728056E-002
         241  0.41374143121372275       -3.9287408856520045E-002
         242  0.41100001920480789       -3.9017827896595136E-002
         243  0.40825596845651491       -3.8748100482037806E-002
         244  0.40550927037155443       -3.8478226374377478E-002
         245  0.40275993869757942       -3.8208207274073480E-002
         246  0.40000790652771295       -3.7938037858802787E-002
         247  0.39725323699142329       -3.7667724158509941E-002
         248  0.39449586953031290       -3.7397261374738200E-002
         249  0.39173577661362152       -3.7126647648062949E-002
         250  0.38897296209403825       -3.6855883833101011E-002
         251  0.38620743635306037       -3.6584971339145511E-002
         252  0.38343910834947748       -3.6313902729743219E-002
         253  0.38066802957991014       -3.6042683052507130E-002
         254  0.37789414947458672       -3.5771308373119481E-002
         255  0.37511746873049506       -3.5499779288634237E-002
         256  0.37233794442848395       -3.5228092557677115E-002
         257  0.36955558014903483       -3.4956249025435149E-002
         258  0.36677032982536845       -3.4684245170017114E-002
         259  0.36487793279445252       -3.4490918816913130E-002
         260  0.36210766296263908       -3.4220441919175393E-002
         261  0.35933537661457238       -3.3949881795408032E-002
         262  0.35656081254875049       -3.3679217932496286E-002
         263  0.35378401674504351       -3.3408454893807615E-002
         264  0.35100494383986197       -3.3137589325225925E-002
         265  0.34822366032951352       -3.2866627581578101E-002
         266  0.34544013170321292       -3.2595567261170189E-002
         267  0.34265436594747545       -3.2324409635282159E-002
         268  0.33986636985060553       -3.2053155879587791E-002
         269  0.33707614222829624       -3.1781806495601472E-002
         270  0.33428372229862030       -3.1510365467006807E-002
         271  0.33148908261757959       -3.1238831009169132E-002
         272  0.32869221173708696       -3.0967202730176169E-002
         273  0.32589315933317248       -3.0695485550294777E-002
         274  0.32309193366610706       -3.0423680763243865E-002
         275  0.32028852601063573       -3.0151788245454725E-002
         276  0.31748291517270322       -2.9879806708822620E-002
         277  0.31467516318528405       -2.9607742213533683E-002
         278  0.31186524695058093       -2.9335593300962692E-002
         279  0.30905321554163551       -2.9063364881843690E-002
         280  0.30623907934308880       -2.8791058469660236E-002
         281  0.30342283134049419       -2.8518674024335056E-002
         282  0.30060449234421077       -2.8246213998878389E-002
         283  0.29778410843670883       -2.7973683011562223E-002
         284  0.29496169457678684       -2.7701082975463365E-002
         285  0.29213716151444319       -2.7428406682449058E-002
         286  0.28931077592932020       -2.7155678060590382E-002
         287  0.28648235342803252       -2.6882881555973626E-002
         288  0.28365197432642908       -2.6610024816679179E-002
         289  0.28081973927792214       -2.6337117251307163E-002
         290  0.27798572767061991       -2.6064166316034587E-002
         291  0.27514969227565855       -2.5791151068716545E-002
         292  0.27231210127864713       -2.5518113014697086E-002
         293  0.26947282661189442       -2.5245041493493048E-002
         294  0.26663182918078776       -2.4971933599235996E-002
         295  0.26378932080597578       -2.4698808554267870E-002
         296  0.26094537850160288       -2.4425673571487394E-002
         297  0.25810007223084952       -2.4152535347917947E-002
         298  0.25525346263970328       -2.3879399626330233E-002
         299  0.25240583791051169       -2.3606292166506115E-002
         300  0.24955720336172230       -2.3333213969507938E-002
         301  0.24670776190972293       -2.3060183249095090E-002
         302  0.24385763300761740       -2.2787210733092422E-002
         303  0.24100731356926708       -2.2514340609361305E-002
         304  0.23788908087759922       -2.2218713130880197E-002
         305  0.23501371097074733       -2.1943929545126473E-002
         306  0.23213563366318221       -2.1669031967038954E-002
         307  0.22925494969006285       -2.1394030112429796E-002
         308  0.22637168135000690       -2.1118926600689925E-002
         309  0.22348573313252335       -2.0843713515749762E-002
         310  0.22059698808820941       -2.0568381071226050E-002
         311  0.21770536405115584       -2.0292922476349951E-002
         312  0.21481072915855201       -2.0017326438205529E-002
         313  0.21191291707392457       -1.9741578610320332E-002
         314  0.20901159894137272       -1.9465649986698530E-002
         315  0.20610664625449457       -1.9189529338447642E-002
         316  0.20319737850116343       -1.8913155739345378E-002
         317  0.20028333255503811       -1.8636487731545692E-002
         318  0.19736382713226716       -1.8359463640872598E-002
         319  0.19443744810477692       -1.8081955678066031E-002
         320  0.19150263304136059       -1.7803821631495964E-002
         321  0.18855679730612676       -1.7524826057320197E-002
         322  0.18559575789849658       -1.7244587456930027E-002
         323  0.18261301522907375       -1.6962510730039959E-002
         324  0.18002065378541290       -1.6715925543137722E-002
         325  0.17711823553544714       -1.6441413455847709E-002
         326  0.17423034166560863       -1.6168325590137478E-002
         327  0.17137619076292079       -1.5898353922237263E-002
         328  0.16862359954072947       -1.5637455663443767E-002
         329  0.16524324140581262       -1.5321065130549094E-002
         330  0.16254911220659618       -1.5065946195202073E-002
         331  -5.3773274125376398E-003   5.1626595722531476E-004
         332   5.7094055001780273E-003  -5.4627345037427943E-004
         333   5.7212305302490711E-003  -5.4689242553873640E-004
         334   5.7879553783208859E-003  -5.5274517881809260E-004
         335   5.8597869812513853E-003  -5.5907200604554674E-004
         336   5.8486973354956043E-003  -5.5749200655075271E-004
         337   5.9196202294680665E-003  -5.6371337705840574E-004
         338   5.9975254342734567E-003  -5.7058490389128025E-004
         339   5.9933287194196862E-003  -5.6964891943689366E-004
         340   6.0720278324939980E-003  -5.7657429420565620E-004
         341   6.1565998345937600E-003  -5.8404128231259733E-004
         342   6.1604200079328061E-003  -5.8385001026817207E-004
         343   6.2461169556198778E-003  -5.9139923631512659E-004
         344   6.3411192282284892E-003  -5.9981154813026905E-004
         345   6.3549377493964153E-003  -6.0054508305285026E-004
         346   6.4522541715727475E-003  -6.0914751785734467E-004
         347   6.5574076518819377E-003  -6.1846975532642290E-004
         348   6.5813780305325371E-003  -6.2013404222938107E-004
         349   6.6913884914231933E-003  -6.2988102875571883E-004
         350   6.7251154715613579E-003  -6.3244417036223410E-004
         351   6.8467366915298160E-003  -6.4324618295774627E-004
         352   6.8910222762318804E-003  -6.4677783023281421E-004
         353   7.0239764373509466E-003  -6.5860227097047641E-004
         354   7.0811228188182480E-003  -6.6331167052258166E-004
         355   7.2290113085331370E-003  -6.7648843734868791E-004
         356   7.3025042345160373E-003  -6.8269347786475976E-004
         357   7.3820274630628903E-003  -6.8944680519056334E-004
         358   7.5577715057276599E-003  -7.0514784808661801E-004
         359   7.6628830985142216E-003  -7.1424311371792726E-004
         360   7.7767097696792358E-003  -7.2412848297709331E-004
         361   7.9068862337970894E-003  -7.3551054697595930E-004
         362   8.0530291436348798E-003  -7.4834900924347636E-004
         363   8.2205172730822687E-003  -7.6313756925827647E-004
         364   8.4116945959706105E-003  -7.8008705920318278E-004
         365   8.6323540158238597E-003  -7.9972599535516053E-004
         366   8.7984754087750312E-003  -8.1428477861233972E-004
         367   9.0028771263209444E-003  -8.3234388640107682E-004
         368   9.2616321429169757E-003  -8.5537355071529930E-004
         369   2.7021684628535141E-002  -2.4836756748527478E-003
         370  -8.4090298167690244E-002   7.8971775136489342E-003
         371  -8.6756325471687105E-003   8.0120947001116605E-004
         372  -8.9153683475359669E-003   8.2257131036644893E-004
         373  -9.0720631485484027E-003   8.3622101793690007E-004
         374  -3.3330126632812873E-002   3.0847688353361491E-003
         375   2.7043345972780596E-002  -2.4683630790756084E-003
         376   2.4524666589770820E-002  -2.2374454839795277E-003
         377  -3.3889840456295332E-002   3.1276594793476775E-003
         378  -1.0500538644561241E-002   9.6334167510203628E-004
         379  -1.0905641963362493E-002   9.9958516999887337E-004
         380  -1.1288587289138782E-002   1.0337252003420616E-003
         381  -1.1861116280571307E-002   1.0851884799061295E-003
         382  -1.2439950286699655E-002   1.1371353818958596E-003
         383  -1.3615128155801849E-002   1.2436120250178817E-003
         384  -4.2344275955075131E-002   3.8833694701212451E-003
         385  -1.8478292026727430E-002   1.6844413049286189E-003
         386  -4.4686398106818820E-002   4.0878710612677338E-003
         387  -2.4647545558416604E-002   2.2429290041889871E-003
         388  -2.6646630757928873E-002   2.4234973722485620E-003
         389  -3.1817393783618399E-002   2.8940029733446337E-003
         390  -3.6848859511010613E-002   3.3516067635321889E-003
         391  -3.3494890765070583E-002   3.0413089989131947E-003
         392  -4.0298557035043314E-002   3.6605769725204240E-003
         393  -4.0146609678243808E-002   3.6430145032690930E-003
         394  -4.2478952392551013E-002   3.8526374511960171E-003
         395  -4.4819207102443900E-002   4.0627477278505353E-003
         396  -4.7634234518429380E-002   4.3160726883666456E-003
         397  -5.0479430498309448E-002   4.5719335316878329E-003
         398  -5.3197649228655448E-002   4.8159277558017521E-003
         399  -5.5804159231567639E-002   5.0494457511485180E-003
         400  -8.8948034000461085E-002   8.0971641453269072E-003
         401  -5.0805322058476231E-002   4.5835414112653794E-003
         402  -6.9885553026484803E-002   6.3228086888553747E-003
         403  -5.1254525855459641E-003   4.5678880626542906E-004
         404  -2.9523628870349122E-002   2.6427578751713199E-003
         405  -7.1814960766785119E-002   6.4798800801328937E-003
         406  -7.9783547079334508E-002   7.1960269060182824E-003
         407  -9.2749317505752063E-002   8.3793363877449067E-003
         408  -8.4655389414189208E-002   7.6274280518147108E-003
         409  -9.2531587973239224E-002   8.3335373438533367E-003
         410  -9.4142858321020859E-002   8.4726724094181805E-003
         411  -9.7103139562090643E-002   8.7355631559908886E-003
         412 -0.10083848697201143        9.0688376436567353E-003
         413  -6.8919072878701429E-002   6.1521794448022860E-003
         414 -0.10740172546497637        9.6521373037870006E-003
         415  -8.4277432959568493E-002   7.5318687648673333E-003
         416 -0.12479293754632749        1.1231699001719164E-002
         417 -0.10703185360372107        9.5898106686336249E-003
         418 -0.11971173487892513        1.0740845930506282E-002
         419 -0.12155203896459792        1.0899103963467383E-002
         420 -0.12502842126036290        1.1207199214414487E-002
         421 -0.12862221858380590        1.1525646700993875E-002
         422 -0.13203658631874154        1.1827327275591770E-002
         423 -0.13533384032881957        1.2118027634132389E-002
         424 -0.13857104051878791        1.2402994905916565E-002
         425 -0.14095727656602808        1.2609982418990917E-002
         426 -0.14440051861736000        1.2913158349300957E-002
         427 -0.14774300012628930        1.3207036728624999E-002
         428 -0.15103691726425297        1.3496236807365669E-002
         429 -0.15429006911428766        1.3781463407392280E-002
         430 -0.15751497145166965        1.4063854384951391E-002
         431 -0.16072019998151454        1.4344190299366844E-002
         432 -0.16391235937926138        1.4623072876102761E-002
         433 -0.16709582029283301        1.4900900325656607E-002
         434 -0.17027442081119065        1.5178022929494439E-002
         435 -0.17345031128407462        1.5454636472723493E-002
         436 -0.17662494782205521        1.5730873224587327E-002
         437 -0.17979974244644484        1.6006861765494484E-002
         438 -0.18297517823132536        1.6282645174432453E-002
         439 -0.18615186411061418        1.6558278291308071E-002
         440 -0.18933005901825614        1.6833783705063610E-002
         441 -0.19250996028584472        1.7109178357357813E-002
         442 -0.19569169182604934        1.7384472428560116E-002
         443 -0.19887529282276317        1.7659668267575590E-002
         444 -0.20206079209118893        1.7934767259980333E-002
         445 -0.20524822522192035        1.8209771430103494E-002
         446 -0.20843761831544186        1.8484681921286494E-002
         447 -0.21162892518192361        1.8759493155878992E-002
         448 -0.21482216259786466        1.9034205403573701E-002
         449 -0.21801733226061379        1.9308817528341571E-002
         450 -0.22124248875414065        1.9587064594189130E-002
         451 -0.22443973830218364        1.9861231702925863E-002
         452 -0.22763824960245710        2.0135219830363482E-002
         453 -0.22799840261592122        2.0145351472011797E-002
         454 -0.23402414644669908        2.0681400594168231E-002
         455 -0.23463226254034319        2.0713708851712198E-002
         456 -0.24043743647154064        2.1228919546047997E-002
         457 -0.24125691608796593        2.1280127127488946E-002
         458 -0.24685872340448708        2.1776044665403838E-002
         459 -0.24786839936159627        2.1844207322169851E-002
         460 -0.25328768141591507        2.2322730348222741E-002
         461 -0.25446906676652614        2.2406148416645344E-002
         462 -0.25972425847100528        2.2868956986314970E-002
         463 -0.26106101536808124        2.2966127112602486E-002
         464 -0.26616816730091297        2.3414683888301369E-002
         465 -0.26764602110918706        2.3524291350692117E-002
         466 -0.27261954070117911        2.3959910012323782E-002
         467 -0.27422557791441288        2.4080764082467176E-002
         468 -0.27907804629983113        2.4504591358772920E-002
         469 -0.28080118334182264        2.4635668943080447E-002
         470 -0.28554372988423005        2.5048719324479940E-002
         471 -0.28737382988239596        2.5189083640654530E-002
         472 -0.29201635907178947        2.5592259700830233E-002
         473 -0.29394456717242995        2.5741091383918224E-002
         474 -0.29849600528951831        2.6135206731896510E-002
         475 -0.30051427194644736        2.6291759839352835E-002
         476 -0.30498257113824795        2.6677538965281578E-002
         477 -0.30708365043707525        2.6841141050468309E-002
         478 -0.31147598440744978        2.7219237330712076E-002
         479 -0.31365340620390930        2.7389286997552276E-002
         480 -0.31797612053609753        2.7760277927810328E-002
         481 -0.32022405856232827        2.7936232717379994E-002
         482 -0.32448297220555228        2.8300647747115271E-002
         483 -0.32679612078321207        2.8482012812212076E-002
         484 -0.33099645845959597        2.8840326904913560E-002
         485 -0.33337007083040326        2.9026658655489257E-002
         486 -0.33751654226804700        2.9379299580003959E-002
         487 -0.33994621365098371        2.9570185624121059E-002
         488 -0.34404309235923247        2.9917541123701596E-002
         489 -0.34652490313247736        3.0112613626273266E-002
         490 -0.35057604591111546        3.0455033183746316E-002
         491 -0.35310641976095769        3.0653955775130193E-002
         492 -0.35711536616258249        3.0991759782424744E-002
         493 -0.35969097728959420        3.1194218972078858E-002
         494 -0.36366096194838626        3.1527699798582276E-002
         495 -0.36627880213005731        3.1733411253756394E-002
         496 -0.37021275487462302        3.2062833202447294E-002
         497 -0.37287010175107349        3.2271538861938787E-002
         498 -0.37677069369579808        3.2597142433067106E-002
         499 -0.37946498915679849        3.2808599210704337E-002
         500 -0.38333467690514139        3.3130605152978276E-002
         501 -0.38606359297163062        3.3344591101243104E-002
         502 -0.38934725121426761        3.3610601311147015E-002
         503 -0.39264382093676164        3.3877453782186429E-002
         504 -0.39594712203503291        3.4144572564541953E-002
         505 -0.39925157845513903        3.4411436213122037E-002
         506 -0.40255702231136126        3.4678027975816761E-002
         507 -0.40586344439729377        3.4944345342398542E-002
         508 -0.40917082674058858        3.5210384965288277E-002
         509 -0.41247923153114696        3.5476150965511266E-002
         510 -0.41578861408839668        3.5741637484999700E-002
         511 -0.41909897388984363        3.6006842789602089E-002
         512 -0.42241034309351111        3.6271768180092145E-002
         513 -0.42572273106420494        3.6536412820982633E-002
         514 -0.42903612968813992        3.6800774244549750E-002
         515 -0.43235051990539297        3.7064848958415553E-002
         516 -0.43566591410879785        3.7328636398272330E-002
         517 -0.43898234601393243        3.7592137975657636E-002
         518 -0.44229974749142598        3.7855345596331524E-002
         519 -0.44561821512532823        3.8118266535446033E-002
         520 -0.44893764876592673        3.8380889687883446E-002
         521 -0.45225813035825924        3.8643220956398494E-002
         522 -0.45557959361165323        3.8905252381590927E-002
         523 -0.45890204269603146        3.9166982595713939E-002
         524 -0.46222552681318541        3.9428414408686940E-002
         525 -0.46554998181158735        3.9689540045663385E-002
         526 -0.46887544965268835        3.9950361642307364E-002
         527 -0.47220188172607669        4.0210872860027003E-002
         528 -0.47552931058141751        4.0471074939472551E-002
         529 -0.47885770051805543        4.0730962734597753E-002
         530 -0.48218708202959837        4.0990537277600048E-002
         531 -0.48551740778431413        4.1249792323339918E-002
         532 -0.48884872770011162        4.1508730703654351E-002
         533 -0.49218097014184559        4.1767343889815400E-002
         534 -0.49551414262020221        4.2025630753032672E-002
         535 -0.49884826902769414        4.2283591663836440E-002
         536 -0.50218331807205452        4.2541221838982679E-002
         537 -0.50551928423396142        4.2798518903310878E-002
         538 -0.50885616259027677        4.3055480523944034E-002
         539 -0.51219393691598902        4.3312103307913574E-002
         540 -0.51553260984697136        4.3568385613898641E-002
         541 -0.51887215529141251        4.3824323113435426E-002
         542 -0.52221256160218577        4.4079912824418699E-002
         543 -0.52555384524059567        4.4335154369945506E-002
         544 -0.52889596886200430        4.4590042347909531E-002
         545 -0.53223893684504675        4.4844575249684659E-002
         546 -0.53558272423803721        4.5098748816209344E-002
         547 -0.53892732652884368        4.5352560692553112E-002
         548 -0.54227274222161603        4.5606008791188479E-002
         549 -0.54561894464766414        4.5859088673279480E-002
         550 -0.54896591664232719        4.6111796784991554E-002
         551 -0.55231367462065117        4.6364132687199522E-002
         552 -0.55566218019524949        4.6616090822140244E-002
         553 -0.55901141971568735        4.6867667947055658E-002
         554 -0.56236139622792825        4.7118862353166868E-002
         555 -0.56571209377412990        4.7369670552894760E-002
         556 -0.56906346542258535        4.7620086179394505E-002
         557 -0.57241552944695417        4.7870108928638189E-002
         558 -0.57576828549711034        4.8119736736070173E-002
         559 -0.57912169635552946        4.8368964109953616E-002
         560 -0.58247573818878418        4.8617786808440755E-002
         561 -0.58583042250917050        4.8866203860775670E-002
         562 -0.58918571600222069        4.9114210112235490E-002
         563 -0.59254160511196929        4.9361802252520626E-002
         564 -0.59589808022316126        4.9608977322438186E-002
         565 -0.59925512199304887        4.9855731450701768E-002
         566 -0.60261271386248183        5.0102061020637301E-002
         567 -0.60597085064858458        5.0347963462840539E-002
         568 -0.60932949809394099        5.0593433498861806E-002
         569 -0.61268865147736451        5.0838468594229802E-002
         570 -0.61604828733706696        5.1083064457388083E-002
         571 -0.61940840138622510        5.1327218573655742E-002
         572 -0.62276896616876842        5.1570926267411110E-002
         573 -0.62612996724764425        5.1814184070178904E-002
         574 -0.62949138681226946        5.2056988188645015E-002
         575 -0.63285320804029466        5.2299334915769435E-002
         576 -0.63621540972880719        5.2541220131762323E-002
         577 -0.63957797259699734        5.2782639887819727E-002
         578 -0.64294089725131787        5.3023592066282710E-002
         579 -0.64630414485648757        5.3264072124838968E-002
         580 -0.64966765289143025        5.3504054298376680E-002
         581 -0.65303151582137442        5.3743576961450046E-002
         582 -0.65639564076799983        5.3982614106540261E-002
         583 -0.65976001699722475        5.4221162483448992E-002
         584 -0.66312461814516099        5.4459217436857443E-002
         585 -0.66648944261350507        5.4696776593787355E-002
         586 -0.66985446300912943        5.4933835185034141E-002
         587 -0.67321966231796881        5.5170389401625997E-002
         588 -0.67658501727792641        5.5406434848947583E-002
         589 -0.67995050537721657        5.5641967195858122E-002
         590 -0.68331610568675361        5.5876982251182206E-002
         591 -0.68668181036938469        5.6111477019634926E-002
         592 -0.69004758398198596        5.6345445952620032E-002
         593 -0.69341342091472946        5.6578886251408278E-002
         594 -0.69677928575831383        5.6811792357994051E-002
         595 -0.70014516617850109        5.7044160840673541E-002
         596 -0.70351103155722772        5.7275986572141058E-002
         597 -0.70687687008447353        5.7507266152677872E-002
         598 -0.71024266295159222        5.7737995523322816E-002
         599 -0.71360837540083533        5.7968169160895755E-002
         600 -0.71697399900634962        5.8197783956249971E-002
         601 -0.72033950008902115        5.8426834467004696E-002
         602 -0.72370486138897638        5.8655316760634513E-002
         603 -0.72707006147870223        5.8883226508451791E-002
         604 -0.73043508280773084        5.9110559729351309E-002
         605 -0.73379989070469109        5.9337310872533244E-002
         606 -0.73716447741560542        5.9563476845413632E-002
         607 -0.74052880682635336        5.9789051947074512E-002
         608 -0.74389285772017344        6.0014031845194715E-002
         609 -0.74725661048396064        6.0238412338680547E-002
         610 -0.75062004404846727        6.0462189085611406E-002
         611 -0.75398313417874430        6.0685357451582433E-002
         612 -0.75734584221003953        6.0907911483709221E-002
         613 -0.76070817696134641        6.1129849550378701E-002
         614 -0.76407007606877120        6.1351163515220186E-002
         615 -0.76743153995571911        6.1571850983423992E-002
         616 -0.77079253714976859        6.1791906619276915E-002
         617 -0.77415304418255704        6.2011325827143970E-002
         618 -0.77751303811615802        6.2230104048490276E-002
         619 -0.78087248820137622        6.2448236010347991E-002
         620 -0.78423137597188530        6.2665717552595090E-002
         621 -0.78758967416184489        6.2882543704053440E-002
         622 -0.79094735323930809        6.3098709289953980E-002
         623 -0.79430439519679097        6.3314210171151686E-002
         624 -0.79766077709636418        6.3529041751319681E-002
         625 -0.80101646262768889        6.3743198224089248E-002
         626 -0.80437143283461965        6.3956675352926595E-002
         627 -0.80772566312132221        6.4169468374829286E-002
         628 -0.81107911614457218        6.4381571380008218E-002
         629 -0.81443178513468850        6.4592981210873646E-002
         630 -0.81778362569253438        6.4803691301356103E-002
         631 -0.82113462703043505        6.5013698125070185E-002
         632 -0.82448474904548064        6.5222995497243197E-002
         633 -0.82783397648942891        6.5431579476364909E-002
         634 -0.83118227023345825        6.5639443961796218E-002
         635 -0.83452962054919588        6.5846585493269494E-002
         636 -0.83787598419117526        6.6052997589889806E-002
         637 -0.84122134343232013        6.6258676069282707E-002
         638 -0.84456566538608013        6.6463615374917850E-002
         639 -0.84790893316809968        6.6667811381081243E-002
         640 -0.85125110734958920        6.6871257939455475E-002
         641 -0.85459217000381738        6.7073950827166939E-002
         642 -0.85793208921293185        6.7275884557309595E-002
         643 -0.86127083984569242        6.7477054253265223E-002
         644 -0.86460838452759647        6.7677453941535681E-002
         645 -0.86794471097486903        6.7877079881220936E-002
         646 -0.87127978171517084        6.8075926074469884E-002
         647 -0.87461357422245378        6.8273987863071817E-002
         648 -0.87794605564071548        6.8471259660348949E-002
         649 -0.88127719795168225        6.8667736312678862E-002
         650 -0.88460698312425456        6.8863413538376328E-002
         651 -0.88793536573337095        6.9058284631703160E-002
         652 -0.89126233182573822        6.9252345677309535E-002
         653 -0.89458784774655087        6.9445590998172158E-002
         654 -0.89791188719387127        6.9638015574848389E-002
         655 -0.90123442107969964        6.9829614136245333E-002
         656 -0.90455541803951978        7.0020381211564064E-002
         657 -0.90787485325908301        7.0210311902895839E-002
         658 -0.91119269693094673        7.0399400866685724E-002
         659 -0.91450892464549938        7.0587643232644659E-002
         660 -0.91782349908308991        7.0775032999922161E-002
         661 -0.92113640185679413        7.0961565822323713E-002
         662 -0.92444759611193761        7.1147235732326841E-002
         663 -0.92775705896306671        7.1332037987725805E-002
         664 -0.93106475688247503        7.1515966910466133E-002
         665 -0.93437066480780695        7.1699017562963263E-002
         666 -0.93767475154346946        7.1881184469295256E-002
         667 -0.94097699206362451        7.2062462689348017E-002
         668 -0.94427735584368633        7.2242846801698235E-002
         669 -0.94757581657106471        7.2422331751759828E-002
         670 -0.95087233821647865        7.2600911644521204E-002
         671 -0.95416690121128356        7.2778582008053760E-002
         672 -0.95745946867800613        7.2955336868486320E-002
         673 -0.96075002145707389        7.3131171785406401E-002
         674 -0.96403852436452708        7.3306080930173323E-002
         675 -0.96732494927900425        7.3480059092338124E-002
         676 -0.97060926935799552        7.3653101164795842E-002
         677 -0.97389145775479902        7.3825202036686299E-002
         678 -0.97717148470599147        7.3996356350387593E-002
         679 -0.98044931884866759        7.4166558614849443E-002
         680 -0.98372493636967884        7.4335803982022775E-002
         681 -0.98699830855475745        7.4504087180030432E-002
         682 -0.99026940429600341        7.4671402741486759E-002
         683 -0.99353820109126911        7.4837745926913612E-002
         684 -0.99680466208189067        7.5003110781787896E-002
         685  -1.0000687682539842        7.5167492864417262E-002
         686  -1.0033304880351146        7.5330886665139651E-002
         687  -1.0065897963149071        7.5493287225965489E-002
         688  -1.0098466613190022        7.5654689028652911E-002
         689  -1.0131010580298800        7.5815087126382963E-002
         690  -1.0163529599505259        7.5974476444335970E-002
         691  -1.0196023377878669        7.6132851676489643E-002
         692  -1.0228491672926363        7.6290207941907440E-002
         693  -1.0260934173045071        7.6446539782524248E-002
         694  -1.0293350656776732        7.6601842495112038E-002
         695  -1.0325740842856128        7.6756110875584760E-002
         696  -1.0358104451175218        7.6909339736547011E-002
         697  -1.0390441222538440        7.7061524065834774E-002
         698  -1.0422750920910899        7.7212659042148246E-002
         699  -1.0455033250883998        7.7362739355616661E-002
         700  -1.0487288009193776        7.7511760458478740E-002
         701  -1.0519514870689533        7.7659716803640144E-002
         702  -1.0551713601847164        7.7806603604167357E-002
         703  -1.0583883973474779        7.7952416102493594E-002
         704  -1.0616025743066575        7.8097149432814206E-002
         705  -1.0648138631887187        7.8240798442786641E-002
         706  -1.0680222391037464        7.8383358226661315E-002
         707  -1.0712276780832637        7.8524823955114620E-002
         708  -1.0744301608244762        7.8665191172143878E-002
         709  -1.0776296556367806        7.8804454430092541E-002
         710  -1.0808261431816311        7.8942609283739529E-002
         711  -1.0840196013423324        7.9079651057300637E-002
         712  -1.0872100055811054        7.9215574886950968E-002
         713  -1.0903973314775208        7.9350375925915095E-002
         714  -1.0935815568370715        7.9484049507298593E-002
         715  -1.0967626599798299        7.9616591004723958E-002
         716  -1.0999406175841748        7.9747995666627602E-002
         717  -1.1031154116212549        7.9878259161140441E-002
         718  -1.1062870166627676        8.0007376574968703E-002
         719  -1.1094554136277965        8.0135343502249157E-002
         720  -1.1126205790373944        8.0262155192881934E-002
         721  -1.1157824943026802        8.0387807283399226E-002
         722  -1.1189411395555420        8.0512295309657311E-002
         723  -1.1220964932148345        8.0635614680010903E-002
         724  -1.1252485358063802        8.0757760972318238E-002
         725  -1.1283972483573876        8.0878729802847715E-002
         726  -1.1315426131231794        8.0998516884679184E-002
         727  -1.1346846097407413        8.1117117733029431E-002
         728  -1.1378232200734810        8.1234528040886822E-002
         729  -1.1409584288882026        8.1350743718836327E-002
         730  -1.1440902139347688        8.1465760150276623E-002
         731  -1.1472185623814879        8.1579573438280484E-002
         732  -1.1503434546325051        8.1692179169723822E-002
         733  -1.1534648744322040        8.1803573195704082E-002
         734  -1.1565828073643702        8.1913751499656406E-002
         735  -1.1596972368053631        8.2022709903662339E-002
         736  -1.1628081470655500        8.2130444304949535E-002
         737  -1.1659155238725709        8.2236950705521394E-002
         738  -1.1690193535362339        8.2342225151590398E-002
         739  -1.1721196200088855        8.2446263520083996E-002
         740  -1.1752163122854773        8.2549062057711176E-002
         741  -1.1783094139043675        8.2650616614428962E-002
         742  -1.1813989143068893        8.2750923474270266E-002
         743  -1.1844848013431859        8.2849978801474045E-002
         744  -1.1875670612088551        8.2947778644586023E-002
         745  -1.1906456852886620        8.3044319427416191E-002
         746  -1.1937206598394128        8.3139597202997351E-002
         747  -1.1967919767952622        8.3233608433911144E-002
         748  -1.1998596242208739        8.3326349304052805E-002
         749  -1.2029235916644383        8.3417816106770459E-002
         750  -1.2059838727573962        8.3508005420153353E-002
         751  -1.2090404555706409        8.3596913428823250E-002
         752  -1.2120933371888303        8.3684536947491672E-002
         753  -1.2151425038285479        8.3770872031588617E-002
         754  -1.2181879505679092        8.3855915356836341E-002
         755  -1.2212296721383686        8.3939663562924594E-002
         756  -1.2242676592984125        8.4022113017687694E-002
         757  -1.2273019085695245        8.4103260482881304E-002
         758  -1.2303324141830003        8.4183102555033251E-002
         759  -1.2333591704334843        8.4261635835706450E-002
         760  -1.2363821741783911        8.4338857093988473E-002
         761  -1.2394014204848514        8.4414762973117341E-002
         762  -1.2424169061172343        8.4489350227336502E-002
         763  -1.2454286298064381        8.4562615730796153E-002
         764  -1.2484365873125718        8.4634556158092344E-002
         765  -1.2514407798437874        8.4705168533176334E-002
         766  -1.2544412026569314        8.4774449486123338E-002
         767  -1.2574378569812115        8.4842396027974942E-002
         768  -1.2604307413179037        8.4909004983236613E-002
         769  -1.2634198576568367        8.4974273391689614E-002
         770  -1.2664052053412231        8.5038198114316899E-002
         771  -1.2693867870742483        8.5100776215335294E-002
         772  -1.2723646040569327        8.5162004651807344E-002
         773  -1.2753386583961768        8.5221880429008579E-002
         774  -1.2783089529873783        8.5280400588383820E-002
         775  -1.2812754922303506        8.5337562249130805E-002
         776  -1.2842382798237442        8.5393362473772605E-002
         777  -1.2871973206958931        8.5447798385244411E-002
         778  -1.2901526193442920        8.5500867065992914E-002
         779  -1.2931041815681601        8.5552565660734992E-002
         780  -1.2960520131044273        8.5602891294170647E-002
         781  -1.2989961217577890        8.5651841193186584E-002
         782  -1.3019365135136554        8.5699412460849445E-002
         783  -1.3048731966637812        8.5745602314887925E-002
         784  -1.3078061796200176        8.5790407959328796E-002
         785  -1.3107354715844719        8.5833826620064890E-002
         786  -1.3136610824244186        8.5875855537555168E-002
         787  -1.3165830208094786        8.5916491863343047E-002
         788  -1.3195012988821233        8.5955732917548211E-002
         789  -1.3224159252806160        8.5993575801656785E-002
         790  -1.3253269127130458        8.6030017814890947E-002
         791  -1.3282342742561706        8.6065056243487703E-002
         792  -1.3311380215269810        8.6098688267640888E-002
         793  -1.3340381681083804        8.6130911143664335E-002
         794  -1.3369347281438186        8.6161722122612971E-002
         795  -1.3398277143814887        8.6191118353373231E-002
         796  -1.3427171437392398        8.6219097163194203E-002
         797  -1.3456030292498864        8.6245655645357910E-002
         798  -1.3484853889494999        8.6270791110755418E-002
         799  -1.3513642383533149        8.6294500700510923E-002
         800  -1.3542395932240965        8.6316781535103804E-002
         801  -1.3571114732051937        8.6337630879238514E-002
         802  -1.3599798940999164        8.6357045768315377E-002
         803  -1.3628448756949738        8.6375023386578764E-002
         804  -1.3657064366906906        8.6391560816647228E-002
         805  -1.3685645974725247        8.6406655171091362E-002
         806  -1.3714193762529374        8.6420303416602895E-002
         807  -1.3742707957543265        8.6432502670989564E-002
         808  -1.3771188761041997        8.6443249879192940E-002
         809  -1.3799636383431413        8.6452541976180353E-002
         810  -1.3828051056921260        8.6460375932339240E-002
         811  -1.3856433003689672        8.6466748614087763E-002
         812  -1.3884782446020161        8.6471656831316857E-002
         813  -1.3913099643479034        8.6475097479413066E-002
         814  -1.3941384813270017        8.6477067218547088E-002
         815  -1.3969638221745488        8.6477562839154754E-002
         816  -1.3997860116727532        8.6476580983203988E-002
         817  -1.4026050744278984        8.6474118219647345E-002
         818  -1.4054210374650760        8.6470171133521845E-002
         819  -1.4082339283032341        8.6464736246867790E-002
         820  -1.4110437729174539        8.6457809947692699E-002
         821  -1.4138505997194015        8.6449388630239987E-002
         822  -1.4166544369470653        8.6439468594805113E-002
         823  -1.4194553126535272        8.6428046049813911E-002
         824  -1.4222532570037796        8.6415117183381351E-002
         825  -1.4250482991389888        8.6400678053654811E-002
         826  -1.4278404696548737        8.6384724671825008E-002
         827  -1.4306297988270911        8.6367252937263217E-002
         828  -1.4334163186033075        8.6348258697993341E-002
         829  -1.4362000591423634        8.6327737644023017E-002
         830  -1.4389810549007409        8.6305685477617189E-002
         831  -1.4417593365262413        8.6282097680370651E-002
         832  -1.4445349386170383        8.6256969727694255E-002
         833  -1.4473078943530782        8.6230296932589656E-002
         834  -1.4500782370978997        8.6202074494870384E-002
         835  -1.4528460027775822        8.6172297545444199E-002
         836  -1.4556112262612106        8.6140961054993692E-002
         837  -1.4583739422527457        8.6108059860444008E-002
         838  -1.4611341875568247        8.6073588703014625E-002
         839  -1.4638919989445762        8.6037542175370074E-002
         840  -1.4666474134239327        8.5999914725595872E-002
         841  -1.4694004688867897        8.5960700665414169E-002
         842  -1.4721512028613735        8.5919894141050168E-002
         843  -1.4748996540345871        8.5877489157146325E-002
         844  -1.4776458619685060        8.5833479559700443E-002
         845  -1.4803898658990045        8.5787859016660306E-002
         846  -1.4831317063577305        8.5740621034176456E-002
         847  -1.4858714235744461        8.5691758928629014E-002
         848  -1.4886090590622278        8.5641265841933212E-002
         849  -1.4913446542455573        8.5589134715525983E-002
         850  -1.4940782518014042        8.5535358299470232E-002
         851  -1.4968098934824530        8.5479929128303933E-002
         852  -1.4995396232924501        8.5422839536168915E-002
         853  -1.5022674848236339        8.5364081628755972E-002
         854  -1.5049935229230824        8.5303647287379381E-002
         855  -1.5077177816269716        8.5241528153074952E-002
         856  -1.5104403070648049        8.5177715627505979E-002
         857  -1.5131611449774449        8.5112200855884446E-002
         858  -1.5158803416909115        8.5044974723531563E-002
         859  -1.5185979446845326        8.4976027843682633E-002
         860  -1.5213140020516533        8.4905350546611746E-002
         861  -1.5240285612241113        8.4832932877940248E-002
         862  -1.5267416720738138        8.4758764573793943E-002
         863  -1.5294533835425574        8.4682835065871487E-002
         864  -1.5321637464015239        8.4605133454705328E-002
         865  -1.5348728111984729        8.4525648512614460E-002
         866  -1.5375806290756200        8.4444368668202596E-002
         867  -1.5402872532920571        8.4361281970352309E-002
         868  -1.5429927355134323        8.4276376123872954E-002
         869  -1.5456971296789794        8.4189638430194780E-002
         870  -1.5484004907815265        8.4101055777821010E-002
         871  -1.5511028727839693        8.4010614671135908E-002
         872  -1.5538043322675246        8.3918301150463837E-002
         873  -1.5565049256439745        8.3824100822483150E-002
         874  -1.5592047103034998        8.3727998825389172E-002
         875  -1.5619037438293597        8.3629979832842594E-002
         876  -1.5646020861506651        8.3530027975363907E-002
         877  -1.5672997965475446        8.3428126900866761E-002
         878  -1.5699969358054935        8.3324259701737180E-002
         879  -1.5726935661287089        8.3218408888080297E-002
         880  -1.5753897497943212        8.3110556410945780E-002
         881  -1.5780855505708848        8.3000683595614522E-002
         882  -1.5807810330527232        8.2888771137541006E-002
         883  -1.5834762636001869        8.2774799042932390E-002
         884  -1.5861713080417892        8.2658746690642104E-002
         885  -1.5888662351908591        8.2540592669349433E-002
         886  -1.5915611142595589        8.2420314843340670E-002
         887  -1.5942560152738379        8.2297890316995748E-002
         888  -1.5969510100024411        8.2173295355742582E-002
         889  -1.5996461715344157        8.2046505372843193E-002
         890  -1.6023415741537568        8.1917494898002374E-002
         891  -1.6050372943438516        8.1786237488583602E-002
         892  -1.6077334085078541        8.1652705811912085E-002
         893  -1.6104299966188109        8.1516871404846647E-002
         894  -1.6131271384542722        8.1378704838078519E-002
         895  -1.6158249168144649        8.1238175489048547E-002
         896  -1.6185234156441735        8.1095251596101647E-002
         897  -1.6212227211456269        8.0949900142839315E-002
         898  -1.6239229213537321        8.0802086827185260E-002
         899  -1.6266241062332418        8.0651775997174990E-002
         900  -1.6293263680366765        8.0498930565513049E-002
         901  -1.6320298018858470        8.0343511895379471E-002
         902  -1.6347345042929535        8.0185479839907980E-002
         903  -1.6374405748977126        8.0024792544479695E-002
         904  -1.6401481163666221        7.9861406359684306E-002
         905  -1.6428572332966165        7.9695275852499581E-002
         906  -1.6455680345548678        7.9526353517445969E-002
         907  -1.6482806311067593        7.9354589861372560E-002
         908  -1.6509951373503065        7.9179933189298612E-002
         909  -1.6537116719539486        7.9002329409674665E-002
         910  -1.6564303568769176        7.8821722002516026E-002
         911  -1.6591513181981696        7.8638051816059207E-002
         912  -1.6618746866115142        7.8451256870078812E-002
         913  -1.6646005963524750        7.8261272324096520E-002
         914  -1.6673291880580610        7.8068030010079781E-002
         915  -1.6700606061096646        7.7871458540001548E-002
         916  -1.6727950008700079        7.7671482883301834E-002
         917  -1.6755325294664989        7.7468024056052798E-002
         918  -1.6782733544986843        7.7260999050305479E-002
         919  -1.6810176449690466        7.7050320493761593E-002
         920  -1.6837655786611969        7.6835896087332767E-002
         921  -1.6865173398609996        7.6617628597350773E-002
         922  -1.6892731218832762        7.6395415229109975E-002
         923  -1.6920331275351368        7.6169147211354815E-002
         924  -1.6947975692208899        7.5938709406432991E-002
         925  -1.6975666694611364        7.5703979830808787E-002
         926  -1.7003406636906599        7.5464828799781003E-002
         927  -1.7031197994071061        7.5221118532049491E-002
         928  -1.7059043372161176        7.4972702459627616E-002
         929  -1.7086945543570211        7.4719424057071215E-002
         930  -1.7114907435291509        7.4461116326950627E-002
         931  -1.7142932157273632        7.4197600596753510E-002
         932  -1.7171023018543234        7.3928685385904025E-002
         933  -1.7199183549868973        7.3654165061711296E-002
         934  -1.7227417527522180        7.3373818340030095E-002
         935  -1.7255728993418729        7.3087406704224200E-002
         936  -1.7284122293760207        7.2794672318252651E-002
         937  -1.7312602106216650        7.2495335940334193E-002
         938  -1.7341173490717587        7.2189094148775723E-002
         939  -1.7369841922720035        7.1875616616574600E-002
         940  -1.7398613359646027        7.1554542402194166E-002
         941  -1.7427494304921478        7.1225475853367026E-002
         942  -1.7456491870608171        7.0887982066546229E-002
         943  -1.7485613884791942        7.0541580804461823E-002
         944  -1.7514868988915027        7.0185739860980867E-002
         945  -1.7544266765100840        6.9819866906253303E-002
         946  -1.7573817907648055        6.9443299153378657E-002
         947  -1.7603534389876248        6.9055291751330294E-002
         948  -1.7633429732626129        6.8655001947980576E-002
         949  -1.7663519268453274        6.8241471046387669E-002
         950  -1.7693820552033799        6.7813599695107918E-002
         951  -1.7724353797398340        6.7370118541375312E-002
         952  -1.7755142537742195        6.6909547744868014E-002
         953  -1.7786214421139370        6.6430145524573714E-002
         954  -1.7817602311925305        6.5929838265743168E-002
         955  -1.7849671456052598        6.5391119953425836E-002
         956  -1.7881861315684278        6.4838780269723451E-002
         957  -1.7914526085072988        6.4255589920571676E-002
         958  -1.7947746679458736        6.3636455772905443E-002
         959  -1.7981629842110436        6.2974658456087518E-002
         960  -1.8016321490710883        6.2261013669137277E-002
         961  -1.8052030460078892        6.1482380528417924E-002
         962  -1.8089074709185999        6.0618759557526047E-002
         963  -1.8127983019957461        5.9636906021614422E-002
         964  -1.8169764194830014        5.8473418787493348E-002
         965  -1.8216883565535682        5.6973284083467135E-002
         966  -1.8284512161432456        5.4187134487976074E-002
