  0.74706835746239741       0.46888311745249184     
  0.74638555690272390       0.46838857492678776     
  0.74571853410788691       0.46790635145767862     
  0.74505094469308097       0.46742402606599348     
  0.74438268801018570       0.46694152936087890     
  0.74371376308780135       0.46645886160219974     
  0.74304416887078317       0.46597602298238783     
  0.74237390576335294       0.46549301476388988     
  0.74170297151734310       0.46500983626861880     
  0.74103136718934948       0.46452648924104473     
  0.74035909064028205       0.46404297308935638     
  0.73968614297090829       0.46355928959204568     
  0.73901252224269054       0.46307543830844095     
  0.73833822894051115       0.46259142057097880     
  0.73766326240555424       0.46210723687839433     
  0.73698762129958273       0.46162288723491368     
  0.73631130524169730       0.46113837234693722     
  0.73563431397928691       0.46065369301596037     
  0.73495664697961727       0.46016884984088796     
  0.73427830399220584       0.45968384362858206     
  0.73359928381527040       0.45919867449495122     
  0.73291958598046547       0.45871334309133927     
  0.73223920959440569       0.45822784976386099     
  0.73155815479901132       0.45774219561209606     
  0.73087642116449558       0.45725638132321367     
  0.73019400789598954       0.45677040731905100     
  0.72951091379241340       0.45628427372970221     
  0.72882713854322023       0.45579798133513499     
  0.72814268238270385       0.45531153131145685     
  0.72745754355992531       0.45482492339660091     
  0.72677172247358512       0.45433815889076912     
  0.72608521817757676       0.45385123811907946     
  0.72539802929195452       0.45336416109681660     
  0.72471015757278667       0.45287693011262653     
  0.72402160043096553       0.45238954430811684     
  0.72333235804053320       0.45190200483000587     
  0.72264242894855157       0.45141431164927148     
  0.72195181367790928       0.45092646616767229     
  0.72126051100951782       0.45043846853061342     
  0.72056852095161983       0.44995031977110272     
  0.71987584226053081       0.44946202002061281     
  0.71918247557438753       0.44897357077177791     
  0.71848841887988046       0.44848497160466355     
  0.71779367273901984       0.44799622396038763     
  0.71709823610008228       0.44750732811857197     
  0.71640210805993143       0.44701828446636738     
  0.71570528774215125       0.44652909341540370     
  0.71500777654122327       0.44603975701266252     
  0.71430957124161121       0.44555027398826996     
  0.71361067330403827       0.44506064644213039     
  0.71291108150264804       0.44457087453969973     
  0.71221079607444238       0.44408095950401633     
  0.71150981366330446       0.44359089997477597     
  0.71080813767069007       0.44310069945338521     
  0.71010576415918547       0.44261035616645727     
  0.70940269488043339       0.44211987243268264     
  0.70869892834551573       0.44162924824290950     
  0.70799446289350021       0.44113848347068435     
  0.70728930051531236       0.44064758060795306     
  0.70658343834984139       0.44015653867018817     
  0.70587687640528751       0.43966535873368712     
  0.70516961509047626       0.43917404216234734     
  0.70446165292328100       0.43868258896658990     
  0.70375298987511592       0.43819100020240342     
  0.70304362449007940       0.43769927590495256     
  0.70233355789104757       0.43720741795594148     
  0.70162278734760730       0.43671542548492237     
  0.70091131356659397       0.43622330008050342     
  0.70019913624310381       0.43573104260997425     
  0.69948625457329161       0.43523865358470859     
  0.69877266669385951       0.43474613276651181     
  0.69805837429335882       0.43425348244945977     
  0.69734337599865803       0.43376070274679224     
  0.69662766970406576       0.43326779325472914     
  0.69591125663858355       0.43277475594617398     
  0.69519413606750147       0.43228159139368938     
  0.69447630568698082       0.43178829906209870     
  0.69375776734195704       0.43129488136618610     
  0.69303851865261101       0.43080133771895024     
  0.69231856108627099       0.43030767026790151     
  0.69159789226440027       0.42981387843399194     
  0.69087651194905175       0.42931996315943322     
  0.69015442052940124       0.42882592583272916     
  0.68943161567958555       0.42833176591976485     
  0.68870809797756372       0.42783748494750318     
  0.68798386717301496       0.42734308385714226     
  0.68725892377539333       0.42684856412861594     
  0.68653326265133663       0.42635392325359645     
  0.68580688852677485       0.42585916569985349     
  0.68507979760846516       0.42536428991217501     
  0.68435199022982074       0.42486929725564643     
  0.68362346696442211       0.42437418926520948     
  0.68289422574520275       0.42387896561422106     
  0.68216426620407888       0.42338362717860356     
  0.68143358865225689       0.42288817531507256     
  0.68070219096296625       0.42239260966228215     
  0.67997007472122928       0.42189693247927584     
  0.67923723800581515       0.42140114355468383     
  0.67850368007263639       0.42090524350969871     
  0.67776939997676444       0.42040923282823683     
  0.67703440042174190       0.41991311455907315     
  0.67629867600478344       0.41941688605512789     
  0.67556222776991837       0.41892054920514055     
  0.67482505833506479       0.41842410700211691     
  0.67408716350971354       0.41792755766048012     
  0.67334854388490162       0.41743090275471723     
  0.67260919899241756       0.41693414311835153     
  0.67186912719510383       0.41643727876812059     
  0.67112833084379675       0.41594031251443853     
  0.67038680452502686       0.41544324173595004     
  0.66964455252277788       0.41494607060071453     
  0.66890157048777554       0.41444879723686401     
  0.66815786259886367       0.41395142573930388     
  0.66741342186815378       0.41345395240112948     
  0.66666825405608154       0.41295638242425370     
  0.66592235385313636       0.41245871328011041     
  0.66517572331395536       0.41196094758543023     
  0.66442836308434072       0.41146308697282585     
  0.66368026541782699       0.41096512723052880     
  0.66293143799784160       0.41046707490132439     
  0.66218187622376157       0.40996892796929818     
  0.66143158313840045       0.40947068974331552     
  0.66068055238050971       0.40897235699330547     
  0.65992878586394654       0.40847393224969764     
  0.65917628542949713       0.40797541798700576     
  0.65842304711641697       0.40747681265516955     
  0.65766907394643359       0.40697811955482360     
  0.65691436013758264       0.40647933587851903     
  0.65615891003887827       0.40598046585118958     
  0.65540271991188959       0.40548150808800798     
  0.65464579165268810       0.40498246511568253     
  0.65388812341680447       0.40448333686745541     
  0.65312971272351061       0.40398412284374968     
  0.65237055964398505       0.40348482431446653     
  0.65161066810194712       0.40298544520763069     
  0.65085003392914054       0.40248598386364720     
  0.65008865586119147       0.40198644063366623     
  0.64932653260906092       0.40148681585692930     
  0.64856366700345447       0.40098711271200665     
  0.64780005552038322       0.40048732999837305     
  0.64703569849554732       0.39998746918186112     
  0.64627059514929897       0.39948753095877276     
  0.64550474296322879       0.39898751483435402     
  0.64473814452861489       0.39848742382999142     
  0.64397079874182661       0.39798725842505672     
  0.64320270295729487       0.39748701804595665     
  0.64243386096842514       0.39698670654252005     
  0.64166426613113203       0.39648632060017425     
  0.64089391948182683       0.39598586218275278     
  0.64012282338624638       0.39548533416286169     
  0.63935097496676563       0.39498473582167687     
  0.63857836953691371       0.39448406520825152     
  0.63780501675414913       0.39398333019128928     
  0.63703090730814727       0.39348252565642194     
  0.63625604005624070       0.39298165209215974     
  0.63548042359256096       0.39248071663422968     
  0.63470404646144063       0.39197971272086096     
  0.63392691282229141       0.39147864446766184     
  0.63314902255970074       0.39097751306471534     
  0.63237037265660212       0.39047631772876118     
  0.63159096521757407       0.38997506117106395     
  0.63081079595900169       0.38947374175233918     
  0.63002986729923749       0.38897236240070582     
  0.62924817595472260       0.38847092216423601     
  0.62846572397244449       0.38796942372260612     
  0.62768250811775106       0.38746786616321988     
  0.62689853322562106       0.38696625405865570     
  0.62611378346338975       0.38646457795603317     
  0.62532827963762327       0.38596285327065144     
  0.62454200293889939       0.38546106853576123     
  0.62375496358342131       0.38495923198273962     
  0.62296715214110465       0.38445733852258052     
  0.62217857285073330       0.38395539233524628     
  0.62138922835976007       0.38345339651307259     
  0.62059911096819897       0.38295134715756068     
  0.61980822215777209       0.38244924658550361     
  0.61901656089043833       0.38194709541210375     
  0.61822412748632760       0.38144489516668606     
  0.61743091986156495       0.38094264576508591     
  0.61663694105677336       0.38044035057670700     
  0.61584218556562798       0.37993800721333537     
  0.61504664819227950       0.37943561350842159     
  0.61425033840038257       0.37893317716190328     
  0.61345324834766424       0.37843069422553327     
  0.61265538040934475       0.37792816763470360     
  0.61185672855446582       0.37742559467241266     
  0.61105729727558988       0.37692297970003280     
  0.61025708377776755       0.37642032218077287     
  0.60945608999818035       0.37591762475823404     
  0.60865430465116421       0.37541488121570921     
  0.60785173688867977       0.37491209904297401     
  0.60704838405817874       0.37440927780952121     
  0.60624423491957091       0.37390641135640323     
  0.60543930558870873       0.37340351182342407     
  0.60463358207359053       0.37290057121071329     
  0.60382706948241005       0.37239759430372549     
  0.60301976132657553       0.37189457813566174     
  0.60221165846812175       0.37139152465723735     
  0.60140276020280115       0.37088843477215289     
  0.60059306394910161       0.37038530813827214     
  0.59978257096283161       0.36988214697458999     
  0.59897127971554276       0.36937895164251405     
  0.59815918541920288       0.36887572034641369     
  0.59734628559926561       0.36837245283433173     
  0.59653258079724059       0.36786915086419858     
  0.59571807238634955       0.36736581674314933     
  0.59490275956769390       0.36686245133643025     
  0.59408663345270751       0.36635905015472564     
  0.59326969772676130       0.36585561705282782     
  0.59245195293400266       0.36535215379859726     
  0.59163338927448184       0.36484865531891381     
  0.59081401330223293       0.36434512737245778     
  0.58999381653888683       0.36384156577196841     
  0.58917279980746917       0.36333797249191285     
  0.58835096030970957       0.36283434711658802     
  0.58752829816000696       0.36233069115331629     
  0.58670480980313122       0.36182700369612586     
  0.58588049246439766       0.36132328435890326     
  0.58505533935852561       0.36081953012351187     
  0.58422935728285785       0.36031574692023571     
  0.58340254740608932       0.35981193696200803     
  0.58257488410032110       0.35930808486343646     
  0.58174640059118232       0.35880421392903689     
  0.58091705909340585       0.35830030079764336     
  0.58008688003248021       0.35779636036910639     
  0.57925584436834188       0.35729238162658578     
  0.57842395859238616       0.35678837032015148     
  0.57759121080802600       0.35628432014968564     
  0.57675761706148776       0.35578024311735684     
  0.57592315968747620       0.35527612915146334     
  0.57508784221250375       0.35477198207464522     
  0.57425164836411613       0.35426779276697740     
  0.57341458384626831       0.35376356648424900     
  0.57257665416358872       0.35325930833374292     
  0.57173784431266250       0.35275501005600440     
  0.57089813227905251       0.35225065886059775     
  0.57005754684319698       0.35174627504883671     
  0.56921606125353152       0.35124184274838388     
  0.56837369585743458       0.35073737675872196     
  0.56753041459874576       0.35023285519700653     
  0.56668623560049880       0.34972829143710876     
  0.56584114321565826       0.34922367688715095     
  0.56499512962876253       0.34871900808393397     
  0.56414819083531420       0.34821428403830179     
  0.56330033313347483       0.34770951044038301     
  0.56245152562750900       0.34720466890549523     
  0.56160179738027760       0.34669977987938688     
  0.56075112041854114       0.34619482688782754     
  0.55989948197766448       0.34568980335204336     
  0.55904688377347023       0.34518471204991502     
  0.55819333054124498       0.34467955770083192     
  0.55733878018606642       0.34417431483997774     
  0.55648325640323826       0.34366900046505922     
  0.55562673577244892       0.34316360118320527     
  0.55476921853132144       0.34265811887889203     
  0.55391068476784100       0.34215254248379467     
  0.55305113604272294       0.34164687476044564     
  0.55219055097069636       0.34114110373528655     
  0.55174264190276401       0.34090173177625943     
  0.55088966238945525       0.34040178954390971     
  0.55003605135066858       0.33990199737682719     
  0.54918168912434573       0.33940228242784970     
  0.54832659706468867       0.33890265973049277     
  0.54747075426361502       0.33840311730303752     
  0.54661419158519287       0.33790367622999956     
  0.54575689314829445       0.33740432774793772     
  0.54489886273702037       0.33690507563599786     
  0.54404010358616828       0.33640592332064262     
  0.54318061524517669       0.33590687189313428     
  0.54232041597640812       0.33540793431499893     
  0.54145949316682473       0.33490910392178908     
  0.54059784161070235       0.33441037877507784     
  0.53973548443908659       0.33391177491536161     
  0.53887242558471327       0.33341329614996784     
  0.53800866112533019       0.33291494135133892     
  0.53714418132438047       0.33241670565440523     
  0.53627901509323761       0.33191860873729212     
  0.53541315181833327       0.33142064515629338     
  0.53454661440871842       0.33092283072223377     
  0.53367940781848089       0.33042516984839504     
  0.53281152891388184       0.32992766180902727     
  0.53194298750544178       0.32943031409088619     
  0.53107380513974012       0.32893314151933334     
  0.53020398892068632       0.32843614979598201     
  0.52933349751595549       0.32793931413423855     
  0.52846245504374267       0.32744271382114060     
  0.52759077595397597       0.32694629619593690     
  0.52671849776367308       0.32645008603262193     
  0.52584566747306738       0.32595411395617407     
  0.52497232219490286       0.32545840423464756     
  0.52409834713474113       0.32496288610120699     
  0.52322396034920293       0.32446769709907564     
  0.52234910248915112       0.32397280095827541     
  0.52147375557957254       0.32347818733814815     
  0.52059801853881260       0.32298391901064588     
  0.51972192750392310       0.32249001923516479     
  0.51884551538666379       0.32199650926444157     
  0.51796881074183732       0.32150340745968037     
  0.51709194822357984       0.32101079819443501     
  0.51621493073569191       0.32051868369432329     
  0.51533785328735648       0.32002712329693722     
  0.51446077198773876       0.31953615187094597     
  0.51358391917009383       0.31904591375271507     
  0.51258256555917114       0.31847959480533011     
  0.51169464796899655       0.31798378699366131     
  0.51080578233948570       0.31748799785915616     
  0.50991601577779622       0.31699225849489021     
  0.50902535872460641       0.31649657699171962     
  0.50813376654449049       0.31600092722880546     
  0.50724118456113876       0.31550527701008502     
  0.50634757428614763       0.31500960415223650     
  0.50545287393335570       0.31451387206358772     
  0.50455700555189786       0.31401803432382586     
  0.50365981503054202       0.31352199747340692     
  0.50276124187584414       0.31302572602173712     
  0.50186096700150351       0.31252902472287003     
  0.50095877288825674       0.31203176166146135     
  0.50005433943684097       0.31153374141259715     
  0.49914700282396574       0.31103455716549783     
  0.49823602884836266       0.31053375899340402     
  0.49732020312219427       0.31003060168973251     
  0.49639756012698649       0.30952387840875067     
  0.49546504467335972       0.30901171170073816     
  0.49471603362019290       0.30861311811636721     
  0.49382187977540831       0.30812576557843213     
  0.49293486036140255       0.30764338180801004     
  0.49206398721909644       0.30717143906287914     
  0.49124105576408950       0.30672923382864431     
  0.49012401647686626       0.30610859256427886     
  0.48932927613592880       0.30568504212936765     
  0.41034232777491425       0.25962739649041772     
  0.41610431757273153       0.26291015290606479     
  0.41658596520279195       0.26323551120896443     
  0.41709431813555137       0.26357640423143952     
  0.41760564863746430       0.26391949719325269     
  0.41807802140867900       0.26424115011580102     
  0.41859001251374234       0.26458565514396332     
  0.41910587566773116       0.26493287795335996     
  0.41958318139431033       0.26525884824987561     
  0.42010051902526774       0.26560796367122053     
  0.42062120097801137       0.26595951353738823     
  0.42110397849907355       0.26629014253893490     
  0.42162629527496426       0.26664369817361344     
  0.42215359147883685       0.26700063073642305     
  0.42264278728421228       0.26733649444180041     
  0.42317228665131057       0.26769578129365013     
  0.42370606652154374       0.26805806643334790     
  0.42420175626054851       0.26839925125700864     
  0.42473895169978482       0.26876460802029806     
  0.42524039536374431       0.26911017100590806     
  0.42578422152252976       0.26948045143238158     
  0.42629180123872124       0.26983063471124358     
  0.42684212595516280       0.27020578941970130     
  0.42735693725781188       0.27056124412972471     
  0.42791547377360745       0.27094228008944315     
  0.42843917446900059       0.27130398397150168     
  0.42896630164429350       0.27166823256614375     
  0.42953974989972149       0.27205962829045860     
  0.43008016010475064       0.27243269667692133     
  0.43062527240480553       0.27280906914175790     
  0.43117871672817726       0.27319084120278081     
  0.43174030958106224       0.27357792135970871     
  0.43231260680008277       0.27397179499744484     
  0.43289672078148911       0.27437312124538182     
  0.43349540268925174       0.27478350650766936     
  0.43406871644774242       0.27517992299386301     
  0.43466078035089817       0.27558782344544724     
  0.43527922817904130       0.27601165286921692     
  0.44420698944656706       0.28126791870013113     
  0.39221144373105288       0.25190164089465505     
  0.42873792915158732       0.27250900129705308     
  0.42912277107770308       0.27279740167161021     
  0.42954771682235615       0.27310936911390565     
  0.41849136453303099       0.26685662293677115     
  0.44770163899109250       0.28379959360822238     
  0.44700748595526307       0.28346273050660781     
  0.41973064424289458       0.26776361269778787     
  0.43137436717718530       0.27450523806786870     
  0.43168466771862268       0.27475413248832720     
  0.43200610799606759       0.27500992509624039     
  0.43223795788560204       0.27521441609116154     
  0.43246741177840820       0.27541794314396034     
  0.43241377322624508       0.27545817250973764     
  0.41974155276330299       0.26832408935841856     
  0.43161994490080791       0.27521480059989445     
  0.42015065759821907       0.26877063185844391     
  0.43020952084502873       0.27461808300117446     
  0.42976776809630896       0.27443629591797242     
  0.42781601629616822       0.27338410069146701     
  0.42593037165143849       0.27237242170522979     
  0.42804025172053833       0.27366119666069411     
  0.42531122329868926       0.27216434599532713     
  0.42589696078605926       0.27257561592435514     
  0.42529934227887056       0.27230662904746145     
  0.42469845167955156       0.27203620052629546     
  0.42387168623414578       0.27163644380186786     
  0.42303094953268283       0.27122926059740671     
  0.42225119867226152       0.27085767757232565     
  0.42152518630844460       0.27051747200521009     
  0.40620572660807458       0.26188812170546943     
  0.42494596258705786       0.27263666729480179     
  0.41635984895668510       0.26779364087194429     
  0.44771296449185555       0.28607942549710297     
  0.43663906560160642       0.27965271162171274     
  0.41700117516756746       0.26839101052608560     
  0.41423916126984756       0.26697190838790053     
  0.40856256685779424       0.26382770090884339     
  0.41295848415568387       0.26639973577605186     
  0.41024270005539654       0.26501459365847468     
  0.40999844027521692       0.26495521179270221     
  0.40910920621945357       0.26453028401442030     
  0.40784951159448701       0.26389675945796581     
  0.42363225105847291       0.27299632391313716     
  0.40576521212306216       0.26287803507479512     
  0.41735658405915771       0.26955295889908215     
  0.39849132125352038       0.25894563343622595     
  0.40753453849896948       0.26412097946837282     
  0.40199211321973172       0.26107299043354426     
  0.40164285107684239       0.26095738043806627     
  0.40050977401848636       0.26040145635456780     
  0.39932072719806894       0.25981522811655877     
  0.39821804362688640       0.25927848468989717     
  0.39717187052784220       0.25877427182367163     
  0.39615486067380690       0.25828717657384936     
  0.39554664304632886       0.25802906073837001     
  0.39443156496092868       0.25748872160558378     
  0.39336515024435886       0.25697625876467495     
  0.39232239906859245       0.25647780850540264     
  0.39129958423877170       0.25599126220538437     
  0.39029070772162028       0.25551325823522847     
  0.38929165886636918       0.25504149404898252     
  0.38829927039056117       0.25457419837248108     
  0.38731144618795355       0.25411019977074967     
  0.38632634415868206       0.25364847133415047     
  0.38534293253083030       0.25318843831187776     
  0.38436051267033466       0.25272971222006252     
  0.38337840643143523       0.25227191709978369     
  0.38239638241987273       0.25181492518347770     
  0.38141414835771370       0.25135857546669321     
  0.38043158034214075       0.25090280040328122     
  0.37944858404220627       0.25044754898463006     
  0.37846510043232673       0.24999278982359976     
  0.37748111129524275       0.24953851411008610     
  0.37649660340550561       0.24908471582968852     
  0.37551156025252252       0.24863138716862593     
  0.37452596989515541       0.24817852286066314     
  0.37353985529103628       0.24772613682474923     
  0.37255320901139394       0.24727422626272150     
  0.37156603090944657       0.24682279238418933     
  0.37056453330821165       0.24636323813062938     
  0.36957716911241834       0.24591331764362634     
  0.36858960185207384       0.24546406781221403     
  0.36897449922092240       0.24576594806482885     
  0.36662102332778168       0.24457133768386399     
  0.36688742304172955       0.24480873158614674     
  0.36464086944996021       0.24367547179076779     
  0.36480634254271377       0.24385809163887376     
  0.36265847594382133       0.24278146790063679     
  0.36273318765864582       0.24291506249581887     
  0.36067400732850535       0.24188943026795773     
  0.36066683786272502       0.24197901730871429     
  0.35868749574758657       0.24099939040537929     
  0.35860629534421828       0.24104940007461281     
  0.35669908725247734       0.24011144024360428     
  0.35655071606841049       0.24012574175667140     
  0.35470872440988571       0.23922556104480983     
  0.35449939143038195       0.23920764969030398     
  0.35271657528937606       0.23834185497862923     
  0.35245160960285360       0.23829473240459909     
  0.35072262475636701       0.23746032510897891     
  0.35040690290127718       0.23738673221852999     
  0.34872699269594903       0.23658104639988647     
  0.34836477496209128       0.23648337806575159     
  0.34672965166212977       0.23570401449016140     
  0.34632481271920940       0.23558444547606919     
  0.34473065625821309       0.23482926874858892     
  0.34428668526884920       0.23468975546493795     
  0.34273004899662129       0.23395684179668730     
  0.34225006247676681       0.23379913088792514     
  0.34072789799074144       0.23308677954087709     
  0.34021470334598081       0.23291244327969612     
  0.33872421449629470       0.23221909750209355     
  0.33818036949900138       0.23202956665060306     
  0.33671904571635103       0.23135383009019975     
  0.33614683937981399       0.23115038492844733     
  0.33471241762334181       0.23049100030964265     
  0.33411397546652155       0.23027482732320650     
  0.33270440224882303       0.22963065526154119     
  0.33208161617388265       0.22940281098499316     
  0.33069503847633935       0.22877282437823512     
  0.33004963554836436       0.22853427252938271     
  0.32868435263841733       0.22791753035996121     
  0.32801794008393009       0.22766916615636701     
  0.32667239776009410       0.22706480976538573     
  0.32598642999886385       0.22680744322120264     
  0.32465922083043020       0.22621469582669118     
  0.32395501468622578       0.22594906034947748     
  0.32264485575872132       0.22536721478925018     
  0.32192364966014064       0.22509399862668591     
  0.32062936118275814       0.22452240563200554     
  0.31989228280044096       0.22424223540126165     
  0.31888475404169980       0.22382153688493892     
  0.31787155225253594       0.22339900062245513     
  0.31685552097000541       0.22297582776977384     
  0.31583938686937924       0.22255343325670321     
  0.31482323158727110       0.22213185665861618     
  0.31380706095837579       0.22171110154564308     
  0.31279088518088438       0.22129117380234326     
  0.31177467518619500       0.22087205905828439     
  0.31075845429076643       0.22045377002365832     
  0.30974222415749564       0.22003630816114556     
  0.30872597044770506       0.21961966674667405     
  0.30770969000610771       0.21920384485071157     
  0.30669338824801068       0.21878884593063758     
  0.30567707596601468       0.21837467618263789     
  0.30466074853062275       0.21796133388807512     
  0.30364439085837253       0.21754881203043089     
  0.30262803787141490       0.21713712914903391     
  0.30161164360713499       0.21672626243404253     
  0.30059525875854659       0.21631623848963177     
  0.29957884454457062       0.21590703818664089     
  0.29856243505987246       0.21549867962406125     
  0.29754602975779348       0.21509116316166990     
  0.29652960598097816       0.21468447800173410     
  0.29551319681533422       0.21427864165718996     
  0.29449678315638578       0.21387364510332846     
  0.29348039048216967       0.21346950195747286     
  0.29246400433699010       0.21306620557384320     
  0.29144764387557653       0.21266376634436976     
  0.29043129567088044       0.21226217817444917     
  0.28941498463446308       0.21186145432799180     
  0.28839868778648320       0.21146158391625897     
  0.28738244204501834       0.21106258622428622     
  0.28636624533581950       0.21066446084102367     
  0.28535008754051761       0.21026720339029453     
  0.28433398574779450       0.20987082314400532     
  0.28331794434734631       0.20947532296887103     
  0.28230196745486397       0.20908070559866937     
  0.28128606477233331       0.20868697656118221     
  0.28027023671208351       0.20829413673235803     
  0.27925449787598855       0.20790219406976027     
  0.27823885575073598       0.20751115294729197     
  0.27722330396552719       0.20712101086741178     
  0.27620786272991144       0.20673177855080538     
  0.27519253165803376       0.20634345644550173     
  0.27417732487418245       0.20595605221523403     
  0.27316224641664660       0.20556956849780808     
  0.27214729885048611       0.20518400722109115     
  0.27113249719769122       0.20479937645676469     
  0.27011785179720177       0.20441568193030391     
  0.26910335640058375       0.20403292120209884     
  0.26808903188266431       0.20365110520740723     
  0.26707488689055781       0.20327023880014924     
  0.26606092183464397       0.20289032281122235     
  0.26504714654423728       0.20251136270424905     
  0.26403358619705886       0.20213337141911789     
  0.26302023370708871       0.20175634607285059     
  0.26200709123027544       0.20138028836676522     
  0.26099417919475981       0.20100520889689311     
  0.25998151141623566       0.20063111497671385     
  0.25896908421627407       0.20025800541343017     
  0.25795691615425625       0.19988588985278694     
  0.25694501600804487       0.19951477313387109     
  0.25593339062303416       0.19914465916944316     
  0.25492205168712295       0.19877555421567780     
  0.25391100952557671       0.19840746384745048     
  0.25290026883715372       0.19804039091732301     
  0.25188984876941939       0.19767434525538488     
  0.25087975382618455       0.19730932958775721     
  0.24986999783813990       0.19694535115553294     
  0.24886058513168971       0.19658241259505693     
  0.24785153155883219       0.19622052210390364     
  0.24684284652449665       0.19585968473922738     
  0.24583454113051773       0.19549990638200637     
  0.24482662600626076       0.19514119267295332     
  0.24381911397876482       0.19478355029286190     
  0.24281201694171248       0.19442698546085985     
  0.24180533691844233       0.19407149968619913     
  0.24079909662299342       0.19371710449400076     
  0.23979334040422157       0.19336381776759382     
  0.23878799868640865       0.19301161393375330     
  0.23778313303765655       0.19266051942545695     
  0.23677875128529363       0.19231053843528167     
  0.23577486899500649       0.19196167886211157     
  0.23477148942240242       0.19161394275853175     
  0.23376862868790291       0.19126733827915596     
  0.23276629776277288       0.19092187111217776     
  0.23176451075134769       0.19057754842680596     
  0.23076328140832145       0.19023437720618125     
  0.22976262272061118       0.18989236406325630     
  0.22876254117124672       0.18955151255141017     
  0.22776305702830810       0.18921183270038244     
  0.22676417570392171       0.18887332753893235     
  0.22576591749509298       0.18853600708599944     
  0.22476829121106409       0.18819987594713766     
  0.22377131480571499       0.18786494301500722     
  0.22277499687023330       0.18753121278691087     
  0.22177934951124595       0.18719869141445764     
  0.22078439281768444       0.18686738874606929     
  0.21979013375583167       0.18653730850459627     
  0.21879659192518761       0.18620846030080684     
  0.21780377874770393       0.18588084991458159     
  0.21681170775034825       0.18555448411226669     
  0.21582039054672816       0.18522936876926008     
  0.21482984732502342       0.18490551371648817     
  0.21384008484807371       0.18458292256361317     
  0.21285112407578027       0.18426160548697776     
  0.21186297854374345       0.18394156920693791     
  0.21087566101116420       0.18362282009444786     
  0.20988918498794681       0.18330536486621402     
  0.20890356558855566       0.18298921096767862     
  0.20791882517245733       0.18267436914782254     
  0.20693496236436315       0.18236083928172303     
  0.20595201143338454       0.18204863757652720     
  0.20496997524614574       0.18173776582471984     
  0.20398887266389737       0.18142823316931789     
  0.20300871855971081       0.18112004690822567     
  0.20202952756705808       0.18081321422811061     
  0.20105131825603592       0.18050774410003284     
  0.20007410306665480       0.18020364270538058     
  0.19909789887287960       0.17990091824317000     
  0.19812272370674394       0.17959957942155330     
  0.19714858985149972       0.17929963234715840     
  0.19617551208329481       0.17900108426628841     
  0.19520351190603843       0.17870394544911491     
  0.19423260214826138       0.17840822223491787     
  0.19326279849077604       0.17811392227691997     
  0.19229412303009374       0.17782105608749210     
  0.19132658255391605       0.17752962730931149     
  0.19036020275021867       0.17723964807872619     
  0.18939499246755018       0.17695112296180648     
  0.18843097528815703       0.17666406314317359     
  0.18746816234725666       0.17637847421878355     
  0.18650657678713528       0.17609436716673912     
  0.18554622702014423       0.17581174638643901     
  0.18458713830623616       0.17553062379802320     
  0.18362932311886362       0.17525100561073648     
  0.18267280156700164       0.17497290144822214     
  0.18171758574966854       0.17469631737904562     
  0.18076369910999618       0.17442126450928061     
  0.17981115431719991       0.17414774916194903     
  0.17885997109249577       0.17387578080312091     
  0.17791016576970947       0.17360536739719509     
  0.17696176086202697       0.17333651963317823     
  0.17601476629578094       0.17306924266674203     
  0.17506920468163448       0.17280354725902605     
  0.17412509114038938       0.17253944086322509     
  0.17318244601044183       0.17227693324118426     
  0.17224128722075041       0.17201603309823321     
  0.17130162770508991       0.17175674697649276     
  0.17036349419341562       0.17149908745040326     
  0.16942689761306509       0.17124306018995408     
  0.16849185882354664       0.17098867523989328     
  0.16755839501057423       0.17073594103138109     
  0.16662652478303239       0.17048486663780238     
  0.16569626791886846       0.17023546164267567     
  0.16476764092372839       0.16998773422802216     
  0.16384066284001692       0.16974169369303443     
  0.16291535001571833       0.16949734818735196     
  0.16199172531674091       0.16925470868281114     
  0.16106980210778266       0.16901378207022574     
  0.16014960306654963       0.16877457927897163     
  0.15923114386514986       0.16853710822767082     
  0.15831444555375546       0.16830137917350341     
  0.15739952494397566       0.16806740056874284     
  0.15648640195681884       0.16783518221795540     
  0.15557509342868719       0.16760473263286957     
  0.15466561898732151       0.16737606153677789     
  0.15375799616056418       0.16714917777770688     
  0.15285224739066147       0.16692409231585431     
  0.15194838685193973       0.16670081261831016     
  0.15104643745785878       0.16647934989553867     
  0.15014641321859096       0.16625971160227190     
  0.14924833623573816       0.16604190865787485     
  0.14835222507523843       0.16582595049205037     
  0.14745809767797996       0.16561184631332190     
  0.14656597200973082       0.16539960536880119     
  0.14567586752262740       0.16518923756398285     
  0.14478780449628173       0.16498075317276703     
  0.14390179942625833       0.16477416091449576     
  0.14301787129716495       0.16456947059916749     
  0.14213604031835994       0.16436669256511471     
  0.14125632238285668       0.16416583539202917     
  0.14037874063416184       0.16396691071755684     
  0.13950330924757887       0.16376992647253194     
  0.13863004873975313       0.16357489328128086     
  0.13775897639285056       0.16338182045223371     
  0.13689011286238645       0.16319071873486429     
  0.13602347541892618       0.16300159751073515     
  0.13515908209483443       0.16281446652933743     
  0.13429695234954273       0.16262933616977598     
  0.13343710311675197       0.16244621581136073     
  0.13257955483043485       0.16226511632031437     
  0.13172432339841014       0.16208604674944385     
  0.13087142775706789       0.16190901745131858     
  0.13002088680261489       0.16173403879701226     
  0.12917271839180078       0.16156112078828080     
  0.12832693922922850       0.16139027301118780     
  0.12748356902811533       0.16122150632872800     
  0.12664262287329967       0.16105482977754720     
  0.12580412200301130       0.16089025494705506     
  0.12496808305656802       0.16072779160548184     
  0.12413452246677899       0.16056744951439056     
  0.12330345735346759       0.16040923876892804     
  0.12247490667168746       0.16025317026198188     
  0.12164888788969166       0.16009925434152314     
  0.12082541802162190       0.15994750124324225     
  0.12000451174799362       0.15979792033596349     
  0.11918618999577142       0.15965052355462755     
  0.11837046748802274       0.15950532040672752     
  0.11755736035546319       0.15936232105165785     
  0.11674688596104014       0.15922153620161261     
  0.11593906161789858       0.15908297661773621     
  0.11513390353025221       0.15894665269080152     
  0.11433142765435261       0.15881257479682970     
  0.11353165078216827       0.15868075371223761     
  0.11273458705284113       0.15855119924886793     
  0.11194025433705392       0.15842392277117237     
  0.11114866732255214       0.15829893446277793     
  0.11035984291626183       0.15817624546714515     
  0.10957379557715866       0.15805586604660449     
  0.10879054041375827       0.15793780681493366     
  0.10801009340546835       0.15782207880465862     
  0.10723246947840030       0.15770869272425683     
  0.10645768331491454       0.15759765928538039     
  0.10568574898798104       0.15748898905273362     
  0.10491668189280264       0.15738269319912401     
  0.10415049631090255       0.15727878255839364     
  0.10338720507463256       0.15717726750969685     
  0.10262682454407449       0.15707815988648163     
  0.10186936635699623       0.15698146980213321     
  0.10111484555194308       0.15688720879357815     
  0.10036327549459326       0.15679538784343999     
   9.9614668634973980E-002  0.15670601770619616     
   9.8869038534155074E-002  0.15661910966431164     
   9.8126398288076525E-002  0.15653467493162485     
   9.7386760287931931E-002  0.15645272456904638     
   9.6650136635698908E-002  0.15637326964531834     
   9.5916540617403304E-002  0.15629632179084257     
   9.5185982998305579E-002  0.15622189180576779     
   9.4458477278304531E-002  0.15614999163630353     
   9.3734034004262307E-002  0.15608063224363847     
   9.3012664521595345E-002  0.15601382502100763     
   9.2294381008306864E-002  0.15594958179202031     
   9.1579193045578031E-002  0.15588791354408463     
   9.0867112783745374E-002  0.15582883235477174     
   9.0158149534783322E-002  0.15577234937719719     
   8.9452314546166811E-002  0.15571847662574970     
   8.8749618327429267E-002  0.15566722596768306     
   8.8050069345926657E-002  0.15561860866889393     
   8.7353678850649125E-002  0.15557263715983788     
   8.6660453588874795E-002  0.15552932236999090     
   8.5970405734795668E-002  0.15548867735730151     
   8.5283543040741261E-002  0.15545071371086544     
   8.4599873432327222E-002  0.15541544324659556     
   8.3919406817193939E-002  0.15538287865603270     
   8.3242150230316225E-002  0.15535303173911408     
   8.2568111848152811E-002  0.15532591488305444     
   8.1897299816166599E-002  0.15530154061902815     
   8.1229721003250710E-002  0.15527992118896361     
   8.0565383170354568E-002  0.15526106932360417     
   7.9904293232302373E-002  0.15524499762473376     
   7.9246457128442568E-002  0.15523171852378853     
   7.8591882273659097E-002  0.15522124515388550     
   7.7940573375960859E-002  0.15521358987395081     
   7.7292538098257937E-002  0.15520876626857200     
   7.6647781140944199E-002  0.15520678706353855     
   7.6006308556324564E-002  0.15520766565382330     
   7.5368124666675751E-002  0.15521141502501723     
   7.4733235106828541E-002  0.15521804881810003     
   7.4101643847169760E-002  0.15522758029636888     
   7.3473355603827908E-002  0.15524002318565586     
   7.2848374643203900E-002  0.15525539126478552     
   7.2226704843352085E-002  0.15527369838779109     
   7.1608349338912899E-002  0.15529495837509447     
   7.0993311612142188E-002  0.15531918538538222     
   7.0381594540285641E-002  0.15534639359358532     
   6.9773201214540490E-002  0.15537659747253230     
   6.9168134085439037E-002  0.15540981151006109     
   6.8566395635506122E-002  0.15544605044035187     
   6.7967987331798804E-002  0.15548532889804279     
   6.7372911539680252E-002  0.15552766205904350     
   6.6781169492522316E-002  0.15557306497306464     
   6.6192762366570818E-002  0.15562155292288399     
   6.5607690954600395E-002  0.15567314132645196     
   6.5025955727140095E-002  0.15572784575710422     
   6.4447557747523337E-002  0.15578568224562586     
   6.3872496378899912E-002  0.15584666654426937     
   6.3300772709370984E-002  0.15591081523563119     
   6.2732385837986238E-002  0.15597814454442852     
   6.2167334688740777E-002  0.15604867093648078     
   6.1605618908938321E-002  0.15612241139454652     
   6.1047237191362562E-002  0.15619938289643026     
   6.0492187964809159E-002  0.15627960264174429     
   5.9940470345523231E-002  0.15636308835748194     
   5.9392081426207249E-002  0.15644985745600226     
   5.8847020205652474E-002  0.15653992825855295     
   5.8305283252198997E-002  0.15663331867240263     
   5.7766868377637871E-002  0.15673004732092741     
   5.7231773284253384E-002  0.15683013312555044     
   5.6699993798268740E-002  0.15693359480399011     
   5.6171527630406053E-002  0.15704045198464964     
   5.5646370569432183E-002  0.15715072408938457     
   5.5124518948869598E-002  0.15726443107325874     
   5.4605968302444352E-002  0.15738159304007066     
   5.4090715234666256E-002  0.15750223077928591     
   5.3578754185071839E-002  0.15762636485911466     
   5.3070080870315749E-002  0.15775401661592806     
   5.2564690586915160E-002  0.15788520767189815     
   5.2062577600715497E-002  0.15801995977872507     
   5.1563736684523784E-002  0.15815829526839301     
   5.1068162631452051E-002  0.15830023690431669     
   5.0575848468006813E-002  0.15844580742103262     
   5.0086789282120341E-002  0.15859503057334851     
   4.9600977831213811E-002  0.15874792995057835     
   4.9118407792656110E-002  0.15890452987587192     
   4.8639072959582419E-002  0.15906485518241983     
   4.8162965999237910E-002  0.15922893091048501     
   4.7690079376207201E-002  0.15939678257288958     
   4.7220406331746435E-002  0.15956843639640292     
   4.6753938980292162E-002  0.15974391886012562     
   4.6290669558495409E-002  0.15992325702885518     
   4.5830590433943802E-002  0.16010647855407009     
   4.5373693009217127E-002  0.16029361143686777     
   4.4919969221797799E-002  0.16048468439761049     
   4.4469410363176295E-002  0.16067972660456437     
   4.4022007927748068E-002  0.16087876789486960     
   4.3577752665994389E-002  0.16108183857340028     
   4.3136636230210655E-002  0.16128896979295212     
   4.2698648295420770E-002  0.16150019294005349     
   4.2263780392440949E-002  0.16171554049644726     
   4.1832022249010434E-002  0.16193504524990193     
   4.1403364324313942E-002  0.16215874087288082     
   4.0977797052777619E-002  0.16238666176423833     
   4.0555309734460442E-002  0.16261884285359463     
   4.0135892235651213E-002  0.16285531997173422     
   3.9719534570435984E-002  0.16309612976819507     
   3.9306225844592556E-002  0.16334130954521783     
   3.8895955260416427E-002  0.16359089746604152     
   3.8488711988426592E-002  0.16384493256728838     
   3.8084484873248392E-002  0.16410345470953494     
   3.7683263014435364E-002  0.16436650472170750     
   3.7285035063114577E-002  0.16463412429222882     
   3.6889789359945829E-002  0.16490635603565681     
   3.6497514491843699E-002  0.16518324360727071     
   3.6108198549416472E-002  0.16546483160827202     
   3.5721829865786078E-002  0.16575116573845888     
   3.5338396290249478E-002  0.16604229271335169     
   3.4957885826556796E-002  0.16633826039483543     
   3.4580286018871316E-002  0.16663911774059270     
   3.4205584953804602E-002  0.16694491496371153     
   3.3833769813478784E-002  0.16725570339435095     
   3.3464828097392881E-002  0.16757153566751620     
   3.3098746865684273E-002  0.16789246568098193     
   3.2735513686986892E-002  0.16821854872354794     
   3.2375115322814792E-002  0.16854984139053072     
   3.2017538857380658E-002  0.16888640175162520     
   3.1662771264644181E-002  0.16922828933964179     
   3.1310799158084664E-002  0.16957556518419609     
   3.0961609038441303E-002  0.16992829189520378     
   3.0615187875198707E-002  0.17028653373804839     
   3.0271521720677787E-002  0.17065035660828604     
   2.9930597224071563E-002  0.17101982818756062     
   2.9592400411319469E-002  0.17139501792067563     
   2.9256917601863285E-002  0.17177599713756997     
   2.8924135054342104E-002  0.17216283908816715     
   2.8594038302180404E-002  0.17255561901325336     
   2.8266613798832229E-002  0.17295441424523009     
   2.7941847223000301E-002  0.17335930423102761     
   2.7619724025120689E-002  0.17377037066174156     
   2.7300230348545621E-002  0.17418769752657470     
   2.6983351445125429E-002  0.17461137120775974     
   2.6669072900961939E-002  0.17504148057494864     
   2.6357380148802650E-002  0.17547811707339336     
   2.6048258816455144E-002  0.17592137479756526     
   2.5741693809319646E-002  0.17637135067378326     
   2.5437670615437943E-002  0.17682814447202599     
   2.5136174388730184E-002  0.17729185897638333     
   2.4837190000786696E-002  0.17776260012525039     
   2.4540702630657062E-002  0.17824047706842575     
   2.4246697172711936E-002  0.17872560236176316     
   2.3955158535473541E-002  0.17921809207794909     
   2.3666071261032883E-002  0.17971806600055473     
   2.3379420507047648E-002  0.18022564765052301     
   2.3095190587401473E-002  0.18074096464807840     
   2.2813366075997488E-002  0.18126414874984964     
   2.2533931649708381E-002  0.18179533601293177     
   2.2256871721470953E-002  0.18233466708266127     
   2.1982170638271157E-002  0.18288228734264253     
   2.1709812752132872E-002  0.18343834713634954     
   2.1439782033068983E-002  0.18400300207955492     
   2.1172063028125920E-002  0.18457641305233607     
   2.0906639393079966E-002  0.18515874685796732     
   2.0643495455838701E-002  0.18575017605429123     
   2.0382614935435285E-002  0.18635087961300992     
   2.0123981735447032E-002  0.18696104300723751     
   1.9867579526117580E-002  0.18758085865480373     
   1.9613391948926744E-002  0.18821052620896606     
   1.9361402614895551E-002  0.18885025292342025     
   1.9111594996502605E-002  0.18950025409049287     
   1.8863952244161125E-002  0.19016075355525128     
   1.8618457807490874E-002  0.19083198390572503     
   1.8375094798629178E-002  0.19151418720323904     
   1.8133846082643887E-002  0.19220761551968371     
   1.7894694755500973E-002  0.19291253121707289     
   1.7657623292698578E-002  0.19362920800918876     
   1.7422614448232801E-002  0.19435793111089639     
   1.7189650797256061E-002  0.19509899818291204     
   1.6958714493554610E-002  0.19585272021913325     
   1.6729787707096565E-002  0.19661942210901556     
   1.6502852392792484E-002  0.19739944361470030     
   1.6277890185625025E-002  0.19819314043366446     
   1.6054882890818072E-002  0.19900088480366296     
   1.5833811517393607E-002  0.19982306737708252     
   1.5614657365963056E-002  0.20066009755800363     
   1.5397401311056663E-002  0.20151240535070772     
   1.5182023646628165E-002  0.20238044297096597     
   1.4968504683716591E-002  0.20326468585712065     
   1.4756824550779717E-002  0.20416563449307651     
   1.4546962499841184E-002  0.20508381697404604     
   1.4338897889145412E-002  0.20601979006141641     
   1.4132609463404605E-002  0.20697414214362711     
   1.3928075402210941E-002  0.20794749566795662     
   1.3725273497425129E-002  0.20894050966513822     
   1.3524181208407827E-002  0.20995388265815104     
   1.3324774969551218E-002  0.21098835685836623     
   1.3127030772026680E-002  0.21204472120096721     
   1.2930924125529378E-002  0.21312381540071645     
   1.2736429230992927E-002  0.21422653581413395     
   1.2543519768127381E-002  0.21535383949632592     
   1.2352168393245409E-002  0.21650675068559946     
   1.2162346694690735E-002  0.21768636747991682     
   1.1974025010408416E-002  0.21889386953888723     
   1.1787172272938859E-002  0.22013052680148013     
   1.1601756061490590E-002  0.22139770896258282     
   1.1417742157182527E-002  0.22269689727981293     
   1.1235094584035125E-002  0.22402969706338363     
   1.1053775042497795E-002  0.22539785339359036     
   1.0873743045625507E-002  0.22680326764966599     
   1.0694955232982388E-002  0.22824801860892860     
   1.0517364988118073E-002  0.22973438637385107     
   1.0340922358380210E-002  0.23126487955019526     
   1.0165572994400150E-002  0.23284226994488513     
   9.9912577807446459E-003  0.23446963188942119     
   9.8179120867258312E-003  0.23615039008785135     
   9.6454643872314946E-003  0.23788837941023344     
   9.4738357551763762E-003  0.23968791422707217     
   9.3029375241400689E-003  0.24155387970833517     
   9.1326702818641629E-003  0.24349183940434321     
   8.9629205477507728E-003  0.24550817853722276     
   8.7935588054959546E-003  0.24761027869839319     
   8.6244345358097614E-003  0.24980675404686711     
   8.4553715533803274E-003  0.25210775552805875     
   8.2861608400527035E-003  0.25452538274448866     
   8.1116087179894294E-003  0.25713978151579320     
   7.9409038294890842E-003  0.25984828645504338     
   7.7690208848930041E-003  0.26273119374215237     
   7.5954375659157154E-003  0.26581824700823681     
   7.4194617574017737E-003  0.26914872777639026     
   7.2401422342429928E-003  0.27277638330140080     
   7.0561090393313980E-003  0.27677819712463786     
   6.8652613494113567E-003  0.28127146270963876     
   6.6640773866238597E-003  0.28645138831821976     
   6.4457787167171380E-003  0.29269078221022971     
   6.1936345677087879E-003  0.30090311922243596     
   5.8033052062056566E-003  0.31667757197589014     
