  0.75343220267061362        1.8201746673227901     
  0.75416705028407538        1.8254819329867584     
  0.75490754278915373        1.8308505029792390     
  0.75564333843773224        1.8361817847239454     
  0.75637456423357796        1.8414775704032817     
  0.75710122824554771        1.8467380542529761     
  0.75782334117467753        1.8519634551667301     
  0.75854091457214157        1.8571539929925851     
  0.75925396053612526        1.8623098845655499     
  0.75996249215567402        1.8674313506661542     
  0.76066652296639625        1.8725186083905530     
  0.76136606732974632        1.8775718772169123     
  0.76206114016076021        1.8825913753276804     
  0.76275175710192733        1.8875773225768688     
  0.76343793415162264        1.8925299353432550     
  0.76411968811626396        1.8974494336522567     
  0.76479703610876870        1.9023360339901385     
  0.76546999590408449        1.9071899549497673     
  0.76613858574340210        1.9120114147096101     
  0.76680282414837675        1.9168006284468677     
  0.76746273034335233        1.9215578150686108     
  0.76811832374349776        1.9262831897386747     
  0.76876962431141349        1.9309769696194428     
  0.76941665230307354        1.9356393702044348     
  0.77005942832799401        1.9402706065696775     
  0.77069797339420376        1.9448708942945288     
  0.77133230873266490        1.9494404470397724     
  0.77196245598593305        1.9539794796593357     
  0.77258843699649149        1.9584882051968489     
  0.77321027391667452        1.9629668367817841     
  0.77382798914725370        1.9674155869516958     
  0.77444160530535966        1.9718346673260387     
  0.77505114526257168        1.9762242894043553     
  0.77565663209879565        1.9805846640619240     
  0.77625808903264892        1.9849160006588868     
  0.77685553954585962        1.9892185091547385     
  0.77744900726938060        1.9934923985026165     
  0.77803851596818530        1.9977378766429543     
  0.77862408954880979        2.0019551506926856     
  0.77920575208771869        2.0061444276159577     
  0.77978352774675530        2.0103059130601357     
  0.78035744085182723        2.0144398127135141     
  0.78092751578135422        2.0185463306958344     
  0.78149377701563283        2.0226256705008137     
  0.78205624917565353        2.0266780357308241     
  0.78261495688566984        2.0307036280609125     
  0.78316992487525661        2.0347026489732212     
  0.78372117788175311        2.0386752983405496     
  0.78426874077940345        2.0426217766003387     
  0.78481263842467430        2.0465422824068753     
  0.78535289569093114        2.0504370132829868     
  0.78588953751946655        2.0543061665546682     
  0.78642258887064853        2.0581499386627664     
  0.78695207467901629        2.0619685245628769     
  0.78747801991510114        2.0657621187949093     
  0.78800044954041015        2.0695309148616685     
  0.78851938852113890        2.0732751055277352     
  0.78903486178699012        2.0769948822670412     
  0.78954689425158120        2.0806904356434330     
  0.79005551082476699        2.0843619556309503     
  0.79056073640238100        2.0880096314814836     
  0.79106259578862359        2.0916336505775872     
  0.79156111377475147        2.0952341997473600     
  0.79205631514029573        2.0988114654052956     
  0.79254822455461960        2.1023656319583957     
  0.79303686670046980        2.1058968839206580     
  0.79352226615977173        2.1094054041259924     
  0.79400444747769194        2.1128913747747662     
  0.79448343509298680        2.1163549764213423     
  0.79495925344260332        2.1197963896998355     
  0.79543192681206842        2.1232157929299804     
  0.79590147949590950        2.1266133648168641     
  0.79636793563459940        2.1299892818207113     
  0.79683131932892837        2.1333437200538725     
  0.79729165458755835        2.1366768545181718     
  0.79774896534139517        2.1399888593317229     
  0.79820327540699187        2.1432799072052808     
  0.79865460851403269        2.1465501699048342     
  0.79910298831126425        2.1497998184235554     
  0.79954843832810341        2.1530290223496800     
  0.79999098203137187        2.1562379508841030     
  0.80043064273554820        2.1594267713230155     
  0.80086744368263996        2.1625956504818720     
  0.80130140801253102        2.1657447542089305     
  0.80173255871790117        2.1688742466314714     
  0.80216091874447826        2.1719842919314085     
  0.80258651085757593        2.1750750520601234     
  0.80300935776465598        2.1781466888781811     
  0.80342948202967801        2.1811993627163280     
  0.80384690609420340        2.1842332327459042     
  0.80426165230629820        2.1872484575242988     
  0.80467374288002536        2.1902451942973418     
  0.80508319991366706        2.1932235993417901     
  0.80549004538398294        2.1961838278900943     
  0.80589430113281224        2.1991260339181764     
  0.80629598889996512        2.2020503707285739     
  0.80669513028937878        2.2049569903857678     
  0.80709174676803452        2.2078460436974994     
  0.80748585970962061        2.2107176810277682     
  0.80787749032992917        2.2135720511397379     
  0.80826665972383205        2.2164093018919320     
  0.80865338886099791        2.2192295801418949     
  0.80903769860215236        2.2220330320898554     
  0.80941960964108262        2.2248198022201060     
  0.80979914257163477        2.2275900345246686     
  0.81017631784523325        2.2303438717605477     
  0.81055115576970571        2.2330814554239140     
  0.81092367655266939        2.2358029265394799     
  0.81129390025023052        2.2385084247534230     
  0.81166184678889253        2.2411980887364793     
  0.81202753596457278        2.2438720561612007     
  0.81239098744172711        2.2465304637013084     
  0.81275222075065789        2.2491734469932112     
  0.81311125529015138        2.2518011406789062     
  0.81346811033298916        2.2544136785120941     
  0.81382280501368987        2.2570111931461461     
  0.81417535833226928        2.2595938162019369     
  0.81452578915374341        2.2621616782628133     
  0.81487411622228090        2.2647149091308560     
  0.81522035814657245        2.2672536375683108     
  0.81556453339119905        2.2697779911420959     
  0.81590666029884851        2.2722880966191230     
  0.81624675708496364        2.2747840798910448     
  0.81658484181622615        2.2772660655574386     
  0.81692093244748210        2.2797341776151465     
  0.81725504679027194        2.2821885388873664     
  0.81758720253190698        2.2846292713552572     
  0.81791741721451872        2.2870564957831503     
  0.81824570827514131        2.2894703324522130     
  0.81857209299310973        2.2918709001991759     
  0.81889658853576774        2.2942583172404438     
  0.81921921193842817        2.2966327008049658     
  0.81953998009933526        2.2989941670517293     
  0.81985890979861620        2.3013428314037805     
  0.82017601768183390        2.3036788082393054     
  0.82049132026041438        2.3060022109047607     
  0.82080483394402481        2.3083131523158920     
  0.82111657498010038        2.3106117438100329     
  0.82142655951052390        2.3128980962178343     
  0.82173480354630168        2.3151723193736844     
  0.82204132298227284        2.3174345223985044     
  0.82234613357179065        2.3196848132042707     
  0.82264925095428909        2.3219232990248573     
  0.82295069064053661        2.3241500861144040     
  0.82325046802385526        2.3263652799739916     
  0.82354859836683181        2.3285689850705973     
  0.82384509681541918        2.3307613051238940     
  0.82413997839489395        2.3329423430059615     
  0.82443325800192280        2.3351122005910296     
  0.82472495041966187        2.3372709790348964     
  0.82501507030674792        2.3394187785620053     
  0.82530363220735414        2.3415556986458235     
  0.82559065053874792        2.3436818377682775     
  0.82587613961192430        2.3457972938014646     
  0.82616011361081942        2.3479021636129653     
  0.82644258660642600        2.3499965433245249     
  0.82672357254798767        2.3520805281295090     
  0.82700308527939359        2.3541542126115091     
  0.82728113851667051        2.3562176902955985     
  0.82755774587325559        2.3582710541340353     
  0.82783292084149640        2.3603143961312565     
  0.82810667680326311        2.3623478075587192     
  0.82837902703103539        2.3643713789470722     
  0.82864998467945528        2.3663851999375924     
  0.82891956279351386        2.3683893594132179     
  0.82918777431252522        2.3703839455738498     
  0.82945463206564063        2.3723690458499691     
  0.82972014876322442        2.3743447467113503     
  0.82998433701860974        2.3763111341000913     
  0.83024720933394980        2.3782682931265975     
  0.83050877810259249        2.3802163081314780     
  0.83076905560951320        2.3821552626568794     
  0.83102805404526736        2.3840852397374754     
  0.83128578548006304        2.3860063213711684     
  0.83154226188869351        2.3879185889976284     
  0.83179749514348367        2.3898221233589245     
  0.83205149701238790        2.3917170044495375     
  0.83230427915795646        2.3936033114895463     
  0.83255585313987712        2.3954811229595525     
  0.83280623043066471        2.3973505169076361     
  0.83305542238947283        2.3992115704297592     
  0.83330344027389747        2.4010643598726666     
  0.83355029525691049        2.4029089611859513     
  0.83379599839572593        2.4047454492813349     
  0.83404056066882881        2.4065738987616054     
  0.83428399294441946        2.4083943832859402     
  0.83452630599947386        2.4102069759392011     
  0.83476751051462406        2.4120117491224167     
  0.83500761708122306        2.4138087746835728     
  0.83524663619334427        2.4155981237478228     
  0.83548457824268751        2.4173798666149722     
  0.83572145354584715        2.4191540732817116     
  0.83595727231277595        2.4209208128152673     
  0.83619204467181907        2.4226801538389759     
  0.83642578065474327        2.4244321642222104     
  0.83665849020880878        2.4261769113204217     
  0.83689018318575048        2.4279144617368953     
  0.83712086935586882        2.4296448816047054     
  0.83735055839608707        2.4313682363313820     
  0.83757925990452153        2.4330845908893730     
  0.83780698337852066        2.4347940093584066     
  0.83803373824536886        2.4364965555424618     
  0.83825953383355423        2.4381922923729777     
  0.83848437940249543        2.4398812825152412     
  0.83870828410862674        2.4415635876532797     
  0.83893125704435911        2.4432392692863507     
  0.83915330720919279        2.4449083881317275     
  0.83937444351969315        2.4465710043115481     
  0.83959467481826511        2.4482271775289162     
  0.83981400985952159        2.4498769667829956     
  0.84003245732181964        2.4515204305857914     
  0.84025002580793773        2.4531576269810311     
  0.84046672383552501        2.4547886133325516     
  0.84068255984728379        2.4564134465233267     
  0.84089754220777313        2.4580321828816780     
  0.84111167920668806        2.4596448782474205     
  0.84132497905706138        2.4612515879166827     
  0.84153744989142931        2.4628523665589626     
  0.84174909977929402        2.4644472685713570     
  0.84195993670367608        2.4660363475825964     
  0.84216996857558968        2.4676196567399034     
  0.84237920324547400        2.4691972489483454     
  0.84258764847719625        2.4707691763123050     
  0.84279531196626967        2.4723354905141086     
  0.84300220134151116        2.4738962428349045     
  0.84320832415816838        2.4754514840042274     
  0.84341368790207705        2.4770012642796351     
  0.84361829998779847        2.4785456333984639     
  0.84382216776331187        2.4800846406716506     
  0.84402529850727481        2.4816183349109995     
  0.84422769943267262        2.4831467645052343     
  0.84442937768163295        2.4846699772965604     
  0.84463034033404094        2.4861880207589775     
  0.84483059440169572        2.4877009418638574     
  0.84503014682897504        2.4892087870868522     
  0.84522900449914107        2.4907116025362992     
  0.84542717423021863        2.4922094338522425     
  0.84562466277324999        2.4937023261666833     
  0.84582147682302689        2.4951903243198972     
  0.84601762300263084        2.4966734725273945     
  0.84621310788151827        2.4981518147555501     
  0.84640793796340263        2.4996253944515194     
  0.84660211969173882        2.5010942546604840     
  0.84679565944839685        2.5025584379881511     
  0.84698856355746566        2.5040179866644188     
  0.84718083828276003        2.5054729424973523     
  0.84737248982748148        2.5069233468451912     
  0.84756352434131654        2.5083692407720730     
  0.84775394790864023        2.5098106647793985     
  0.84794376656326320        2.5112476591175632     
  0.84813298627867650        2.5126802635730461     
  0.84832161297465436        2.5141085175946136     
  0.84850965251147703        2.5155324601698386     
  0.84869711069631626        2.5169521299520374     
  0.84888399328202724        2.5183675652254505     
  0.84907030596754995        2.5197788039094999     
  0.84925605439487140        2.5211858834856282     
  0.84944124415546240        2.5225888411283277     
  0.84962588078693313        2.5239877136242654     
  0.84980996977508738        2.5253825374163927     
  0.84999351655210442        2.5267733485483270     
  0.85017652650117226        2.5281601827639526     
  0.85035900495273808        2.5295430754197374     
  0.85054095718584954        2.5309220615020855     
  0.85072238843236880        2.5322971757173369     
  0.85090330387446589        2.5336684524277113     
  0.85108370864243899        2.5350359255990158     
  0.85126360781606103        2.5363996288209858     
  0.85144300643455195        2.5377595955180681     
  0.85162190948048921        2.5391158585969928     
  0.85180032189662302        2.5404684507980257     
  0.85197824857296289        2.5418174044180821     
  0.85215569435769434        2.5431627515321003     
  0.85233266404754404        2.5445045237832185     
  0.85250916239860530        2.5458427526086291     
  0.85268519411905941        2.5471774690769795     
  0.85286076387217424        2.5485087039480856     
  0.85303587627815436        2.5498364877041526     
  0.85321053591440632        2.5511608505528294     
  0.85338474731017111        2.5524818222996632     
  0.85355851495362800        2.5537994325043756     
  0.85373184329380247        2.5551137105080581     
  0.85390473673259570        2.5564246852590218     
  0.85407719963035089        2.5577323854266112     
  0.85424923630919292        2.5590368394668284     
  0.85442085104709364        2.5603380754917131     
  0.85459204808183409        2.5616361213455128     
  0.85476283161152344        2.5629310046085498     
  0.85493320579216425        2.5642227525464749     
  0.85510317474242592        2.5655113922022754     
  0.85527274254053720        2.5667969503247248     
  0.85544191322712027        2.5680794534245193     
  0.85561069080091212        2.5693589276745055     
  0.85577907922751295        2.5706353990982169     
  0.85594708242987338        2.5719088933543572     
  0.85611470429480985        2.5731794358730671     
  0.85628194867347296        2.5744470518648113     
  0.85644881938045492        2.5757117662906879     
  0.85661532019040332        2.5769736037867665     
  0.85678145484692436        2.5782325888532660     
  0.85694722705285620        2.5794887456316191     
  0.85711264047965219        2.5807420981133475     
  0.85727769876074655        2.5819926699842108     
  0.85744240549789574        2.5832404847574728     
  0.85760676425613092        2.5844855656618808     
  0.85777077856689865        2.5857279357043574     
  0.85793445192773721        2.5869676176538756     
  0.85809778780336166        2.5882046340698110     
  0.85826078962516728        2.5894390072747093     
  0.85842346079152720        2.5906707593638689     
  0.85858580467011059        2.5918999122513737     
  0.85874782459343102        2.5931264875635325     
  0.85890952386463948        2.5943505067634387     
  0.85907090575238931        2.5955719910343884     
  0.85923197349883229        2.5967909614521059     
  0.85939273031140340        2.5980074387946277     
  0.85955317936853914        2.5992214436688954     
  0.85971332381612864        2.6004329964259036     
  0.85987316677433157        2.6016421173063273     
  0.86003271132880976        2.6028488262424725     
  0.86019196053980151        2.6040531430561620     
  0.86035091743524073        2.6052550873005305     
  0.86050958501637909        2.6064546783814802     
  0.86066796625472219        2.6076519354811962     
  0.86082606409397278        2.6088468776056217     
  0.86098388144989080        2.6100395235676523     
  0.86114142120985537        2.6112298919801118     
  0.86129868623318817        2.6124180012551523     
  0.86145567935567868        2.6136038697024944     
  0.86161240338143796        2.6147875153426341     
  0.86176886109107709        2.6159689560862045     
  0.86192505523584462        2.6171482095993923     
  0.86208098854317672        2.6183252934198831     
  0.86223666371503360        2.6195002249246722     
  0.86239208342689067        2.6206730212937304     
  0.86254725032835267        2.6218436995251428     
  0.86270216704291813        2.6230122764255874     
  0.86285683617112696        2.6241787686750153     
  0.86301126029001951        2.6253431928122319     
  0.86316544194863942        2.6265055651309215     
  0.86331938367495453        2.6276659018315440     
  0.86347308796993016        2.6288242188789250     
  0.86362655731398130        2.6299805321519738     
  0.86377979416290662        2.6311348573430555     
  0.86393280094836056        2.6322872099656220     
  0.86408558008175862        2.6334376054427331     
  0.86423813394754023        2.6345860589429781     
  0.86439046491070826        2.6357325855585838     
  0.86454257531401890        2.6368772002266900     
  0.86469446747610901        2.6380199176920258     
  0.86484614369648305        2.6391607526129239     
  0.86499760624900457        2.6402997194095112     
  0.86514885739141012        2.6414368324815207     
  0.86529989935627782        2.6425721059882692     
  0.86545073435587960        2.6437055539697476     
  0.86560136458250025        2.6448371903407919     
  0.86575179220847098        2.6459670288938568     
  0.86590201938292433        2.6470950832146447     
  0.86605204823860704        2.6482213668445391     
  0.86620188088540140        2.6493458931208456     
  0.86635151941599109        2.6504686753075024     
  0.86650096589941228        2.6515897264427815     
  0.86665022239118228        2.6527090595661500     
  0.86679929092054442        2.6538266874301941     
  0.86694817350455711        2.6549426228112436     
  0.86709687213945230        2.6560568783119218     
  0.86724538879830448        2.6571694663064305     
  0.86739372544202464        2.6582803991903665     
  0.86754188401172772        2.6593896891955415     
  0.86768986642683388        2.6604973483526435     
  0.86783767459306715        2.6616033886662054     
  0.86798531039723203        2.6627078219921607     
  0.86813277570893999        2.6638106600755380     
  0.86828007237978300        2.6649119145330085     
  0.86842720224337056        2.6660115968403395     
  0.86857416711930668        2.6671097184315942     
  0.86872096880726468        2.6682062905539494     
  0.86886760909313154        2.6693013244078490     
  0.86901408974438721        2.6703948310384811     
  0.86916041251111797        2.6714868213576022     
  0.86930657913186249        2.6725773062709903     
  0.86945259132366459        2.6736662964513869     
  0.86959845079144749        2.6747538025509279     
  0.86974415922509152        2.6758398351269426     
  0.86988971829525530        2.6769244045499212     
  0.87003512966164398        2.6780075211859149     
  0.87018039496502575        2.6790891952104019     
  0.87032551583281004        2.6801694367415307     
  0.87047049388092201        2.6812482558685558     
  0.87061533070311903        2.6823256624139971     
  0.87076002788496598        2.6834016662484244     
  0.87090458699626894        2.6844762771124282     
  0.87104900959059628        2.6855495046068825     
  0.87119329720905125        2.6866213582744360     
  0.87133745138008412        2.6876918475941598     
  0.87148147361501016        2.6887609818776812     
  0.87162536541454105        2.6898287704125381     
  0.87176912826432484        2.6908952223613234     
  0.87191276363770687        2.6919603468207440     
  0.87205627299319477        2.6930241527636625     
  0.87219965777790998        2.6940866491151025     
  0.87234291942523379        2.6951478446912054     
  0.87248605935619383        2.6962077482386300     
  0.87262907897744457        2.6972663683745286     
  0.87277197968597420        2.6983237137026324     
  0.87291476286467018        2.6993797927055088     
  0.87305742988470381        2.7004346137937789     
  0.87319998210302952        2.7014881852507164     
  0.87334242086779990        2.7025405153541833     
  0.87348474751285743        2.7035916122455736     
  0.87362696336315371        2.7046414840570172     
  0.87376906972814017        2.7056901387520966     
  0.87391106790807460        2.7067375842699422     
  0.87405295919178372        2.7077838284769218     
  0.87419474485548343        2.7088288791307464     
  0.87433642616613705        2.7098727439598305     
  0.87447799394036463        2.7109153519978708     
  0.87461947029956233        2.7119568681384716     
  0.87476084603053561        2.7129972209890250     
  0.87490212236268150        2.7140364180999810     
  0.87504330050941959        2.7150744668519642     
  0.87518438167060431        2.7161113744838463     
  0.87532536703766761        2.7171471482106409     
  0.87546625779253806        2.7181817951968528     
  0.87560705510391768        2.7192153224692079     
  0.87574776013522204        2.7202477370941667     
  0.87588837403652375        2.7212790459957534     
  0.87602889794556194        2.7223092559735109     
  0.87616933299893052        2.7233383739620027     
  0.87630968031448941        2.7243664066159412     
  0.87644994100621165        2.7253933606655618     
  0.87659011617665483        2.7264192427245302     
  0.87673020691784809        2.7274440593183815     
  0.87687021431533407        2.7284678169766874     
  0.87701013944464845        2.7294905221430303     
  0.87714998337117400        2.7305121811778443     
  0.87728974715371144        2.7315328004385329     
  0.87742943183884659        2.7325523861380194     
  0.87756903846710177        2.7335709444993426     
  0.87770856806964215        2.7345884816684558     
  0.87784802166908771        2.7356050037329909     
  0.87798740028053812        2.7366205167488267     
  0.87812670490753708        2.7376350266393104     
  0.87826593654953800        2.7386485393712623     
  0.87840509619562845        2.7396610608059992     
  0.87854418482600893        2.7406725967288694     
  0.87868320341656181        2.7416831529623318     
  0.87882215293097710        2.7426927351733705     
  0.87896103432666450        2.7437013490141564     
  0.87909984855402112        2.7447090001020538     
  0.87923859655693570        2.7457156940289273     
  0.87937727926743547        2.7467214362347514     
  0.87951589761422788        2.7477262322115710     
  0.87965445251670848        2.7487300873523135     
  0.87979294488875082        2.7497330070469683     
  0.87993137563533008        2.7507349965951198     
  0.88006974565267615        2.7517360612129131     
  0.88020805583311879        2.7527362061439438     
  0.88034630706283656        2.7537354366055724     
  0.88048450021540703        2.7547337576348898     
  0.88062263616368819        2.7557311743642714     
  0.88076071577022119        2.7567276918039108     
  0.88089873989416523        2.7577233149917810     
  0.88103670938334311        2.7587180488133933     
  0.88117462508160826        2.7597118981679634     
  0.88131248782714533        2.7607048679344386     
  0.88145029845035872        2.7616969629141002     
  0.88158805777736449        2.7626881879152183     
  0.88172576662550717        2.7636785476420433     
  0.88186342580625698        2.7646680467673965     
  0.88200103612653280        2.7656566899601653     
  0.88213859838596564        2.7666444818186822     
  0.88227611338008227        2.7676314269438547     
  0.88241358189496055        2.7686175298167690     
  0.88255100471387871        2.7696027949483772     
  0.88268838261461158        2.7705872268192810     
  0.88282571636515117        2.7715708297733395     
  0.88296300673352957        2.7725536082540803     
  0.88310025447687146        2.7735355665358421     
  0.88323746035345052        2.7745167090223744     
  0.88337462510690512        2.7754970398546059     
  0.88351174948318034        2.7764765633253492     
  0.88364883422032181        2.7774552836281683     
  0.88378588005093484        2.7784332049175022     
  0.88392288770173477        2.7794103312960061     
  0.88405985789746633        2.7803866669084139     
  0.88419679135201512        2.7813622157254438     
  0.88433368877929808        2.7823369818083687     
  0.88447055088634108        2.7833109691358167     
  0.88460737837643655        2.7842841816786277     
  0.88474417194632393        2.7852566233419878     
  0.88488093228940123        2.7862282980280861     
  0.88501766009239569        2.7871992095598150     
  0.88515435604100634        2.7881693618204646     
  0.88529102081214694        2.7891387585583436     
  0.88542765507958454        2.7901074035254689     
  0.88556425951439910        2.7910753004891689     
  0.88570083478029416        2.7920424531154659     
  0.88583738153893521        2.7930088650960005     
  0.88597390044744517        2.7939745400892599     
  0.88611039215745357        2.7949394816989424     
  0.88624685731579977        2.7959036934808719     
  0.88638329656676540        2.7968671790064370     
  0.88651971055086876        2.7978299418269628     
  0.88665609990176186        2.7987919853964609     
  0.88679246525106337        2.7997533131950907     
  0.88692880722771561        2.8007139287015654     
  0.88706512645437441        2.8016738353178714     
  0.88720142354964227        2.8026330364090075     
  0.88733769912918037        2.8035915353403249     
  0.88747395380582783        2.8045493354722932     
  0.88761018818807536        2.8055064401275280     
  0.88774640287872630        2.8064628525514097     
  0.88788259847939199        2.8074185760282409     
  0.88801877558725895        2.8083736137964204     
  0.88815493479380003        2.8093279690166009     
  0.88829107669218510        2.8102816449550829     
  0.88842720186727497        2.8112346447309147     
  0.88856331090078611        2.8121869714541390     
  0.88869940437435935        2.8131386282852970     
  0.88883548286279013        2.8140896182820887     
  0.88897154693991531        2.8150399445323622     
  0.88910759717546994        2.8159896100827067     
  0.88924363413516005        2.8169386179390283     
  0.88937965838299282        2.8178869711176460     
  0.88951567047789504        2.8188346725694764     
  0.88965167097661180        2.8197817252434669     
  0.88978766043474744        2.8207281321143371     
  0.88992363940188579        2.8216738960652048     
  0.89005960842726117        2.8226190200192161     
  0.89019556805337396        2.8235635067868072     
  0.89033151882338657        2.8245073592441079     
  0.89046746127808374        2.8254505802626682     
  0.89060339595125282        2.8263931725893832     
  0.89073932337723627        2.8273351390323445     
  0.89087524408716467        2.8282764823699384     
  0.89101115860812297        2.8292172053302185     
  0.89114706746583261        2.8301573106501428     
  0.89128297118375510        2.8310968010598594     
  0.89141887028072908        2.8320356792217609     
  0.89155476527520761        2.8329739478323672     
  0.89169065668170133        2.8339116095354515     
  0.89182654501286462        2.8348486669706814     
  0.89196243077720438        2.8357851227236468     
  0.89209831448420318        2.8367209794407047     
  0.89223419663680614        2.8376562396505975     
  0.89237007773987254        2.8385909059694456     
  0.89250595829214852        2.8395249809071790     
  0.89264183879374104        2.8404584670393973     
  0.89277771973846654        2.8413913668321547     
  0.89291360162029421        2.8423236827900036     
  0.89304948493119973        2.8432554174096243     
  0.89318537015893640        2.8441865731170246     
  0.89332125779153970        2.8451171523851411     
  0.89345714831550227        2.8460471576819062     
  0.89359304221088087        2.8469765913520702     
  0.89372893996043634        2.8479054558469086     
  0.89386484204196515        2.8488337535247314     
  0.89400074893208348        2.8497614867473877     
  0.89413666110636325        2.8506886578898438     
  0.89427257903732138        2.8516152692794527     
  0.89440850319570198        2.8525413232318741     
  0.89454443405104178        2.8534668220679604     
  0.89468037207024009        2.8543917680718103     
  0.89481631771961068        2.8553161635424731     
  0.89495227146182588        2.8562400107234307     
  0.89508823376005009        2.8571633118935309     
  0.89522420507131650        2.8580860692140240     
  0.89536018585860988        2.8590082850206624     
  0.89549617657618419        2.8599299614579357     
  0.89563217768067271        2.8608511007572188     
  0.89576818962352234        2.8617717050544123     
  0.89590421285967936        2.8626917765888384     
  0.89604024783648795        2.8636113174440290     
  0.89617629500530482        2.8645303298277289     
  0.89631235481124982        2.8654488158150135     
  0.89644842770155886        2.8663667775584267     
  0.89658451412154117        2.8672842171870117     
  0.89672061451209528        2.8682011367455931     
  0.89685672931844695        2.8691175384059413     
  0.89699285897687797        2.8700334241413676     
  0.89712900392797579        2.8709487960548277     
  0.89726516460764039        2.8718636561542246     
  0.89740134145712425        2.8727780065994457     
  0.89753753490628463        2.8736918492898456     
  0.89767374539015432        2.8746051862726212     
  0.89780997334233781        2.8755180195784455     
  0.89794621919211637        2.8764303511500109     
  0.89808248337199703        2.8773421830277051     
  0.89821876630973096        2.8782535171547448     
  0.89835506843393587        2.8791643555104516     
  0.89849139016950663        2.8800747000010292     
  0.89862773194278822        2.8809845525827531     
  0.89876409417917202        2.8818939152071468     
  0.89890047730192169        2.8828027897876884     
  0.89903688173225627        2.8837111782038063     
  0.89917330789328342        2.8846190823938511     
  0.89930975620472964        2.8855265042281597     
  0.89944622708576638        2.8864334455780929     
  0.89958272095544678        2.8873399083256022     
  0.89971923823105093        2.8882458943216829     
  0.89985577933019179        2.8891514054376115     
  0.89999234466820288        2.8900564435018437     
  0.90012893465958421        2.8909610103312740     
  0.90026554972024220        2.8918651077931243     
  0.90040219026264623        2.8927687376769340     
  0.90053885669909894        2.8936719017819534     
  0.90067554944101635        2.8945746018930265     
  0.90081226890074073        2.8954768398312050     
  0.90094901548899708        2.8963786173808583     
  0.90108578961322705        2.8972799362590926     
  0.90122259168546159        2.8981807983055869     
  0.90135942211237408        2.8990812052340518     
  0.90149628130062187        2.8999811587636168     
  0.90163316966003970        2.9008806607023718     
  0.90177008759535227        2.9017797127399452     
  0.90190703551186902        2.9026783165837022     
  0.90204401381799137        2.9035764740251491     
  0.90218102291440150        2.9044741866714565     
  0.90231806320857277        2.9053714563037887     
  0.90245513510271624        2.9062682845760692     
  0.90259223900078089        2.9071646731914846     
  0.90272937530452257        2.9080606238046096     
  0.90286654441887770        2.9089561381475795     
  0.90300374674202855        2.9098512177958007     
  0.90314098267739029        2.9107458644535398     
  0.90327825262807282        2.9116400798208462     
  0.90341555699137632        2.9125338654573660     
  0.90355289616982981        2.9134272230543354     
  0.90369027056245277        2.9143201542133501     
  0.90382768056944396        2.9152126605766036     
  0.90396512658950146        2.9161047437401972     
  0.90410260902381823        2.9169964053672750     
  0.90424012826858324        2.9178876470000628     
  0.90437768472404856        2.9187784702755715     
  0.90451527878780980        2.9196688767670747     
  0.90465291085811861        2.9205588680661076     
  0.90479058133277701        2.9214484457479504     
  0.90492829061161806        2.9223376114389263     
  0.90506603908927774        2.9232263666352161     
  0.90520382716427383        2.9241147129264471     
  0.90534165523485366        2.9250026518922998     
  0.90547952369652029        2.9258901850428396     
  0.90561743294715658        2.9267773139444966     
  0.90575538338474226        2.9276640401593932     
  0.90589337540439996        2.9285503651791878     
  0.90603140940447546        2.9294362905706794     
  0.90616948578219048        2.9303218178659782     
  0.90630760493241036        2.9312069485334091     
  0.90644576725304937        2.9320916841164411     
  0.90658397314199246        2.9329760261469824     
  0.90672222299504535        2.9338599761022532     
  0.90686051720932348        2.9347435354882125     
  0.90699885618050646        2.9356267057632826     
  0.90713724031007992        2.9365094885262484     
  0.90727566998982490        2.9373918851277727     
  0.90741414561993683        2.9382738971192546     
  0.90755266759830289        2.9391555259871063     
  0.90769123632048776        2.9400367731534089     
  0.90782985218459578        2.9409176400923700     
  0.90796851559028402        2.9417981283103209     
  0.90810722693566981        2.9426782392634472     
  0.90824598661647271        2.9435579743416556     
  0.90838479503383307        2.9444373350568585     
  0.90852365258486978        2.9453163228156489     
  0.90866255966959197        2.9461949390802298     
  0.90880151668714848        2.9470731852848946     
  0.90894052403645487        2.9479510628454664     
  0.90907958211800721        2.9488285732040840     
  0.90921869133260103        2.9497057178033774     
  0.90935785207885511        2.9505824980144171     
  0.90949706476000747        2.9514589153118695     
  0.90963632977729569        2.9523349711124185     
  0.90977564752981155        2.9532106667617448     
  0.90991501842173950        2.9540860037170891     
  0.91005444285364667        2.9549609833395816     
  0.91019392123075005        2.9558356070837633     
  0.91033345395403975        2.9567098762935586     
  0.91047304142916707        2.9575837924043902     
  0.91061268405902462        2.9584573567725712     
  0.91075238225041022        2.9593305708398470     
  0.91089213640477917        2.9602034358944067     
  0.91103194693048228        2.9610759533810644     
  0.91117181423413596        2.9619481246879587     
  0.91131173872005655        2.9628199511256512     
  0.91145172079808023        2.9636914341279077     
  0.91159176087417193        2.9645625750135531     
  0.91173185935842338        2.9654333751877808     
  0.91187201665974738        2.9663038360066807     
  0.91201223318619840        2.9671739587897008     
  0.91215250934962555        2.9680437449292691     
  0.91229284556096268        2.9689131957789723     
  0.91243324223050681        2.9697823126542344     
  0.91257369977255098        2.9706510969527145     
  0.91271421859935853        2.9715195500037082     
  0.91285479912302581        2.9723876731073959     
  0.91299544176130065        2.9732554676853722     
  0.91313614692573752        2.9741229349901284     
  0.91327691503407393        2.9749900763976740     
  0.91341774650224550        2.9758568932268235     
  0.91355864174906576        2.9767233868404936     
  0.91369960119259996        2.9775895585638210     
  0.91384062525032539        2.9784554096818208     
  0.91398171434264530        2.9793209415324693     
  0.91412286889123084        2.9801861554610882     
  0.91426408931671632        2.9810510527667109     
  0.91440537604234806        2.9819156347849596     
  0.91454672949075921        2.9827799028161293     
  0.91468815008653059        2.9836438581809386     
  0.91482963825438690        2.9845075021828782     
  0.91497119442030039        2.9853708361316240     
  0.91511281901341091        2.9862338613838624     
  0.91525451245780254        2.9870965791555015     
  0.91539627518513522        2.9879589908161250     
  0.91553810762422860        2.9888210976423029     
  0.91568001020741852        2.9896829009713382     
  0.91582198336488274        2.9905444020577567     
  0.91596402753053308        2.9914056022242210     
  0.91610614313825078        2.9922665027644020     
  0.91624833062330424        2.9931271049787549     
  0.91639059042111271        2.9939874101408623     
  0.91653292297018885        2.9948474195776282     
  0.91667532870733692        2.9957071345385136     
  0.91681780807305202        2.9965665563392028     
  0.91696036150720817        2.9974256862504420     
  0.91710298945221713        2.9982845255757482     
  0.91724569235195541        2.9991430756232731     
  0.91738847064805495        3.0000013376157515     
  0.91753132478832833        3.0008593128973988     
  0.91767425521684043        3.0017170026938111     
  0.91781726238425509        3.0025744083526376     
  0.91796034673703719        3.0034315310955657     
  0.91810350872656865        3.0042883722269913     
  0.91824674880476198        3.0051449330346482     
  0.91839006742301854        3.0060012147599879     
  0.91853346503712452        3.0068572187215228     
  0.91867694210216122        3.0077129461826662     
  0.91882049907448660        3.0085683984088010     
  0.91896413641308905        3.0094235766943926     
  0.91910785457552691        3.0102784822624367     
  0.91925165402440911        3.0111331164284012     
  0.91939553522293194        3.0119874804840574     
  0.91953949863218321        3.0128415756368314     
  0.91968354471933444        3.0136954032056291     
  0.91982767395078791        3.0145489644520209     
  0.91997188679433428        3.0154022606416659     
  0.92011618371980053        3.0162552930491451     
  0.92026056519830746        3.0171080629407969     
  0.92040503170314381        3.0179605716043945     
  0.92054958370557349        3.0188128202332400     
  0.92069422168444670        3.0196648101760428     
  0.92083894611749606        3.0205165427100003     
  0.92098375748137518        3.0213680190463545     
  0.92112865625677698        3.0222192404597288     
  0.92127364292641634        3.0230702082306036     
  0.92141871797484620        3.0239209236497873     
  0.92156388188498373        3.0247713879189941     
  0.92170913514725072        3.0256216023890730     
  0.92185447824724287        3.0264715682489816     
  0.92199991167659689        3.0273212867954920     
  0.92214543592910903        3.0281707593332001     
  0.92229105149677526        3.0290199870808947     
  0.92243675887602850        3.0298689713272613     
  0.92258255856394955        3.0307177133275474     
  0.92272845105932721        3.0315662143412117     
  0.92287443686361248        3.0324144756383640     
  0.92302051648126937        3.0332624985299725     
  0.92316669041524635        3.0341102842397847     
  0.92331295917220146        3.0349578340347039     
  0.92345932326076574        3.0358051491893026     
  0.92360578319224895        3.0366522309908146     
  0.92375233947798363        3.0374990806914601     
  0.92389899263293662        3.0383456995690366     
  0.92404574317343002        3.0391920889016779     
  0.92419259161656320        3.0400382499332839     
  0.92433953848316031        3.0408841839488394     
  0.92448658429594799        3.0417298922319889     
  0.92463372957836865        3.0425753760346552     
  0.92478097485759470        3.0434206366532908     
  0.92492832066137332        3.0442656753457298     
  0.92507576751984932        3.0451104933778184     
  0.92522331596772189        3.0459550920744598     
  0.92537096653705431        3.0467994726484542     
  0.92551871976508049        3.0476436363852417     
  0.92566657619287562        3.0484875846080577     
  0.92581453636036404        3.0493313185676172     
  0.92596260081198889        3.0501748395648169     
  0.92611077009201093        3.0510181488434274     
  0.92625904474895537        3.0518612477022775     
  0.92640742533272169        3.0527041374105326     
  0.92655591239724133        3.0535468192900361     
  0.92670450649618319        3.0543892945943405     
  0.92685320818697370        3.0552315646122841     
  0.92700201803041282        3.0560736306631826     
  0.92715093658596737        3.0569154939731389     
  0.92729996442085849        3.0577571559041452     
  0.92744910210004750        3.0585986176965321     
  0.92759835019267378        3.0594398806462859     
  0.92774770927265360        3.0602809460947200     
  0.92789717991211829        3.0611218152886939     
  0.92804676268747954        3.0619624895158646     
  0.92819645818001806        3.0628029701204760     
  0.92834626697032130        3.0636432583745226     
  0.92849618964387581        3.0644833556050384     
  0.92864622678567144        3.0653232630591507     
  0.92879637898772638        3.0661629821007463     
  0.92894664684171357        3.0670025140197543     
  0.92909703094197238        3.0678418601048811     
  0.92924753188616083        3.0686810216652733     
  0.92939815027607131        3.0695200000439291     
  0.92954888671402280        3.0703587965305830     
  0.92969974180677728        3.0711974124573387     
  0.92985071616200798        3.0720358491155348     
  0.93000181039142604        3.0728741078242177     
  0.93015302511138698        3.0737121899471216     
  0.93030436093771063        3.0745500967695767     
  0.93045581849110048        3.0753878296283599     
  0.93060739839468065        3.0762253898444256     
  0.93075910127411843        3.0770627787339828     
  0.93091092776021345        3.0778999976698276     
  0.93106287848394453        3.0787370479532794     
  0.93121495408092259        3.0795739309300720     
  0.93136715518904534        3.0804106479282787     
  0.93151948245075933        3.0812472003119908     
  0.93167193650971314        3.0820835894050682     
  0.93182451801372412        3.0829198165538401     
  0.93197722761283130        3.0837558830891156     
  0.93213006596312997        3.0845917904044895     
  0.93228303372042387        3.0854275398202828     
  0.93243613154557092        3.0862631326972974     
  0.93258936010229021        3.0870985703940796     
  0.93274272005811099        3.0879338542721495     
  0.93289621208321194        3.0887689856926182     
  0.93304983685228871        3.0896039660369632     
  0.93320359504233419        3.0904387966636824     
  0.93335748733368118        3.0912734789411989     
  0.93351151441006552        3.0921080142253063     
  0.93366567696021585        3.0929424039188644     
  0.93381997567521913        3.0937766493969434     
  0.93397441124988756        3.0946107520421062     
  0.93412898438287495        3.0954447132439906     
  0.93428369577552861        3.0962785343771326     
  0.93443854613461208        3.0971122168574929     
  0.93459353616870033        3.0979457620595299     
  0.93474866659078815        3.0987791713774504     
  0.93490393811851136        3.0996124462319190     
  0.93505935147273711        3.1004455880296540     
  0.93521490737779578        3.1012785981731099     
  0.93537060656117788        3.1021114780572803     
  0.93552644975705468        3.1029442291372811     
  0.93568243769944759        3.1037768527802072     
  0.93583857113020541        3.1046093504477215     
  0.93599485079247247        3.1054417235389624     
  0.93615127743610504        3.1062739735230496     
  0.93630785181177767        3.1071061017922235     
  0.93646457467647726        3.1079381097943064     
  0.93662144679149406        3.1087699989922015     
  0.93677846892079475        3.1096017708037040     
  0.93693564183349509        3.1104334266867442     
  0.93709296630255878        3.1112649680788658     
  0.93725044310734740        3.1120963964817840     
  0.93740807302718876        3.1129277132939603     
  0.93756585685041460        3.1137589200274247     
  0.93772379536691364        3.1145900181281183     
  0.93788188937227723        3.1154210090799390     
  0.93804013966630484        3.1162518943620201     
  0.93819854705149863        3.1170826754123704     
  0.93835711233993446        3.1179133537955535     
  0.93851583634206559        3.1187439309290652     
  0.93867471987814399        3.1195744083562058     
  0.93883376376984939        3.1204047875479164     
  0.93899296884523253        3.1212350700160556     
  0.93915233593647895        3.1220652572672432     
  0.93931186588102800        3.1228953508157673     
  0.93947155952058725        3.1237253521691697     
  0.93963141770267933        3.1245552628611621     
  0.93979144127953529        3.1253850844197077     
  0.93995163110746305        3.1262148183611638     
  0.94011198804969331        3.1270444662424093     
  0.94027251297344083        3.1278740296075074     
  0.94043320675065611        3.1287035099906806     
  0.94059407025850805        3.1295329089319024     
  0.94075510438047338        3.1303622279990293     
  0.94091631000559850        3.1311914687745670     
  0.94107768802669500        3.1320206328078637     
  0.94123923934183684        3.1328497216458611     
  0.94140096485743796        3.1336787369139953     
  0.94156286548294332        3.1345076801848597     
  0.94172494213272473        3.1353365530140165     
  0.94188719572965673        3.1361653570417003     
  0.94204962719985008        3.1369940938431107     
  0.94221223747597083        3.1378227650311885     
  0.94237502749659008        3.1386513722180762     
  0.94253799820601392        3.1394799170279755     
  0.94270115055330361        3.1403084010564664     
  0.94286448549650415        3.1411368259786259     
  0.94302800399631792        3.1419651934017443     
  0.94319170702132182        3.1427935049753293     
  0.94335559554545934        3.1436217623389897     
  0.94351967055032693        3.1444499671739550     
  0.94368393302121989        3.1452781211087957     
  0.94384838395196735        3.1461062258314021     
  0.94401302434216161        3.1469342830162752     
  0.94417785519750397        3.1477622943470802     
  0.94434287752959001        3.1485902614913384     
  0.94450809235782263        3.1494181861563080     
  0.94467350070833600        3.1502460700562063     
  0.94483910361212686        3.1510739148762470     
  0.94500490210933519        3.1519017223580943     
  0.94517089724394365        3.1527294941801918     
  0.94533709007098077        3.1535572321332035     
  0.94550348164736930        3.1543849378911144     
  0.94567007304220252        3.1552126132533260     
  0.94583686532800026        3.1560402599431403     
  0.94600385958486755        3.1568678797082699     
  0.94617105690172676        3.1576954743334769     
  0.94633845837405517        3.1585230455915250     
  0.94650606510445046        3.1593505952620453     
  0.94667387820257898        3.1601781251274175     
  0.94684189878683178        3.1610056369944797     
  0.94701012798263695        3.1618331326733653     
  0.94717856692283919        3.1626606139792148     
  0.94734721674673383        3.1634880826955007     
  0.94751607860568909        3.1643155407153944     
  0.94768515365377737        3.1651429898242727     
  0.94785444305643429        3.1659704318904458     
  0.94802394798629508        3.1667978687704181     
  0.94819366962377571        3.1676253023234962     
  0.94836360915820750        3.1684527344280502     
  0.94853376778664911        3.1692801669626252     
  0.94870414671449854        3.1701076018120471     
  0.94887474715656173        3.1709350408857024     
  0.94904557033573500        3.1717624861004561     
  0.94921661748234909        3.1725899393449808     
  0.94938788983887801        3.1734174025972059     
  0.94955938865116174        3.1742448777248193     
  0.94973111518123532        3.1750723667599270     
  0.94990307069243696        3.1758998715779247     
  0.95007525646329982        3.1767273941954666     
  0.95024767377772124        3.1775549365532987     
  0.95042032393222609        3.1783825006770501     
  0.95059320822993365        3.1792100885360508     
  0.95076632798521776        3.1800377021501900     
  0.95093968452056332        3.1808653435186560     
  0.95111327916987298        3.1816930146840852     
  0.95128711327613213        3.1825207176844854     
  0.95146118819311842        3.1833484545863699     
  0.95163550528131946        3.1841762273957346     
  0.95181006591658268        3.1850040382389997     
  0.95198487148034816        3.1858318891567907     
  0.95215992336844435        3.1866597822880296     
  0.95233522298390705        3.1874877197067488     
  0.95251077174135435        3.1883157035188474     
  0.95268657106722476        3.1891437358752470     
  0.95286262239838337        3.1899718189160380     
  0.95303892718078886        3.1907999547623684     
  0.95321548687559232        3.1916281456349322     
  0.95339230294972110        3.1924563936456707     
  0.95356937688631394        3.1932847010243268     
  0.95374671017718526        3.1941130699565927     
  0.95392430432718789        3.1949415026704102     
  0.95410216085040489        3.1957700013517103     
  0.95428028127778530        3.1965985683058422     
  0.95445866714636796        3.1974272057302100     
  0.95463732000848178        3.1982559158944381     
  0.95481624142890786        3.1990847010974264     
  0.95499543298559042        3.1999135636574776     
  0.95517489626396135        3.2007425058061507     
  0.95535463286893740        3.2015715299247547     
  0.95553464441379787        3.2024006383257211     
  0.95571493252661310        3.2032298333650036     
  0.95589549884838065        3.2040591174105328     
  0.95607634503120431        3.2048884928028274     
  0.95625747274443063        3.2057179619743672     
  0.95643888366936070        3.2065475273387039     
  0.95662057949920787        3.2073771912809370     
  0.95680256194287794        3.2082069562510029     
  0.95698483272441837        3.2090368247273462     
  0.95716739357949165        3.2098667991475343     
  0.95735024626010401        3.2106968820119794     
  0.95753339253167780        3.2115270758117278     
  0.95771683417571229        3.2123573830761973     
  0.95790057298689191        3.2131878063225154     
  0.95808461077750462        3.2140183481337692     
  0.95826894937059970        3.2148490110144539     
  0.95845359061138191        3.2156797976231855     
  0.95863853635476481        3.2165107105156174     
  0.95882378847339611        3.2173417523078824     
  0.95900934885817712        3.2181729256683429     
  0.95919521941204511        3.2190042332075244     
  0.95938140206000855        3.2198356776651016     
  0.95956789873579307        3.2206672616368746     
  0.95975471139847157        3.2214989879135350     
  0.95994184201919652        3.2223308592007229     
  0.96012929258649171        3.2231628782260584     
  0.96031706510886117        3.2239950477875254     
  0.96050516160883526        3.2248273706331112     
  0.96069358413144534        3.2256598496120263     
  0.96088233473540263        3.2264924875138483     
  0.96107141550151165        3.2273252872212126     
