  0.88996418035346592       0.31394754261237523     
  0.89411094544581415       0.31175177041673274     
  0.89831475061888844       0.30957917399226598     
  0.90256813199304198       0.30742822160669292     
  0.90687170424803254       0.30529872397567437     
  0.91122588245715441       0.30319046067028232     
  0.91563108920445713       0.30110321414869112     
  0.92008775180780122       0.29903676926722289     
  0.92459630198721210       0.29699091319376869     
  0.92915717657297558       0.29496543548366999     
  0.93377081683723051       0.29296012794170251     
  0.93843766911019932       0.29097478468318377     
  0.94315818448813393       0.28900920205547787     
  0.94793281917547023       0.28706317865603359     
  0.95276203402069082       0.28513651523053035     
  0.95764629527211675       0.28322901475191509     
  0.96258607392133599       0.28134048229152436     
  0.96758184632625399       0.27947072507783238     
  0.97263409399046585       0.27761955243215586     
  0.97774330337125370       0.27578677571071841     
  0.98290996661302632       0.27397220837666270     
  0.98813458083968231       0.27217566586976660     
  0.99341764878893535       0.27039696566419713     
  0.99875967850935576       0.26863592719610230     
   1.0041611835244733       0.26689237185628195     
   1.0096226829982031       0.26516612298240583     
   1.0151447015249657       0.26345700580155668     
   1.0207277695288079       0.26176484745378048     
   1.0263724229932132       0.26008947692744344     
   1.0320792037307938       0.25843072506577330     
   1.0378486593538185       0.25678842453437045     
   1.0436813433047230       0.25516240979700505     
   1.0495778150117363       0.25355251710725285     
   1.0555386398833186       0.25195858447988123     
   1.0615643892638700       0.25038045165814576     
   1.0676556407470918       0.24881796012498797     
   1.0738129780525467       0.24727095306062280     
   1.0800369910670540       0.24573927532099243     
   1.0863282759587178       0.24422277342500590     
   1.0926874353017555       0.24272129554284225     
   1.0991150779972105       0.24123469146055321     
   1.1056118195139670       0.23976281258219692     
   1.1121782817532304       0.23830551188851495     
   1.1188150932225351       0.23686264393161147     
   1.1255228892047937       0.23543406482853974     
   1.1323023115606865       0.23401963221415886     
   1.1391540090186445       0.23261920524875870     
   1.1460786370589469       0.23123264458073098     
   1.1530768582670958       0.22985981236056902     
   1.1601493420947508       0.22850057219063907     
   1.1672967650117692       0.22715478911788597     
   1.1745198107055816       0.22582232963108526     
   1.1818191700630465       0.22450306163509143     
   1.1891955411467945       0.22319685442515852     
   1.1966496294256752       0.22190357868758001     
   1.2041821477590378       0.22062310647491334     
   1.2117938165136271       0.21935531119496388     
   1.2194853635523697       0.21810006758705147     
   1.2272575243729320       0.21685725171343251     
   1.2351110422166913       0.21562674094762457     
   1.2430466681482044       0.21440841395983745     
   1.2510651609374104       0.21320215068381407     
   1.2591672873508932       0.21200783232317258     
   1.2673538222386664       0.21082534133772027     
   1.2756255483826249       0.20965456140786265     
   1.2839832568962108       0.20849537745061014     
   1.2924277470198451       0.20734767557939271     
   1.3009598263877529       0.20621134310765588     
   1.3095803109206119       0.20508626851838396     
   1.3182900252095351       0.20397234147787913     
   1.3270898021998665       0.20286945278710683     
   1.3359804837210627       0.20177749440815140     
   1.3449629201305124       0.20069635941277122     
   1.3540379707312729       0.19962594199877026     
   1.3632065037082113       0.19856613746440810     
   1.3724693962801791       0.19751684220158150     
   1.3818275346757978       0.19647795367423063     
   1.3912818143187202       0.19544937041445401     
   1.4008331399348133       0.19443099201193098     
   1.4104824255451576       0.19342271909417688     
   1.4202305947246971       0.19242445332842334     
   1.4300785804407878       0.19143609738973294     
   1.4400273253858875       0.19045755496886158     
   1.4500777819903647       0.18948873075440170     
   1.4602309123890724       0.18852953041180046     
   1.4704876888296254       0.18757986059651843     
   1.4808490933555183       0.18663962891137742     
   1.4913161183038250       0.18570874392641656     
   1.5018897661300818       0.18478711514745130     
   1.5125710495803217       0.18387465301122141     
   1.5233609918942779       0.18297126888255241     
   1.5342606267768308       0.18207687503450662     
   1.5452709985682915       0.18119138464326145     
   1.5563931623300802       0.18031471177679859     
   1.5676281839067872       0.17944677138206164     
   1.5789771401538062       0.17858747928378804     
   1.5904411189253085       0.17773675216647378     
   1.6020212191879228       0.17689450756538136     
   1.6137185512817691       0.17606066386748925     
   1.6255342368082286       0.17523514028700210     
   1.6374694088698170       0.17441785686500910     
   1.6495252121805501       0.17360873446021624     
   1.6617028032342198       0.17280769474348204     
   1.6740033502090412       0.17201466017523354     
   1.6864280333382391       0.17122955401336235     
   1.6989780448630170       0.17045230029387159     
   1.7116545891520529       0.16968282382255279     
   1.7244588829932510       0.16892105017736131     
   1.7373921555116678       0.16816690568726247     
   1.7504556483792690       0.16742031742956018     
   1.7636506159387766       0.16668121322176832     
   1.7769783253221405       0.16594952161318094     
   1.7904400565659679       0.16522517187630362     
   1.8040371027540396       0.16450809399992714     
   1.8177707701673931       0.16379821868260880     
   1.8316423783623312       0.16309547732194996     
   1.8456532603169740       0.16239980200796653     
   1.8598047625601271       0.16171112551542383     
   1.8740982453732447       0.16102938130028932     
   1.8885350828543748       0.16035450348832436     
   1.9031166630167924       0.15968642686581588     
   1.9178443880291585       0.15902508687814379     
   1.9327196743276200       0.15837041962113102     
   1.9477439526547384       0.15772236182856972     
   1.9629186683798241       0.15708085087497309     
   1.9782452814818552       0.15644582476008279     
   1.9937252667971468       0.15581722210763033     
   2.0093601140536732       0.15519498215280070     
   2.0251513282182434       0.15457904474600498     
   2.0411004293785684       0.15396935033253983     
   2.0572089531293374       0.15336583995828418     
   2.0734784506196022       0.15276845525790131     
   2.0899104886706485       0.15217713844680347     
   2.1065066500390284       0.15159183232029411     
   2.1232685334792665       0.15101248024272865     
   2.1401977539025454       0.15043902614152252     
   2.1572959427119636       0.14987141450953317     
   2.1745647476311909       0.14930959038314873     
   2.1920058331747874       0.14875349935114215     
   2.2096208806739099       0.14820308754218905     
   2.2274115885222443       0.14765830162281190     
   2.2453796721965209       0.14711908878489541     
   2.2635268645820203       0.14658539674726070     
   2.2818549160588333       0.14605717374619126     
   2.3003655947324249       0.14553436853252188     
   2.3190606865362637       0.14501693036298480     
   2.3379419954797247       0.14450480899800627     
   2.3570113438083173       0.14399795469555668     
   2.3762705721246329       0.14349631820336009     
   2.3957215396680827       0.14299985075791430     
   2.4153661244200690       0.14250850407598098     
   2.4352062233558440       0.14202223035230627     
   2.4552437525451931       0.14154098225097783     
   2.4754806474768514       0.14106471290604217     
   2.4959188631054312       0.14059337591063781     
   2.5165603741365379       0.14012692531592333     
   2.5374071751601792       0.13966531562378978     
   2.5584612809557208       0.13920850178639768     
   2.5797247265313996       0.13875643919516897     
   2.6011995674973316       0.13830908368290751     
   2.6228878801400008       0.13786639151416855     
   2.6447917616883916       0.13742831938310290     
   2.6669133305396824       0.13699482440963626     
   2.6892547263891395       0.13656586413203897     
   2.7118181105055443       0.13614139650497070     
   2.7346056659706726       0.13572137989605923     
   2.7576195978530329       0.13530577308003380     
   2.7808621333606940       0.13489453523216821     
   2.8043355222167596       0.13448762592969321     
   2.8280420367787928       0.13408500514390509     
   2.8519839722655078       0.13368663323616853     
   2.8761636469927963       0.13329247095420457     
   2.9005834027046755       0.13290247943156286     
   2.9252456045899469       0.13251662017625918     
   2.9501526417171089       0.13213485507377565     
   2.9753069272092691       0.13175714638103109     
   3.0007108984574087       0.13138345672169599     
   3.0263670173516122       0.13101374908209856     
   3.0522777705373172       0.13064798680792422     
   3.0784456697996156       0.13028613360494062     
   3.1048732520679008       0.12992815352743078     
   3.1315630797745482       0.12957401097811694     
   3.1585177412472829       0.12922367070890722     
   3.1857398506804451       0.12887709780839621     
   3.2132320487323027       0.12853425770891741     
   3.2409970024830348       0.12819511617365198     
   3.2690374058725817       0.12785963929858490     
   3.2973559799126497       0.12752779350742327     
   3.3259554730233538       0.12719954555023330     
   3.3548386612179826       0.12687486249749733     
   3.3840083483166778       0.12655371173510988     
   3.4134673664982977       0.12623606096909562     
   3.4432185762524261       0.12592187821285328     
   3.4732648669123027       0.12561113179118297     
   3.5036091567826735       0.12530379033261221     
   3.5342543935438706       0.12499982276953339     
   3.5652035544271987       0.12469919833187765     
   3.5964596466485967       0.12440188654790564     
   3.6280257075735576       0.12410785723754139     
   3.6599048051735057       0.12381708051359795     
   3.6921000380758011       0.12352952677203309     
   3.7246145362083811       0.12324516669803508     
   3.7574514607821534       0.12296397125445883     
   3.7906140049303083       0.12268591168750456     
   3.8241053936352345       0.12241095951381066     
   3.8579288844894348       0.12213908652901151     
   3.8920877676732117       0.12187026479611979     
   3.9265853663931161       0.12160446664571052     
   3.9614250373097062       0.12134166467563713     
   3.9966101706955386       0.12108183174402716     
   4.0321441909112110       0.12082494097009847     
   4.0680305567397719       0.12057096573136719     
   4.1042727616086019       0.12031987965815880     
   4.1408743340555798       0.12007165663393107     
   4.1778388380283129       0.11982627079152422     
   4.2151698732769134       0.11958369651156898     
   4.2528710756789936       0.11934390841925099     
   4.2909461175408152       0.11910688138052500     
   4.3293987081871004       0.11887259050478707     
   4.3682325940100020       0.11864101113526053     
   4.4074515590243877       0.11841211885080588     
   4.4470594253982130       0.11818588946690975     
   4.4870600534628409       0.11796229902525261     
   4.5274573423370539       0.11774132379673455     
   4.5682552303377140       0.11752294027965285     
   4.6094576952655943       0.11730712519518700     
   4.6510687548459959       0.11709385548615536     
   4.6930924670981700       0.11688310831419978     
   4.7355329307937755       0.11667486105875670     
   4.7783942858246968       0.11646909131408027     
   4.8216807136517765       0.11626577688786650     
   4.8653964376400252       0.11606489579753086     
   4.9095457235974740       0.11586642627050689     
   4.9541328801062789       0.11567034674031895     
   4.9991622589482834       0.11547663584451381     
   5.0446382556268325       0.11528527242436942     
   5.0905653097396621       0.11509623552163406     
   5.1369479053710174       0.11490950437563222     
   5.1837905717174797       0.11472505842469519     
   5.2310978832622874       0.11454287729904507     
   5.2788744605320082       0.11436294082450524     
   5.3271249703412025       0.11418522901660229     
   5.3758541263419222       0.11400972208027271     
   5.4250666894540363       0.11383640040730915     
   5.4747674684109562       0.11366524457580737     
   5.5249613201711743       0.11349623534714512     
   5.5756531503947606       0.11332935366408120     
   5.6268479140510976       0.11316458065103777     
   5.6785506156811749       0.11300189760835981     
   5.7307663101665192       0.11284128601522050     
   5.7835001030350490       0.11268272752451595     
   5.8367571510931793       0.11252620396324785     
   5.8905426628118835       0.11237169732871308     
   5.9448618989598527       0.11221918978873727     
   5.9997201731017036       0.11206866367957655     
   6.0551228521212721       0.11192010150417372     
   6.1110753566841574       0.11177348592939965     
   6.1675831619001036       0.11162879978640165     
   6.2246517977946354       0.11148602606783398     
   6.2822868498857618       0.11134514792669122     
   6.3404939597003223       0.11120614867413788     
   6.3992788254196382       0.11106901177924443     
   6.4586472023586134       0.11093372086610732     
   6.5186049035621405       0.11080025971270259     
   6.5791578004605871       0.11066861225051472     
   6.6403118233974361       0.11053876256218526     
   6.7020729621584847       0.11041069487916030     
   6.7644472665843161       0.11028439358050002     
   6.8274408474024906       0.11015984319469825     
   6.8910598764467972       0.11003702839270657     
   6.9553105876614350       0.10991593399203463     
   7.0201992774008293       0.10979654495083786     
   7.0857323053179391       0.10967884637016365     
   7.1519160947447773       0.10956282348910415     
   7.2187571335986060       0.10944846168706786     
   7.2862619748323514       0.10933574647976815     
   7.3544372371514717       0.10922466351876955     
   7.4232896057205879       0.10911519859078313     
   7.4928258328201895       0.10900733761621476     
   7.5630527383725292       0.10890106664598488     
   7.6339772107912927       0.10879637186246090     
   7.7056062077263920       0.10869323957888757     
   7.7779467565190368       0.10859165623512096     
   7.8510059550499163       0.10849160839827210     
   7.9247909725285588       0.10839308276246258     
   7.9993090500340998       0.10829606614546122     
   8.0745675013374427       0.10820054548871705     
   8.1505737136436966       0.10810650785631330     
   8.2273351482327790       0.10801394043264349     
   8.3048593413491183       0.10792283052296889     
   8.3831539048456083       0.10783316555098002     
   8.4622265270192223       0.10774493305853874     
   8.5420849732365731       0.10765812070292444     
   8.6227370869731423       0.10757271625872106     
   8.7041907902829951       0.10748870761315404     
   8.7864540847874366       0.10740608276724321     
   8.8695350524806980       0.10732482983476560     
   8.9534418564964966       0.10724493704072083     
   9.0381827418005329       0.10716639271895123     
   9.1237660363023405       0.10708918531419655     
   9.2102001513495750       0.10701330337742765     
   9.2974935828708762       0.10693873556803858     
   9.3856549119908230       0.10686547065035146     
   9.4746928060990285       0.10679349749481219     
   9.5646160195282643       0.10672280507503577     
   9.6554333945221167       0.10665338246778130     
   9.7471538621074139       0.10658521885184974     
   9.8397864430044883       0.10651830350728522     
   9.9333402485118309       0.10645262581423598     
   10.027824481409331       0.10638817525192952     
   10.123248436954826       0.10632494139846169     
   10.219621503641102       0.10626291392820147     
   10.316953164336134       0.10620208261280105     
   10.415252997027551       0.10614243731834462     
   10.514530676081289       0.10608396800725757     
   10.614795972875440       0.10602666473428250     
   10.716058756994777       0.10597051764761363     
   10.818328997059487       0.10591551698656654     
   10.921616761994724       0.10586165308315876     
   11.025932221666201       0.10580891635790139     
   11.131285648262278       0.10575729732219750     
   11.237687417021164       0.10570678657482946     
   11.345148007501857       0.10565737480316111     
   11.453678004486330       0.10560905278102456     
   11.563288099111785       0.10556181136852558     
   11.673989089931437       0.10551564151114219     
   11.785791883953520       0.10547053423856355     
   11.898707497747134       0.10542648066401678     
   12.012747058735359       0.10538347198501875     
   12.127921805928651       0.10534149947947367     
   12.244243091415425       0.10530055450787545     
   12.361722381205478       0.10526062851017146     
   12.480371256650171       0.10522171300717180     
   12.600201415493711       0.10518379959890824     
   12.721224672994866       0.10514687996349474     
   12.843452963131993       0.10511094585656289     
   12.966898339762889       0.10507598911026193     
   13.091572977994705       0.10504200163375997     
   13.217489175356747       0.10500897541213608     
   13.344659352799086       0.10497690250393790     
   13.473096056273880       0.10494577504297273     
   13.602811957682569       0.10491558523532660     
   13.733819856472387       0.10488632536104311     
   13.866132680688926       0.10485798777175555     
   13.999763488294777       0.10483056489018298     
   14.134725468669254       0.10480404921078884     
   14.271031943564600       0.10477843329655331     
   14.408696368830650       0.10475370978102397     
   14.547732335620113       0.10472987136663639     
   14.688153571611055       0.10470691082312077     
   14.829973942676506       0.10468482098883194     
   14.973207453879864       0.10466359476746907     
   15.117868251421058       0.10464322513102671     
   15.263970623534252       0.10462370511572169     
   15.411529002169720       0.10460502782302022     
   15.560557964469963       0.10458718641919029     
   15.711072234220225       0.10457017413459900     
   15.863086683119342       0.10455398426181543     
   16.016616332679352       0.10453861015756162     
   16.171676355316144       0.10452404523951353     
   16.328282076233510       0.10451028298794234     
   16.486448974520972       0.10449731694245132     
   16.646192685372867       0.10448514070541094     
   16.807529000782836       0.10447374793614404     
   16.970473872089539       0.10446313235607058     
   17.135043410975868       0.10445328774454885     
   17.301253890898714       0.10444420793728096     
   17.469121749493080       0.10443588683019843     
   17.638663589679339       0.10442831837575277     
   17.809896181174601       0.10442149658153367     
   17.982836462746253       0.10441541551292924     
   18.157501543532952       0.10441006929044143     
   18.333908704870158       0.10440545208975452     
   18.512075401959340       0.10440155814084795     
   18.692019265613958       0.10439838172744842     
   18.873758104322011       0.10439591718805780     
   19.057309905581828       0.10439415891302584     
   19.242692838162903       0.10439310134643749     
   19.429925253575437       0.10439273898373856     
   19.619025687960978       0.10439306637150531     
   19.810012864447440       0.10439407810944168     
   20.002905694195068       0.10439576884564528     
   20.197723279050706       0.10439813327993662     
   20.394484913254239       0.10440116616226630     
   20.593210084977294       0.10440486229028162     
   20.793918478998119       0.10440921651235471     
   20.996629977982696       0.10441422372371560     
   21.201364664946841       0.10441987886823327     
   21.408142825473114       0.10442617693884383     
   21.616984948737024       0.10443311297234145     
   21.827911730859825       0.10444068205498391     
   22.040944076279846       0.10444887931869566     
   22.256103099794803       0.10445769994037526     
   22.473410129046023       0.10446713914309484     
   22.692886706630166       0.10447719219547720     
   22.914554591824569       0.10448785440930292     
   23.138435763419054       0.10449912114192414     
   23.364552421473210       0.10451098779382451     
   23.592926989806351       0.10452344980931168     
   23.823582118016827       0.10453650267507539     
   24.056540684081384       0.10455014192113059     
   24.291825796432917       0.10456436311943974     
   24.529460796396148       0.10457916188396248     
   24.769469260349300       0.10459453386947580     
   25.011875002568836       0.10461047477309242     
   25.256702077151097       0.10462698033190501     
   25.503974780699977       0.10464404632366940     
   25.753717654469810       0.10466166856520541     
   26.005955487447139       0.10467984291441115     
   26.260713318225235       0.10469856526741791     
   26.518016438130385       0.10471783156055074     
   26.777890393009613       0.10473763776701935     
   27.040360986525183       0.10475797989930881     
   27.305454282494122       0.10477885400778904     
   27.573196607355239       0.10480025617975729     
   27.843614553231678       0.10482218254058101     
   28.116733743599433       0.10484462479901403     
   28.392583766007508       0.10486758804039956     
   28.671190805038158       0.10489106406554137     
   28.952582541612685       0.10491504914467736     
   29.236786936097253       0.10493953958455328     
   29.523832230462972       0.10496453172575666     
   29.813746951797562       0.10499002194469216     
   30.106559915036549       0.10501600665269885     
   30.402300225376493       0.10504248229404169     
   30.700997282277360       0.10506944534916431     
   31.002680781337876       0.10509689233066981     
   31.307380717380880       0.10512481978334111     
   31.615127389083906       0.10515322428903474     
   31.925951399567040       0.10518210245827650     
   32.239883661510781       0.10521145093654338     
   32.556955399301479       0.10524126640076714     
   32.877198152213666       0.10527154555914016     
   33.200643778232958       0.10530228515278897     
   33.527324456759736       0.10533348195383337     
   33.857272691788808       0.10536513276487297     
   34.190521315779932       0.10539723442046318     
   34.527103492073564       0.10542978378407709     
   34.867052719202476       0.10546277775069890     
   35.210402833763460       0.10549621324496557     
   35.557188013963433       0.10553008722124707     
   35.907442783233890       0.10556439666380206     
   36.261202013048390       0.10559913858455749     
   36.618500927702051       0.10563431002640335     
   36.979375106794457       0.10566990805980929     
   37.343860489104046       0.10570592978334500     
   37.711993376986086       0.10574237232549460     
   38.083810438688282       0.10577923284061984     
   38.459348713079869       0.10581650851150641     
   38.838645613267765       0.10585419654869985     
   39.221738930510369       0.10589229419055152     
   39.608666837019371       0.10593079870024516     
   39.999467891398488       0.10596970736969297     
   40.394181041453415       0.10600901751637176     
   40.792845628838982       0.10604872648488362     
   41.195501392403841       0.10608883164504138     
   41.602188472229734       0.10612933039167949     
   42.012947414626211       0.10617022014671885     
   42.427819175826947       0.10621149835783469     
   42.846845124850574       0.10625316249505486     
   43.270067050051139       0.10629521005629526     
   43.697527161430926       0.10633763856239624     
   44.129268096331408       0.10638044556028277     
   44.565332922119765       0.10642362861881938     
   45.005765142065151       0.10646718533216389     
   45.450608699406644       0.10651111331867716     
   45.899907981363100       0.10655541021965011     
   46.353707824392771       0.10660007370079730     
   46.812053517771915       0.10664510144981131     
   47.274990808785560       0.10669049117749650     
   47.742565907696509       0.10673624061824660     
   48.214825491818409       0.10678234752843868     
   48.691816710988888       0.10682880968781097     
   49.173587191089894       0.10687562489649305     
   49.660185040461762       0.10692279097819406     
   50.151658854138660       0.10697030577854866     
   50.648057717786905       0.10701816716282306     
   51.149431215003879       0.10706637302053341     
   51.655829429769511       0.10711492125984008     
   52.167302954425701       0.10716380981327574     
   52.683902890954784       0.10721303662966530     
   53.205680860368069       0.10726259968242163     
   53.732689005428504       0.10731249696420871     
   54.264979996541136       0.10736272648793478     
   54.802607037014567       0.10741328628636757     
   55.345623869490346       0.10746417441388530     
   55.894084779049230       0.10751538894173959     
   56.448044601636596       0.10756692796342349     
   57.007558727818164       0.10761878959097000     
   57.572683109269768       0.10767097195636426     
   58.143474263638019       0.10772347320979857     
   58.719989281263871       0.10777629152127222     
   59.302285829997537       0.10782942507857640     
   59.890422162746027       0.10788287209011763     
   60.484457121125288       0.10793663078063571     
   61.084450143079238       0.10799069939394153     
   61.690461269121869       0.10804507619301934     
   62.302551147030471       0.10809975945736403     
   62.920781039650080       0.10815474748561447     
   63.545212830373437       0.10821003859403418     
   64.175909029158902       0.10826563111585180     
   64.812932779119592       0.10832152340146500     
   65.456347863654329       0.10837771381940439     
   66.106218712587136       0.10843420075552840     
   66.762610407771049       0.10849098261128910     
   67.425588691215594       0.10854805780598266     
   68.095219971720411       0.10860542477641597     
   68.771571330314941       0.10866308197461716     
   69.454710527943348       0.10872102786902040     
   70.144706012723205       0.10877926094482107     
   70.841626927026226       0.10883777970392865     
   71.545543113954167       0.10889658266389883     
   72.256525124064453       0.10895566835718014     
   72.974644224086603       0.10901503533322121     
   73.699972403160444       0.10907468215673159     
   74.432582379603616       0.10913460740668707     
   75.172547611171055       0.10919480968028074     
   75.919942298846905       0.10925528758735713     
   76.674841396264199       0.10931603975295472     
   77.437320618653530       0.10937706481894036     
   78.207456447946058       0.10943836144012430     
   78.985326142863343       0.10949992828729828     
   79.771007745690582       0.10956176404549610     
   80.564580090121837       0.10962386741367337     
   81.366122810437787       0.10968623710606412     
   82.175716348165651       0.10974887185002546     
   82.993441961566390       0.10981177038758155     
   83.819381734408239       0.10987493147584415     
   84.653618582252250       0.10993835388409921     
   85.496236263474785       0.11000203639696107     
   86.347319384972934       0.11006597781054034     
   87.206953414141765       0.11013017693653539     
   88.075224686283178       0.11019463260033326     
   88.952220411397946       0.11025934363834022     
   89.838028686501062       0.11032430890205201     
   90.732738502994991       0.11038952725583948     
   91.636439755394278       0.11045499757634800     
   92.549223251754938       0.11052071875382785     
   93.471180722671178       0.11058668969159978     
   94.402404829475628       0.11065290930450873     
   95.342989175825295       0.11071937652123577     
   96.293028315598562       0.11078609028216713     
   97.252617763623732       0.11085304954045759     
   98.221854004289298       0.11092025326055159     
   99.200834504115377       0.11098770042105495     
   100.18965771795961       0.11105539001034656     
   101.18842310335559       0.11112332103115669     
   102.19723112676851       0.11119149249606994     
   103.21618327763515       0.11125990343146486     
   104.24538207489387       0.11132855287317840     
   105.28493108089795       0.11139743987002773     
   106.33493491093924       0.11146656348246513     
   107.39549924278577       0.11153592278120122     
   108.46673083005406       0.11160551684969519     
   109.54873751219483       0.11167534478297182     
   110.64162822280522       0.11174540568470873     
   111.74551300604347       0.11181569867239990     
   112.86050302356973       0.11188622287281112     
   113.98671056819474       0.11195697742409505     
   115.12424907554426       0.11202796147576013     
   116.27323313449814       0.11209917418734976     
   117.43377849982416       0.11217061472915328     
   118.60600210445445       0.11224228228242623     
   119.79002207059246       0.11231417603839186     
   120.98595772330295       0.11238629519946387     
   122.19392960071410       0.11245863897719451     
   123.41405946928461       0.11253120659479279     
   124.64647033186947       0.11260399728293555     
   125.89128644850054       0.11267701028697798     
   127.14863333946458       0.11275024485807500     
   128.41863780565635       0.11282370025972621     
   129.70142793646491       0.11289737576307843     
   130.99713312916819       0.11297127065221360     
   132.30588409436720       0.11304538421718932     
   133.62781287777864       0.11311971576108332     
   134.96305286658065       0.11319426459367582     
   136.31173880917513       0.11326903003642262     
   137.67400682620357       0.11334401141988815     
   139.04999442276085       0.11341920808216667     
   140.43984050919286       0.11349461937415932     
   141.84368540537534       0.11357024465130863     
   143.26167086534153       0.11364608328169262     
   144.69394008500666       0.11372213464036439     
   146.14063772492676       0.11379839811550629     
   147.60190991202737       0.11387487309801189     
   149.07790426774869       0.11395155899157119     
   150.56876991826849       0.11402845520860418     
   152.07465750744063       0.11410556116831738     
   153.59571921865924       0.11418287630133779     
   155.13210878405673       0.11426040004470307     
   156.68398150500695       0.11433813184519924     
   158.25149426440197       0.11441607115648642     
   159.83480554741644       0.11449421744230102     
   161.43407545574223       0.11457257017475589     
   163.04946572327196       0.11465112883362114     
   164.68113973284105       0.11472989290625711     
   166.32926253683021       0.11480886189007762     
   167.99400086941193       0.11488803528907443     
   169.67552316648758       0.11496741261558828     
   171.37399958358361       0.11504699339050053     
   173.08960201191289       0.11512677714207734     
   174.82250409837604       0.11520676340733453     
   176.57288126091689       0.11528695173018863     
   178.34091070825315       0.11536734166240074     
   180.12677146044504       0.11544793276487998     
   181.93064436277982       0.11552872460456985     
   183.75271210769586       0.11560971675641070     
   185.59315925317236       0.11569090880288241     
   187.45217224381540       0.11577230033510386     
   189.32993942750525       0.11585389095104549     
   191.22665107334561       0.11593568025449932     
   193.14249939969449       0.11601766786000811     
   195.07767858367424       0.11609985338643403     
   197.03238478704066       0.11618223646034917     
   199.00681618015039       0.11626481671801307     
   201.00117295350231       0.11634759379995967     
   203.01565734477609       0.11643056735459820     
   205.05047366302810       0.11651373703988614     
   207.10582829736109       0.11659710251608467     
   209.18192975530391       0.11668066345527851     
   211.27898867053744       0.11676441953339105     
   213.39721783307081       0.11684837043474196     
   215.53683220670271       0.11693251584936529     
   217.69804895810293       0.11701685547656622     
   219.88108746707368       0.11710138901817964     
   222.08616936449334       0.11718611618661036     
   224.31351854850709       0.11727103670098840     
   226.56336120086385       0.11735615028348025     
   228.83592582465579       0.11744145666661283     
   231.13144325703320       0.11752695558740142     
   233.45014669923142       0.11761264679035317     
   235.79227173759776       0.11769853002570878     
   238.15805637358221       0.11778460505206646     
   240.54774103824730       0.11787087163118024     
   242.96156863008548       0.11795732953418324     
   245.39978453097342       0.11804397853687219     
   247.86263663655319       0.11813081842196749     
   250.35037538054817       0.11821784897826974     
   252.86325376467377       0.11830507000234063     
   255.40152737459599       0.11839248129352163     
   257.96545441982317       0.11848008266004656     
   260.55529575484513       0.11856787391619100     
   263.17131490275602       0.11865585488056232     
   265.81377809037775       0.11874402537947355     
   268.48295427297336       0.11883238524541481     
   271.17911515778621       0.11892093431496299     
   273.90253524188000       0.11900967243286803     
   276.65349183443993       0.11909859944912270     
   279.43226508349460       0.11918771521793974     
   282.23913801419025       0.11927701960152040     
   285.07439655368148       0.11936651246790297     
   287.93832955750383       0.11945619368941043     
   290.83122884571253       0.11954606314505371     
   293.75338922879422       0.11963612071852198     
   296.70510855121398       0.11972636630324393     
   299.68668769575282       0.11981679979141786     
   302.69843064670908       0.11990742108674990     
   305.74064450337380       0.11999823009691482     
   308.81363951168623       0.12008922673334016     
   311.91772910609768       0.12018041091479363     
   315.05322994055570       0.12027178256650417     
   318.22046191645421       0.12036334161805189     
   321.41974821422923       0.12045508800260291     
   324.65141534239530       0.12054702166251230     
   327.91579315394500       0.12063914254251876     
   331.21321489442551       0.12073145059468657     
   334.54401722970545       0.12082394577563420     
   337.90854028277010       0.12091662804700169     
   341.30712767304624       0.12100949737665473     
   344.74012655036296       0.12110255373780968     
   348.20788762617428       0.12119579710712182     
   351.71076522483366       0.12128922746964142     
   355.24911730717008       0.12138284481392804     
   358.82330550785764       0.12147664913195164     
   362.43369518915114       0.12157064042434122     
   366.08065546043645       0.12166481869388369     
   369.76455923570552       0.12175918395169556     
   373.48578325309887       0.12185373621058083     
   377.24470813467275       0.12194847549158351     
   381.04171840981383       0.12204340181843752     
   384.87720257129598       0.12213851522251441     
   388.75155309482170       0.12223381573591356     
   392.66516650905908       0.12232930340048484     
   396.61844341772246       0.12242497826146007     
   400.61178854019090       0.12252084036694817     
   404.64561077328818       0.12261688977371947     
   408.72032321198020       0.12271312654023390     
   412.83634321252578       0.12280955073251079     
   416.99409242384638       0.12290616242019847     
   421.19399683276310       0.12300296167675726     
   425.43648682096841       0.12309994858288881     
   429.72199719893342       0.12319712322303922     
   434.05096725255902       0.12329448568556862     
   438.42384080177169       0.12339203606612918     
   442.84106623207902       0.12348977446319556     
   447.30309654684163       0.12358770097941166     
   451.81038943137150       0.12368581572595855     
   456.36340726903671       0.12378411881355540     
   460.96261722440744       0.12388261036178885     
   465.60849127125795       0.12398129049314517     
   470.30150625541518       0.12408015933640096     
   475.04214393551717       0.12417921702392858     
   479.83089103439841       0.12427846369175380     
   484.66823930113549       0.12437789948220189     
   489.55468555890820       0.12447752454266166     
   494.49073175084084       0.12457733902376712     
   499.47688500439233       0.12467734308215871     
   504.51365767570951       0.12477753687800767     
   509.60156741201030       0.12487792057694519     
   514.74113720123216       0.12497849434865964     
   519.93289543127685       0.12507925836773201     
   525.17737595273150       0.12518021281511210     
   530.47511810887283       0.12528135787165995     
   535.82666683468210       0.12538269372801730     
   541.23257268085763       0.12548422057644196     
   546.69339189375125       0.12558593861576520     
   552.20968645537152       0.12568784804686700     
   557.78202416388808       0.12578994907737195     
   563.41097868129430       0.12589224191862089     
   569.09712959948854       0.12599472678673398     
   574.84106249841341       0.12609740390173496     
   580.64336901853505       0.12620027348969126     
   586.50464690745309       0.12630333577903091     
   592.42550010338198       0.12640659100477036     
   598.40653878377952       0.12651003940501329     
   604.44837944275514       0.12661368122351355     
   610.55164495326687       0.12671751670880160     
   616.71696461930901       0.12682154611115765     
   622.94497427597128       0.12692576968934505     
   629.23631631928879       0.12703018770268046     
   635.59163981586016       0.12713480041931927     
   642.01160052910416       0.12723960810744842     
   648.49686102708597       0.12734461104280723     
   655.04809073512206       0.12744980950492524     
   661.66596600404432       0.12755520377643059     
   668.35117020281996       0.12766079414689543     
   675.10439377095850       0.12776658090872697     
   681.92633430112051       0.12787256435878885     
   688.81769661988426       0.12797874479944554     
   695.77919284600625       0.12808512253526466     
   702.81154249521273       0.12819169787822748     
   709.91547253919748       0.12829847114424336     
   717.09171747011419       0.12840544265068551     
   724.34101941801794       0.12851261272329562     
   731.66412819910352       0.12861998169041591     
   739.06180140676349       0.12872754988483309     
   746.53480449612812       0.12883531764424888     
   754.08391086346705       0.12894328531069865     
   761.70990193347882       0.12905145323118655     
   769.41356722357455       0.12915982175427931     
   777.19570447622891       0.12926839123804251     
   785.05711970248922       0.12937716204277083     
   792.99862726898436       0.12948613453105592     
   801.02105001139932       0.12959530907197936     
   809.12521931393383       0.12970468603947904     
   817.31197519807233       0.12981426581212827     
   825.58216639562875       0.12992404877030481     
   833.93665048847606       0.13003403530374819     
   842.37629393575116       0.13014422580118795     
   850.90197222666745       0.13025462065958895     
   859.51456995457568       0.13036522028081216     
   868.21498088981275       0.13047602506812017     
   877.00410811330312       0.13058703543175532     
   885.88286409146053       0.13069825178541142     
   894.85217078218739       0.13080967454728398     
   903.91295974047136       0.13092130414085190     
   913.06617222171633       0.13103314099513619     
   922.31275925749651       0.13114518554087143     
   931.65368178951735       0.13125743821492497     
   941.08991076366294       0.13136989945875557     
   950.62242724145278       0.13148256971920355     
   960.25222248843238       0.13159544944592433     
   969.98029810636092       0.13170853909474772     
   979.80766612701223       0.13182183912553924     
   989.73534911884701       0.13193535000173393     
   999.76438031761074       0.13204907219289591     
   1009.8958037275762       0.13216300617314544     
   1020.1306742272064       0.13227715242008495     
   1030.4700577046901       0.13239151141746039     
   1040.9150311529772       0.13250608365236902     
   1051.4666827990675       0.13262086961677749     
   1062.1261122397668       0.13273586980960772     
   1072.8944305099988       0.13285108473020374     
   1083.7727602596008       0.13296651488529432     
   1094.7622358677390       0.13308216078784227     
   1105.8640035304343       0.13319802295255934     
   1117.0792214274154       0.13331410190096268     
   1128.4090598143289       0.13343039815717866     
   1139.8547011840928       0.13354691225190901     
   1151.4173403748448       0.13366364471982645     
   1163.0981847216121       0.13378059610197385     
   1174.8984541556558       0.13389776694191263     
   1186.8193813690732       0.13401515778928311     
   1198.8622119481813       0.13413276919951989     
   1211.0282044719572       0.13425060172954723     
   1223.3186307241931       0.13436865594602823     
   1235.7347757518032       0.13448693241627133     
   1248.2779380584398       0.13460543171404804     
   1260.9494297537922       0.13472415442019928     
   1273.7505766420302       0.13484310111660550     
   1286.6827184187493       0.13496227239169467     
   1299.7472088250518       0.13508166884103645     
   1312.9454157482417       0.13520129106224207     
   1326.2787214211362       0.13532113966003176     
   1339.7485225270248       0.13544121524133074     
   1353.3562304216123       0.13556151842217651     
   1367.1032712219785       0.13568204982089307     
   1380.9910859920080       0.13580281006094955     
   1395.0211309070125       0.13592379977147287     
   1409.1948774230430       0.13604501958801798     
   1423.5138124056589       0.13616647014925073     
   1437.9794383320325       0.13628815210058964     
   1452.5932734229514       0.13641006609090442     
   1467.3568518411246       0.13653221277539088     
   1482.2717238688890       0.13665459281622058     
   1497.3394560268316       0.13677720687759498     
   1512.5616313030741       0.13690005563090496     
   1527.9398493038880       0.13702313975239333     
   1543.4757264320021       0.13714645992323213     
   1559.1708960946130       0.13727001683203816     
   1575.0270088315071       0.13739381117011526     
   1591.0457325467751       0.13751784363573349     
   1607.2287526688692       0.13764211493187273     
   1623.5777723629969       0.13776662576835241     
   1640.0945126844772       0.13789137685871364     
   1656.7807128028926       0.13801636892299238     
   1673.6381301738588       0.13814160268584899     
   1690.6685407800207       0.13826707888028320     
   1707.8737392557898       0.13839279824155662     
   1725.2555391492808       0.13851876151228265     
   1742.8157730994624       0.13864496944032512     
   1760.5562930528338       0.13877142277974833     
   1778.4789704562636       0.13889812228967899     
   1796.5856964892957       0.13902506873610898     
   1814.8783822486439       0.13915226288975921     
   1833.3589589751061       0.13927970552710364     
   1852.0293782699478       0.13940739743036917     
   1870.8916123358160       0.13953533938918813     
   1889.9476541625602       0.13966353219791372     
   1909.1995177701815       0.13979197665708290     
   1928.6492384358437       0.13992067357346635     
   1948.2988729067940       0.14004962375892591     
   1968.1504996684637       0.14017882803308332     
   1988.2062191313896       0.14030828721993702     
   2008.4681538996053       0.14043800215017693     
   2028.9384490162774       0.14056797366161961     
   2049.6192721842003       0.14069820259771237     
   2070.5128140133957       0.14082868980777979     
   2091.6212882649493       0.14095943614682249     
   2112.9469321498564       0.14109044247881769     
   2134.4920064839071       0.14122170967013689     
   2156.2587960598526       0.14135323859737606     
   2178.2496098089546       0.14148503014090258     
   2200.4667811435002       0.14161708519021138     
   2222.9126681312487       0.14174940463809360     
   2245.5896538468737       0.14188198938611515     
   2268.5001466117747       0.14201484034262818     
   2291.6465802401285       0.14214795842109171     
   2315.0314143559312       0.14228134454266009     
   2338.6571346491069       0.14241499963473511     
   2362.5262532029601       0.14254892463371263     
   2386.6413086697885       0.14268312047831941     
   2411.0048667143374       0.14281758811898543     
   2435.6195201755304       0.14295232850998910     
   2460.4878894371063       0.14308734261398451     
   2485.6126226979345       0.14322263140031707     
   2510.9963962473144       0.14335819584352594     
   2536.6419148932787       0.14349403693038981     
   2562.5519120706631       0.14363015564845580     
   2588.7291503589304       0.14376655299775093     
   2615.1764216466513       0.14390322998222999     
   2641.8965475404948       0.14404018761482129     
   2668.8923796481149       0.14417742691519755     
   2696.1667999241372       0.14431494891085156     
   2723.7227209810944       0.14445275463606322     
   2751.5630864575091       0.14459084513372966     
   2779.6908713291305       0.14472922145394390     
   2808.1090822408905       0.14486788465352468     
   2836.8207579078821       0.14500683579890553     
   2865.8289694068362       0.14514607596312551     
   2895.1368205441113       0.14528560622662545     
   2924.7474482213802       0.14542542767769234     
   2954.6640228221613       0.14556554141370978     
   2984.8897485604016       0.14570594854028940     
   3015.4278638130268       0.14584665016947548     
   3046.2816415240895       0.14598764742128126     
   3077.4543896508903       0.14612894142693625     
   3108.9494514315843       0.14627053332335871     
   3140.7702058095747       0.14641242425503484     
   3172.9200679090031       0.14655461537795825     
   3205.4024893098285       0.14669710785398388     
   3238.2209585231631       0.14683990285436355     
   3271.3790013818466       0.14698300155908145     
   3304.8801814463932       0.14712640515670805     
   3338.7281003931071       0.14727011484327240     
   3372.9263985369648       0.14741413182687985     
   3407.4787551028890       0.14755845732098113     
   3442.3888887771855       0.14770309254982142     
   3477.6605580839705       0.14784803874595048     
   3513.2975618774435       0.14799329715253920     
   3549.3037396871468       0.14813886901922915     
   3585.6829722888801       0.14828475560733159     
   3622.4391820852602       0.14843095818673904     
   3659.5763335794290       0.14857747803657534     
   3697.0984338266585       0.14872431644471282     
   3735.0095329574287       0.14887147470995662     
   3773.3137246240358       0.14901895414088068     
   3812.0151464307019       0.14916675605386889     
   3851.1179805357124       0.14931488177772118     
   3890.6264539948315       0.14946333264786124     
   3930.5448394633931       0.14961211001429686     
   3970.8774554384681       0.14976121523159069     
   4011.6286670607556       0.14991064967007475     
   4052.8028863786462       0.15006041470633308     
   4094.4045729905738       0.15021051172786082     
   4136.4382346032435       0.15036094213419882     
   4178.9084275037376       0.15051170733468761     
   4221.8197571107294       0.15066280874894997     
   4265.1768785243912       0.15081424780708488     
   4308.9844971182565       0.15096602595110101     
   4353.2473690565112       0.15111814463346557     
   4397.9703018649207       0.15127060531735809     
   4443.1581549690882       0.15142340947557725     
   4488.8158404584410       0.15157655859690786     
   4534.9483233636138       0.15173005417564059     
   4581.5606225328956       0.15188389772129690     
   4628.6578110909340       0.15203809075388541     
   4676.2450170676702       0.15219263480472892     
   4724.3274240446281       0.15234753141758250     
   4772.9102717382402       0.15250278214745616     
   4821.9988566452685       0.15265838856124142     
   4871.5985327152239       0.15281435223892340     
   4921.7147119480678       0.15297067477217791     
   4972.3528650156441       0.15312735776354899     
   5023.5185220949515       0.15328440283190631     
   5075.2172732075487       0.15344181160244608     
   5127.4547693677605       0.15359958572123145     
   5180.2367227081941       0.15375772683836164     
   5233.5689076935487       0.15391623662382664     
   5287.4571614384859       0.15407511675616295     
   5341.9073846974361       0.15423436893089301     
   5396.9255423430159       0.15439399485364153     
   5452.5176642686183       0.15455399624541527     
   5508.6898459986623       0.15471437483915226     
   5565.4482495524089       0.15487513238327613     
   5622.7991041111045       0.15503627063939870     
   5680.7487068314058       0.15519779138390605     
   5739.3034234533361       0.15535969640365910     
   5798.4696894296249       0.15552198750567128     
   5858.2540103021638       0.15568466650601337     
   5918.6629628735645       0.15584773524001522     
   5979.7031956951705       0.15601119555384033     
   6041.3814300736940       0.15617504930967904     
   6103.7044609101877       0.15633929838612401     
   6166.6791574612726       0.15650394467630757     
   6230.3124641298255       0.15666899008663643     
   6294.6114015952544       0.15683443654380819     
   6359.5830672398361       0.15700028598382340     
   6425.2346365088906       0.15716654036418756     
   6491.5733634470944       0.15733320165523768     
   6558.6065817948638       0.15750027184513524     
   6626.3417057113347       0.15766775293545499     
   6694.7862310678911       0.15783564695021327     
   6763.9477358449203       0.15800395592320618     
   6833.8338815216484       0.15817268190876418     
   6904.4524138986235       0.15834182697866039     
   6975.8111640855050       0.15851139322268637     
   7047.9180491888574       0.15868138274218618     
   7120.7810739147526       0.15885179766409213     
   7194.4083309968828       0.15902264012798062     
   7268.8080025371319       0.15919391229355334     
   7343.9883609312119       0.15936561633845078     
   7419.9577698092216       0.15953775445624171     
   7496.7246854164723       0.15971032886363981     
   7574.2976573821552       0.15988334179414446     
   7652.6853297980315       0.16005679549824517     
   7731.8964425130025       0.16023069224782394     
   7811.9398322038905       0.16040503433545711     
   7892.8244332893901       0.16057982407029689     
   7974.5592793330161       0.16075506378376569     
   8057.1535040149265       0.16093075582606040     
   8140.6163424463502       0.16110690256935456     
   8224.9571321668191       0.16128350640433728     
   8310.1853146018530       0.16146056974561210     
   8396.3104358377877       0.16163809502338300     
   8483.3421485483614       0.16181608469728467     
   8571.2902124501743       0.16199454124138388     
   8660.1644960505855       0.16217346715391825     
   8749.9749779425565       0.16235286495782275     
   8840.7317476889384       0.16253273719339775     
   8932.4450077686397       0.16271308643043836     
   9025.1250739998868       0.16289391525193672     
   9118.7823779849241       0.16307522627453391     
   9213.4274675589531       0.16325702213221416     
   9309.0710085066257       0.16343930548285027     
   9405.7237861232425       0.16362207901140824     
   9503.3967062012725       0.16380534542278108     
   9602.1007970241717       0.16398910745192463     
   9701.8472101941643       0.16417336785342163     
   9802.6472226692113       0.16435812941159275     
