   1.8201746673227901        1.1229053908009281     
   1.8254819329867584        1.1203865728077247     
   1.8308505029792390        1.1178846121788295     
   1.8361817847239454        1.1154076063240410     
   1.8414775704032817        1.1129551611783415     
   1.8467380542529761        1.1105270045782838     
   1.8519634551667301        1.1081228662090907     
   1.8571539929925851        1.1057424791552308     
   1.8623098845655499        1.1033855801976695     
   1.8674313506661542        1.1010519091499584     
   1.8725186083905530        1.0987412094685907     
   1.8775718772169123        1.0964532276725956     
   1.8825913753276804        1.0941877136082239     
   1.8875773225768688        1.0919444201433697     
   1.8925299353432550        1.0897231035580006     
   1.8974494336522567        1.0875235228827389     
   1.9023360339901385        1.0853454404676066     
   1.9071899549497673        1.0831886214482145     
   1.9120114147096101        1.0810528339154870     
   1.9168006284468677        1.0789378490927484     
   1.9215578150686108        1.0768434407101330     
   1.9262831897386747        1.0747693856010962     
   1.9309769696194428        1.0727154631695968     
   1.9356393702044348        1.0706814556571635     
   1.9402706065696775        1.0686671479955350     
   1.9448708942945288        1.0666723276860794     
   1.9494404470397724        1.0646967849649562     
   1.9539794796593357        1.0627403124988657     
   1.9584882051968489        1.0608027056004061     
   1.9629668367817841        1.0588837620289488     
   1.9674155869516958        1.0569832820094029     
   1.9718346673260387        1.0551010682231379     
   1.9762242894043553        1.0532369257028760     
   1.9805846640619240        1.0513906618406472     
   1.9849160006588868        1.0495620864263320     
   1.9892185091547385        1.0477510114358943     
   1.9934923985026165        1.0459572511302917     
   1.9977378766429543        1.0441806220252783     
   2.0019551506926856        1.0424209428400211     
   2.0061444276159577        1.0406780344099287     
   2.0103059130601357        1.0389517197526559     
   2.0144398127135141        1.0372418239213399     
   2.0185463306958344        1.0355481741097421     
   2.0226256705008137        1.0338705995441131     
   2.0266780357308241        1.0322089313904308     
   2.0307036280609125        1.0305630028962720     
   2.0347026489732212        1.0289326492172344     
   2.0386752983405496        1.0273177075066666     
   2.0426217766003387        1.0257180167074864     
   2.0465422824068753        1.0241334177193977     
   2.0504370132829868        1.0225637533190215     
   2.0543061665546682        1.0210088680555920     
   2.0581499386627664        1.0194686082820423     
   2.0619685245628769        1.0179428221798106     
   2.0657621187949093        1.0164313596446881     
   2.0695309148616685        1.0149340723150837     
   2.0732751055277352        1.0134508135207219     
   2.0769948822670412        1.0119814383078063     
   2.0806904356434330        1.0105258033812308     
   2.0843619556309503        1.0090837670578745     
   2.0880096314814836        1.0076551892536361     
   2.0916336505775872        1.0062399315555748     
   2.0952341997473600        1.0048378570917216     
   2.0988114654052956        1.0034488305008213     
   2.1023656319583957        1.0020727180388471     
   2.1058968839206580        1.0007093873854243     
   2.1094054041259924       0.99935870777268110     
   2.1128913747747662       0.99802054987587230     
   2.1163549764213423       0.99669478587945570     
   2.1197963896998355       0.99538128931457703     
   2.1232157929299804       0.99407993523727944     
   2.1266133648168641       0.99279059998857999     
   2.1299892818207113       0.99151316139030909     
   2.1333437200538725       0.99024749857311967     
   2.1366768545181718       0.98899349202064213     
   2.1399888593317229       0.98775102353342037     
   2.1432799072052808       0.98651997625431420     
   2.1465501699048342       0.98530023461336802     
   2.1497998184235554       0.98409168429840177     
   2.1530290223496800       0.98289421228912333     
   2.1562379508841030       0.98170770675831442     
   2.1594267713230155       0.98053205717975844     
   2.1625956504818720       0.97936715419630016     
   2.1657447542089305       0.97821288964444464     
   2.1688742466314714       0.97706915660026872     
   2.1719842919314085       0.97593584922105081     
   2.1750750520601234       0.97481286291425040     
   2.1781466888781811       0.97370009415204550     
   2.1811993627163280       0.97259744057217956     
   2.1842332327459042       0.97150480093389813     
   2.1872484575242988       0.97042207506120493     
   2.1902451942973418       0.96934916388473868     
   2.1932235993417901       0.96828596940141065     
   2.1961838278900943       0.96723239466704314     
   2.1991260339181764       0.96618834380063912     
   2.2020503707285739       0.96515372192520887     
   2.2049569903857678       0.96412843519956770     
   2.2078460436974994       0.96311239080876854     
   2.2107176810277682       0.96210549688668578     
   2.2135720511397379       0.96110766259533209     
   2.2164093018919320       0.96011879805956446     
   2.2192295801418949       0.95913881436111625     
   2.2220330320898554       0.95816762350211659     
   2.2248198022201060       0.95720513847569477     
   2.2275900345246686       0.95625127315968061     
   2.2303438717605477       0.95530594236341049     
   2.2330814554239140       0.95436906182013659     
   2.2358029265394799       0.95344054811302303     
   2.2385084247534230       0.95252031873680987     
   2.2411980887364793       0.95160829205616015     
   2.2438720561612007       0.95070438729688278     
   2.2465304637013084       0.94980852453657805     
   2.2491734469932112       0.94892062469688199     
   2.2518011406789062       0.94804060953204727     
   2.2544136785120941       0.94716840160961469     
   2.2570111931461461       0.94630392431836119     
   2.2595938162019369       0.94544710185414438     
   2.2621616782628133       0.94459785921062944     
   2.2647149091308560       0.94375612215045801     
   2.2672536375683108       0.94292181721644164     
   2.2697779911420959       0.94209487173609396     
   2.2722880966191230       0.94127521378075452     
   2.2747840798910448       0.94046277216385876     
   2.2772660655574386       0.93965747646515552     
   2.2797341776151465       0.93885925696857064     
   2.2821885388873664       0.93806804469858485     
   2.2846292713552572       0.93728377138661600     
   2.2870564957831503       0.93650636949269739     
   2.2894703324522130       0.93573577213944947     
   2.2918709001991759       0.93497191318083805     
   2.2942583172404438       0.93421472712961329     
   2.2966327008049658       0.93346414917847786     
   2.2989941670517293       0.93272011519956088     
   2.3013428314037805       0.93198256171134419     
   2.3036788082393054       0.93125142589480703     
   2.3060022109047607       0.93052664558636122     
   2.3083131523158920       0.92980815922394688     
   2.3106117438100329       0.92909590592898605     
   2.3128980962178343       0.92838982541720738     
   2.3151723193736844       0.92768985802919346     
   2.3174345223985044       0.92699594470279523     
   2.3196848132042707       0.92630802700433068     
   2.3219232990248573       0.92562604708203544     
   2.3241500861144040       0.92494994768187477     
   2.3263652799739916       0.92427967212522877     
   2.3285689850705973       0.92361516432371293     
   2.3307613051238940       0.92295636875133269     
   2.3329423430059615       0.92230323044608797     
   2.3351122005910296       0.92165569501577160     
   2.3372709790348964       0.92101370861136700     
   2.3394187785620053       0.92037721793644289     
   2.3415556986458235       0.91974617022887872     
   2.3436818377682775       0.91912051327335176     
   2.3457972938014646       0.91850019536638761     
   2.3479021636129653       0.91788516534179387     
   2.3499965433245249       0.91727537254504865     
   2.3520805281295090       0.91667076684205506     
   2.3541542126115091       0.91607129859018499     
   2.3562176902955985       0.91547691866668779     
   2.3582710541340353       0.91488757842733515     
   2.3603143961312565       0.91430322972924938     
   2.3623478075587192       0.91372382491037762     
   2.3643713789470722       0.91314931678487743     
   2.3663851999375924       0.91257965864981350     
   2.3683893594132179       0.91201480427013659     
   2.3703839455738498       0.91145470786899385     
   2.3723690458499691       0.91089932412890706     
   2.3743447467113503       0.91034860820234564     
   2.3763111341000913       0.90980251567432457     
   2.3782682931265975       0.90926100258052789     
   2.3802163081314780       0.90872402539924257     
   2.3821552626568794       0.90819154104828526     
   2.3840852397374754       0.90766350685920028     
   2.3860063213711684       0.90713988061309359     
   2.3879185889976284       0.90662062050007064     
   2.3898221233589245       0.90610568512621414     
   2.3917170044495375       0.90559503351253301     
   2.3936033114895463       0.90508862509404908     
   2.3954811229595525       0.90458641971205211     
   2.3973505169076361       0.90408837758799421     
   2.3992115704297592       0.90359445935840421     
   2.4010643598726666       0.90310462605605091     
   2.4029089611859513       0.90261883907933005     
   2.4047454492813349       0.90213706023730078     
   2.4065738987616054       0.90165925169062455     
   2.4083943832859402       0.90118537599628457     
   2.4102069759392011       0.90071539607588913     
   2.4120117491224167       0.90024927522038700     
   2.4138087746835728       0.89978697707703392     
   2.4155981237478228       0.89932846565839153     
   2.4173798666149722       0.89887370534730993     
   2.4191540732817116       0.89842266085328215     
   2.4209208128152673       0.89797529725713288     
   2.4226801538389759       0.89753157997085875     
   2.4244321642222104       0.89709147475794149     
   2.4261769113204217       0.89665494771180221     
   2.4279144617368953       0.89622196527085485     
   2.4296448816047054       0.89579249419417062     
   2.4313682363313820       0.89536650157737852     
   2.4330845908893730       0.89494395482810440     
   2.4347940093584066       0.89452482169737890     
   2.4364965555424618       0.89410907022996988     
   2.4381922923729777       0.89369666880662835     
   2.4398812825152412       0.89328758609552461     
   2.4415635876532797       0.89288179110322341     
   2.4432392692863507       0.89247925311187792     
   2.4449083881317275       0.89207994172139760     
   2.4465710043115481       0.89168382683275804     
   2.4482271775289162       0.89129087863180412     
   2.4498769667829956       0.89090106760832688     
   2.4515204305857914       0.89051436453677635     
   2.4531576269810311       0.89013074047237373     
   2.4547886133325516       0.88975016676451379     
   2.4564134465233267       0.88937261503914100     
   2.4580321828816780       0.88899805720164693     
   2.4596448782474205       0.88862646542973678     
   2.4612515879166827       0.88825781217487876     
   2.4628523665589626       0.88789207016595340     
   2.4644472685713570       0.88752921238056448     
   2.4660363475825964       0.88716921207981603     
   2.4676196567399034       0.88681204278408354     
   2.4691972489483454       0.88645767825323452     
   2.4707691763123050       0.88610609252580885     
   2.4723354905141086       0.88575725988867826     
   2.4738962428349045       0.88541115487291933     
   2.4754514840042274       0.88506775226306589     
   2.4770012642796351       0.88472702708898621     
   2.4785456333984639       0.88438895462704381     
   2.4800846406716506       0.88405351039132407     
   2.4816183349109995       0.88372067013657707     
   2.4831467645052343       0.88339040985062744     
   2.4846699772965604       0.88306270576156409     
   2.4861880207589775       0.88273753432216950     
   2.4877009418638574       0.88241487221816262     
   2.4892087870868522       0.88209469636554716     
   2.4907116025362992       0.88177698389894599     
   2.4922094338522425       0.88146171217747482     
   2.4937023261666833       0.88114885878536586     
   2.4951903243198972       0.88083840151432957     
   2.4966734725273945       0.88053031838621298     
   2.4981518147555501       0.88022458762316957     
   2.4996253944515194       0.87992118766589777     
   2.5010942546604840       0.87962009716336143     
   2.5025584379881511       0.87932129497345102     
   2.5040179866644188       0.87902476015643005     
   2.5054729424973523       0.87873047197683762     
   2.5069233468451912       0.87843840990359723     
   2.5083692407720730       0.87814855359687094     
   2.5098106647793985       0.87786088292622633     
   2.5112476591175632       0.87757537794564500     
   2.5126802635730461       0.87729201890795117     
   2.5141085175946136       0.87701078625358631     
   2.5155324601698386       0.87673166061811503     
   2.5169521299520374       0.87645462282126241     
   2.5183675652254505       0.87617965386793140     
   2.5197788039094999       0.87590673494614091     
   2.5211858834856282       0.87563584743113276     
   2.5225888411283277       0.87536697287363396     
   2.5239877136242654       0.87510009300496927     
   2.5253825374163927       0.87483518973170504     
   2.5267733485483270       0.87457224513870235     
   2.5281601827639526       0.87431124147972850     
   2.5295430754197374       0.87405216118309204     
   2.5309220615020855       0.87379498684844648     
   2.5322971757173369       0.87353970123890745     
   2.5336684524277113       0.87328628728418800     
   2.5350359255990158       0.87303472808335192     
   2.5363996288209858       0.87278500690162897     
   2.5377595955180681       0.87253710715349497     
   2.5391158585969928       0.87229101242761375     
   2.5404684507980257       0.87204670645923721     
   2.5418174044180821       0.87180417314934899     
   2.5431627515321003       0.87156339654720449     
   2.5445045237832185       0.87132436086435294     
   2.5458427526086291       0.87108705045664858     
   2.5471774690769795       0.87085144983507723     
   2.5485087039480856       0.87061754365999833     
   2.5498364877041526       0.87038531673773800     
   2.5511608505528294       0.87015475401887765     
   2.5524818222996632       0.86992584060665334     
   2.5537994325043756       0.86969856174408533     
   2.5551137105080581       0.86947290281085432     
   2.5564246852590218       0.86924884933490021     
   2.5577323854266112       0.86902638698295620     
   2.5590368394668284       0.86880550155428860     
   2.5603380754917131       0.86858617898962498     
   2.5616361213455128       0.86836840536388116     
   2.5629310046085498       0.86815216688518926     
   2.5642227525464749       0.86793744989713217     
   2.5655113922022754       0.86772424087135813     
   2.5667969503247248       0.86751252641120413     
   2.5680794534245193       0.86730229324690911     
   2.5693589276745055       0.86709352824158303     
   2.5706353990982169       0.86688621837653657     
   2.5719088933543572       0.86668035076591821     
   2.5731794358730671       0.86647591264573010     
   2.5744470518648113       0.86627289137217334     
   2.5757117662906879       0.86607127442265264     
   2.5769736037867665       0.86587104940057658     
   2.5782325888532660       0.86567220402023093     
   2.5794887456316191       0.86547472612234522     
   2.5807420981133475       0.86527860365774278     
   2.5819926699842108       0.86508382469772882     
   2.5832404847574728       0.86489037742336095     
   2.5844855656618808       0.86469825013295409     
   2.5857279357043574       0.86450743123628104     
   2.5869676176538756       0.86431790925489738     
   2.5882046340698110       0.86412967281923458     
   2.5894390072747093       0.86394271066961603     
   2.5906707593638689       0.86375701165455609     
   2.5918999122513737       0.86357256472683774     
   2.5931264875635325       0.86338935895006075     
   2.5943505067634387       0.86320738348888737     
   2.5955719910343884       0.86302662761661653     
   2.5967909614521059       0.86284708070173799     
   2.5980074387946277       0.86266873222105167     
   2.5992214436688954       0.86249157174941460     
   2.6004329964259036       0.86231558896549676     
   2.6016421173063273       0.86214077363975083     
   2.6028488262424725       0.86196711564863682     
   2.6040531430561620       0.86179460495898264     
   2.6052550873005305       0.86162323163890908     
   2.6064546783814802       0.86145298584817431     
   2.6076519354811962       0.86128385784287276     
   2.6088468776056217       0.86111583797135505     
   2.6100395235676523       0.86094891667464923     
   2.6112298919801118       0.86078308448605045     
   2.6124180012551523       0.86061833203072324     
   2.6136038697024944       0.86045465001745480     
   2.6147875153426341       0.86029202925185488     
   2.6159689560862045       0.86013046062243104     
   2.6171482095993923       0.85996993510953301     
   2.6183252934198831       0.85981044377642390     
   2.6195002249246722       0.85965197777087410     
   2.6206730212937304       0.85949452832697171     
   2.6218436995251428       0.85933808676350631     
   2.6230122764255874       0.85918264448390769     
   2.6241787686750153       0.85902819297082256     
   2.6253431928122319       0.85887472378648633     
   2.6265055651309215       0.85872222857972069     
   2.6276659018315440       0.85857069907425465     
   2.6288242188789250       0.85842012707825355     
   2.6299805321519738       0.85827050447298614     
   2.6311348573430555       0.85812182321930930     
   2.6322872099656220       0.85797407535672865     
   2.6334376054427331       0.85782725299601736     
   2.6345860589429781       0.85768134833097309     
   2.6357325855585838       0.85753635362434821     
   2.6368772002266900       0.85739226121339684     
   2.6380199176920258       0.85724906351175045     
   2.6391607526129239       0.85710675300114136     
   2.6402997194095112       0.85696532224200639     
   2.6414368324815207       0.85682476385678430     
   2.6425721059882692       0.85668507054568444     
   2.6437055539697476       0.85654623507709637     
   2.6448371903407919       0.85640825028741729     
   2.6459670288938568       0.85627110908040893     
   2.6470950832146447       0.85613480443281209     
   2.6482213668445391       0.85599932938189416     
   2.6493458931208456       0.85586467703637870     
   2.6504686753075024       0.85573084056682425     
   2.6515897264427815       0.85559781321578876     
   2.6527090595661500       0.85546558828087016     
   2.6538266874301941       0.85533415913538691     
   2.6549426228112436       0.85520351920490523     
   2.6560568783119218       0.85507366198133905     
   2.6571694663064305       0.85494458102638093     
   2.6582803991903665       0.85481626995283433     
   2.6593896891955415       0.85468872243736871     
   2.6604973483526435       0.85456193222319099     
   2.6616033886662054       0.85443589310644330     
   2.6627078219921607       0.85431059894466610     
   2.6638106600755380       0.85418604365388795     
   2.6649119145330085       0.85406222120916730     
   2.6660115968403395       0.85393912564487917     
   2.6671097184315942       0.85381675104744503     
   2.6682062905539494       0.85369509156519663     
   2.6693013244078490       0.85357414139771359     
   2.6703948310384811       0.85345389480338629     
   2.6714868213576022       0.85333434609719505     
   2.6725773062709903       0.85321548964119331     
   2.6736662964513869       0.85309731986051518     
   2.6747538025509279       0.85297983122752985     
   2.6758398351269426       0.85286301826666788     
   2.6769244045499212       0.85274687556091378     
   2.6780075211859149       0.85263139773791896     
   2.6790891952104019       0.85251657948319104     
   2.6801694367415307       0.85240241553004803     
   2.6812482558685558       0.85228890065716922     
   2.6823256624139971       0.85217602970527373     
   2.6834016662484244       0.85206379755412864     
   2.6844762771124282       0.85195219913481868     
   2.6855495046068825       0.85184122943034346     
   2.6866213582744360       0.85173088346895665     
   2.6876918475941598       0.85162115632457192     
   2.6887609818776812       0.85151204312358075     
   2.6898287704125381       0.85140353903432409     
   2.6908952223613234       0.85129563927387397     
   2.6919603468207440       0.85118833910345471     
   2.6930241527636625       0.85108163383215407     
   2.6940866491151025       0.85097551881134392     
   2.6951478446912054       0.85086998943839776     
   2.6962077482386300       0.85076504115375640     
   2.6972663683745286       0.85066066944470142     
   2.6983237137026324       0.85055686983678380     
   2.6993797927055088       0.85045363790117934     
   2.7004346137937789       0.85035096925079601     
   2.7014881852507164       0.85024885954403828     
   2.7025405153541833       0.85014730447543552     
   2.7035916122455736       0.85004629978493429     
   2.7046414840570172       0.84994584124853079     
   2.7056901387520966       0.84984592468905795     
   2.7067375842699422       0.84974654596581334     
   2.7077838284769218       0.84964770097764131     
   2.7088288791307464       0.84954938566504401     
   2.7098727439598305       0.84945159600431441     
   2.7109153519978708       0.84935433040001684     
   2.7119568681384716       0.84925758012684405     
   2.7129972209890250       0.84916134367906848     
   2.7140364180999810       0.84906561717796181     
   2.7150744668519642       0.84897039678851594     
   2.7161113744838463       0.84887567871761238     
   2.7171471482106409       0.84878145920542902     
   2.7181817951968528       0.84868773452688262     
   2.7192153224692079       0.84859450099805289     
   2.7202477370941667       0.84850175496249736     
   2.7212790459957534       0.84840949280454070     
   2.7223092559735109       0.84831771094763131     
   2.7233383739620027       0.84822640583514652     
   2.7243664066159412       0.84813557396038863     
   2.7253933606655618       0.84804521184025661     
   2.7264192427245302       0.84795531602924679     
   2.7274440593183815       0.84786588311680888     
   2.7284678169766874       0.84777690972070974     
   2.7294905221430303       0.84768839249297678     
   2.7305121811778443       0.84760032811966557     
   2.7315328004385329       0.84751271331478506     
   2.7325523861380194       0.84742554483007337     
   2.7335709444993426       0.84733881944388489     
   2.7345884816684558       0.84725253396699451     
   2.7356050037329909       0.84716668524112282     
   2.7366205167488267       0.84708127013662249     
   2.7376350266393104       0.84699628555980855     
   2.7386485393712623       0.84691172843964169     
   2.7396610608059992       0.84682759573857580     
   2.7406725967288694       0.84674388444982995     
   2.7416831529623318       0.84666059158950535     
   2.7426927351733705       0.84657771420976013     
   2.7437013490141564       0.84649524938866993     
   2.7447090001020538       0.84641319423142403     
   2.7457156940289273       0.84633154586945869     
   2.7467214362347514       0.84625030146906388     
   2.7477262322115710       0.84616945821709943     
   2.7487300873523135       0.84608901333088249     
   2.7497330070469683       0.84600896405168013     
   2.7507349965951198       0.84592930765049290     
   2.7517360612129131       0.84585004142731823     
   2.7527362061439438       0.84577116270314079     
   2.7537354366055724       0.84569266882347938     
   2.7547337576348898       0.84561455716914802     
   2.7557311743642714       0.84553682513639539     
   2.7567276918039108       0.84545947015251932     
   2.7577233149917810       0.84538248966437535     
   2.7587180488133933       0.84530588115163297     
   2.7597118981679634       0.84522964211430363     
   2.7607048679344386       0.84515377007509729     
   2.7616969629141002       0.84507826258360907     
   2.7626881879152183       0.84500311720952426     
   2.7636785476420433       0.84492833155091418     
   2.7646680467673965       0.84485390322848830     
   2.7656566899601653       0.84477982988356348     
   2.7666444818186822       0.84470610918274103     
   2.7676314269438547       0.84463273881231760     
   2.7686175298167690       0.84455971648708483     
   2.7696027949483772       0.84448703993914498     
   2.7705872268192810       0.84441470692231890     
   2.7715708297733395       0.84434271521941517     
   2.7725536082540803       0.84427106262531915     
   2.7735355665358421       0.84419974696572297     
   2.7745167090223744       0.84412876607607434     
   2.7754970398546059       0.84405811782895723     
   2.7764765633253492       0.84398780010467300     
   2.7774552836281683       0.84391781080881234     
   2.7784332049175022       0.84384814786784923     
   2.7794103312960061       0.84377880922988280     
   2.7803866669084139       0.84370979285790781     
   2.7813622157254438       0.84364109674465204     
   2.7823369818083687       0.84357271889412022     
   2.7833109691358167       0.84350465733343105     
   2.7842841816786277       0.84343691010732647     
   2.7852566233419878       0.84336947528242590     
   2.7862282980280861       0.84330235094214823     
   2.7871992095598150       0.84323553519243988     
   2.7881693618204646       0.84316902615147038     
   2.7891387585583436       0.84310282196338315     
   2.7901074035254689       0.84303692078827819     
   2.7910753004891689       0.84297132080141846     
   2.7920424531154659       0.84290602020119354     
   2.7930088650960005       0.84284101719990234     
   2.7939745400892599       0.84277631002799369     
   2.7949394816989424       0.84271189693531245     
   2.7959036934808719       0.84264777619065956     
   2.7968671790064370       0.84258394607684561     
   2.7978299418269628       0.84252040489335944     
   2.7987919853964609       0.84245715096147222     
   2.7997533131950907       0.84239418261567445     
   2.8007139287015654       0.84233149820528874     
   2.8016738353178714       0.84226909609958422     
   2.8026330364090075       0.84220697468500916     
   2.8035915353403249       0.84214513236233479     
   2.8045493354722932       0.84208356754706293     
   2.8055064401275280       0.84202227867131008     
   2.8064628525514097       0.84196126418681438     
   2.8074185760282409       0.84190052255631986     
   2.8083736137964204       0.84184005225963343     
   2.8093279690166009       0.84177985179572312     
   2.8102816449550829       0.84171991966955595     
   2.8112346447309147       0.84166025440989534     
   2.8121869714541390       0.84160085455955791     
   2.8131386282852970       0.84154171867070882     
   2.8140896182820887       0.84148284531611417     
   2.8150399445323622       0.84142423307924907     
   2.8159896100827067       0.84136588055921524     
   2.8169386179390283       0.84130778637095260     
   2.8178869711176460       0.84124994914106299     
   2.8188346725694764       0.84119236751339277     
   2.8197817252434669       0.84113504014414509     
   2.8207281321143371       0.84107796570034410     
   2.8216738960652048       0.84102114286723217     
   2.8226190200192161       0.84096457033964689     
   2.8235635067868072       0.84090824683212562     
   2.8245073592441079       0.84085217106660992     
   2.8254505802626682       0.84079634177708606     
   2.8263931725893832       0.84074075771785695     
   2.8273351390323445       0.84068541765070692     
   2.8282764823699384       0.84063032035083252     
   2.8292172053302185       0.84057546460846244     
   2.8301573106501428       0.84052084922432835     
   2.8310968010598594       0.84046647301098631     
   2.8320356792217609       0.84041233479673139     
   2.8329739478323672       0.84035843341841265     
   2.8339116095354515       0.84030476772774132     
   2.8348486669706814       0.84025133658720874     
   2.8357851227236468       0.84019813887403494     
   2.8367209794407047       0.84014517347177575     
   2.8376562396505975       0.84009243928263411     
   2.8385909059694456       0.84003993521329590     
   2.8395249809071790       0.83998766018826165     
   2.8404584670393973       0.83993561313755283     
   2.8413913668321547       0.83988379300928451     
   2.8423236827900036       0.83983219875866300     
   2.8432554174096243       0.83978082935179521     
   2.8441865731170246       0.83972968376951818     
   2.8451171523851411       0.83967876099929351     
   2.8460471576819062       0.83962806003854706     
   2.8469765913520702       0.83957757990322190     
   2.8479054558469086       0.83952731961139992     
   2.8488337535247314       0.83947727819695206     
   2.8497614867473877       0.83942745470334990     
   2.8506886578898438       0.83937784818224659     
   2.8516152692794527       0.83932845769791220     
   2.8525413232318741       0.83927928232479565     
   2.8534668220679604       0.83923032114611174     
   2.8543917680718103       0.83918157325666365     
   2.8553161635424731       0.83913303775924275     
   2.8562400107234307       0.83908471376927918     
   2.8571633118935309       0.83903660040887051     
   2.8580860692140240       0.83898869681687560     
   2.8590082850206624       0.83894100212889733     
   2.8599299614579357       0.83889351550218527     
   2.8608511007572188       0.83884623609683096     
   2.8617717050544123       0.83879916308801006     
   2.8626917765888384       0.83875229565198950     
   2.8636113174440290       0.83870563298434431     
   2.8645303298277289       0.83865917428020476     
   2.8654488158150135       0.83861291875232635     
   2.8663667775584267       0.83856686561615956     
   2.8672842171870117       0.83852101409684843     
   2.8682011367455931       0.83847536343345652     
   2.8691175384059413       0.83842991286414648     
   2.8700334241413676       0.83838466164896930     
   2.8709487960548277       0.83833960904651605     
   2.8718636561542246       0.83829475433002520     
   2.8727780065994457       0.83825009676979467     
   2.8736918492898456       0.83820563566183914     
   2.8746051862726212       0.83816137029956161     
   2.8755180195784455       0.83811729998511120     
   2.8764303511500109       0.83807342403407836     
   2.8773421830277051       0.83802974176270872     
   2.8782535171547448       0.83798625250162062     
   2.8791643555104516       0.83794295558592480     
   2.8800747000010292       0.83789985036311077     
   2.8809845525827531       0.83785693618456336     
   2.8818939152071468       0.83781421240902954     
   2.8828027897876884       0.83777167840491162     
   2.8837111782038063       0.83772933355014922     
   2.8846190823938511       0.83768717722539776     
   2.8855265042281597       0.83764520882319971     
   2.8864334455780929       0.83760342774265384     
   2.8873399083256022       0.83756183338912882     
   2.8882458943216829       0.83752042517670100     
   2.8891514054376115       0.83747920252500907     
   2.8900564435018437       0.83743816486315681     
   2.8909610103312740       0.83739731162777042     
   2.8918651077931243       0.83735664225846318     
   2.8927687376769340       0.83731615620671573     
   2.8936719017819534       0.83727585292999163     
   2.8945746018930265       0.83723573189301070     
   2.8954768398312050       0.83719579256453813     
   2.8963786173808583       0.83715603442186992     
   2.8972799362590926       0.83711645695365000     
   2.8981807983055869       0.83707705964601264     
   2.8990812052340518       0.83703784200004661     
   2.8999811587636168       0.83699880352271572     
   2.9008806607023718       0.83695994372075178     
   2.9017797127399452       0.83692126211540252     
   2.9026783165837022       0.83688275823235003     
   2.9035764740251491       0.83684443159787614     
   2.9044741866714565       0.83680628175651162     
   2.9053714563037887       0.83676830824686288     
   2.9062682845760692       0.83673051062211345     
   2.9071646731914846       0.83669288843801515     
   2.9080606238046096       0.83665544125916336     
   2.9089561381475795       0.83661816865077099     
   2.9098512177958007       0.83658107019429806     
   2.9107458644535398       0.83654414546827494     
   2.9116400798208462       0.83650739405692676     
   2.9125338654573660       0.83647081555973102     
   2.9134272230543354       0.83643440957273285     
   2.9143201542133501       0.83639817570354047     
   2.9152126605766036       0.83636211356241641     
   2.9161047437401972       0.83632622276830826     
   2.9169964053672750       0.83629050294095997     
   2.9178876470000628       0.83625495371356706     
   2.9187784702755715       0.83621957471836073     
   2.9196688767670747       0.83618436559717835     
   2.9205588680661076       0.83614932599571901     
   2.9214484457479504       0.83611445556615926     
   2.9223376114389263       0.83607975396218381     
   2.9232263666352161       0.83604522085178068     
   2.9241147129264471       0.83601085590139768     
   2.9250026518922998       0.83597665878336258     
   2.9258901850428396       0.83594262917983753     
   2.9267773139444966       0.83590876677414361     
   2.9276640401593932       0.83587507125471916     
   2.9285503651791878       0.83584154232003716     
   2.9294362905706794       0.83580817966809162     
   2.9303218178659782       0.83577498300430686     
   2.9312069485334091       0.83574195204325086     
   2.9320916841164411       0.83570908649919884     
   2.9329760261469824       0.83567638609206596     
   2.9338599761022532       0.83564385055016288     
   2.9347435354882125       0.83561147960472693     
   2.9356267057632826       0.83557927299483992     
   2.9365094885262484       0.83554723045474799     
   2.9373918851277727       0.83551535174020120     
   2.9382738971192546       0.83548363659798885     
   2.9391555259871063       0.83545208478402899     
   2.9400367731534089       0.83542069606281610     
   2.9409176400923700       0.83538947020035303     
   2.9417981283103209       0.83535840696454677     
   2.9426782392634472       0.83532750613152218     
   2.9435579743416556       0.83529676748627901     
   2.9444373350568585       0.83526619080990971     
   2.9453163228156489       0.83523577589515230     
   2.9461949390802298       0.83520552253541047     
   2.9470731852848946       0.83517543053024901     
   2.9479510628454664       0.83514549968491492     
   2.9488285732040840       0.83511572980730120     
   2.9497057178033774       0.83508612070938359     
   2.9505824980144171       0.83505667221244240     
   2.9514589153118695       0.83502738413485789     
   2.9523349711124185       0.83499825630320523     
   2.9532106667617448       0.83496928855319641     
   2.9540860037170891       0.83494048071725069     
   2.9549609833395816       0.83491183263813029     
   2.9558356070837633       0.83488334415680387     
   2.9567098762935586       0.83485501512565852     
   2.9575837924043902       0.83482684539506735     
   2.9584573567725712       0.83479883482489992     
   2.9593305708398470       0.83477098327316646     
   2.9602034358944067       0.83474329061252917     
   2.9610759533810644       0.83471575670892495     
   2.9619481246879587       0.83468838143631774     
   2.9628199511256512       0.83466116467773821     
   2.9636914341279077       0.83463410631200863     
   2.9645625750135531       0.83460720622961948     
   2.9654333751877808       0.83458046431922472     
   2.9663038360066807       0.83455388047655932     
   2.9671739587897008       0.83452745460403954     
   2.9680437449292691       0.83450118660281292     
   2.9689131957789723       0.83447507638066254     
   2.9697823126542344       0.83444912385181458     
   2.9706510969527145       0.83442332892862880     
   2.9715195500037082       0.83439769153215781     
   2.9723876731073959       0.83437221158904262     
   2.9732554676853722       0.83434688902165133     
   2.9741229349901284       0.83432172376743052     
   2.9749900763976740       0.83429671575952802     
   2.9758568932268235       0.83427186493837779     
   2.9767233868404936       0.83424717124538328     
   2.9775895585638210       0.83422263462825053     
   2.9784554096818208       0.83419825504097478     
   2.9793209415324693       0.83417403243784272     
   2.9801861554610882       0.83414996677619202     
   2.9810510527667109       0.83412605802028073     
   2.9819156347849596       0.83410230613555969     
   2.9827799028161293       0.83407871109350262     
   2.9836438581809386       0.83405527286775838     
   2.9845075021828782       0.83403199143683793     
   2.9853708361316240       0.83400886678258235     
   2.9862338613838624       0.83398589888709918     
   2.9870965791555015       0.83396308774563344     
   2.9879589908161250       0.83394043334671242     
   2.9888210976423029       0.83391793568868167     
   2.9896829009713382       0.83389559476944952     
   2.9905444020577567       0.83387341059578302     
   2.9914056022242210       0.83385138317382812     
   2.9922665027644020       0.83382951251488269     
   2.9931271049787549       0.83380779863346610     
   2.9939874101408623       0.83378624154939385     
   2.9948474195776282       0.83376484128247697     
   2.9957071345385136       0.83374359786117958     
   2.9965665563392028       0.83372251131291364     
   2.9974256862504420       0.83370158167187192     
   2.9982845255757482       0.83368080897332753     
   2.9991430756232731       0.83366019325579233     
   3.0000013376157515       0.83363973456685136     
   3.0008593128973988       0.83361943294959595     
   3.0017170026938111       0.83359928845830744     
   3.0025744083526376       0.83357930114289747     
   3.0034315310955657       0.83355947106472250     
   3.0042883722269913       0.83353979828335012     
   3.0051449330346482       0.83352028286272195     
   3.0060012147599879       0.83350092487350680     
   3.0068572187215228       0.83348172438435908     
   3.0077129461826662       0.83346268147128089     
   3.0085683984088010       0.83344379621338516     
   3.0094235766943926       0.83342506869151123     
   3.0102784822624367       0.83340649899416896     
   3.0111331164284012       0.83338808720762181     
   3.0119874804840574       0.83336983342292048     
   3.0128415756368314       0.83335173774001892     
   3.0136954032056291       0.83333380025505477     
   3.0145489644520209       0.83331602107107883     
   3.0154022606416659       0.83329840029456470     
   3.0162552930491451       0.83328093803451875     
   3.0171080629407969       0.83326363440409257     
   3.0179605716043945       0.83324648951821767     
   3.0188128202332400       0.83322950350141756     
   3.0196648101760428       0.83321267647159147     
   3.0205165427100003       0.83319600855450826     
   3.0213680190463545       0.83317949988373119     
   3.0222192404597288       0.83316315059190538     
   3.0230702082306036       0.83314696081473216     
   3.0239209236497873       0.83313093069074884     
   3.0247713879189941       0.83311506036746175     
   3.0256216023890730       0.83309934998610569     
   3.0264715682489816       0.83308379970190360     
   3.0273212867954920       0.83306840966636986     
   3.0281707593332001       0.83305318003378792     
   3.0290199870808947       0.83303811096756442     
   3.0298689713272613       0.83302320262972840     
   3.0307177133275474       0.83300845518805589     
   3.0315662143412117       0.83299386881333737     
   3.0324144756383640       0.83297944367898591     
   3.0332624985299725       0.83296517995927410     
   3.0341102842397847       0.83295107783748557     
   3.0349578340347039       0.83293713749722254     
   3.0358051491893026       0.83292335912546800     
   3.0366522309908146       0.83290974291128306     
   3.0374990806914601       0.83289628904972401     
   3.0383456995690366       0.83288299773736785     
   3.0391920889016779       0.83286986917442929     
   3.0400382499332839       0.83285690356646258     
   3.0408841839488394       0.83284410111985863     
   3.0417298922319889       0.83283146204463054     
   3.0425753760346552       0.83281898655614994     
   3.0434206366532908       0.83280667487027227     
   3.0442656753457298       0.83279452720891101     
   3.0451104933778184       0.83278254379673100     
   3.0459550920744598       0.83277072485825743     
   3.0467994726484542       0.83275907062839127     
   3.0476436363852417       0.83274758134107696     
   3.0484875846080577       0.83273625723121425     
   3.0493313185676172       0.83272509854155308     
   3.0501748395648169       0.83271410551548941     
   3.0510181488434274       0.83270327840334568     
   3.0518612477022775       0.83269261745535639     
   3.0527041374105326       0.83268212292731714     
   3.0535468192900361       0.83267179507498768     
   3.0543892945943405       0.83266163416204142     
   3.0552315646122841       0.83265164045350870     
   3.0560736306631826       0.83264181421586902     
   3.0569154939731389       0.83263215572512106     
   3.0577571559041452       0.83262266525219819     
   3.0585986176965321       0.83261334307930501     
   3.0594398806462859       0.83260418948846271     
   3.0602809460947200       0.83259520476276094     
   3.0611218152886939       0.83258638919457639     
   3.0619624895158646       0.83257774307735821     
   3.0628029701204760       0.83256926670466691     
   3.0636432583745226       0.83256096037801619     
   3.0644833556050384       0.83255282439922240     
   3.0653232630591507       0.83254485907889964     
   3.0661629821007463       0.83253706472377575     
   3.0670025140197543       0.83252944164871223     
   3.0678418601048811       0.83252199017277861     
   3.0686810216652733       0.83251471061713156     
   3.0695200000439291       0.83250760330444418     
   3.0703587965305830       0.83250066856457117     
   3.0711974124573387       0.83249390672844925     
   3.0720358491155348       0.83248731813316790     
   3.0728741078242177       0.83248090311790923     
   3.0737121899471216       0.83247466202300346     
   3.0745500967695767       0.83246859519706451     
   3.0753878296283599       0.83246270298953917     
   3.0762253898444256       0.83245698575466509     
   3.0770627787339828       0.83245144385065339     
   3.0778999976698276       0.83244607763621303     
   3.0787370479532794       0.83244088747813594     
   3.0795739309300720       0.83243587374449390     
   3.0804106479282787       0.83243103680839170     
   3.0812472003119908       0.83242637704423728     
   3.0820835894050682       0.83242189483325713     
   3.0829198165538401       0.83241759055910969     
   3.0837558830891156       0.83241346461007193     
   3.0845917904044895       0.83240951737497770     
   3.0854275398202828       0.83240574925090505     
   3.0862631326972974       0.83240216063637651     
   3.0870985703940796       0.83239875193421420     
   3.0879338542721495       0.83239552355105384     
   3.0887689856926182       0.83239247589763488     
   3.0896039660369632       0.83238960938750783     
   3.0904387966636824       0.83238692443976237     
   3.0912734789411989       0.83238442147690783     
   3.0921080142253063       0.83238210092659415     
   3.0929424039188644       0.83237996321743024     
   3.0937766493969434       0.83237800878415280     
   3.0946107520421062       0.83237623806512251     
   3.0954447132439906       0.83237465150273815     
   3.0962785343771326       0.83237324954417491     
   3.0971122168574929       0.83237203263863035     
   3.0979457620595299       0.83237100124205199     
   3.0987791713774504       0.83237015581353124     
   3.0996124462319190       0.83236949681487538     
   3.1004455880296540       0.83236902471306129     
   3.1012785981731099       0.83236873997978478     
   3.1021114780572803       0.83236864309169079     
   3.1029442291372811       0.83236873452592963     
   3.1037768527802072       0.83236901476978964     
   3.1046093504477215       0.83236948430919588     
   3.1054417235389624       0.83237014363830630     
   3.1062739735230496       0.83237099325163255     
   3.1071061017922235       0.83237203365294921     
   3.1079381097943064       0.83237326534730260     
   3.1087699989922015       0.83237468884333488     
   3.1096017708037040       0.83237630465729473     
   3.1104334266867442       0.83237811330730338     
   3.1112649680788658       0.83238011531781053     
   3.1120963964817840       0.83238231121412287     
   3.1129277132939603       0.83238470153224753     
   3.1137589200274247       0.83238728680643215     
   3.1145900181281183       0.83239006757968026     
   3.1154210090799390       0.83239304439745454     
   3.1162518943620201       0.83239621781054307     
   3.1170826754123704       0.83239958837721750     
   3.1179133537955535       0.83240315665283360     
   3.1187439309290652       0.83240692320686294     
   3.1195744083562058       0.83241088860602996     
   3.1204047875479164       0.83241505342671873     
   3.1212350700160556       0.83241941824769738     
   3.1220652572672432       0.83242398365344816     
   3.1228953508157673       0.83242875023291218     
   3.1237253521691697       0.83243371858076787     
   3.1245552628611621       0.83243888929540200     
   3.1253850844197077       0.83244426298078023     
   3.1262148183611638       0.83244984024682156     
   3.1270444662424093       0.83245562170659948     
   3.1278740296075074       0.83246160797919488     
   3.1287035099906806       0.83246779968964191     
   3.1295329089319024       0.83247419746813445     
   3.1303622279990293       0.83248080194893248     
   3.1311914687745670       0.83248761377065317     
   3.1320206328078637       0.83249463357978226     
   3.1328497216458611       0.83250186202836729     
   3.1336787369139953       0.83250929976955990     
   3.1345076801848597       0.83251694746545057     
   3.1353365530140165       0.83252480578477761     
   3.1361653570417003       0.83253287539708731     
   3.1369940938431107       0.83254115698174747     
   3.1378227650311885       0.83254965122171598     
   3.1386513722180762       0.83255835880589213     
   3.1394799170279755       0.83256728042845551     
   3.1403084010564664       0.83257641679148198     
   3.1411368259786259       0.83258576859829114     
   3.1419651934017443       0.83259533656228679     
   3.1427935049753293       0.83260512140067622     
   3.1436217623389897       0.83261512383758907     
   3.1444499671739550       0.83262534460083582     
   3.1452781211087957       0.83263578442761144     
   3.1461062258314021       0.83264644405803256     
   3.1469342830162752       0.83265732423961780     
   3.1477622943470802       0.83266842572579236     
   3.1485902614913384       0.83267974927706345     
   3.1494181861563080       0.83269129565895117     
   3.1502460700562063       0.83270306564260221     
   3.1510739148762470       0.83271506000768813     
   3.1519017223580943       0.83272727953771186     
   3.1527294941801918       0.83273972502621607     
   3.1535572321332035       0.83275239726735417     
   3.1543849378911144       0.83276529706905733     
   3.1552126132533260       0.83277842523871359     
   3.1560402599431403       0.83279178259546627     
   3.1568678797082699       0.83280536996389387     
   3.1576954743334769       0.83281918817377365     
   3.1585230455915250       0.83283323806295240     
   3.1593505952620453       0.83284752047593580     
   3.1601781251274175       0.83286203626458388     
   3.1610056369944797       0.83287678628670958     
   3.1618331326733653       0.83289177140750659     
   3.1626606139792148       0.83290699249937195     
   3.1634880826955007       0.83292245044425495     
   3.1643155407153944       0.83293814612555928     
   3.1651429898242727       0.83295408044058450     
   3.1659704318904458       0.83297025428958382     
   3.1667978687704181       0.83298666858166592     
   3.1676253023234962       0.83300332423359746     
   3.1684527344280502       0.83302022216913785     
   3.1692801669626252       0.83303736332023604     
   3.1701076018120471       0.83305474862676254     
   3.1709350408857024       0.83307237903536069     
   3.1717624861004561       0.83309025550065718     
   3.1725899393449808       0.83310837898725820     
   3.1734174025972059       0.83312675046359219     
   3.1742448777248193       0.83314537091237595     
   3.1750723667599270       0.83316424131623368     
   3.1758998715779247       0.83318336267506687     
   3.1767273941954666       0.83320273598985672     
   3.1775549365532987       0.83322236227484625     
   3.1783825006770501       0.83324224254829593     
   3.1792100885360508       0.83326237784103185     
   3.1800377021501900       0.83328276919018962     
   3.1808653435186560       0.83330341764313198     
   3.1816930146840852       0.83332432425439440     
   3.1825207176844854       0.83334549008835790     
   3.1833484545863699       0.83336691621710401     
   3.1841762273957346       0.83338860372602130     
   3.1850040382389997       0.83341055370352346     
   3.1858318891567907       0.83343276725241311     
   3.1866597822880296       0.83345524548024308     
   3.1874877197067488       0.83347798950828378     
   3.1883157035188474       0.83350100046605868     
   3.1891437358752470       0.83352427949081265     
   3.1899718189160380       0.83354782773120972     
   3.1907999547623684       0.83357164634689040     
   3.1916281456349322       0.83359573650290386     
   3.1924563936456707       0.83362009938088533     
   3.1932847010243268       0.83364473616695300     
   3.1941130699565927       0.83366964806052035     
   3.1949415026704102       0.83369483626951690     
   3.1957700013517103       0.83372030201566094     
   3.1965985683058422       0.83374604652542694     
   3.1974272057302100       0.83377207104222117     
   3.1982559158944381       0.83379837681729707     
   3.1990847010974264       0.83382496511193183     
   3.1999135636574776       0.83385183719807843     
   3.2007425058061507       0.83387899436441448     
   3.2015715299247547       0.83390643790336583     
   3.2024006383257211       0.83393416912337470     
   3.2032298333650036       0.83396218934267652     
   3.2040591174105328       0.83399049989135254     
   3.2048884928028274       0.83401910211369235     
   3.2057179619743672       0.83404799736134083     
   3.2065475273387039       0.83407718700025157     
   3.2073771912809370       0.83410667241060277     
   3.2082069562510029       0.83413645498222000     
   3.2090368247273462       0.83416653611691627     
   3.2098667991475343       0.83419691723180622     
   3.2106968820119794       0.83422759975439575     
   3.2115270758117278       0.83425858512640372     
   3.2123573830761973       0.83428987480155858     
   3.2131878063225154       0.83432147024787540     
   3.2140183481337692       0.83435337294440548     
   3.2148490110144539       0.83438558438863142     
   3.2156797976231855       0.83441810608434630     
   3.2165107105156174       0.83445093955570149     
   3.2173417523078824       0.83448408633837601     
   3.2181729256683429       0.83451754798024302     
   3.2190042332075244       0.83455132604767546     
   3.2198356776651016       0.83458542211551312     
   3.2206672616368746       0.83461983778175686     
   3.2214989879135350       0.83465457465004156     
   3.2223308592007229       0.83468963434429877     
   3.2231628782260584       0.83472501850350267     
   3.2239950477875254       0.83476072877937002     
   3.2248273706331112       0.83479676684258008     
   3.2256598496120263       0.83483313437565432     
   3.2264924875138483       0.83486983308068519     
   3.2273252872212126       0.83490686467245756     
