  0.31394754261237523        1.2836374568357733     
  0.31175177041673274        1.2816402778432880     
  0.30957917399226598        1.2796665378960697     
  0.30742822160669292        1.2777121713253268     
  0.30529872397567437        1.2757769769885641     
  0.30319046067028232        1.2738607629039369     
  0.30110321414869112        1.2719633393854419     
  0.29903676926722289        1.2700845187746963     
  0.29699091319376869        1.2682241153622149     
  0.29496543548366999        1.2663819454571590     
  0.29296012794170251        1.2645578272667883     
  0.29097478468318377        1.2627515809523673     
  0.28900920205547787        1.2609630285621514     
  0.28706317865603359        1.2591919940489282     
  0.28513651523053035        1.2574383031812557     
  0.28322901475191509        1.2557017836159754     
  0.28134048229152436        1.2539822647850176     
  0.27947072507783238        1.2522795779503006     
  0.27761955243215586        1.2505935561476098     
  0.27578677571071841        1.2489240341367962     
  0.27397220837666270        1.2472708484682338     
  0.27217566586976660        1.2456338373681299     
  0.27039696566419713        1.2440128407918785     
  0.26863592719610230        1.2424077003608733     
  0.26689237185628195        1.2408182593579722     
  0.26516612298240583        1.2392443627223810     
  0.26345700580155668        1.2376858569991684     
  0.26176484745378048        1.2361425903630159     
  0.26008947692744344        1.2346144125613590     
  0.25843072506577330        1.2331011749218970     
  0.25678842453437045        1.2316027303251136     
  0.25516240979700505        1.2301189331843605     
  0.25355251710725285        1.2286496394397417     
  0.25195858447988123        1.2271947065340609     
  0.25038045165814576        1.2257539933845449     
  0.24881796012498797        1.2243273603953471     
  0.24727095306062280        1.2229146694198501     
  0.24573927532099243        1.2215157837435613     
  0.24422277342500590        1.2201305680737393     
  0.24272129554284225        1.2187588885303358     
  0.24123469146055321        1.2174006126154204     
  0.23976281258219692        1.2160556092169366     
  0.23830551188851495        1.2147237485723572     
  0.23686264393161147        1.2134049022653453     
  0.23543406482853974        1.2120989432218301     
  0.23401963221415886        1.2108057456680412     
  0.23261920524875870        1.2095251851393285     
  0.23123264458073098        1.2082571384472929     
  0.22985981236056902        1.2070014836940652     
  0.22850057219063907        1.2057581002279916     
  0.22715478911788597        1.2045268686385477     
  0.22582232963108526        1.2033076707546821     
  0.22450306163509143        1.2021003896230067     
  0.22319685442515852        1.2009049094858000     
  0.22190357868758001        1.1997211157826946     
  0.22062310647491334        1.1985488951292953     
  0.21935531119496388        1.1973881353086022     
  0.21810006758705147        1.1962387252506361     
  0.21685725171343251        1.1951005550254195     
  0.21562674094762457        1.1939735158340281     
  0.21440841395983745        1.1928574999960988     
  0.21320215068381407        1.1917524009209397     
  0.21200783232317258        1.1906581131144529     
  0.21082534133772027        1.1895745321677824     
  0.20965456140786265        1.1885015547257733     
  0.20849537745061014        1.1874390785026818     
  0.20734767557939271        1.1863870022469274     
  0.20621134310765588        1.1853452257449892     
  0.20508626851838396        1.1843136497949767     
  0.20397234147787913        1.1832921762196893     
  0.20286945278710683        1.1822807078240982     
  0.20177749440815140        1.1812791484195189     
  0.20069635941277122        1.1802874027783112     
  0.19962594199877026        1.1793053766494794     
  0.19856613746440810        1.1783329767361606     
  0.19751684220158150        1.1773701106906158     
  0.19647795367423063        1.1764166870952766     
  0.19544937041445401        1.1754726154600648     
  0.19443099201193098        1.1745378062135428     
  0.19342271909417688        1.1736121706859692     
  0.19242445332842334        1.1726956211116535     
  0.19143609738973294        1.1717880706008108     
  0.19045755496886158        1.1708894331475310     
  0.18948873075440170        1.1699996236141459     
  0.18852953041180046        1.1691185577132581     
  0.18757986059651843        1.1682461520199707     
  0.18663962891137742        1.1673823239341563     
  0.18570874392641656        1.1665269916991776     
  0.18478711514745130        1.1656800743739062     
  0.18387465301122141        1.1648414918290664     
  0.18297126888255241        1.1640111647454221     
  0.18207687503450662        1.1631890145960697     
  0.18119138464326145        1.1623749636429095     
  0.18031471177679859        1.1615689349265974     
  0.17944677138206164        1.1607708522556770     
  0.17858747928378804        1.1599806402061490     
  0.17773675216647378        1.1591982241056493     
  0.17689450756538136        1.1584235300259178     
  0.17606066386748925        1.1576564847841300     
  0.17523514028700210        1.1568970159212442     
  0.17441785686500910        1.1561450517024034     
  0.17360873446021624        1.1554005211089529     
  0.17280769474348204        1.1546633538338944     
  0.17201466017523354        1.1539334802622294     
  0.17122955401336235        1.1532108314782494     
  0.17045230029387159        1.1524953392488237     
  0.16968282382255279        1.1517869360161603     
  0.16892105017736131        1.1510855549005032     
  0.16816690568726247        1.1503911296812661     
  0.16742031742956018        1.1497035947953336     
  0.16668121322176832        1.1490228853299538     
  0.16594952161318094        1.1483489370156499     
  0.16522517187630362        1.1476816862188461     
  0.16450809399992714        1.1470210699359451     
  0.16379821868260880        1.1463670257879157     
  0.16309547732194996        1.1457194920110654     
  0.16239980200796653        1.1450784074512064     
  0.16171112551542383        1.1444437115574435     
  0.16102938130028932        1.1438153443789041     
  0.16035450348832436        1.1431932465552173     
  0.15968642686581588        1.1425773593082151     
  0.15902508687814379        1.1419676244411372     
  0.15837041962113102        1.1413639843310588     
  0.15772236182856972        1.1407663819179865     
  0.15708085087497309        1.1401747607077026     
  0.15644582476008279        1.1395890647581273     
  0.15581722210763033        1.1390092386782662     
  0.15519498215280070        1.1384352276176299     
  0.15457904474600498        1.1378669772694803     
  0.15396935033253983        1.1373044338531555     
  0.15336583995828418        1.1367475441191881     
  0.15276845525790131        1.1361962553391654     
  0.15217713844680347        1.1356505152985710     
  0.15159183232029411        1.1351102722964177     
  0.15101248024272865        1.1345754751356978     
  0.15043902614152252        1.1340460731181539     
  0.14987141450953317        1.1335220160467303     
  0.14930959038314873        1.1330032542062309     
  0.14875349935114215        1.1324897383711465     
  0.14820308754218905        1.1319814197949936     
  0.14765830162281190        1.1314782502085614     
  0.14711908878489541        1.1309801818088552     
  0.14658539674726070        1.1304871672607777     
  0.14605717374619126        1.1299991596887309     
  0.14553436853252188        1.1295161126743380     
  0.14501693036298480        1.1290379802487460     
  0.14450480899800627        1.1285647168908244     
  0.14399795469555668        1.1280962775219050     
  0.14349631820336009        1.1276326174988500     
  0.14299985075791430        1.1271736926134814     
  0.14250850407598098        1.1267194590849856     
  0.14202223035230627        1.1262698735580510     
  0.14154098225097783        1.1258248930954198     
  0.14106471290604217        1.1253844751782860     
  0.14059337591063781        1.1249485776970634     
  0.14012692531592333        1.1245171589502427     
  0.13966531562378978        1.1240901776382115     
  0.13920850178639768        1.1236675928629061     
  0.13875643919516897        1.1232493641180690     
  0.13830908368290751        1.1228354512912466     
  0.13786639151416855        1.1224258146554096     
  0.13742831938310290        1.1220204148669688     
  0.13699482440963626        1.1216192129626279     
  0.13656586413203897        1.1212221703527141     
  0.13614139650497070        1.1208292488196370     
  0.13572137989605923        1.1204404105149193     
  0.13530577308003380        1.1200556179540073     
  0.13489453523216821        1.1196748340104725     
  0.13448762592969321        1.1192980219174840     
  0.13408500514390509        1.1189251452607718     
  0.13368663323616853        1.1185561679751397     
  0.13329247095420457        1.1181910543412630     
  0.13290247943156286        1.1178297689852936     
  0.13251662017625918        1.1174722768687517     
  0.13213485507377565        1.1171185432913435     
  0.13175714638103109        1.1167685338856166     
  0.13138345672169599        1.1164222146128580     
  0.13101374908209856        1.1160795517594673     
  0.13064798680792422        1.1157405119341632     
  0.13028613360494062        1.1154050620686413     
  0.12992815352743078        1.1150731694072857     
  0.12957401097811694        1.1147448015072265     
  0.12922367070890722        1.1144199262390351     
  0.12887709780839621        1.1140985117755937     
  0.12853425770891741        1.1137805265985010     
  0.12819511617365198        1.1134659394866224     
  0.12785963929858490        1.1131547195178100     
  0.12752779350742327        1.1128468360645103     
  0.12719954555023330        1.1125422587925189     
  0.12687486249749733        1.1122409576557986     
  0.12655371173510988        1.1119429028919758     
  0.12623606096909562        1.1116480650267144     
  0.12592187821285328        1.1113564148622173     
  0.12561113179118297        1.1110679234809999     
  0.12530379033261221        1.1107825622390082     
  0.12499982276953339        1.1105003027657940     
  0.12469919833187765        1.1102211169589178     
  0.12440188654790564        1.1099449769846854     
  0.12410785723754139        1.1096718552722038     
  0.12381708051359795        1.1094017245145886     
  0.12352952677203309        1.1091345576601777     
  0.12324516669803508        1.1088703279181169     
  0.12296397125445883        1.1086090087479592     
  0.12268591168750456        1.1083505738648938     
  0.12241095951381066        1.1080949972280822     
  0.12213908652901151        1.1078422530484797     
  0.12187026479611979        1.1075923157783989     
  0.12160446664571052        1.1073451601117459     
  0.12134166467563713        1.1071007609837291     
  0.12108183174402716        1.1068590935647125     
  0.12082494097009847        1.1066201332608956     
  0.12057096573136719        1.1063838557118957     
  0.12031987965815880        1.1061502367858056     
  0.12007165663393107        1.1059192525795638     
  0.11982627079152422        1.1056908794155800     
  0.11958369651156898        1.1054650938403365     
  0.11934390841925099        1.1052418726215565     
  0.11910688138052500        1.1050211927447755     
  0.11887259050478707        1.1048030314157915     
  0.11864101113526053        1.1045873660520726     
  0.11841211885080588        1.1043741742843842     
  0.11818588946690975        1.1041634339577118     
  0.11796229902525261        1.1039551231219042     
  0.11774132379673455        1.1037492200344299     
  0.11752294027965285        1.1035457031587628     
  0.11730712519518700        1.1033445511603126     
  0.11709385548615536        1.1031457429053979     
  0.11688310831419978        1.1029492574586448     
  0.11667486105875670        1.1027550740821732     
  0.11646909131408027        1.1025631722328648     
  0.11626577688786650        1.1023735315611953     
  0.11606489579753086        1.1021861319078967     
  0.11586642627050689        1.1020009533041955     
  0.11567034674031895        1.1018179759683999     
  0.11547663584451381        1.1016371803039313     
  0.11528527242436942        1.1014585468991864     
  0.11509623552163406        1.1012820565245462     
  0.11490950437563222        1.1011076901298253     
  0.11472505842469519        1.1009354288455628     
  0.11454287729904507        1.1007652539766344     
  0.11436294082450524        1.1005971470055977     
  0.11418522901660229        1.1004310895874228     
  0.11400972208027271        1.1002670635491862     
  0.11383640040730915        1.1001050508878607     
  0.11366524457580737        1.0999450337697563     
  0.11349623534714512        1.0997869945278627     
  0.11332935366408120        1.0996309156601267     
  0.11316458065103777        1.0994767798297072     
  0.11300189760835981        1.0993245698598497     
  0.11284128601522050        1.0991742687364714     
  0.11268272752451595        1.0990258596036022     
  0.11252620396324785        1.0988793257637262     
  0.11237169732871308        1.0987346506743660     
  0.11221918978873727        1.0985918179482814     
  0.11206866367957655        1.0984508113516109     
  0.11192010150417372        1.0983116148023009     
  0.11177348592939965        1.0981742123676077     
  0.11162879978640165        1.0980385882644537     
  0.11148602606783398        1.0979047268569024     
  0.11134514792669122        1.0977726126551428     
  0.11120614867413788        1.0976422303135114     
  0.11106901177924443        1.0975135646302800     
  0.11093372086610732        1.0973866005450623     
  0.11080025971270259        1.0972613231377781     
  0.11066861225051472        1.0971377176283164     
  0.11053876256218526        1.0970157693744431     
  0.11041069487916030        1.0968954638696631     
  0.11028439358050002        1.0967767867421612     
  0.11015984319469825        1.0966597237564364     
  0.11003702839270657        1.0965442608070275     
  0.10991593399203463        1.0964303839221956     
  0.10979654495083786        1.0963180792586193     
  0.10967884637016365        1.0962073331033957     
  0.10956282348910415        1.0960981318696943     
  0.10944846168706786        1.0959904620987864     
  0.10933574647976815        1.0958843104564506     
  0.10922466351876955        1.0957796637325408     
  0.10911519859078313        1.0956765088403737     
  0.10900733761621476        1.0955748328153971     
  0.10890106664598488        1.0954746228123469     
  0.10879637186246090        1.0953758661060764     
  0.10869323957888757        1.0952785500910269     
  0.10859165623512096        1.0951826622774075     
  0.10849160839827210        1.0950881902917549     
  0.10839308276246258        1.0949951218767255     
  0.10829606614546122        1.0949034448880481     
  0.10820054548871705        1.0948131472945559     
  0.10810650785631330        1.0947242171772502     
  0.10801394043264349        1.0946366427271914     
  0.10792283052296889        1.0945504122460041     
  0.10783316555098002        1.0944655141436801     
  0.10774493305853874        1.0943819369383347     
  0.10765812070292444        1.0942996692537257     
  0.10757271625872106        1.0942186998209440     
  0.10748870761315404        1.0941390174742316     
  0.10740608276724321        1.0940606111519784     
  0.10732482983476560        1.0939834698958171     
  0.10724493704072083        1.0939075828492115     
  0.10716639271895123        1.0938329392553277     
  0.10708918531419655        1.0937595284588695     
  0.10701330337742765        1.0936873399018734     
  0.10693873556803858        1.0936163631256628     
  0.10686547065035146        1.0935465877677246     
  0.10679349749481219        1.0934780035627538     
  0.10672280507503577        1.0934106003399995     
  0.10665338246778130        1.0933443680232338     
  0.10658521885184974        1.0932792966297531     
  0.10651830350728522        1.0932153762696475     
  0.10645262581423598        1.0931525971447842     
  0.10638817525192952        1.0930909495478556     
  0.10632494139846169        1.0930304238621980     
  0.10626291392820147        1.0929710105594523     
  0.10620208261280105        1.0929127002004571     
  0.10614243731834462        1.0928554834326649     
  0.10608396800725757        1.0927993509918816     
  0.10602666473428250        1.0927442936986138     
  0.10597051764761363        1.0926903024590917     
  0.10591551698656654        1.0926373682631634     
  0.10586165308315876        1.0925854821857066     
  0.10580891635790139        1.0925346353828376     
  0.10575729732219750        1.0924848190940601     
  0.10570678657482946        1.0924360246390967     
  0.10565737480316111        1.0923882434189669     
  0.10560905278102456        1.0923414669140727     
  0.10556181136852558        1.0922956866840070     
  0.10551564151114219        1.0922508943667499     
  0.10547053423856355        1.0922070816776221     
  0.10542648066401678        1.0921642404086374     
  0.10538347198501875        1.0921223624292038     
  0.10534149947947367        1.0920814396825798     
  0.10530055450787545        1.0920414641878908     
  0.10526062851017146        1.0920024280372405     
  0.10522171300717180        1.0919643233969991     
  0.10518379959890824        1.0919271425063308     
  0.10514687996349474        1.0918908776761374     
  0.10511094585656289        1.0918555212885592     
  0.10507598911026193        1.0918210657960636     
  0.10504200163375997        1.0917875037218581     
  0.10500897541213608        1.0917548276589319     
  0.10497690250393790        1.0917230302678314     
  0.10494577504297273        1.0916921042782428     
  0.10491558523532660        1.0916620424863321     
  0.10488632536104311        1.0916328377562317     
  0.10485798777175555        1.0916044830178939     
  0.10483056489018298        1.0915769712666461     
  0.10480404921078884        1.0915502955637684     
  0.10477843329655331        1.0915244490335809     
  0.10475370978102397        1.0914994248652707     
  0.10472987136663639        1.0914752163113972     
  0.10470691082312077        1.0914518166864093     
  0.10468482098883194        1.0914292193678716     
  0.10466359476746907        1.0914074177935071     
  0.10464322513102671        1.0913864054637945     
  0.10462370511572169        1.0913661759383344     
  0.10460502782302022        1.0913467228367923     
  0.10458718641919029        1.0913280398384204     
  0.10457017413459900        1.0913101206814431     
  0.10455398426181543        1.0912929591613814     
  0.10453861015756162        1.0912765491327439     
  0.10452404523951353        1.0912608845061624     
  0.10451028298794234        1.0912459592498749     
  0.10449731694245132        1.0912317673867511     
  0.10448514070541094        1.0912183029974023     
  0.10447374793614404        1.0912055602149273     
  0.10446313235607058        1.0911935332295308     
  0.10445328774454885        1.0911822162847780     
  0.10444420793728096        1.0911716036761621     
  0.10443588683019843        1.0911616897545651     
  0.10442831837575277        1.0911524689229368     
  0.10442149658153367        1.0911439356350399     
  0.10441541551292924        1.0911360843978151     
  0.10441006929044143        1.0911289097689862     
  0.10440545208975452        1.0911224063570977     
  0.10440155814084795        1.0911165688206959     
  0.10439838172744842        1.0911113918678654     
  0.10439591718805780        1.0911068702571083     
  0.10439415891302584        1.0911029987947127     
  0.10439310134643749        1.0910997723364537     
  0.10439273898373856        1.0910971857854617     
  0.10439306637150531        1.0910952340919402     
  0.10439407810944168        1.0910939122550429     
  0.10439576884564528        1.0910932153185475     
  0.10439813327993662        1.0910931383738738     
  0.10440116616226630        1.0910936765586114     
  0.10440486229028162        1.0910948250543602     
  0.10440921651235471        1.0910965790894198     
  0.10441422372371560        1.0910989339353057     
  0.10441987886823327        1.0911018849083647     
  0.10442617693884383        1.0911054273701146     
  0.10443311297234145        1.0911095567225939     
  0.10444068205498391        1.0911142684133548     
  0.10444887931869566        1.0911195579320760     
  0.10445769994037526        1.0911254208099153     
  0.10446713914309484        1.0911318526205867     
  0.10447719219547720        1.0911388489797538     
  0.10448785440930292        1.0911464055429523     
  0.10449912114192414        1.0911545180076749     
  0.10451098779382451        1.0911631821111958     
  0.10452344980931168        1.0911723936312132     
  0.10453650267507539        1.0911821483845077     
  0.10455014192113059        1.0911924422277837     
  0.10456436311943974        1.0912032710564601     
  0.10457916188396248        1.0912146308046624     
  0.10459453386947580        1.0912265174442017     
  0.10461047477309242        1.0912389269858795     
  0.10462698033190501        1.0912518554773889     
  0.10464404632366940        1.0912652990039278     
  0.10466166856520541        1.0912792536867777     
  0.10467984291441115        1.0912937156850231     
  0.10469856526741791        1.0913086811930683     
  0.10471783156055074        1.0913241464423717     
  0.10473763776701935        1.0913401076984579     
  0.10475797989930881        1.0913565612630294     
  0.10477885400778904        1.0913735034727718     
  0.10480025617975729        1.0913909306984331     
  0.10482218254058101        1.0914088393458679     
  0.10484462479901403        1.0914272193367589     
  0.10486758804039956        1.0914460801826542     
  0.10489106406554137        1.0914654118713725     
  0.10491504914467736        1.0914852109407165     
  0.10493953958455328        1.0915054739638732     
  0.10496453172575666        1.0915261975453088     
  0.10499002194469216        1.0915473783225118     
  0.10501600665269885        1.0915690129652122     
  0.10504248229404169        1.0915910981735268     
  0.10506944534916431        1.0916136306809503     
  0.10509689233066981        1.0916366072506598     
  0.10512481978334111        1.0916600246755652     
  0.10515322428903474        1.0916838797826975     
  0.10518210245827650        1.0917081694256439     
  0.10521145093654338        1.0917328904901886     
  0.10524126640076714        1.0917580398911793     
  0.10527154555914016        1.0917836145723090     
  0.10530228515278897        1.0918096115076508     
  0.10533348195383337        1.0918360276998893     
  0.10536513276487297        1.0918628601798415     
  0.10539723442046318        1.0918901060078281     
  0.10542978378407709        1.0919177622708656     
  0.10546277775069890        1.0919458260850399     
  0.10549621324496557        1.0919742945938147     
  0.10553008722124707        1.0920031649681134     
  0.10556439666380206        1.0920324344063941     
  0.10559913858455749        1.0920621001327484     
  0.10563431002640335        1.0920921593997690     
  0.10566990805980929        1.0921226094855463     
  0.10570592978334500        1.0921534476940984     
  0.10574237232549460        1.0921846713570345     
  0.10577923284061984        1.0922162778298941     
  0.10581650851150641        1.0922482644944582     
  0.10585419654869985        1.0922806287580997     
  0.10589229419055152        1.0923133680538557     
  0.10593079870024516        1.0923464798377389     
  0.10596970736969297        1.0923799615922443     
  0.10600901751637176        1.0924138108234813     
  0.10604872648488362        1.0924480250625632     
  0.10608883164504138        1.0924826018639502     
  0.10612933039167949        1.0925175388051533     
  0.10617022014671885        1.0925528334887065     
  0.10621149835783469        1.0925884835408679     
  0.10625316249505486        1.0926244866086350     
  0.10629521005629526        1.0926608403646720     
  0.10633763856239624        1.0926975425028171     
  0.10638044556028277        1.0927345907410044     
  0.10642362861881938        1.0927719828174309     
  0.10646718533216389        1.0928097164936572     
  0.10651111331867716        1.0928477895535382     
  0.10655541021965011        1.0928861998021369     
  0.10660007370079730        1.0929249450670255     
  0.10664510144981131        1.0929640231961451     
  0.10669049117749650        1.0930034320586970     
  0.10673624061824660        1.0930431695456908     
  0.10678234752843868        1.0930832335684444     
  0.10682880968781097        1.0931236220598040     
  0.10687562489649305        1.0931643329714991     
  0.10692279097819406        1.0932053642769564     
  0.10697030577854866        1.0932467139698889     
  0.10701816716282306        1.0932883800621718     
  0.10706637302053341        1.0933303605879601     
  0.10711492125984008        1.0933726535987391     
  0.10716380981327574        1.0934152571683662     
  0.10721303662966530        1.0934581693858973     
  0.10726259968242163        1.0935013883629492     
  0.10731249696420871        1.0935449122289693     
  0.10736272648793478        1.0935887391320840     
  0.10741328628636757        1.0936328672387687     
  0.10746417441388530        1.0936772947354005     
  0.10751538894173959        1.0937220198240074     
  0.10756692796342349        1.0937670407270959     
  0.10761878959097000        1.0938123556843005     
  0.10767097195636426        1.0938579629536367     
  0.10772347320979857        1.0939038608099947     
  0.10777629152127222        1.0939500475464961     
  0.10782942507857640        1.0939965214727299     
  0.10788287209011763        1.0940432809172178     
  0.10793663078063571        1.0940903242236897     
  0.10799069939394153        1.0941376497534099     
  0.10804507619301934        1.0941852558853009     
  0.10809975945736403        1.0942331410136070     
  0.10815474748561447        1.0942813035501771     
  0.10821003859403418        1.0943297419231377     
  0.10826563111585180        1.0943784545762854     
  0.10832152340146500        1.0944274399692704     
  0.10837771381940439        1.0944766965784827     
  0.10843420075552840        1.0945262228962465     
  0.10849098261128910        1.0945760174293326     
  0.10854805780598266        1.0946260787009898     
  0.10860542477641597        1.0946764052505411     
  0.10866308197461716        1.0947269956314434     
  0.10872102786902040        1.0947778484122472     
  0.10877926094482107        1.0948289621770082     
  0.10883777970392865        1.0948803355251402     
  0.10889658266389883        1.0949319670705209     
  0.10895566835718014        1.0949838554407989     
  0.10901503533322121        1.0950359992792766     
  0.10907468215673159        1.0950883972433372     
  0.10913460740668707        1.0951410480035599     
  0.10919480968028074        1.0951939502472485     
  0.10925528758735713        1.0952471026734478     
  0.10931603975295472        1.0953005039952171     
  0.10937706481894036        1.0953541529410895     
  0.10943836144012430        1.0954080482515949     
  0.10949992828729828        1.0954621886819547     
  0.10956176404549610        1.0955165730005452     
  0.10962386741367337        1.0955711999885842     
  0.10968623710606412        1.0956260684413950     
  0.10974887185002546        1.0956811771663597     
  0.10981177038758155        1.0957365249844639     
  0.10987493147584415        1.0957921107305009     
  0.10993835388409921        1.0958479332505600     
  0.11000203639696107        1.0959039914048223     
  0.11006597781054034        1.0959602840641467     
  0.11013017693653539        1.0960168101136869     
  0.11019463260033326        1.0960735684512166     
  0.11025934363834022        1.0961305579847007     
  0.11032430890205201        1.0961877776360311     
  0.11038952725583948        1.0962452263389082     
  0.11045499757634800        1.0963029030384073     
  0.11052071875382785        1.0963608066921040     
  0.11058668969159978        1.0964189362696106     
  0.11065290930450873        1.0964772907511957     
  0.11071937652123577        1.0965358691298608     
  0.11078609028216713        1.0965946704093998     
  0.11085304954045759        1.0966536936053533     
  0.11092025326055159        1.0967129377437033     
  0.11098770042105495        1.0967724018634428     
  0.11105539001034656        1.0968320850126025     
  0.11112332103115669        1.0968919862523643     
  0.11119149249606994        1.0969521046530830     
  0.11125990343146486        1.0970124392977367     
  0.11132855287317840        1.0970729892780722     
  0.11139743987002773        1.0971337536977730     
  0.11146656348246513        1.0971947316712156     
  0.11153592278120122        1.0972559223222791     
  0.11160551684969519        1.0973173247865253     
  0.11167534478297182        1.0973789382101389     
  0.11174540568470873        1.0974407617474053     
  0.11181569867239990        1.0975027945651701     
  0.11188622287281112        1.0975650358389180     
  0.11195697742409505        1.0976274847545988     
  0.11202796147576013        1.0976901405085577     
  0.11209917418734976        1.0977530023064528     
  0.11217061472915328        1.0978160693638011     
  0.11224228228242623        1.0978793409061705     
  0.11231417603839186        1.0979428161683893     
  0.11238629519946387        1.0980064943954770     
  0.11245863897719451        1.0980703748409528     
  0.11253120659479279        1.0981344567689872     
  0.11260399728293555        1.0981987394507233     
  0.11267701028697798        1.0982632221706432     
  0.11275024485807500        1.0983279042187151     
  0.11282370025972621        1.0983927848961561     
  0.11289737576307843        1.0984578635113325     
  0.11297127065221360        1.0985231393843313     
  0.11304538421718932        1.0985886118409443     
  0.11311971576108332        1.0986542802187282     
  0.11319426459367582        1.0987201438615677     
  0.11326903003642262        1.0987862021239707     
  0.11334401141988815        1.0988524543688281     
  0.11341920808216667        1.0989188999660340     
  0.11349461937415932        1.0989855382971212     
  0.11357024465130863        1.0990523687479214     
  0.11364608328169262        1.0991193907157863     
  0.11372213464036439        1.0991866036045621     
  0.11379839811550629        1.0992540068299967     
  0.11387487309801189        1.0993215998105301     
  0.11395155899157119        1.0993893819762062     
  0.11402845520860418        1.0994573527651288     
  0.11410556116831738        1.0995255116216756     
  0.11418287630133779        1.0995938580006204     
  0.11426040004470307        1.0996623913627039     
  0.11433813184519924        1.0997311111775427     
  0.11441607115648642        1.0998000169211584     
  0.11449421744230102        1.0998691080787171     
  0.11457257017475589        1.0999383841431409     
  0.11465112883362114        1.1000078446143096     
  0.11472989290625711        1.1000774889991600     
  0.11480886189007762        1.1001473168137414     
  0.11488803528907443        1.1002173275802101     
  0.11496741261558828        1.1002875208283789     
  0.11504699339050053        1.1003578960958340     
  0.11512677714207734        1.1004284529270025     
  0.11520676340733453        1.1004991908742472     
  0.11528695173018863        1.1005701094963469     
  0.11536734166240074        1.1006412083592250     
  0.11544793276487998        1.1007124870371503     
  0.11552872460456985        1.1007839451099748     
  0.11560971675641070        1.1008555821648756     
  0.11569090880288241        1.1009273977959142     
  0.11577230033510386        1.1009993916050360     
  0.11585389095104549        1.1010715632005152     
  0.11593568025449932        1.1011439121959425     
  0.11601766786000811        1.1012164382146850     
  0.11609985338643403        1.1012891408841705     
  0.11618223646034917        1.1013620198388088     
  0.11626481671801307        1.1014350747218740     
  0.11634759379995967        1.1015083051805761     
  0.11643056735459820        1.1015817108693366     
  0.11651373703988614        1.1016552914512661     
  0.11659710251608467        1.1017290465916352     
  0.11668066345527851        1.1018029759664634     
  0.11676441953339105        1.1018770792553387     
  0.11684837043474196        1.1019513561454757     
  0.11693251584936529        1.1020258063293764     
  0.11701685547656622        1.1021004295078771     
  0.11710138901817964        1.1021752253843211     
  0.11718611618661036        1.1022501936715479     
  0.11727103670098840        1.1023253340885744     
  0.11735615028348025        1.1024006463572416     
  0.11744145666661283        1.1024761302088046     
  0.11752695558740142        1.1025517853786024     
  0.11761264679035317        1.1026276116088587     
  0.11769853002570878        1.1027036086470079     
  0.11778460505206646        1.1027797762480473     
  0.11787087163118024        1.1028561141699771     
  0.11795732953418324        1.1029326221792284     
  0.11804397853687219        1.1030093000465746     
  0.11813081842196749        1.1030861475490317     
  0.11821784897826974        1.1031631644692133     
  0.11830507000234063        1.1032403505967312     
  0.11839248129352163        1.1033177057238419     
  0.11848008266004656        1.1033952296507836     
  0.11856787391619100        1.1034729221833759     
  0.11865585488056232        1.1035507831313525     
  0.11874402537947355        1.1036288123114653     
  0.11883238524541481        1.1037070095460768     
  0.11892093431496299        1.1037853746612989     
  0.11900967243286803        1.1038639074906458     
  0.11909859944912270        1.1039426078723991     
  0.11918771521793974        1.1040214756487248     
  0.11927701960152040        1.1041005106690165     
  0.11936651246790297        1.1041797127879316     
  0.11945619368941043        1.1042590818641040     
  0.11954606314505371        1.1043386177621994     
  0.11963612071852198        1.1044183203511677     
  0.11972636630324393        1.1044981895086929     
  0.11981679979141786        1.1045782251115257     
  0.11990742108674990        1.1046584270467155     
  0.11999823009691482        1.1047387952049490     
  0.12008922673334016        1.1048193294803494     
  0.12018041091479363        1.1049000297736891     
  0.12027178256650417        1.1049808959915568     
  0.12036334161805189        1.1050619280445364     
  0.12045508800260291        1.1051431258464486     
  0.12054702166251230        1.1052244893194410     
  0.12063914254251876        1.1053060183878256     
  0.12073145059468657        1.1053877129825129     
  0.12082394577563420        1.1054695730386097     
  0.12091662804700169        1.1055515984957165     
  0.12100949737665473        1.1056337892990689     
  0.12110255373780968        1.1057161453987652     
  0.12119579710712182        1.1057986667480177     
  0.12128922746964142        1.1058813533075891     
  0.12138284481392804        1.1059642050414593     
  0.12147664913195164        1.1060472219167248     
  0.12157064042434122        1.1061304039082080     
  0.12166481869388369        1.1062137509927803     
  0.12175918395169556        1.1062972631547556     
  0.12185373621058083        1.1063809403800466     
  0.12194847549158351        1.1064647826619358     
  0.12204340181843752        1.1065487899961868     
  0.12213851522251441        1.1066329623854192     
  0.12223381573591356        1.1067172998329537     
  0.12232930340048484        1.1068018023508732     
  0.12242497826146007        1.1068864699542891     
  0.12252084036694817        1.1069713026609600     
  0.12261688977371947        1.1070563004964007     
  0.12271312654023390        1.1071414634876848     
  0.12280955073251079        1.1072267916686864     
  0.12290616242019847        1.1073122850765011     
  0.12300296167675726        1.1073979437517238     
  0.12309994858288881        1.1074837677414586     
  0.12319712322303922        1.1075697570960972     
  0.12329448568556862        1.1076559118696641     
  0.12339203606612918        1.1077422321226638     
  0.12348977446319556        1.1078287179181550     
  0.12358770097941166        1.1079153693229804     
  0.12368581572595855        1.1080021864115741     
  0.12378411881355540        1.1080891692580459     
  0.12388261036178885        1.1081763179444062     
  0.12398129049314517        1.1082636325552855     
  0.12408015933640096        1.1083511131809574     
  0.12417921702392858        1.1084387599149217     
  0.12427846369175380        1.1085265728539651     
  0.12437789948220189        1.1086145521004993     
  0.12447752454266166        1.1087026977615106     
  0.12457733902376712        1.1087910099468361     
  0.12467734308215871        1.1088794887717539     
  0.12477753687800767        1.1089681343546638     
  0.12487792057694519        1.1090569468188662     
  0.12497849434865964        1.1091459262912990     
  0.12507925836773201        1.1092350729032563     
  0.12518021281511210        1.1093243867917397     
  0.12528135787165995        1.1094138680936960     
  0.12538269372801730        1.1095035169547653     
  0.12548422057644196        1.1095933335220678     
  0.12558593861576520        1.1096833179485879     
  0.12568784804686700        1.1097734703891240     
  0.12578994907737195        1.1098637910045297     
  0.12589224191862089        1.1099542799589317     
  0.12599472678673398        1.1100449374207644     
  0.12609740390173496        1.1101357635618800     
  0.12620027348969126        1.1102267585595964     
  0.12630333577903091        1.1103179225933086     
  0.12640659100477036        1.1104092558482339     
  0.12651003940501329        1.1105007585124000     
  0.12661368122351355        1.1105924307788408     
  0.12671751670880160        1.1106842728448487     
  0.12682154611115765        1.1107762849092579     
  0.12692576968934505        1.1108684671784657     
  0.12703018770268046        1.1109608198593719     
  0.12713480041931927        1.1110533431666973     
  0.12723960810744842        1.1111460373152202     
  0.12734461104280723        1.1112389025264013     
  0.12744980950492524        1.1113319390251410     
  0.12755520377643059        1.1114251470389707     
  0.12766079414689543        1.1115185268016978     
  0.12776658090872697        1.1116120785495849     
  0.12787256435878885        1.1117058025228548     
  0.12797874479944554        1.1117996989666326     
  0.12808512253526466        1.1118937681279539     
  0.12819169787822748        1.1119880102604840     
  0.12829847114424336        1.1120824256212922     
  0.12840544265068551        1.1121770144688250     
  0.12851261272329562        1.1122717770688828     
  0.12861998169041591        1.1123667136895772     
  0.12872754988483309        1.1124618246029612     
  0.12883531764424888        1.1125571100854530     
  0.12894328531069865        1.1126525704172485     
  0.12905145323118655        1.1127482058830032     
  0.12915982175427931        1.1128440167686882     
  0.12926839123804251        1.1129400033687069     
  0.12937716204277083        1.1130361659794488     
  0.12948613453105592        1.1131325048992842     
  0.12959530907197936        1.1132290204323050     
  0.12970468603947904        1.1133257128869525     
  0.12981426581212827        1.1134225825757120     
  0.12992404877030481        1.1135196298126722     
  0.13003403530374819        1.1136168549201275     
  0.13014422580118795        1.1137142582195638     
  0.13025462065958895        1.1138118400396633     
  0.13036522028081216        1.1139096007134452     
  0.13047602506812017        1.1140075405751402     
  0.13058703543175532        1.1141056599651580     
  0.13069825178541142        1.1142039592268926     
  0.13080967454728398        1.1143024387077565     
  0.13092130414085190        1.1144010987597510     
  0.13103314099513619        1.1144999397398141     
  0.13114518554087143        1.1145989620063144     
  0.13125743821492497        1.1146981659230648     
  0.13136989945875557        1.1147975518578923     
  0.13148256971920355        1.1148971201833482     
  0.13159544944592433        1.1149968712744622     
  0.13170853909474772        1.1150968055116597     
  0.13182183912553924        1.1151969232789334     
  0.13193535000173393        1.1152972249633619     
  0.13204907219289591        1.1153977109574731     
  0.13216300617314544        1.1154983816577131     
  0.13227715242008495        1.1155992374636416     
  0.13239151141746039        1.1157002787801364     
  0.13250608365236902        1.1158015060150464     
  0.13262086961677749        1.1159029195804708     
  0.13273586980960772        1.1160045198946382     
  0.13285108473020374        1.1161063073760646     
  0.13296651488529432        1.1162082824498003     
  0.13308216078784227        1.1163104455463113     
  0.13319802295255934        1.1164127970975946     
  0.13331410190096268        1.1165153375415986     
  0.13343039815717866        1.1166180673185584     
  0.13354691225190901        1.1167209868744441     
  0.13366364471982645        1.1168240966586658     
  0.13378059610197385        1.1169273971262843     
  0.13389776694191263        1.1170308887344274     
  0.13401515778928311        1.1171345719456418     
  0.13413276919951989        1.1172384472274863     
  0.13425060172954723        1.1173425150487772     
  0.13436865594602823        1.1174467758869082     
  0.13448693241627133        1.1175512302197383     
  0.13460543171404804        1.1176558785308366     
  0.13472415442019928        1.1177607213099083     
  0.13484310111660550        1.1178657590475021     
  0.13496227239169467        1.1179709922399805     
  0.13508166884103645        1.1180764213898478     
  0.13520129106224207        1.1181820470013737     
  0.13532113966003176        1.1182878695850638     
  0.13544121524133074        1.1183938896533183     
  0.13556151842217651        1.1185001077264418     
  0.13568204982089307        1.1186065243267689     
  0.13580281006094955        1.1187131399810568     
  0.13592379977147287        1.1188199552210165     
  0.13604501958801798        1.1189269705839247     
  0.13616647014925073        1.1190341866097735     
  0.13628815210058964        1.1191416038444215     
  0.13641006609090442        1.1192492228366751     
  0.13653221277539088        1.1193570441408967     
  0.13665459281622058        1.1194650683174889     
  0.13677720687759498        1.1195732959285885     
  0.13690005563090496        1.1196817275425430     
  0.13702313975239333        1.1197903637319886     
  0.13714645992323213        1.1198992050737595     
  0.13727001683203816        1.1200082521512016     
  0.13739381117011526        1.1201175055499393     
  0.13751784363573349        1.1202269658616655     
  0.13764211493187273        1.1203366336821239     
  0.13776662576835241        1.1204465096130329     
  0.13789137685871364        1.1205565942592617     
  0.13801636892299238        1.1206668882313608     
  0.13814160268584899        1.1207773921438091     
  0.13826707888028320        1.1208881066184200     
  0.13839279824155662        1.1209990322788674     
  0.13851876151228265        1.1211101697552035     
  0.13864496944032512        1.1212215196820321     
  0.13877142277974833        1.1213330826993271     
  0.13889812228967899        1.1214448594514148     
  0.13902506873610898        1.1215568505885700     
  0.13915226288975921        1.1216690567651750     
  0.13927970552710364        1.1217814786404894     
  0.13940739743036917        1.1218941168788461     
  0.13953533938918813        1.1220069721509511     
  0.13966353219791372        1.1221200451315485     
  0.13979197665708290        1.1222333365007409     
  0.13992067357346635        1.1223468469440434     
  0.14004962375892591        1.1224605771512859     
  0.14017882803308332        1.1225745278190813     
  0.14030828721993702        1.1226886996477583     
  0.14043800215017693        1.1228030933434219     
  0.14056797366161961        1.1229177096183598     
  0.14069820259771237        1.1230325491896886     
  0.14082868980777979        1.1231476127795879     
  0.14095943614682249        1.1232629011151318     
  0.14109044247881769        1.1233784149311365     
  0.14122170967013689        1.1234941549644737     
  0.14135323859737606        1.1236101219608285     
  0.14148503014090258        1.1237263166691076     
  0.14161708519021138        1.1238427398461550     
  0.14174940463809360        1.1239593922515676     
  0.14188198938611515        1.1240762746525057     
  0.14201484034262818        1.1241933878220400     
  0.14214795842109171        1.1243107325375499     
  0.14228134454266009        1.1244283095831191     
  0.14241499963473511        1.1245461197481026     
  0.14254892463371263        1.1246641638297270     
  0.14268312047831941        1.1247824426270685     
  0.14281758811898543        1.1249009569494204     
  0.14295232850998910        1.1250197076092641     
  0.14308734261398451        1.1251386954263753     
  0.14322263140031707        1.1252579212262179     
  0.14335819584352594        1.1253773858386882     
  0.14349403693038981        1.1254970901043413     
  0.14363015564845580        1.1256170348642383     
  0.14376655299775093        1.1257372209702714     
  0.14390322998222999        1.1258576492776398     
  0.14404018761482129        1.1259783206492484     
  0.14417742691519755        1.1260992359538444     
  0.14431494891085156        1.1262203960668591     
  0.14445275463606322        1.1263418018695515     
  0.14459084513372966        1.1264634542505720     
  0.14472922145394390        1.1265853541047866     
  0.14486788465352468        1.1267075023327686     
  0.14500683579890553        1.1268298998434101     
  0.14514607596312551        1.1269525475512401     
  0.14528560622662545        1.1270754463770996     
  0.14542542767769234        1.1271985972486100     
  0.14556554141370978        1.1273220011011713     
  0.14570594854028940        1.1274456588772859     
  0.14584665016947548        1.1275695715249205     
  0.14598764742128126        1.1276937399988418     
  0.14612894142693625        1.1278181652635630     
  0.14627053332335871        1.1279428482883351     
  0.14641242425503484        1.1280677900489524     
  0.14655461537795825        1.1281929915311124     
  0.14669710785398388        1.1283184537254565     
  0.14683990285436355        1.1284441776307341     
  0.14698300155908145        1.1285701642531505     
  0.14712640515670805        1.1286964146062624     
  0.14727011484327240        1.1288229297100447     
  0.14741413182687985        1.1289497105948054     
  0.14755845732098113        1.1290767582953949     
  0.14770309254982142        1.1292040738559455     
  0.14784803874595048        1.1293316583276889     
  0.14799329715253920        1.1294595127709941     
  0.14813886901922915        1.1295876382516474     
  0.14828475560733159        1.1297160358455725     
  0.14843095818673904        1.1298447066359327     
  0.14857747803657534        1.1299736517138548     
  0.14872431644471282        1.1301028721778801     
  0.14887147470995662        1.1302323691359788     
  0.14901895414088068        1.1303621437044737     
  0.14916675605386889        1.1304921970063091     
  0.14931488177772118        1.1306225301751254     
  0.14946333264786124        1.1307531443501091     
  0.14961211001429686        1.1308840406831135     
  0.14976121523159069        1.1310152203297015     
  0.14991064967007475        1.1311466844590568     
  0.15006041470633308        1.1312784342455826     
  0.15021051172786082        1.1314104708731167     
  0.15036094213419882        1.1315427955357267     
  0.15051170733468761        1.1316754094359354     
  0.15066280874894997        1.1318083137849666     
  0.15081424780708488        1.1319415098030570     
  0.15096602595110101        1.1320749987206022     
  0.15111814463346557        1.1322087817769322     
  0.15127060531735809        1.1323428602205685     
  0.15142340947557725        1.1324772353081576     
  0.15157655859690786        1.1326119083101145     
  0.15173005417564059        1.1327468805014953     
  0.15188389772129690        1.1328821531703959     
  0.15203809075388541        1.1330177276138751     
  0.15219263480472892        1.1331536051385966     
  0.15234753141758250        1.1332897870619165     
  0.15250278214745616        1.1334262747107611     
  0.15265838856124142        1.1335630694222230     
  0.15281435223892340        1.1337001725445512     
  0.15297067477217791        1.1338375854360436     
  0.15312735776354899        1.1339753094641734     
  0.15328440283190631        1.1341133460104553     
  0.15344181160244608        1.1342516964616811     
  0.15359958572123145        1.1343903622226359     
  0.15375772683836164        1.1345293447013767     
  0.15391623662382664        1.1346686453230157     
  0.15407511675616295        1.1348082655199656     
  0.15423436893089301        1.1349482067391250     
  0.15439399485364153        1.1350884704359876     
  0.15455399624541527        1.1352290580792288     
  0.15471437483915226        1.1353699711476422     
  0.15487513238327613        1.1355112111332959     
  0.15503627063939870        1.1356527795394529     
  0.15519779138390605        1.1357946778820454     
  0.15535969640365910        1.1359369076858292     
  0.15552198750567128        1.1360794704929162     
  0.15568466650601337        1.1362223678529770     
  0.15584773524001522        1.1363656013322361     
  0.15601119555384033        1.1365091725061047     
  0.15617504930967904        1.1366530829636265     
  0.15633929838612401        1.1367973343078979     
  0.15650394467630757        1.1369419281544089     
  0.15666899008663643        1.1370868661298998     
  0.15683443654380819        1.1372321498785316     
  0.15700028598382340        1.1373777810522701     
  0.15716654036418756        1.1375237613214941     
  0.15733320165523768        1.1376700923674901     
  0.15750027184513524        1.1378167758867790     
  0.15766775293545499        1.1379638135872427     
  0.15783564695021327        1.1381112071960173     
  0.15800395592320618        1.1382589584484100     
  0.15817268190876418        1.1384070690973429     
  0.15834182697866039        1.1385555409105750     
  0.15851139322268637        1.1387043756713096     
  0.15868138274218618        1.1388535751723663     
  0.15885179766409213        1.1390031412286363     
  0.15902264012798062        1.1391530756655794     
  0.15919391229355334        1.1393033803259363     
  0.15936561633845078        1.1394540570676934     
  0.15953775445624171        1.1396051077623306     
  0.15971032886363981        1.1397565343011935     
  0.15988334179414446        1.1399083385898521     
  0.16005679549824517        1.1400605225482718     
  0.16023069224782394        1.1402130881147763     
  0.16040503433545711        1.1403660372452804     
  0.16057982407029689        1.1405193719097428     
  0.16075506378376569        1.1406730940971723     
  0.16093075582606040        1.1408272058125433     
  0.16110690256935456        1.1409817090795786     
  0.16128350640433728        1.1411366059376713     
  0.16146056974561210        1.1412918984467255     
  0.16163809502338300        1.1414475886797486     
  0.16181608469728467        1.1416036787350290     
  0.16199454124138388        1.1417601707229466     
  0.16217346715391825        1.1419170667745970     
  0.16235286495782275        1.1420743690420336     
  0.16253273719339775        1.1422320796920920     
  0.16271308643043836        1.1423902009168043     
  0.16289391525193672        1.1425487349192789     
  0.16307522627453391        1.1427076839314314     
  0.16325702213221416        1.1428670501998839     
  0.16343930548285027        1.1430268359915599     
  0.16362207901140824        1.1431870435965032     
  0.16380534542278108        1.1433476753216212     
  0.16398910745192463        1.1435087334995599     
  0.16417336785342163        1.1436702204795068     
  0.16435812941159275        1.1438321386361254     
