  0.75343220267061362        1.1229053908009281     
  0.75416705028407538        1.1203865728077247     
  0.75490754278915373        1.1178846121788295     
  0.75564333843773224        1.1154076063240410     
  0.75637456423357796        1.1129551611783415     
  0.75710122824554771        1.1105270045782838     
  0.75782334117467753        1.1081228662090907     
  0.75854091457214157        1.1057424791552308     
  0.75925396053612526        1.1033855801976695     
  0.75996249215567402        1.1010519091499584     
  0.76066652296639625        1.0987412094685907     
  0.76136606732974632        1.0964532276725956     
  0.76206114016076021        1.0941877136082239     
  0.76275175710192733        1.0919444201433697     
  0.76343793415162264        1.0897231035580006     
  0.76411968811626396        1.0875235228827389     
  0.76479703610876870        1.0853454404676066     
  0.76546999590408449        1.0831886214482145     
  0.76613858574340210        1.0810528339154870     
  0.76680282414837675        1.0789378490927484     
  0.76746273034335233        1.0768434407101330     
  0.76811832374349776        1.0747693856010962     
  0.76876962431141349        1.0727154631695968     
  0.76941665230307354        1.0706814556571635     
  0.77005942832799401        1.0686671479955350     
  0.77069797339420376        1.0666723276860794     
  0.77133230873266490        1.0646967849649562     
  0.77196245598593305        1.0627403124988657     
  0.77258843699649149        1.0608027056004061     
  0.77321027391667452        1.0588837620289488     
  0.77382798914725370        1.0569832820094029     
  0.77444160530535966        1.0551010682231379     
  0.77505114526257168        1.0532369257028760     
  0.77565663209879565        1.0513906618406472     
  0.77625808903264892        1.0495620864263320     
  0.77685553954585962        1.0477510114358943     
  0.77744900726938060        1.0459572511302917     
  0.77803851596818530        1.0441806220252783     
  0.77862408954880979        1.0424209428400211     
  0.77920575208771869        1.0406780344099287     
  0.77978352774675530        1.0389517197526559     
  0.78035744085182723        1.0372418239213399     
  0.78092751578135422        1.0355481741097421     
  0.78149377701563283        1.0338705995441131     
  0.78205624917565353        1.0322089313904308     
  0.78261495688566984        1.0305630028962720     
  0.78316992487525661        1.0289326492172344     
  0.78372117788175311        1.0273177075066666     
  0.78426874077940345        1.0257180167074864     
  0.78481263842467430        1.0241334177193977     
  0.78535289569093114        1.0225637533190215     
  0.78588953751946655        1.0210088680555920     
  0.78642258887064853        1.0194686082820423     
  0.78695207467901629        1.0179428221798106     
  0.78747801991510114        1.0164313596446881     
  0.78800044954041015        1.0149340723150837     
  0.78851938852113890        1.0134508135207219     
  0.78903486178699012        1.0119814383078063     
  0.78954689425158120        1.0105258033812308     
  0.79005551082476699        1.0090837670578745     
  0.79056073640238100        1.0076551892536361     
  0.79106259578862359        1.0062399315555748     
  0.79156111377475147        1.0048378570917216     
  0.79205631514029573        1.0034488305008213     
  0.79254822455461960        1.0020727180388471     
  0.79303686670046980        1.0007093873854243     
  0.79352226615977173       0.99935870777268110     
  0.79400444747769194       0.99802054987587230     
  0.79448343509298680       0.99669478587945570     
  0.79495925344260332       0.99538128931457703     
  0.79543192681206842       0.99407993523727944     
  0.79590147949590950       0.99279059998857999     
  0.79636793563459940       0.99151316139030909     
  0.79683131932892837       0.99024749857311967     
  0.79729165458755835       0.98899349202064213     
  0.79774896534139517       0.98775102353342037     
  0.79820327540699187       0.98651997625431420     
  0.79865460851403269       0.98530023461336802     
  0.79910298831126425       0.98409168429840177     
  0.79954843832810341       0.98289421228912333     
  0.79999098203137187       0.98170770675831442     
  0.80043064273554820       0.98053205717975844     
  0.80086744368263996       0.97936715419630016     
  0.80130140801253102       0.97821288964444464     
  0.80173255871790117       0.97706915660026872     
  0.80216091874447826       0.97593584922105081     
  0.80258651085757593       0.97481286291425040     
  0.80300935776465598       0.97370009415204550     
  0.80342948202967801       0.97259744057217956     
  0.80384690609420340       0.97150480093389813     
  0.80426165230629820       0.97042207506120493     
  0.80467374288002536       0.96934916388473868     
  0.80508319991366706       0.96828596940141065     
  0.80549004538398294       0.96723239466704314     
  0.80589430113281224       0.96618834380063912     
  0.80629598889996512       0.96515372192520887     
  0.80669513028937878       0.96412843519956770     
  0.80709174676803452       0.96311239080876854     
  0.80748585970962061       0.96210549688668578     
  0.80787749032992917       0.96110766259533209     
  0.80826665972383205       0.96011879805956446     
  0.80865338886099791       0.95913881436111625     
  0.80903769860215236       0.95816762350211659     
  0.80941960964108262       0.95720513847569477     
  0.80979914257163477       0.95625127315968061     
  0.81017631784523325       0.95530594236341049     
  0.81055115576970571       0.95436906182013659     
  0.81092367655266939       0.95344054811302303     
  0.81129390025023052       0.95252031873680987     
  0.81166184678889253       0.95160829205616015     
  0.81202753596457278       0.95070438729688278     
  0.81239098744172711       0.94980852453657805     
  0.81275222075065789       0.94892062469688199     
  0.81311125529015138       0.94804060953204727     
  0.81346811033298916       0.94716840160961469     
  0.81382280501368987       0.94630392431836119     
  0.81417535833226928       0.94544710185414438     
  0.81452578915374341       0.94459785921062944     
  0.81487411622228090       0.94375612215045801     
  0.81522035814657245       0.94292181721644164     
  0.81556453339119905       0.94209487173609396     
  0.81590666029884851       0.94127521378075452     
  0.81624675708496364       0.94046277216385876     
  0.81658484181622615       0.93965747646515552     
  0.81692093244748210       0.93885925696857064     
  0.81725504679027194       0.93806804469858485     
  0.81758720253190698       0.93728377138661600     
  0.81791741721451872       0.93650636949269739     
  0.81824570827514131       0.93573577213944947     
  0.81857209299310973       0.93497191318083805     
  0.81889658853576774       0.93421472712961329     
  0.81921921193842817       0.93346414917847786     
  0.81953998009933526       0.93272011519956088     
  0.81985890979861620       0.93198256171134419     
  0.82017601768183390       0.93125142589480703     
  0.82049132026041438       0.93052664558636122     
  0.82080483394402481       0.92980815922394688     
  0.82111657498010038       0.92909590592898605     
  0.82142655951052390       0.92838982541720738     
  0.82173480354630168       0.92768985802919346     
  0.82204132298227284       0.92699594470279523     
  0.82234613357179065       0.92630802700433068     
  0.82264925095428909       0.92562604708203544     
  0.82295069064053661       0.92494994768187477     
  0.82325046802385526       0.92427967212522877     
  0.82354859836683181       0.92361516432371293     
  0.82384509681541918       0.92295636875133269     
  0.82413997839489395       0.92230323044608797     
  0.82443325800192280       0.92165569501577160     
  0.82472495041966187       0.92101370861136700     
  0.82501507030674792       0.92037721793644289     
  0.82530363220735414       0.91974617022887872     
  0.82559065053874792       0.91912051327335176     
  0.82587613961192430       0.91850019536638761     
  0.82616011361081942       0.91788516534179387     
  0.82644258660642600       0.91727537254504865     
  0.82672357254798767       0.91667076684205506     
  0.82700308527939359       0.91607129859018499     
  0.82728113851667051       0.91547691866668779     
  0.82755774587325559       0.91488757842733515     
  0.82783292084149640       0.91430322972924938     
  0.82810667680326311       0.91372382491037762     
  0.82837902703103539       0.91314931678487743     
  0.82864998467945528       0.91257965864981350     
  0.82891956279351386       0.91201480427013659     
  0.82918777431252522       0.91145470786899385     
  0.82945463206564063       0.91089932412890706     
  0.82972014876322442       0.91034860820234564     
  0.82998433701860974       0.90980251567432457     
  0.83024720933394980       0.90926100258052789     
  0.83050877810259249       0.90872402539924257     
  0.83076905560951320       0.90819154104828526     
  0.83102805404526736       0.90766350685920028     
  0.83128578548006304       0.90713988061309359     
  0.83154226188869351       0.90662062050007064     
  0.83179749514348367       0.90610568512621414     
  0.83205149701238790       0.90559503351253301     
  0.83230427915795646       0.90508862509404908     
  0.83255585313987712       0.90458641971205211     
  0.83280623043066471       0.90408837758799421     
  0.83305542238947283       0.90359445935840421     
  0.83330344027389747       0.90310462605605091     
  0.83355029525691049       0.90261883907933005     
  0.83379599839572593       0.90213706023730078     
  0.83404056066882881       0.90165925169062455     
  0.83428399294441946       0.90118537599628457     
  0.83452630599947386       0.90071539607588913     
  0.83476751051462406       0.90024927522038700     
  0.83500761708122306       0.89978697707703392     
  0.83524663619334427       0.89932846565839153     
  0.83548457824268751       0.89887370534730993     
  0.83572145354584715       0.89842266085328215     
  0.83595727231277595       0.89797529725713288     
  0.83619204467181907       0.89753157997085875     
  0.83642578065474327       0.89709147475794149     
  0.83665849020880878       0.89665494771180221     
  0.83689018318575048       0.89622196527085485     
  0.83712086935586882       0.89579249419417062     
  0.83735055839608707       0.89536650157737852     
  0.83757925990452153       0.89494395482810440     
  0.83780698337852066       0.89452482169737890     
  0.83803373824536886       0.89410907022996988     
  0.83825953383355423       0.89369666880662835     
  0.83848437940249543       0.89328758609552461     
  0.83870828410862674       0.89288179110322341     
  0.83893125704435911       0.89247925311187792     
  0.83915330720919279       0.89207994172139760     
  0.83937444351969315       0.89168382683275804     
  0.83959467481826511       0.89129087863180412     
  0.83981400985952159       0.89090106760832688     
  0.84003245732181964       0.89051436453677635     
  0.84025002580793773       0.89013074047237373     
  0.84046672383552501       0.88975016676451379     
  0.84068255984728379       0.88937261503914100     
  0.84089754220777313       0.88899805720164693     
  0.84111167920668806       0.88862646542973678     
  0.84132497905706138       0.88825781217487876     
  0.84153744989142931       0.88789207016595340     
  0.84174909977929402       0.88752921238056448     
  0.84195993670367608       0.88716921207981603     
  0.84216996857558968       0.88681204278408354     
  0.84237920324547400       0.88645767825323452     
  0.84258764847719625       0.88610609252580885     
  0.84279531196626967       0.88575725988867826     
  0.84300220134151116       0.88541115487291933     
  0.84320832415816838       0.88506775226306589     
  0.84341368790207705       0.88472702708898621     
  0.84361829998779847       0.88438895462704381     
  0.84382216776331187       0.88405351039132407     
  0.84402529850727481       0.88372067013657707     
  0.84422769943267262       0.88339040985062744     
  0.84442937768163295       0.88306270576156409     
  0.84463034033404094       0.88273753432216950     
  0.84483059440169572       0.88241487221816262     
  0.84503014682897504       0.88209469636554716     
  0.84522900449914107       0.88177698389894599     
  0.84542717423021863       0.88146171217747482     
  0.84562466277324999       0.88114885878536586     
  0.84582147682302689       0.88083840151432957     
  0.84601762300263084       0.88053031838621298     
  0.84621310788151827       0.88022458762316957     
  0.84640793796340263       0.87992118766589777     
  0.84660211969173882       0.87962009716336143     
  0.84679565944839685       0.87932129497345102     
  0.84698856355746566       0.87902476015643005     
  0.84718083828276003       0.87873047197683762     
  0.84737248982748148       0.87843840990359723     
  0.84756352434131654       0.87814855359687094     
  0.84775394790864023       0.87786088292622633     
  0.84794376656326320       0.87757537794564500     
  0.84813298627867650       0.87729201890795117     
  0.84832161297465436       0.87701078625358631     
  0.84850965251147703       0.87673166061811503     
  0.84869711069631626       0.87645462282126241     
  0.84888399328202724       0.87617965386793140     
  0.84907030596754995       0.87590673494614091     
  0.84925605439487140       0.87563584743113276     
  0.84944124415546240       0.87536697287363396     
  0.84962588078693313       0.87510009300496927     
  0.84980996977508738       0.87483518973170504     
  0.84999351655210442       0.87457224513870235     
  0.85017652650117226       0.87431124147972850     
  0.85035900495273808       0.87405216118309204     
  0.85054095718584954       0.87379498684844648     
  0.85072238843236880       0.87353970123890745     
  0.85090330387446589       0.87328628728418800     
  0.85108370864243899       0.87303472808335192     
  0.85126360781606103       0.87278500690162897     
  0.85144300643455195       0.87253710715349497     
  0.85162190948048921       0.87229101242761375     
  0.85180032189662302       0.87204670645923721     
  0.85197824857296289       0.87180417314934899     
  0.85215569435769434       0.87156339654720449     
  0.85233266404754404       0.87132436086435294     
  0.85250916239860530       0.87108705045664858     
  0.85268519411905941       0.87085144983507723     
  0.85286076387217424       0.87061754365999833     
  0.85303587627815436       0.87038531673773800     
  0.85321053591440632       0.87015475401887765     
  0.85338474731017111       0.86992584060665334     
  0.85355851495362800       0.86969856174408533     
  0.85373184329380247       0.86947290281085432     
  0.85390473673259570       0.86924884933490021     
  0.85407719963035089       0.86902638698295620     
  0.85424923630919292       0.86880550155428860     
  0.85442085104709364       0.86858617898962498     
  0.85459204808183409       0.86836840536388116     
  0.85476283161152344       0.86815216688518926     
  0.85493320579216425       0.86793744989713217     
  0.85510317474242592       0.86772424087135813     
  0.85527274254053720       0.86751252641120413     
  0.85544191322712027       0.86730229324690911     
  0.85561069080091212       0.86709352824158303     
  0.85577907922751295       0.86688621837653657     
  0.85594708242987338       0.86668035076591821     
  0.85611470429480985       0.86647591264573010     
  0.85628194867347296       0.86627289137217334     
  0.85644881938045492       0.86607127442265264     
  0.85661532019040332       0.86587104940057658     
  0.85678145484692436       0.86567220402023093     
  0.85694722705285620       0.86547472612234522     
  0.85711264047965219       0.86527860365774278     
  0.85727769876074655       0.86508382469772882     
  0.85744240549789574       0.86489037742336095     
  0.85760676425613092       0.86469825013295409     
  0.85777077856689865       0.86450743123628104     
  0.85793445192773721       0.86431790925489738     
  0.85809778780336166       0.86412967281923458     
  0.85826078962516728       0.86394271066961603     
  0.85842346079152720       0.86375701165455609     
  0.85858580467011059       0.86357256472683774     
  0.85874782459343102       0.86338935895006075     
  0.85890952386463948       0.86320738348888737     
  0.85907090575238931       0.86302662761661653     
  0.85923197349883229       0.86284708070173799     
  0.85939273031140340       0.86266873222105167     
  0.85955317936853914       0.86249157174941460     
  0.85971332381612864       0.86231558896549676     
  0.85987316677433157       0.86214077363975083     
  0.86003271132880976       0.86196711564863682     
  0.86019196053980151       0.86179460495898264     
  0.86035091743524073       0.86162323163890908     
  0.86050958501637909       0.86145298584817431     
  0.86066796625472219       0.86128385784287276     
  0.86082606409397278       0.86111583797135505     
  0.86098388144989080       0.86094891667464923     
  0.86114142120985537       0.86078308448605045     
  0.86129868623318817       0.86061833203072324     
  0.86145567935567868       0.86045465001745480     
  0.86161240338143796       0.86029202925185488     
  0.86176886109107709       0.86013046062243104     
  0.86192505523584462       0.85996993510953301     
  0.86208098854317672       0.85981044377642390     
  0.86223666371503360       0.85965197777087410     
  0.86239208342689067       0.85949452832697171     
  0.86254725032835267       0.85933808676350631     
  0.86270216704291813       0.85918264448390769     
  0.86285683617112696       0.85902819297082256     
  0.86301126029001951       0.85887472378648633     
  0.86316544194863942       0.85872222857972069     
  0.86331938367495453       0.85857069907425465     
  0.86347308796993016       0.85842012707825355     
  0.86362655731398130       0.85827050447298614     
  0.86377979416290662       0.85812182321930930     
  0.86393280094836056       0.85797407535672865     
  0.86408558008175862       0.85782725299601736     
  0.86423813394754023       0.85768134833097309     
  0.86439046491070826       0.85753635362434821     
  0.86454257531401890       0.85739226121339684     
  0.86469446747610901       0.85724906351175045     
  0.86484614369648305       0.85710675300114136     
  0.86499760624900457       0.85696532224200639     
  0.86514885739141012       0.85682476385678430     
  0.86529989935627782       0.85668507054568444     
  0.86545073435587960       0.85654623507709637     
  0.86560136458250025       0.85640825028741729     
  0.86575179220847098       0.85627110908040893     
  0.86590201938292433       0.85613480443281209     
  0.86605204823860704       0.85599932938189416     
  0.86620188088540140       0.85586467703637870     
  0.86635151941599109       0.85573084056682425     
  0.86650096589941228       0.85559781321578876     
  0.86665022239118228       0.85546558828087016     
  0.86679929092054442       0.85533415913538691     
  0.86694817350455711       0.85520351920490523     
  0.86709687213945230       0.85507366198133905     
  0.86724538879830448       0.85494458102638093     
  0.86739372544202464       0.85481626995283433     
  0.86754188401172772       0.85468872243736871     
  0.86768986642683388       0.85456193222319099     
  0.86783767459306715       0.85443589310644330     
  0.86798531039723203       0.85431059894466610     
  0.86813277570893999       0.85418604365388795     
  0.86828007237978300       0.85406222120916730     
  0.86842720224337056       0.85393912564487917     
  0.86857416711930668       0.85381675104744503     
  0.86872096880726468       0.85369509156519663     
  0.86886760909313154       0.85357414139771359     
  0.86901408974438721       0.85345389480338629     
  0.86916041251111797       0.85333434609719505     
  0.86930657913186249       0.85321548964119331     
  0.86945259132366459       0.85309731986051518     
  0.86959845079144749       0.85297983122752985     
  0.86974415922509152       0.85286301826666788     
  0.86988971829525530       0.85274687556091378     
  0.87003512966164398       0.85263139773791896     
  0.87018039496502575       0.85251657948319104     
  0.87032551583281004       0.85240241553004803     
  0.87047049388092201       0.85228890065716922     
  0.87061533070311903       0.85217602970527373     
  0.87076002788496598       0.85206379755412864     
  0.87090458699626894       0.85195219913481868     
  0.87104900959059628       0.85184122943034346     
  0.87119329720905125       0.85173088346895665     
  0.87133745138008412       0.85162115632457192     
  0.87148147361501016       0.85151204312358075     
  0.87162536541454105       0.85140353903432409     
  0.87176912826432484       0.85129563927387397     
  0.87191276363770687       0.85118833910345471     
  0.87205627299319477       0.85108163383215407     
  0.87219965777790998       0.85097551881134392     
  0.87234291942523379       0.85086998943839776     
  0.87248605935619383       0.85076504115375640     
  0.87262907897744457       0.85066066944470142     
  0.87277197968597420       0.85055686983678380     
  0.87291476286467018       0.85045363790117934     
  0.87305742988470381       0.85035096925079601     
  0.87319998210302952       0.85024885954403828     
  0.87334242086779990       0.85014730447543552     
  0.87348474751285743       0.85004629978493429     
  0.87362696336315371       0.84994584124853079     
  0.87376906972814017       0.84984592468905795     
  0.87391106790807460       0.84974654596581334     
  0.87405295919178372       0.84964770097764131     
  0.87419474485548343       0.84954938566504401     
  0.87433642616613705       0.84945159600431441     
  0.87447799394036463       0.84935433040001684     
  0.87461947029956233       0.84925758012684405     
  0.87476084603053561       0.84916134367906848     
  0.87490212236268150       0.84906561717796181     
  0.87504330050941959       0.84897039678851594     
  0.87518438167060431       0.84887567871761238     
  0.87532536703766761       0.84878145920542902     
  0.87546625779253806       0.84868773452688262     
  0.87560705510391768       0.84859450099805289     
  0.87574776013522204       0.84850175496249736     
  0.87588837403652375       0.84840949280454070     
  0.87602889794556194       0.84831771094763131     
  0.87616933299893052       0.84822640583514652     
  0.87630968031448941       0.84813557396038863     
  0.87644994100621165       0.84804521184025661     
  0.87659011617665483       0.84795531602924679     
  0.87673020691784809       0.84786588311680888     
  0.87687021431533407       0.84777690972070974     
  0.87701013944464845       0.84768839249297678     
  0.87714998337117400       0.84760032811966557     
  0.87728974715371144       0.84751271331478506     
  0.87742943183884659       0.84742554483007337     
  0.87756903846710177       0.84733881944388489     
  0.87770856806964215       0.84725253396699451     
  0.87784802166908771       0.84716668524112282     
  0.87798740028053812       0.84708127013662249     
  0.87812670490753708       0.84699628555980855     
  0.87826593654953800       0.84691172843964169     
  0.87840509619562845       0.84682759573857580     
  0.87854418482600893       0.84674388444982995     
  0.87868320341656181       0.84666059158950535     
  0.87882215293097710       0.84657771420976013     
  0.87896103432666450       0.84649524938866993     
  0.87909984855402112       0.84641319423142403     
  0.87923859655693570       0.84633154586945869     
  0.87937727926743547       0.84625030146906388     
  0.87951589761422788       0.84616945821709943     
  0.87965445251670848       0.84608901333088249     
  0.87979294488875082       0.84600896405168013     
  0.87993137563533008       0.84592930765049290     
  0.88006974565267615       0.84585004142731823     
  0.88020805583311879       0.84577116270314079     
  0.88034630706283656       0.84569266882347938     
  0.88048450021540703       0.84561455716914802     
  0.88062263616368819       0.84553682513639539     
  0.88076071577022119       0.84545947015251932     
  0.88089873989416523       0.84538248966437535     
  0.88103670938334311       0.84530588115163297     
  0.88117462508160826       0.84522964211430363     
  0.88131248782714533       0.84515377007509729     
  0.88145029845035872       0.84507826258360907     
  0.88158805777736449       0.84500311720952426     
  0.88172576662550717       0.84492833155091418     
  0.88186342580625698       0.84485390322848830     
  0.88200103612653280       0.84477982988356348     
  0.88213859838596564       0.84470610918274103     
  0.88227611338008227       0.84463273881231760     
  0.88241358189496055       0.84455971648708483     
  0.88255100471387871       0.84448703993914498     
  0.88268838261461158       0.84441470692231890     
  0.88282571636515117       0.84434271521941517     
  0.88296300673352957       0.84427106262531915     
  0.88310025447687146       0.84419974696572297     
  0.88323746035345052       0.84412876607607434     
  0.88337462510690512       0.84405811782895723     
  0.88351174948318034       0.84398780010467300     
  0.88364883422032181       0.84391781080881234     
  0.88378588005093484       0.84384814786784923     
  0.88392288770173477       0.84377880922988280     
  0.88405985789746633       0.84370979285790781     
  0.88419679135201512       0.84364109674465204     
  0.88433368877929808       0.84357271889412022     
  0.88447055088634108       0.84350465733343105     
  0.88460737837643655       0.84343691010732647     
  0.88474417194632393       0.84336947528242590     
  0.88488093228940123       0.84330235094214823     
  0.88501766009239569       0.84323553519243988     
  0.88515435604100634       0.84316902615147038     
  0.88529102081214694       0.84310282196338315     
  0.88542765507958454       0.84303692078827819     
  0.88556425951439910       0.84297132080141846     
  0.88570083478029416       0.84290602020119354     
  0.88583738153893521       0.84284101719990234     
  0.88597390044744517       0.84277631002799369     
  0.88611039215745357       0.84271189693531245     
  0.88624685731579977       0.84264777619065956     
  0.88638329656676540       0.84258394607684561     
  0.88651971055086876       0.84252040489335944     
  0.88665609990176186       0.84245715096147222     
  0.88679246525106337       0.84239418261567445     
  0.88692880722771561       0.84233149820528874     
  0.88706512645437441       0.84226909609958422     
  0.88720142354964227       0.84220697468500916     
  0.88733769912918037       0.84214513236233479     
  0.88747395380582783       0.84208356754706293     
  0.88761018818807536       0.84202227867131008     
  0.88774640287872630       0.84196126418681438     
  0.88788259847939199       0.84190052255631986     
  0.88801877558725895       0.84184005225963343     
  0.88815493479380003       0.84177985179572312     
  0.88829107669218510       0.84171991966955595     
  0.88842720186727497       0.84166025440989534     
  0.88856331090078611       0.84160085455955791     
  0.88869940437435935       0.84154171867070882     
  0.88883548286279013       0.84148284531611417     
  0.88897154693991531       0.84142423307924907     
  0.88910759717546994       0.84136588055921524     
  0.88924363413516005       0.84130778637095260     
  0.88937965838299282       0.84124994914106299     
  0.88951567047789504       0.84119236751339277     
  0.88965167097661180       0.84113504014414509     
  0.88978766043474744       0.84107796570034410     
  0.88992363940188579       0.84102114286723217     
  0.89005960842726117       0.84096457033964689     
  0.89019556805337396       0.84090824683212562     
  0.89033151882338657       0.84085217106660992     
  0.89046746127808374       0.84079634177708606     
  0.89060339595125282       0.84074075771785695     
  0.89073932337723627       0.84068541765070692     
  0.89087524408716467       0.84063032035083252     
  0.89101115860812297       0.84057546460846244     
  0.89114706746583261       0.84052084922432835     
  0.89128297118375510       0.84046647301098631     
  0.89141887028072908       0.84041233479673139     
  0.89155476527520761       0.84035843341841265     
  0.89169065668170133       0.84030476772774132     
  0.89182654501286462       0.84025133658720874     
  0.89196243077720438       0.84019813887403494     
  0.89209831448420318       0.84014517347177575     
  0.89223419663680614       0.84009243928263411     
  0.89237007773987254       0.84003993521329590     
  0.89250595829214852       0.83998766018826165     
  0.89264183879374104       0.83993561313755283     
  0.89277771973846654       0.83988379300928451     
  0.89291360162029421       0.83983219875866300     
  0.89304948493119973       0.83978082935179521     
  0.89318537015893640       0.83972968376951818     
  0.89332125779153970       0.83967876099929351     
  0.89345714831550227       0.83962806003854706     
  0.89359304221088087       0.83957757990322190     
  0.89372893996043634       0.83952731961139992     
  0.89386484204196515       0.83947727819695206     
  0.89400074893208348       0.83942745470334990     
  0.89413666110636325       0.83937784818224659     
  0.89427257903732138       0.83932845769791220     
  0.89440850319570198       0.83927928232479565     
  0.89454443405104178       0.83923032114611174     
  0.89468037207024009       0.83918157325666365     
  0.89481631771961068       0.83913303775924275     
  0.89495227146182588       0.83908471376927918     
  0.89508823376005009       0.83903660040887051     
  0.89522420507131650       0.83898869681687560     
  0.89536018585860988       0.83894100212889733     
  0.89549617657618419       0.83889351550218527     
  0.89563217768067271       0.83884623609683096     
  0.89576818962352234       0.83879916308801006     
  0.89590421285967936       0.83875229565198950     
  0.89604024783648795       0.83870563298434431     
  0.89617629500530482       0.83865917428020476     
  0.89631235481124982       0.83861291875232635     
  0.89644842770155886       0.83856686561615956     
  0.89658451412154117       0.83852101409684843     
  0.89672061451209528       0.83847536343345652     
  0.89685672931844695       0.83842991286414648     
  0.89699285897687797       0.83838466164896930     
  0.89712900392797579       0.83833960904651605     
  0.89726516460764039       0.83829475433002520     
  0.89740134145712425       0.83825009676979467     
  0.89753753490628463       0.83820563566183914     
  0.89767374539015432       0.83816137029956161     
  0.89780997334233781       0.83811729998511120     
  0.89794621919211637       0.83807342403407836     
  0.89808248337199703       0.83802974176270872     
  0.89821876630973096       0.83798625250162062     
  0.89835506843393587       0.83794295558592480     
  0.89849139016950663       0.83789985036311077     
  0.89862773194278822       0.83785693618456336     
  0.89876409417917202       0.83781421240902954     
  0.89890047730192169       0.83777167840491162     
  0.89903688173225627       0.83772933355014922     
  0.89917330789328342       0.83768717722539776     
  0.89930975620472964       0.83764520882319971     
  0.89944622708576638       0.83760342774265384     
  0.89958272095544678       0.83756183338912882     
  0.89971923823105093       0.83752042517670100     
  0.89985577933019179       0.83747920252500907     
  0.89999234466820288       0.83743816486315681     
  0.90012893465958421       0.83739731162777042     
  0.90026554972024220       0.83735664225846318     
  0.90040219026264623       0.83731615620671573     
  0.90053885669909894       0.83727585292999163     
  0.90067554944101635       0.83723573189301070     
  0.90081226890074073       0.83719579256453813     
  0.90094901548899708       0.83715603442186992     
  0.90108578961322705       0.83711645695365000     
  0.90122259168546159       0.83707705964601264     
  0.90135942211237408       0.83703784200004661     
  0.90149628130062187       0.83699880352271572     
  0.90163316966003970       0.83695994372075178     
  0.90177008759535227       0.83692126211540252     
  0.90190703551186902       0.83688275823235003     
  0.90204401381799137       0.83684443159787614     
  0.90218102291440150       0.83680628175651162     
  0.90231806320857277       0.83676830824686288     
  0.90245513510271624       0.83673051062211345     
  0.90259223900078089       0.83669288843801515     
  0.90272937530452257       0.83665544125916336     
  0.90286654441887770       0.83661816865077099     
  0.90300374674202855       0.83658107019429806     
  0.90314098267739029       0.83654414546827494     
  0.90327825262807282       0.83650739405692676     
  0.90341555699137632       0.83647081555973102     
  0.90355289616982981       0.83643440957273285     
  0.90369027056245277       0.83639817570354047     
  0.90382768056944396       0.83636211356241641     
  0.90396512658950146       0.83632622276830826     
  0.90410260902381823       0.83629050294095997     
  0.90424012826858324       0.83625495371356706     
  0.90437768472404856       0.83621957471836073     
  0.90451527878780980       0.83618436559717835     
  0.90465291085811861       0.83614932599571901     
  0.90479058133277701       0.83611445556615926     
  0.90492829061161806       0.83607975396218381     
  0.90506603908927774       0.83604522085178068     
  0.90520382716427383       0.83601085590139768     
  0.90534165523485366       0.83597665878336258     
  0.90547952369652029       0.83594262917983753     
  0.90561743294715658       0.83590876677414361     
  0.90575538338474226       0.83587507125471916     
  0.90589337540439996       0.83584154232003716     
  0.90603140940447546       0.83580817966809162     
  0.90616948578219048       0.83577498300430686     
  0.90630760493241036       0.83574195204325086     
  0.90644576725304937       0.83570908649919884     
  0.90658397314199246       0.83567638609206596     
  0.90672222299504535       0.83564385055016288     
  0.90686051720932348       0.83561147960472693     
  0.90699885618050646       0.83557927299483992     
  0.90713724031007992       0.83554723045474799     
  0.90727566998982490       0.83551535174020120     
  0.90741414561993683       0.83548363659798885     
  0.90755266759830289       0.83545208478402899     
  0.90769123632048776       0.83542069606281610     
  0.90782985218459578       0.83538947020035303     
  0.90796851559028402       0.83535840696454677     
  0.90810722693566981       0.83532750613152218     
  0.90824598661647271       0.83529676748627901     
  0.90838479503383307       0.83526619080990971     
  0.90852365258486978       0.83523577589515230     
  0.90866255966959197       0.83520552253541047     
  0.90880151668714848       0.83517543053024901     
  0.90894052403645487       0.83514549968491492     
  0.90907958211800721       0.83511572980730120     
  0.90921869133260103       0.83508612070938359     
  0.90935785207885511       0.83505667221244240     
  0.90949706476000747       0.83502738413485789     
  0.90963632977729569       0.83499825630320523     
  0.90977564752981155       0.83496928855319641     
  0.90991501842173950       0.83494048071725069     
  0.91005444285364667       0.83491183263813029     
  0.91019392123075005       0.83488334415680387     
  0.91033345395403975       0.83485501512565852     
  0.91047304142916707       0.83482684539506735     
  0.91061268405902462       0.83479883482489992     
  0.91075238225041022       0.83477098327316646     
  0.91089213640477917       0.83474329061252917     
  0.91103194693048228       0.83471575670892495     
  0.91117181423413596       0.83468838143631774     
  0.91131173872005655       0.83466116467773821     
  0.91145172079808023       0.83463410631200863     
  0.91159176087417193       0.83460720622961948     
  0.91173185935842338       0.83458046431922472     
  0.91187201665974738       0.83455388047655932     
  0.91201223318619840       0.83452745460403954     
  0.91215250934962555       0.83450118660281292     
  0.91229284556096268       0.83447507638066254     
  0.91243324223050681       0.83444912385181458     
  0.91257369977255098       0.83442332892862880     
  0.91271421859935853       0.83439769153215781     
  0.91285479912302581       0.83437221158904262     
  0.91299544176130065       0.83434688902165133     
  0.91313614692573752       0.83432172376743052     
  0.91327691503407393       0.83429671575952802     
  0.91341774650224550       0.83427186493837779     
  0.91355864174906576       0.83424717124538328     
  0.91369960119259996       0.83422263462825053     
  0.91384062525032539       0.83419825504097478     
  0.91398171434264530       0.83417403243784272     
  0.91412286889123084       0.83414996677619202     
  0.91426408931671632       0.83412605802028073     
  0.91440537604234806       0.83410230613555969     
  0.91454672949075921       0.83407871109350262     
  0.91468815008653059       0.83405527286775838     
  0.91482963825438690       0.83403199143683793     
  0.91497119442030039       0.83400886678258235     
  0.91511281901341091       0.83398589888709918     
  0.91525451245780254       0.83396308774563344     
  0.91539627518513522       0.83394043334671242     
  0.91553810762422860       0.83391793568868167     
  0.91568001020741852       0.83389559476944952     
  0.91582198336488274       0.83387341059578302     
  0.91596402753053308       0.83385138317382812     
  0.91610614313825078       0.83382951251488269     
  0.91624833062330424       0.83380779863346610     
  0.91639059042111271       0.83378624154939385     
  0.91653292297018885       0.83376484128247697     
  0.91667532870733692       0.83374359786117958     
  0.91681780807305202       0.83372251131291364     
  0.91696036150720817       0.83370158167187192     
  0.91710298945221713       0.83368080897332753     
  0.91724569235195541       0.83366019325579233     
  0.91738847064805495       0.83363973456685136     
  0.91753132478832833       0.83361943294959595     
  0.91767425521684043       0.83359928845830744     
  0.91781726238425509       0.83357930114289747     
  0.91796034673703719       0.83355947106472250     
  0.91810350872656865       0.83353979828335012     
  0.91824674880476198       0.83352028286272195     
  0.91839006742301854       0.83350092487350680     
  0.91853346503712452       0.83348172438435908     
  0.91867694210216122       0.83346268147128089     
  0.91882049907448660       0.83344379621338516     
  0.91896413641308905       0.83342506869151123     
  0.91910785457552691       0.83340649899416896     
  0.91925165402440911       0.83338808720762181     
  0.91939553522293194       0.83336983342292048     
  0.91953949863218321       0.83335173774001892     
  0.91968354471933444       0.83333380025505477     
  0.91982767395078791       0.83331602107107883     
  0.91997188679433428       0.83329840029456470     
  0.92011618371980053       0.83328093803451875     
  0.92026056519830746       0.83326363440409257     
  0.92040503170314381       0.83324648951821767     
  0.92054958370557349       0.83322950350141756     
  0.92069422168444670       0.83321267647159147     
  0.92083894611749606       0.83319600855450826     
  0.92098375748137518       0.83317949988373119     
  0.92112865625677698       0.83316315059190538     
  0.92127364292641634       0.83314696081473216     
  0.92141871797484620       0.83313093069074884     
  0.92156388188498373       0.83311506036746175     
  0.92170913514725072       0.83309934998610569     
  0.92185447824724287       0.83308379970190360     
  0.92199991167659689       0.83306840966636986     
  0.92214543592910903       0.83305318003378792     
  0.92229105149677526       0.83303811096756442     
  0.92243675887602850       0.83302320262972840     
  0.92258255856394955       0.83300845518805589     
  0.92272845105932721       0.83299386881333737     
  0.92287443686361248       0.83297944367898591     
  0.92302051648126937       0.83296517995927410     
  0.92316669041524635       0.83295107783748557     
  0.92331295917220146       0.83293713749722254     
  0.92345932326076574       0.83292335912546800     
  0.92360578319224895       0.83290974291128306     
  0.92375233947798363       0.83289628904972401     
  0.92389899263293662       0.83288299773736785     
  0.92404574317343002       0.83286986917442929     
  0.92419259161656320       0.83285690356646258     
  0.92433953848316031       0.83284410111985863     
  0.92448658429594799       0.83283146204463054     
  0.92463372957836865       0.83281898655614994     
  0.92478097485759470       0.83280667487027227     
  0.92492832066137332       0.83279452720891101     
  0.92507576751984932       0.83278254379673100     
  0.92522331596772189       0.83277072485825743     
  0.92537096653705431       0.83275907062839127     
  0.92551871976508049       0.83274758134107696     
  0.92566657619287562       0.83273625723121425     
  0.92581453636036404       0.83272509854155308     
  0.92596260081198889       0.83271410551548941     
  0.92611077009201093       0.83270327840334568     
  0.92625904474895537       0.83269261745535639     
  0.92640742533272169       0.83268212292731714     
  0.92655591239724133       0.83267179507498768     
  0.92670450649618319       0.83266163416204142     
  0.92685320818697370       0.83265164045350870     
  0.92700201803041282       0.83264181421586902     
  0.92715093658596737       0.83263215572512106     
  0.92729996442085849       0.83262266525219819     
  0.92744910210004750       0.83261334307930501     
  0.92759835019267378       0.83260418948846271     
  0.92774770927265360       0.83259520476276094     
  0.92789717991211829       0.83258638919457639     
  0.92804676268747954       0.83257774307735821     
  0.92819645818001806       0.83256926670466691     
  0.92834626697032130       0.83256096037801619     
  0.92849618964387581       0.83255282439922240     
  0.92864622678567144       0.83254485907889964     
  0.92879637898772638       0.83253706472377575     
  0.92894664684171357       0.83252944164871223     
  0.92909703094197238       0.83252199017277861     
  0.92924753188616083       0.83251471061713156     
  0.92939815027607131       0.83250760330444418     
  0.92954888671402280       0.83250066856457117     
  0.92969974180677728       0.83249390672844925     
  0.92985071616200798       0.83248731813316790     
  0.93000181039142604       0.83248090311790923     
  0.93015302511138698       0.83247466202300346     
  0.93030436093771063       0.83246859519706451     
  0.93045581849110048       0.83246270298953917     
  0.93060739839468065       0.83245698575466509     
  0.93075910127411843       0.83245144385065339     
  0.93091092776021345       0.83244607763621303     
  0.93106287848394453       0.83244088747813594     
  0.93121495408092259       0.83243587374449390     
  0.93136715518904534       0.83243103680839170     
  0.93151948245075933       0.83242637704423728     
  0.93167193650971314       0.83242189483325713     
  0.93182451801372412       0.83241759055910969     
  0.93197722761283130       0.83241346461007193     
  0.93213006596312997       0.83240951737497770     
  0.93228303372042387       0.83240574925090505     
  0.93243613154557092       0.83240216063637651     
  0.93258936010229021       0.83239875193421420     
  0.93274272005811099       0.83239552355105384     
  0.93289621208321194       0.83239247589763488     
  0.93304983685228871       0.83238960938750783     
  0.93320359504233419       0.83238692443976237     
  0.93335748733368118       0.83238442147690783     
  0.93351151441006552       0.83238210092659415     
  0.93366567696021585       0.83237996321743024     
  0.93381997567521913       0.83237800878415280     
  0.93397441124988756       0.83237623806512251     
  0.93412898438287495       0.83237465150273815     
  0.93428369577552861       0.83237324954417491     
  0.93443854613461208       0.83237203263863035     
  0.93459353616870033       0.83237100124205199     
  0.93474866659078815       0.83237015581353124     
  0.93490393811851136       0.83236949681487538     
  0.93505935147273711       0.83236902471306129     
  0.93521490737779578       0.83236873997978478     
  0.93537060656117788       0.83236864309169079     
  0.93552644975705468       0.83236873452592963     
  0.93568243769944759       0.83236901476978964     
  0.93583857113020541       0.83236948430919588     
  0.93599485079247247       0.83237014363830630     
  0.93615127743610504       0.83237099325163255     
  0.93630785181177767       0.83237203365294921     
  0.93646457467647726       0.83237326534730260     
  0.93662144679149406       0.83237468884333488     
  0.93677846892079475       0.83237630465729473     
  0.93693564183349509       0.83237811330730338     
  0.93709296630255878       0.83238011531781053     
  0.93725044310734740       0.83238231121412287     
  0.93740807302718876       0.83238470153224753     
  0.93756585685041460       0.83238728680643215     
  0.93772379536691364       0.83239006757968026     
  0.93788188937227723       0.83239304439745454     
  0.93804013966630484       0.83239621781054307     
  0.93819854705149863       0.83239958837721750     
  0.93835711233993446       0.83240315665283360     
  0.93851583634206559       0.83240692320686294     
  0.93867471987814399       0.83241088860602996     
  0.93883376376984939       0.83241505342671873     
  0.93899296884523253       0.83241941824769738     
  0.93915233593647895       0.83242398365344816     
  0.93931186588102800       0.83242875023291218     
  0.93947155952058725       0.83243371858076787     
  0.93963141770267933       0.83243888929540200     
  0.93979144127953529       0.83244426298078023     
  0.93995163110746305       0.83244984024682156     
  0.94011198804969331       0.83245562170659948     
  0.94027251297344083       0.83246160797919488     
  0.94043320675065611       0.83246779968964191     
  0.94059407025850805       0.83247419746813445     
  0.94075510438047338       0.83248080194893248     
  0.94091631000559850       0.83248761377065317     
  0.94107768802669500       0.83249463357978226     
  0.94123923934183684       0.83250186202836729     
  0.94140096485743796       0.83250929976955990     
  0.94156286548294332       0.83251694746545057     
  0.94172494213272473       0.83252480578477761     
  0.94188719572965673       0.83253287539708731     
  0.94204962719985008       0.83254115698174747     
  0.94221223747597083       0.83254965122171598     
  0.94237502749659008       0.83255835880589213     
  0.94253799820601392       0.83256728042845551     
  0.94270115055330361       0.83257641679148198     
  0.94286448549650415       0.83258576859829114     
  0.94302800399631792       0.83259533656228679     
  0.94319170702132182       0.83260512140067622     
  0.94335559554545934       0.83261512383758907     
  0.94351967055032693       0.83262534460083582     
  0.94368393302121989       0.83263578442761144     
  0.94384838395196735       0.83264644405803256     
  0.94401302434216161       0.83265732423961780     
  0.94417785519750397       0.83266842572579236     
  0.94434287752959001       0.83267974927706345     
  0.94450809235782263       0.83269129565895117     
  0.94467350070833600       0.83270306564260221     
  0.94483910361212686       0.83271506000768813     
  0.94500490210933519       0.83272727953771186     
  0.94517089724394365       0.83273972502621607     
  0.94533709007098077       0.83275239726735417     
  0.94550348164736930       0.83276529706905733     
  0.94567007304220252       0.83277842523871359     
  0.94583686532800026       0.83279178259546627     
  0.94600385958486755       0.83280536996389387     
  0.94617105690172676       0.83281918817377365     
  0.94633845837405517       0.83283323806295240     
  0.94650606510445046       0.83284752047593580     
  0.94667387820257898       0.83286203626458388     
  0.94684189878683178       0.83287678628670958     
  0.94701012798263695       0.83289177140750659     
  0.94717856692283919       0.83290699249937195     
  0.94734721674673383       0.83292245044425495     
  0.94751607860568909       0.83293814612555928     
  0.94768515365377737       0.83295408044058450     
  0.94785444305643429       0.83297025428958382     
  0.94802394798629508       0.83298666858166592     
  0.94819366962377571       0.83300332423359746     
  0.94836360915820750       0.83302022216913785     
  0.94853376778664911       0.83303736332023604     
  0.94870414671449854       0.83305474862676254     
  0.94887474715656173       0.83307237903536069     
  0.94904557033573500       0.83309025550065718     
  0.94921661748234909       0.83310837898725820     
  0.94938788983887801       0.83312675046359219     
  0.94955938865116174       0.83314537091237595     
  0.94973111518123532       0.83316424131623368     
  0.94990307069243696       0.83318336267506687     
  0.95007525646329982       0.83320273598985672     
  0.95024767377772124       0.83322236227484625     
  0.95042032393222609       0.83324224254829593     
  0.95059320822993365       0.83326237784103185     
  0.95076632798521776       0.83328276919018962     
  0.95093968452056332       0.83330341764313198     
  0.95111327916987298       0.83332432425439440     
  0.95128711327613213       0.83334549008835790     
  0.95146118819311842       0.83336691621710401     
  0.95163550528131946       0.83338860372602130     
  0.95181006591658268       0.83341055370352346     
  0.95198487148034816       0.83343276725241311     
  0.95215992336844435       0.83345524548024308     
  0.95233522298390705       0.83347798950828378     
  0.95251077174135435       0.83350100046605868     
  0.95268657106722476       0.83352427949081265     
  0.95286262239838337       0.83354782773120972     
  0.95303892718078886       0.83357164634689040     
  0.95321548687559232       0.83359573650290386     
  0.95339230294972110       0.83362009938088533     
  0.95356937688631394       0.83364473616695300     
  0.95374671017718526       0.83366964806052035     
  0.95392430432718789       0.83369483626951690     
  0.95410216085040489       0.83372030201566094     
  0.95428028127778530       0.83374604652542694     
  0.95445866714636796       0.83377207104222117     
  0.95463732000848178       0.83379837681729707     
  0.95481624142890786       0.83382496511193183     
  0.95499543298559042       0.83385183719807843     
  0.95517489626396135       0.83387899436441448     
  0.95535463286893740       0.83390643790336583     
  0.95553464441379787       0.83393416912337470     
  0.95571493252661310       0.83396218934267652     
  0.95589549884838065       0.83399049989135254     
  0.95607634503120431       0.83401910211369235     
  0.95625747274443063       0.83404799736134083     
  0.95643888366936070       0.83407718700025157     
  0.95662057949920787       0.83410667241060277     
  0.95680256194287794       0.83413645498222000     
  0.95698483272441837       0.83416653611691627     
  0.95716739357949165       0.83419691723180622     
  0.95735024626010401       0.83422759975439575     
  0.95753339253167780       0.83425858512640372     
  0.95771683417571229       0.83428987480155858     
  0.95790057298689191       0.83432147024787540     
  0.95808461077750462       0.83435337294440548     
  0.95826894937059970       0.83438558438863142     
  0.95845359061138191       0.83441810608434630     
  0.95863853635476481       0.83445093955570149     
  0.95882378847339611       0.83448408633837601     
  0.95900934885817712       0.83451754798024302     
  0.95919521941204511       0.83455132604767546     
  0.95938140206000855       0.83458542211551312     
  0.95956789873579307       0.83461983778175686     
  0.95975471139847157       0.83465457465004156     
  0.95994184201919652       0.83468963434429877     
  0.96012929258649171       0.83472501850350267     
  0.96031706510886117       0.83476072877937002     
  0.96050516160883526       0.83479676684258008     
  0.96069358413144534       0.83483313437565432     
  0.96088233473540263       0.83486983308068519     
  0.96107141550151165       0.83490686467245756     
