  0.88996418035346592        1.2836374568357733     
  0.89411094544581415        1.2816402778432880     
  0.89831475061888844        1.2796665378960697     
  0.90256813199304198        1.2777121713253268     
  0.90687170424803254        1.2757769769885641     
  0.91122588245715441        1.2738607629039369     
  0.91563108920445713        1.2719633393854419     
  0.92008775180780122        1.2700845187746963     
  0.92459630198721210        1.2682241153622149     
  0.92915717657297558        1.2663819454571590     
  0.93377081683723051        1.2645578272667883     
  0.93843766911019932        1.2627515809523673     
  0.94315818448813393        1.2609630285621514     
  0.94793281917547023        1.2591919940489282     
  0.95276203402069082        1.2574383031812557     
  0.95764629527211675        1.2557017836159754     
  0.96258607392133599        1.2539822647850176     
  0.96758184632625399        1.2522795779503006     
  0.97263409399046585        1.2505935561476098     
  0.97774330337125370        1.2489240341367962     
  0.98290996661302632        1.2472708484682338     
  0.98813458083968231        1.2456338373681299     
  0.99341764878893535        1.2440128407918785     
  0.99875967850935576        1.2424077003608733     
   1.0041611835244733        1.2408182593579722     
   1.0096226829982031        1.2392443627223810     
   1.0151447015249657        1.2376858569991684     
   1.0207277695288079        1.2361425903630159     
   1.0263724229932132        1.2346144125613590     
   1.0320792037307938        1.2331011749218970     
   1.0378486593538185        1.2316027303251136     
   1.0436813433047230        1.2301189331843605     
   1.0495778150117363        1.2286496394397417     
   1.0555386398833186        1.2271947065340609     
   1.0615643892638700        1.2257539933845449     
   1.0676556407470918        1.2243273603953471     
   1.0738129780525467        1.2229146694198501     
   1.0800369910670540        1.2215157837435613     
   1.0863282759587178        1.2201305680737393     
   1.0926874353017555        1.2187588885303358     
   1.0991150779972105        1.2174006126154204     
   1.1056118195139670        1.2160556092169366     
   1.1121782817532304        1.2147237485723572     
   1.1188150932225351        1.2134049022653453     
   1.1255228892047937        1.2120989432218301     
   1.1323023115606865        1.2108057456680412     
   1.1391540090186445        1.2095251851393285     
   1.1460786370589469        1.2082571384472929     
   1.1530768582670958        1.2070014836940652     
   1.1601493420947508        1.2057581002279916     
   1.1672967650117692        1.2045268686385477     
   1.1745198107055816        1.2033076707546821     
   1.1818191700630465        1.2021003896230067     
   1.1891955411467945        1.2009049094858000     
   1.1966496294256752        1.1997211157826946     
   1.2041821477590378        1.1985488951292953     
   1.2117938165136271        1.1973881353086022     
   1.2194853635523697        1.1962387252506361     
   1.2272575243729320        1.1951005550254195     
   1.2351110422166913        1.1939735158340281     
   1.2430466681482044        1.1928574999960988     
   1.2510651609374104        1.1917524009209397     
   1.2591672873508932        1.1906581131144529     
   1.2673538222386664        1.1895745321677824     
   1.2756255483826249        1.1885015547257733     
   1.2839832568962108        1.1874390785026818     
   1.2924277470198451        1.1863870022469274     
   1.3009598263877529        1.1853452257449892     
   1.3095803109206119        1.1843136497949767     
   1.3182900252095351        1.1832921762196893     
   1.3270898021998665        1.1822807078240982     
   1.3359804837210627        1.1812791484195189     
   1.3449629201305124        1.1802874027783112     
   1.3540379707312729        1.1793053766494794     
   1.3632065037082113        1.1783329767361606     
   1.3724693962801791        1.1773701106906158     
   1.3818275346757978        1.1764166870952766     
   1.3912818143187202        1.1754726154600648     
   1.4008331399348133        1.1745378062135428     
   1.4104824255451576        1.1736121706859692     
   1.4202305947246971        1.1726956211116535     
   1.4300785804407878        1.1717880706008108     
   1.4400273253858875        1.1708894331475310     
   1.4500777819903647        1.1699996236141459     
   1.4602309123890724        1.1691185577132581     
   1.4704876888296254        1.1682461520199707     
   1.4808490933555183        1.1673823239341563     
   1.4913161183038250        1.1665269916991776     
   1.5018897661300818        1.1656800743739062     
   1.5125710495803217        1.1648414918290664     
   1.5233609918942779        1.1640111647454221     
   1.5342606267768308        1.1631890145960697     
   1.5452709985682915        1.1623749636429095     
   1.5563931623300802        1.1615689349265974     
   1.5676281839067872        1.1607708522556770     
   1.5789771401538062        1.1599806402061490     
   1.5904411189253085        1.1591982241056493     
   1.6020212191879228        1.1584235300259178     
   1.6137185512817691        1.1576564847841300     
   1.6255342368082286        1.1568970159212442     
   1.6374694088698170        1.1561450517024034     
   1.6495252121805501        1.1554005211089529     
   1.6617028032342198        1.1546633538338944     
   1.6740033502090412        1.1539334802622294     
   1.6864280333382391        1.1532108314782494     
   1.6989780448630170        1.1524953392488237     
   1.7116545891520529        1.1517869360161603     
   1.7244588829932510        1.1510855549005032     
   1.7373921555116678        1.1503911296812661     
   1.7504556483792690        1.1497035947953336     
   1.7636506159387766        1.1490228853299538     
   1.7769783253221405        1.1483489370156499     
   1.7904400565659679        1.1476816862188461     
   1.8040371027540396        1.1470210699359451     
   1.8177707701673931        1.1463670257879157     
   1.8316423783623312        1.1457194920110654     
   1.8456532603169740        1.1450784074512064     
   1.8598047625601271        1.1444437115574435     
   1.8740982453732447        1.1438153443789041     
   1.8885350828543748        1.1431932465552173     
   1.9031166630167924        1.1425773593082151     
   1.9178443880291585        1.1419676244411372     
   1.9327196743276200        1.1413639843310588     
   1.9477439526547384        1.1407663819179865     
   1.9629186683798241        1.1401747607077026     
   1.9782452814818552        1.1395890647581273     
   1.9937252667971468        1.1390092386782662     
   2.0093601140536732        1.1384352276176299     
   2.0251513282182434        1.1378669772694803     
   2.0411004293785684        1.1373044338531555     
   2.0572089531293374        1.1367475441191881     
   2.0734784506196022        1.1361962553391654     
   2.0899104886706485        1.1356505152985710     
   2.1065066500390284        1.1351102722964177     
   2.1232685334792665        1.1345754751356978     
   2.1401977539025454        1.1340460731181539     
   2.1572959427119636        1.1335220160467303     
   2.1745647476311909        1.1330032542062309     
   2.1920058331747874        1.1324897383711465     
   2.2096208806739099        1.1319814197949936     
   2.2274115885222443        1.1314782502085614     
   2.2453796721965209        1.1309801818088552     
   2.2635268645820203        1.1304871672607777     
   2.2818549160588333        1.1299991596887309     
   2.3003655947324249        1.1295161126743380     
   2.3190606865362637        1.1290379802487460     
   2.3379419954797247        1.1285647168908244     
   2.3570113438083173        1.1280962775219050     
   2.3762705721246329        1.1276326174988500     
   2.3957215396680827        1.1271736926134814     
   2.4153661244200690        1.1267194590849856     
   2.4352062233558440        1.1262698735580510     
   2.4552437525451931        1.1258248930954198     
   2.4754806474768514        1.1253844751782860     
   2.4959188631054312        1.1249485776970634     
   2.5165603741365379        1.1245171589502427     
   2.5374071751601792        1.1240901776382115     
   2.5584612809557208        1.1236675928629061     
   2.5797247265313996        1.1232493641180690     
   2.6011995674973316        1.1228354512912466     
   2.6228878801400008        1.1224258146554096     
   2.6447917616883916        1.1220204148669688     
   2.6669133305396824        1.1216192129626279     
   2.6892547263891395        1.1212221703527141     
   2.7118181105055443        1.1208292488196370     
   2.7346056659706726        1.1204404105149193     
   2.7576195978530329        1.1200556179540073     
   2.7808621333606940        1.1196748340104725     
   2.8043355222167596        1.1192980219174840     
   2.8280420367787928        1.1189251452607718     
   2.8519839722655078        1.1185561679751397     
   2.8761636469927963        1.1181910543412630     
   2.9005834027046755        1.1178297689852936     
   2.9252456045899469        1.1174722768687517     
   2.9501526417171089        1.1171185432913435     
   2.9753069272092691        1.1167685338856166     
   3.0007108984574087        1.1164222146128580     
   3.0263670173516122        1.1160795517594673     
   3.0522777705373172        1.1157405119341632     
   3.0784456697996156        1.1154050620686413     
   3.1048732520679008        1.1150731694072857     
   3.1315630797745482        1.1147448015072265     
   3.1585177412472829        1.1144199262390351     
   3.1857398506804451        1.1140985117755937     
   3.2132320487323027        1.1137805265985010     
   3.2409970024830348        1.1134659394866224     
   3.2690374058725817        1.1131547195178100     
   3.2973559799126497        1.1128468360645103     
   3.3259554730233538        1.1125422587925189     
   3.3548386612179826        1.1122409576557986     
   3.3840083483166778        1.1119429028919758     
   3.4134673664982977        1.1116480650267144     
   3.4432185762524261        1.1113564148622173     
   3.4732648669123027        1.1110679234809999     
   3.5036091567826735        1.1107825622390082     
   3.5342543935438706        1.1105003027657940     
   3.5652035544271987        1.1102211169589178     
   3.5964596466485967        1.1099449769846854     
   3.6280257075735576        1.1096718552722038     
   3.6599048051735057        1.1094017245145886     
   3.6921000380758011        1.1091345576601777     
   3.7246145362083811        1.1088703279181169     
   3.7574514607821534        1.1086090087479592     
   3.7906140049303083        1.1083505738648938     
   3.8241053936352345        1.1080949972280822     
   3.8579288844894348        1.1078422530484797     
   3.8920877676732117        1.1075923157783989     
   3.9265853663931161        1.1073451601117459     
   3.9614250373097062        1.1071007609837291     
   3.9966101706955386        1.1068590935647125     
   4.0321441909112110        1.1066201332608956     
   4.0680305567397719        1.1063838557118957     
   4.1042727616086019        1.1061502367858056     
   4.1408743340555798        1.1059192525795638     
   4.1778388380283129        1.1056908794155800     
   4.2151698732769134        1.1054650938403365     
   4.2528710756789936        1.1052418726215565     
   4.2909461175408152        1.1050211927447755     
   4.3293987081871004        1.1048030314157915     
   4.3682325940100020        1.1045873660520726     
   4.4074515590243877        1.1043741742843842     
   4.4470594253982130        1.1041634339577118     
   4.4870600534628409        1.1039551231219042     
   4.5274573423370539        1.1037492200344299     
   4.5682552303377140        1.1035457031587628     
   4.6094576952655943        1.1033445511603126     
   4.6510687548459959        1.1031457429053979     
   4.6930924670981700        1.1029492574586448     
   4.7355329307937755        1.1027550740821732     
   4.7783942858246968        1.1025631722328648     
   4.8216807136517765        1.1023735315611953     
   4.8653964376400252        1.1021861319078967     
   4.9095457235974740        1.1020009533041955     
   4.9541328801062789        1.1018179759683999     
   4.9991622589482834        1.1016371803039313     
   5.0446382556268325        1.1014585468991864     
   5.0905653097396621        1.1012820565245462     
   5.1369479053710174        1.1011076901298253     
   5.1837905717174797        1.1009354288455628     
   5.2310978832622874        1.1007652539766344     
   5.2788744605320082        1.1005971470055977     
   5.3271249703412025        1.1004310895874228     
   5.3758541263419222        1.1002670635491862     
   5.4250666894540363        1.1001050508878607     
   5.4747674684109562        1.0999450337697563     
   5.5249613201711743        1.0997869945278627     
   5.5756531503947606        1.0996309156601267     
   5.6268479140510976        1.0994767798297072     
   5.6785506156811749        1.0993245698598497     
   5.7307663101665192        1.0991742687364714     
   5.7835001030350490        1.0990258596036022     
   5.8367571510931793        1.0988793257637262     
   5.8905426628118835        1.0987346506743660     
   5.9448618989598527        1.0985918179482814     
   5.9997201731017036        1.0984508113516109     
   6.0551228521212721        1.0983116148023009     
   6.1110753566841574        1.0981742123676077     
   6.1675831619001036        1.0980385882644537     
   6.2246517977946354        1.0979047268569024     
   6.2822868498857618        1.0977726126551428     
   6.3404939597003223        1.0976422303135114     
   6.3992788254196382        1.0975135646302800     
   6.4586472023586134        1.0973866005450623     
   6.5186049035621405        1.0972613231377781     
   6.5791578004605871        1.0971377176283164     
   6.6403118233974361        1.0970157693744431     
   6.7020729621584847        1.0968954638696631     
   6.7644472665843161        1.0967767867421612     
   6.8274408474024906        1.0966597237564364     
   6.8910598764467972        1.0965442608070275     
   6.9553105876614350        1.0964303839221956     
   7.0201992774008293        1.0963180792586193     
   7.0857323053179391        1.0962073331033957     
   7.1519160947447773        1.0960981318696943     
   7.2187571335986060        1.0959904620987864     
   7.2862619748323514        1.0958843104564506     
   7.3544372371514717        1.0957796637325408     
   7.4232896057205879        1.0956765088403737     
   7.4928258328201895        1.0955748328153971     
   7.5630527383725292        1.0954746228123469     
   7.6339772107912927        1.0953758661060764     
   7.7056062077263920        1.0952785500910269     
   7.7779467565190368        1.0951826622774075     
   7.8510059550499163        1.0950881902917549     
   7.9247909725285588        1.0949951218767255     
   7.9993090500340998        1.0949034448880481     
   8.0745675013374427        1.0948131472945559     
   8.1505737136436966        1.0947242171772502     
   8.2273351482327790        1.0946366427271914     
   8.3048593413491183        1.0945504122460041     
   8.3831539048456083        1.0944655141436801     
   8.4622265270192223        1.0943819369383347     
   8.5420849732365731        1.0942996692537257     
   8.6227370869731423        1.0942186998209440     
   8.7041907902829951        1.0941390174742316     
   8.7864540847874366        1.0940606111519784     
   8.8695350524806980        1.0939834698958171     
   8.9534418564964966        1.0939075828492115     
   9.0381827418005329        1.0938329392553277     
   9.1237660363023405        1.0937595284588695     
   9.2102001513495750        1.0936873399018734     
   9.2974935828708762        1.0936163631256628     
   9.3856549119908230        1.0935465877677246     
   9.4746928060990285        1.0934780035627538     
   9.5646160195282643        1.0934106003399995     
   9.6554333945221167        1.0933443680232338     
   9.7471538621074139        1.0932792966297531     
   9.8397864430044883        1.0932153762696475     
   9.9333402485118309        1.0931525971447842     
   10.027824481409331        1.0930909495478556     
   10.123248436954826        1.0930304238621980     
   10.219621503641102        1.0929710105594523     
   10.316953164336134        1.0929127002004571     
   10.415252997027551        1.0928554834326649     
   10.514530676081289        1.0927993509918816     
   10.614795972875440        1.0927442936986138     
   10.716058756994777        1.0926903024590917     
   10.818328997059487        1.0926373682631634     
   10.921616761994724        1.0925854821857066     
   11.025932221666201        1.0925346353828376     
   11.131285648262278        1.0924848190940601     
   11.237687417021164        1.0924360246390967     
   11.345148007501857        1.0923882434189669     
   11.453678004486330        1.0923414669140727     
   11.563288099111785        1.0922956866840070     
   11.673989089931437        1.0922508943667499     
   11.785791883953520        1.0922070816776221     
   11.898707497747134        1.0921642404086374     
   12.012747058735359        1.0921223624292038     
   12.127921805928651        1.0920814396825798     
   12.244243091415425        1.0920414641878908     
   12.361722381205478        1.0920024280372405     
   12.480371256650171        1.0919643233969991     
   12.600201415493711        1.0919271425063308     
   12.721224672994866        1.0918908776761374     
   12.843452963131993        1.0918555212885592     
   12.966898339762889        1.0918210657960636     
   13.091572977994705        1.0917875037218581     
   13.217489175356747        1.0917548276589319     
   13.344659352799086        1.0917230302678314     
   13.473096056273880        1.0916921042782428     
   13.602811957682569        1.0916620424863321     
   13.733819856472387        1.0916328377562317     
   13.866132680688926        1.0916044830178939     
   13.999763488294777        1.0915769712666461     
   14.134725468669254        1.0915502955637684     
   14.271031943564600        1.0915244490335809     
   14.408696368830650        1.0914994248652707     
   14.547732335620113        1.0914752163113972     
   14.688153571611055        1.0914518166864093     
   14.829973942676506        1.0914292193678716     
   14.973207453879864        1.0914074177935071     
   15.117868251421058        1.0913864054637945     
   15.263970623534252        1.0913661759383344     
   15.411529002169720        1.0913467228367923     
   15.560557964469963        1.0913280398384204     
   15.711072234220225        1.0913101206814431     
   15.863086683119342        1.0912929591613814     
   16.016616332679352        1.0912765491327439     
   16.171676355316144        1.0912608845061624     
   16.328282076233510        1.0912459592498749     
   16.486448974520972        1.0912317673867511     
   16.646192685372867        1.0912183029974023     
   16.807529000782836        1.0912055602149273     
   16.970473872089539        1.0911935332295308     
   17.135043410975868        1.0911822162847780     
   17.301253890898714        1.0911716036761621     
   17.469121749493080        1.0911616897545651     
   17.638663589679339        1.0911524689229368     
   17.809896181174601        1.0911439356350399     
   17.982836462746253        1.0911360843978151     
   18.157501543532952        1.0911289097689862     
   18.333908704870158        1.0911224063570977     
   18.512075401959340        1.0911165688206959     
   18.692019265613958        1.0911113918678654     
   18.873758104322011        1.0911068702571083     
   19.057309905581828        1.0911029987947127     
   19.242692838162903        1.0910997723364537     
   19.429925253575437        1.0910971857854617     
   19.619025687960978        1.0910952340919402     
   19.810012864447440        1.0910939122550429     
   20.002905694195068        1.0910932153185475     
   20.197723279050706        1.0910931383738738     
   20.394484913254239        1.0910936765586114     
   20.593210084977294        1.0910948250543602     
   20.793918478998119        1.0910965790894198     
   20.996629977982696        1.0910989339353057     
   21.201364664946841        1.0911018849083647     
   21.408142825473114        1.0911054273701146     
   21.616984948737024        1.0911095567225939     
   21.827911730859825        1.0911142684133548     
   22.040944076279846        1.0911195579320760     
   22.256103099794803        1.0911254208099153     
   22.473410129046023        1.0911318526205867     
   22.692886706630166        1.0911388489797538     
   22.914554591824569        1.0911464055429523     
   23.138435763419054        1.0911545180076749     
   23.364552421473210        1.0911631821111958     
   23.592926989806351        1.0911723936312132     
   23.823582118016827        1.0911821483845077     
   24.056540684081384        1.0911924422277837     
   24.291825796432917        1.0912032710564601     
   24.529460796396148        1.0912146308046624     
   24.769469260349300        1.0912265174442017     
   25.011875002568836        1.0912389269858795     
   25.256702077151097        1.0912518554773889     
   25.503974780699977        1.0912652990039278     
   25.753717654469810        1.0912792536867777     
   26.005955487447139        1.0912937156850231     
   26.260713318225235        1.0913086811930683     
   26.518016438130385        1.0913241464423717     
   26.777890393009613        1.0913401076984579     
   27.040360986525183        1.0913565612630294     
   27.305454282494122        1.0913735034727718     
   27.573196607355239        1.0913909306984331     
   27.843614553231678        1.0914088393458679     
   28.116733743599433        1.0914272193367589     
   28.392583766007508        1.0914460801826542     
   28.671190805038158        1.0914654118713725     
   28.952582541612685        1.0914852109407165     
   29.236786936097253        1.0915054739638732     
   29.523832230462972        1.0915261975453088     
   29.813746951797562        1.0915473783225118     
   30.106559915036549        1.0915690129652122     
   30.402300225376493        1.0915910981735268     
   30.700997282277360        1.0916136306809503     
   31.002680781337876        1.0916366072506598     
   31.307380717380880        1.0916600246755652     
   31.615127389083906        1.0916838797826975     
   31.925951399567040        1.0917081694256439     
   32.239883661510781        1.0917328904901886     
   32.556955399301479        1.0917580398911793     
   32.877198152213666        1.0917836145723090     
   33.200643778232958        1.0918096115076508     
   33.527324456759736        1.0918360276998893     
   33.857272691788808        1.0918628601798415     
   34.190521315779932        1.0918901060078281     
   34.527103492073564        1.0919177622708656     
   34.867052719202476        1.0919458260850399     
   35.210402833763460        1.0919742945938147     
   35.557188013963433        1.0920031649681134     
   35.907442783233890        1.0920324344063941     
   36.261202013048390        1.0920621001327484     
   36.618500927702051        1.0920921593997690     
   36.979375106794457        1.0921226094855463     
   37.343860489104046        1.0921534476940984     
   37.711993376986086        1.0921846713570345     
   38.083810438688282        1.0922162778298941     
   38.459348713079869        1.0922482644944582     
   38.838645613267765        1.0922806287580997     
   39.221738930510369        1.0923133680538557     
   39.608666837019371        1.0923464798377389     
   39.999467891398488        1.0923799615922443     
   40.394181041453415        1.0924138108234813     
   40.792845628838982        1.0924480250625632     
   41.195501392403841        1.0924826018639502     
   41.602188472229734        1.0925175388051533     
   42.012947414626211        1.0925528334887065     
   42.427819175826947        1.0925884835408679     
   42.846845124850574        1.0926244866086350     
   43.270067050051139        1.0926608403646720     
   43.697527161430926        1.0926975425028171     
   44.129268096331408        1.0927345907410044     
   44.565332922119765        1.0927719828174309     
   45.005765142065151        1.0928097164936572     
   45.450608699406644        1.0928477895535382     
   45.899907981363100        1.0928861998021369     
   46.353707824392771        1.0929249450670255     
   46.812053517771915        1.0929640231961451     
   47.274990808785560        1.0930034320586970     
   47.742565907696509        1.0930431695456908     
   48.214825491818409        1.0930832335684444     
   48.691816710988888        1.0931236220598040     
   49.173587191089894        1.0931643329714991     
   49.660185040461762        1.0932053642769564     
   50.151658854138660        1.0932467139698889     
   50.648057717786905        1.0932883800621718     
   51.149431215003879        1.0933303605879601     
   51.655829429769511        1.0933726535987391     
   52.167302954425701        1.0934152571683662     
   52.683902890954784        1.0934581693858973     
   53.205680860368069        1.0935013883629492     
   53.732689005428504        1.0935449122289693     
   54.264979996541136        1.0935887391320840     
   54.802607037014567        1.0936328672387687     
   55.345623869490346        1.0936772947354005     
   55.894084779049230        1.0937220198240074     
   56.448044601636596        1.0937670407270959     
   57.007558727818164        1.0938123556843005     
   57.572683109269768        1.0938579629536367     
   58.143474263638019        1.0939038608099947     
   58.719989281263871        1.0939500475464961     
   59.302285829997537        1.0939965214727299     
   59.890422162746027        1.0940432809172178     
   60.484457121125288        1.0940903242236897     
   61.084450143079238        1.0941376497534099     
   61.690461269121869        1.0941852558853009     
   62.302551147030471        1.0942331410136070     
   62.920781039650080        1.0942813035501771     
   63.545212830373437        1.0943297419231377     
   64.175909029158902        1.0943784545762854     
   64.812932779119592        1.0944274399692704     
   65.456347863654329        1.0944766965784827     
   66.106218712587136        1.0945262228962465     
   66.762610407771049        1.0945760174293326     
   67.425588691215594        1.0946260787009898     
   68.095219971720411        1.0946764052505411     
   68.771571330314941        1.0947269956314434     
   69.454710527943348        1.0947778484122472     
   70.144706012723205        1.0948289621770082     
   70.841626927026226        1.0948803355251402     
   71.545543113954167        1.0949319670705209     
   72.256525124064453        1.0949838554407989     
   72.974644224086603        1.0950359992792766     
   73.699972403160444        1.0950883972433372     
   74.432582379603616        1.0951410480035599     
   75.172547611171055        1.0951939502472485     
   75.919942298846905        1.0952471026734478     
   76.674841396264199        1.0953005039952171     
   77.437320618653530        1.0953541529410895     
   78.207456447946058        1.0954080482515949     
   78.985326142863343        1.0954621886819547     
   79.771007745690582        1.0955165730005452     
   80.564580090121837        1.0955711999885842     
   81.366122810437787        1.0956260684413950     
   82.175716348165651        1.0956811771663597     
   82.993441961566390        1.0957365249844639     
   83.819381734408239        1.0957921107305009     
   84.653618582252250        1.0958479332505600     
   85.496236263474785        1.0959039914048223     
   86.347319384972934        1.0959602840641467     
   87.206953414141765        1.0960168101136869     
   88.075224686283178        1.0960735684512166     
   88.952220411397946        1.0961305579847007     
   89.838028686501062        1.0961877776360311     
   90.732738502994991        1.0962452263389082     
   91.636439755394278        1.0963029030384073     
   92.549223251754938        1.0963608066921040     
   93.471180722671178        1.0964189362696106     
   94.402404829475628        1.0964772907511957     
   95.342989175825295        1.0965358691298608     
   96.293028315598562        1.0965946704093998     
   97.252617763623732        1.0966536936053533     
   98.221854004289298        1.0967129377437033     
   99.200834504115377        1.0967724018634428     
   100.18965771795961        1.0968320850126025     
   101.18842310335559        1.0968919862523643     
   102.19723112676851        1.0969521046530830     
   103.21618327763515        1.0970124392977367     
   104.24538207489387        1.0970729892780722     
   105.28493108089795        1.0971337536977730     
   106.33493491093924        1.0971947316712156     
   107.39549924278577        1.0972559223222791     
   108.46673083005406        1.0973173247865253     
   109.54873751219483        1.0973789382101389     
   110.64162822280522        1.0974407617474053     
   111.74551300604347        1.0975027945651701     
   112.86050302356973        1.0975650358389180     
   113.98671056819474        1.0976274847545988     
   115.12424907554426        1.0976901405085577     
   116.27323313449814        1.0977530023064528     
   117.43377849982416        1.0978160693638011     
   118.60600210445445        1.0978793409061705     
   119.79002207059246        1.0979428161683893     
   120.98595772330295        1.0980064943954770     
   122.19392960071410        1.0980703748409528     
   123.41405946928461        1.0981344567689872     
   124.64647033186947        1.0981987394507233     
   125.89128644850054        1.0982632221706432     
   127.14863333946458        1.0983279042187151     
   128.41863780565635        1.0983927848961561     
   129.70142793646491        1.0984578635113325     
   130.99713312916819        1.0985231393843313     
   132.30588409436720        1.0985886118409443     
   133.62781287777864        1.0986542802187282     
   134.96305286658065        1.0987201438615677     
   136.31173880917513        1.0987862021239707     
   137.67400682620357        1.0988524543688281     
   139.04999442276085        1.0989188999660340     
   140.43984050919286        1.0989855382971212     
   141.84368540537534        1.0990523687479214     
   143.26167086534153        1.0991193907157863     
   144.69394008500666        1.0991866036045621     
   146.14063772492676        1.0992540068299967     
   147.60190991202737        1.0993215998105301     
   149.07790426774869        1.0993893819762062     
   150.56876991826849        1.0994573527651288     
   152.07465750744063        1.0995255116216756     
   153.59571921865924        1.0995938580006204     
   155.13210878405673        1.0996623913627039     
   156.68398150500695        1.0997311111775427     
   158.25149426440197        1.0998000169211584     
   159.83480554741644        1.0998691080787171     
   161.43407545574223        1.0999383841431409     
   163.04946572327196        1.1000078446143096     
   164.68113973284105        1.1000774889991600     
   166.32926253683021        1.1001473168137414     
   167.99400086941193        1.1002173275802101     
   169.67552316648758        1.1002875208283789     
   171.37399958358361        1.1003578960958340     
   173.08960201191289        1.1004284529270025     
   174.82250409837604        1.1004991908742472     
   176.57288126091689        1.1005701094963469     
   178.34091070825315        1.1006412083592250     
   180.12677146044504        1.1007124870371503     
   181.93064436277982        1.1007839451099748     
   183.75271210769586        1.1008555821648756     
   185.59315925317236        1.1009273977959142     
   187.45217224381540        1.1009993916050360     
   189.32993942750525        1.1010715632005152     
   191.22665107334561        1.1011439121959425     
   193.14249939969449        1.1012164382146850     
   195.07767858367424        1.1012891408841705     
   197.03238478704066        1.1013620198388088     
   199.00681618015039        1.1014350747218740     
   201.00117295350231        1.1015083051805761     
   203.01565734477609        1.1015817108693366     
   205.05047366302810        1.1016552914512661     
   207.10582829736109        1.1017290465916352     
   209.18192975530391        1.1018029759664634     
   211.27898867053744        1.1018770792553387     
   213.39721783307081        1.1019513561454757     
   215.53683220670271        1.1020258063293764     
   217.69804895810293        1.1021004295078771     
   219.88108746707368        1.1021752253843211     
   222.08616936449334        1.1022501936715479     
   224.31351854850709        1.1023253340885744     
   226.56336120086385        1.1024006463572416     
   228.83592582465579        1.1024761302088046     
   231.13144325703320        1.1025517853786024     
   233.45014669923142        1.1026276116088587     
   235.79227173759776        1.1027036086470079     
   238.15805637358221        1.1027797762480473     
   240.54774103824730        1.1028561141699771     
   242.96156863008548        1.1029326221792284     
   245.39978453097342        1.1030093000465746     
   247.86263663655319        1.1030861475490317     
   250.35037538054817        1.1031631644692133     
   252.86325376467377        1.1032403505967312     
   255.40152737459599        1.1033177057238419     
   257.96545441982317        1.1033952296507836     
   260.55529575484513        1.1034729221833759     
   263.17131490275602        1.1035507831313525     
   265.81377809037775        1.1036288123114653     
   268.48295427297336        1.1037070095460768     
   271.17911515778621        1.1037853746612989     
   273.90253524188000        1.1038639074906458     
   276.65349183443993        1.1039426078723991     
   279.43226508349460        1.1040214756487248     
   282.23913801419025        1.1041005106690165     
   285.07439655368148        1.1041797127879316     
   287.93832955750383        1.1042590818641040     
   290.83122884571253        1.1043386177621994     
   293.75338922879422        1.1044183203511677     
   296.70510855121398        1.1044981895086929     
   299.68668769575282        1.1045782251115257     
   302.69843064670908        1.1046584270467155     
   305.74064450337380        1.1047387952049490     
   308.81363951168623        1.1048193294803494     
   311.91772910609768        1.1049000297736891     
   315.05322994055570        1.1049808959915568     
   318.22046191645421        1.1050619280445364     
   321.41974821422923        1.1051431258464486     
   324.65141534239530        1.1052244893194410     
   327.91579315394500        1.1053060183878256     
   331.21321489442551        1.1053877129825129     
   334.54401722970545        1.1054695730386097     
   337.90854028277010        1.1055515984957165     
   341.30712767304624        1.1056337892990689     
   344.74012655036296        1.1057161453987652     
   348.20788762617428        1.1057986667480177     
   351.71076522483366        1.1058813533075891     
   355.24911730717008        1.1059642050414593     
   358.82330550785764        1.1060472219167248     
   362.43369518915114        1.1061304039082080     
   366.08065546043645        1.1062137509927803     
   369.76455923570552        1.1062972631547556     
   373.48578325309887        1.1063809403800466     
   377.24470813467275        1.1064647826619358     
   381.04171840981383        1.1065487899961868     
   384.87720257129598        1.1066329623854192     
   388.75155309482170        1.1067172998329537     
   392.66516650905908        1.1068018023508732     
   396.61844341772246        1.1068864699542891     
   400.61178854019090        1.1069713026609600     
   404.64561077328818        1.1070563004964007     
   408.72032321198020        1.1071414634876848     
   412.83634321252578        1.1072267916686864     
   416.99409242384638        1.1073122850765011     
   421.19399683276310        1.1073979437517238     
   425.43648682096841        1.1074837677414586     
   429.72199719893342        1.1075697570960972     
   434.05096725255902        1.1076559118696641     
   438.42384080177169        1.1077422321226638     
   442.84106623207902        1.1078287179181550     
   447.30309654684163        1.1079153693229804     
   451.81038943137150        1.1080021864115741     
   456.36340726903671        1.1080891692580459     
   460.96261722440744        1.1081763179444062     
   465.60849127125795        1.1082636325552855     
   470.30150625541518        1.1083511131809574     
   475.04214393551717        1.1084387599149217     
   479.83089103439841        1.1085265728539651     
   484.66823930113549        1.1086145521004993     
   489.55468555890820        1.1087026977615106     
   494.49073175084084        1.1087910099468361     
   499.47688500439233        1.1088794887717539     
   504.51365767570951        1.1089681343546638     
   509.60156741201030        1.1090569468188662     
   514.74113720123216        1.1091459262912990     
   519.93289543127685        1.1092350729032563     
   525.17737595273150        1.1093243867917397     
   530.47511810887283        1.1094138680936960     
   535.82666683468210        1.1095035169547653     
   541.23257268085763        1.1095933335220678     
   546.69339189375125        1.1096833179485879     
   552.20968645537152        1.1097734703891240     
   557.78202416388808        1.1098637910045297     
   563.41097868129430        1.1099542799589317     
   569.09712959948854        1.1100449374207644     
   574.84106249841341        1.1101357635618800     
   580.64336901853505        1.1102267585595964     
   586.50464690745309        1.1103179225933086     
   592.42550010338198        1.1104092558482339     
   598.40653878377952        1.1105007585124000     
   604.44837944275514        1.1105924307788408     
   610.55164495326687        1.1106842728448487     
   616.71696461930901        1.1107762849092579     
   622.94497427597128        1.1108684671784657     
   629.23631631928879        1.1109608198593719     
   635.59163981586016        1.1110533431666973     
   642.01160052910416        1.1111460373152202     
   648.49686102708597        1.1112389025264013     
   655.04809073512206        1.1113319390251410     
   661.66596600404432        1.1114251470389707     
   668.35117020281996        1.1115185268016978     
   675.10439377095850        1.1116120785495849     
   681.92633430112051        1.1117058025228548     
   688.81769661988426        1.1117996989666326     
   695.77919284600625        1.1118937681279539     
   702.81154249521273        1.1119880102604840     
   709.91547253919748        1.1120824256212922     
   717.09171747011419        1.1121770144688250     
   724.34101941801794        1.1122717770688828     
   731.66412819910352        1.1123667136895772     
   739.06180140676349        1.1124618246029612     
   746.53480449612812        1.1125571100854530     
   754.08391086346705        1.1126525704172485     
   761.70990193347882        1.1127482058830032     
   769.41356722357455        1.1128440167686882     
   777.19570447622891        1.1129400033687069     
   785.05711970248922        1.1130361659794488     
   792.99862726898436        1.1131325048992842     
   801.02105001139932        1.1132290204323050     
   809.12521931393383        1.1133257128869525     
   817.31197519807233        1.1134225825757120     
   825.58216639562875        1.1135196298126722     
   833.93665048847606        1.1136168549201275     
   842.37629393575116        1.1137142582195638     
   850.90197222666745        1.1138118400396633     
   859.51456995457568        1.1139096007134452     
   868.21498088981275        1.1140075405751402     
   877.00410811330312        1.1141056599651580     
   885.88286409146053        1.1142039592268926     
   894.85217078218739        1.1143024387077565     
   903.91295974047136        1.1144010987597510     
   913.06617222171633        1.1144999397398141     
   922.31275925749651        1.1145989620063144     
   931.65368178951735        1.1146981659230648     
   941.08991076366294        1.1147975518578923     
   950.62242724145278        1.1148971201833482     
   960.25222248843238        1.1149968712744622     
   969.98029810636092        1.1150968055116597     
   979.80766612701223        1.1151969232789334     
   989.73534911884701        1.1152972249633619     
   999.76438031761074        1.1153977109574731     
   1009.8958037275762        1.1154983816577131     
   1020.1306742272064        1.1155992374636416     
   1030.4700577046901        1.1157002787801364     
   1040.9150311529772        1.1158015060150464     
   1051.4666827990675        1.1159029195804708     
   1062.1261122397668        1.1160045198946382     
   1072.8944305099988        1.1161063073760646     
   1083.7727602596008        1.1162082824498003     
   1094.7622358677390        1.1163104455463113     
   1105.8640035304343        1.1164127970975946     
   1117.0792214274154        1.1165153375415986     
   1128.4090598143289        1.1166180673185584     
   1139.8547011840928        1.1167209868744441     
   1151.4173403748448        1.1168240966586658     
   1163.0981847216121        1.1169273971262843     
   1174.8984541556558        1.1170308887344274     
   1186.8193813690732        1.1171345719456418     
   1198.8622119481813        1.1172384472274863     
   1211.0282044719572        1.1173425150487772     
   1223.3186307241931        1.1174467758869082     
   1235.7347757518032        1.1175512302197383     
   1248.2779380584398        1.1176558785308366     
   1260.9494297537922        1.1177607213099083     
   1273.7505766420302        1.1178657590475021     
   1286.6827184187493        1.1179709922399805     
   1299.7472088250518        1.1180764213898478     
   1312.9454157482417        1.1181820470013737     
   1326.2787214211362        1.1182878695850638     
   1339.7485225270248        1.1183938896533183     
   1353.3562304216123        1.1185001077264418     
   1367.1032712219785        1.1186065243267689     
   1380.9910859920080        1.1187131399810568     
   1395.0211309070125        1.1188199552210165     
   1409.1948774230430        1.1189269705839247     
   1423.5138124056589        1.1190341866097735     
   1437.9794383320325        1.1191416038444215     
   1452.5932734229514        1.1192492228366751     
   1467.3568518411246        1.1193570441408967     
   1482.2717238688890        1.1194650683174889     
   1497.3394560268316        1.1195732959285885     
   1512.5616313030741        1.1196817275425430     
   1527.9398493038880        1.1197903637319886     
   1543.4757264320021        1.1198992050737595     
   1559.1708960946130        1.1200082521512016     
   1575.0270088315071        1.1201175055499393     
   1591.0457325467751        1.1202269658616655     
   1607.2287526688692        1.1203366336821239     
   1623.5777723629969        1.1204465096130329     
   1640.0945126844772        1.1205565942592617     
   1656.7807128028926        1.1206668882313608     
   1673.6381301738588        1.1207773921438091     
   1690.6685407800207        1.1208881066184200     
   1707.8737392557898        1.1209990322788674     
   1725.2555391492808        1.1211101697552035     
   1742.8157730994624        1.1212215196820321     
   1760.5562930528338        1.1213330826993271     
   1778.4789704562636        1.1214448594514148     
   1796.5856964892957        1.1215568505885700     
   1814.8783822486439        1.1216690567651750     
   1833.3589589751061        1.1217814786404894     
   1852.0293782699478        1.1218941168788461     
   1870.8916123358160        1.1220069721509511     
   1889.9476541625602        1.1221200451315485     
   1909.1995177701815        1.1222333365007409     
   1928.6492384358437        1.1223468469440434     
   1948.2988729067940        1.1224605771512859     
   1968.1504996684637        1.1225745278190813     
   1988.2062191313896        1.1226886996477583     
   2008.4681538996053        1.1228030933434219     
   2028.9384490162774        1.1229177096183598     
   2049.6192721842003        1.1230325491896886     
   2070.5128140133957        1.1231476127795879     
   2091.6212882649493        1.1232629011151318     
   2112.9469321498564        1.1233784149311365     
   2134.4920064839071        1.1234941549644737     
   2156.2587960598526        1.1236101219608285     
   2178.2496098089546        1.1237263166691076     
   2200.4667811435002        1.1238427398461550     
   2222.9126681312487        1.1239593922515676     
   2245.5896538468737        1.1240762746525057     
   2268.5001466117747        1.1241933878220400     
   2291.6465802401285        1.1243107325375499     
   2315.0314143559312        1.1244283095831191     
   2338.6571346491069        1.1245461197481026     
   2362.5262532029601        1.1246641638297270     
   2386.6413086697885        1.1247824426270685     
   2411.0048667143374        1.1249009569494204     
   2435.6195201755304        1.1250197076092641     
   2460.4878894371063        1.1251386954263753     
   2485.6126226979345        1.1252579212262179     
   2510.9963962473144        1.1253773858386882     
   2536.6419148932787        1.1254970901043413     
   2562.5519120706631        1.1256170348642383     
   2588.7291503589304        1.1257372209702714     
   2615.1764216466513        1.1258576492776398     
   2641.8965475404948        1.1259783206492484     
   2668.8923796481149        1.1260992359538444     
   2696.1667999241372        1.1262203960668591     
   2723.7227209810944        1.1263418018695515     
   2751.5630864575091        1.1264634542505720     
   2779.6908713291305        1.1265853541047866     
   2808.1090822408905        1.1267075023327686     
   2836.8207579078821        1.1268298998434101     
   2865.8289694068362        1.1269525475512401     
   2895.1368205441113        1.1270754463770996     
   2924.7474482213802        1.1271985972486100     
   2954.6640228221613        1.1273220011011713     
   2984.8897485604016        1.1274456588772859     
   3015.4278638130268        1.1275695715249205     
   3046.2816415240895        1.1276937399988418     
   3077.4543896508903        1.1278181652635630     
   3108.9494514315843        1.1279428482883351     
   3140.7702058095747        1.1280677900489524     
   3172.9200679090031        1.1281929915311124     
   3205.4024893098285        1.1283184537254565     
   3238.2209585231631        1.1284441776307341     
   3271.3790013818466        1.1285701642531505     
   3304.8801814463932        1.1286964146062624     
   3338.7281003931071        1.1288229297100447     
   3372.9263985369648        1.1289497105948054     
   3407.4787551028890        1.1290767582953949     
   3442.3888887771855        1.1292040738559455     
   3477.6605580839705        1.1293316583276889     
   3513.2975618774435        1.1294595127709941     
   3549.3037396871468        1.1295876382516474     
   3585.6829722888801        1.1297160358455725     
   3622.4391820852602        1.1298447066359327     
   3659.5763335794290        1.1299736517138548     
   3697.0984338266585        1.1301028721778801     
   3735.0095329574287        1.1302323691359788     
   3773.3137246240358        1.1303621437044737     
   3812.0151464307019        1.1304921970063091     
   3851.1179805357124        1.1306225301751254     
   3890.6264539948315        1.1307531443501091     
   3930.5448394633931        1.1308840406831135     
   3970.8774554384681        1.1310152203297015     
   4011.6286670607556        1.1311466844590568     
   4052.8028863786462        1.1312784342455826     
   4094.4045729905738        1.1314104708731167     
   4136.4382346032435        1.1315427955357267     
   4178.9084275037376        1.1316754094359354     
   4221.8197571107294        1.1318083137849666     
   4265.1768785243912        1.1319415098030570     
   4308.9844971182565        1.1320749987206022     
   4353.2473690565112        1.1322087817769322     
   4397.9703018649207        1.1323428602205685     
   4443.1581549690882        1.1324772353081576     
   4488.8158404584410        1.1326119083101145     
   4534.9483233636138        1.1327468805014953     
   4581.5606225328956        1.1328821531703959     
   4628.6578110909340        1.1330177276138751     
   4676.2450170676702        1.1331536051385966     
   4724.3274240446281        1.1332897870619165     
   4772.9102717382402        1.1334262747107611     
   4821.9988566452685        1.1335630694222230     
   4871.5985327152239        1.1337001725445512     
   4921.7147119480678        1.1338375854360436     
   4972.3528650156441        1.1339753094641734     
   5023.5185220949515        1.1341133460104553     
   5075.2172732075487        1.1342516964616811     
   5127.4547693677605        1.1343903622226359     
   5180.2367227081941        1.1345293447013767     
   5233.5689076935487        1.1346686453230157     
   5287.4571614384859        1.1348082655199656     
   5341.9073846974361        1.1349482067391250     
   5396.9255423430159        1.1350884704359876     
   5452.5176642686183        1.1352290580792288     
   5508.6898459986623        1.1353699711476422     
   5565.4482495524089        1.1355112111332959     
   5622.7991041111045        1.1356527795394529     
   5680.7487068314058        1.1357946778820454     
   5739.3034234533361        1.1359369076858292     
   5798.4696894296249        1.1360794704929162     
   5858.2540103021638        1.1362223678529770     
   5918.6629628735645        1.1363656013322361     
   5979.7031956951705        1.1365091725061047     
   6041.3814300736940        1.1366530829636265     
   6103.7044609101877        1.1367973343078979     
   6166.6791574612726        1.1369419281544089     
   6230.3124641298255        1.1370868661298998     
   6294.6114015952544        1.1372321498785316     
   6359.5830672398361        1.1373777810522701     
   6425.2346365088906        1.1375237613214941     
   6491.5733634470944        1.1376700923674901     
   6558.6065817948638        1.1378167758867790     
   6626.3417057113347        1.1379638135872427     
   6694.7862310678911        1.1381112071960173     
   6763.9477358449203        1.1382589584484100     
   6833.8338815216484        1.1384070690973429     
   6904.4524138986235        1.1385555409105750     
   6975.8111640855050        1.1387043756713096     
   7047.9180491888574        1.1388535751723663     
   7120.7810739147526        1.1390031412286363     
   7194.4083309968828        1.1391530756655794     
   7268.8080025371319        1.1393033803259363     
   7343.9883609312119        1.1394540570676934     
   7419.9577698092216        1.1396051077623306     
   7496.7246854164723        1.1397565343011935     
   7574.2976573821552        1.1399083385898521     
   7652.6853297980315        1.1400605225482718     
   7731.8964425130025        1.1402130881147763     
   7811.9398322038905        1.1403660372452804     
   7892.8244332893901        1.1405193719097428     
   7974.5592793330161        1.1406730940971723     
   8057.1535040149265        1.1408272058125433     
   8140.6163424463502        1.1409817090795786     
   8224.9571321668191        1.1411366059376713     
   8310.1853146018530        1.1412918984467255     
   8396.3104358377877        1.1414475886797486     
   8483.3421485483614        1.1416036787350290     
   8571.2902124501743        1.1417601707229466     
   8660.1644960505855        1.1419170667745970     
   8749.9749779425565        1.1420743690420336     
   8840.7317476889384        1.1422320796920920     
   8932.4450077686397        1.1423902009168043     
   9025.1250739998868        1.1425487349192789     
   9118.7823779849241        1.1427076839314314     
   9213.4274675589531        1.1428670501998839     
   9309.0710085066257        1.1430268359915599     
   9405.7237861232425        1.1431870435965032     
   9503.3967062012725        1.1433476753216212     
   9602.1007970241717        1.1435087334995599     
   9701.8472101941643        1.1436702204795068     
   9802.6472226692113        1.1438321386361254     
