           1  0.39122259601086684       0.40316114184692442       -1.1938545836057579E-002
           2  0.39039885351193654       0.40237436102685048       -1.1975507514913941E-002
           3  0.38958163009040586       0.40159156003897811       -1.2009929948572251E-002
           4  0.38877169773938919       0.40081519057275650       -1.2043492833367309E-002
           5  0.38796899475871921       0.40004519209583911       -1.2076197337119898E-002
           6  0.38717345788104501       0.39928151038376319       -1.2108052502718181E-002
           7  0.38638502437898403       0.39852409152501783       -1.2139067146033800E-002
           8  0.38560363205889508       0.39777288207828987       -1.2169250019394784E-002
           9  0.38482921925611174       0.39702782912247686       -1.2198609866365118E-002
          10  0.38406172483138501       0.39628888015720848       -1.2227155325823469E-002
          11  0.38330108816553388       0.39555598319708701       -1.2254895031553137E-002
          12  0.38254724915601074       0.39482908668620587       -1.2281837530195128E-002
          13  0.38180014821203595       0.39410813953914187       -1.2307991327105916E-002
          14  0.38105972625084117       0.39339309109598541       -1.2333364845144246E-002
          15  0.38032592469269938       0.39268389118544700       -1.2357966492747618E-002
          16  0.37959868545781450       0.39198049002370960       -1.2381804565895105E-002
          17  0.37887795096104737       0.39128283830515448       -1.2404887344107107E-002
          18  0.37816366410881819       0.39059088711968465       -1.2427223010866462E-002
          19  0.37745576829446464       0.38990458798308175       -1.2448819688617108E-002
          20  0.37675420739407356       0.38922389286682590       -1.2469685472752345E-002
          21  0.37605892576320926       0.38854875409929168       -1.2489828336082420E-002
          22  0.37536986823211066       0.38787912446423639       -1.2509256232125732E-002
          23  0.37468698010244833       0.38721495711778120       -1.2527977015332870E-002
          24  0.37401020714288963       0.38655620563186416       -1.2545998488974530E-002
          25  0.37333949558553292       0.38590282397431813       -1.2563328388785211E-002
          26  0.37267479212215238       0.38525476649010798       -1.2579974367955604E-002
          27  0.37201604389996551       0.38461198793161983       -1.2595944031654316E-002
          28  0.37136319851844568       0.38397444340940329       -1.2611244890957607E-002
          29  0.37071620402512467       0.38334208843084389       -1.2625884405719212E-002
          30  0.37007500891212458       0.38271487886856120       -1.2639869956436622E-002
          31  0.36943956211234191       0.38209277096650796       -1.2653208854166043E-002
          32  0.36880981299590126       0.38147572134022467       -1.2665908344323407E-002
          33  0.36818571136655337       0.38086368696071504       -1.2677975594161672E-002
          34  0.36756720745803867       0.38025662515847819       -1.2689417700439520E-002
          35  0.36695425193037629       0.37965449363270409       -1.2700241702327808E-002
          36  0.36634679586676960       0.37905725041617938       -1.2710454549409778E-002
          37  0.36574479076965477       0.37846485389429591       -1.2720063124641134E-002
          38  0.36514818855744591       0.37787726280377254       -1.2729074246326633E-002
          39  0.36455694156106805       0.37729443622361891       -1.2737494662550863E-002
          40  0.36397100252059472       0.37671633356313355       -1.2745331042538832E-002
          41  0.36339032458166676       0.37614291457618482       -1.2752589994518060E-002
          42  0.36281486129248397       0.37557413933601863       -1.2759278043534661E-002
          43  0.36224456660007542       0.37500996825678595       -1.2765401656710529E-002
          44  0.36167939484723460       0.37445036207680349       -1.2770967229568886E-002
          45  0.36111930076932930       0.37389528184279458       -1.2775981073465281E-002
          46  0.36056423949076288       0.37334468893869782       -1.2780449447934938E-002
          47  0.36001416652198787       0.37279854505558802       -1.2784378533600149E-002
          48  0.35946903775614153       0.37225681221069690       -1.2787774454555367E-002
          49  0.35892880946610783       0.37171945271055307       -1.2790643244445232E-002
          50  0.35839343830112380       0.37118642918427253       -1.2792990883148725E-002
          51  0.35786288128377652       0.37065770457098296       -1.2794823287206436E-002
          52  0.35733709580693102       0.37013324210204807       -1.2796146295117050E-002
          53  0.35681603963061848       0.36961300530870245       -1.2796965678083971E-002
          54  0.35629967087894943       0.36909695802954379       -1.2797287150594361E-002
          55  0.35578794803719976       0.36858506439014510       -1.2797116352945337E-002
          56  0.35528082994872467       0.36807728881085877       -1.2796458862134097E-002
          57  0.35477827581204741       0.36757359599823075       -1.2795320186183345E-002
          58  0.35428024517785572       0.36707395095294093       -1.2793705775085207E-002
          59  0.35378669794608769       0.36657831895952198       -1.2791621013434284E-002
          60  0.35329759436310293       0.36608666558008063       -1.2789071216977699E-002
          61  0.35281289501874757       0.36559895665250541       -1.2786061633757839E-002
          62  0.35233256084340786       0.36511515830771352       -1.2782597464305656E-002
          63  0.35185655310534014       0.36463523694485311       -1.2778683839512972E-002
          64  0.35138483340785048       0.36415915922829173       -1.2774325820441246E-002
          65  0.35091736368631993       0.36368689210943927       -1.2769528423119347E-002
          66  0.35045410620567269       0.36321840279033157       -1.2764296584658885E-002
          67  0.34999502355750572       0.36275365875198640       -1.2758635194480672E-002
          68  0.34954007865738179       0.36229262773253107       -1.2752549075149278E-002
          69  0.34908923474213638       0.36183527774416402       -1.2746043002027641E-002
          70  0.34864245536722122       0.36138157704045815       -1.2739121673236931E-002
          71  0.34819970440402304       0.36093149415506981       -1.2731789751046774E-002
          72  0.34776094603728652       0.36048499785414317       -1.2724051816856652E-002
          73  0.34732614476238471       0.36004205717847171       -1.2715912416086994E-002
          74  0.34689526538285465       0.35960264140900233       -1.2707376026147688E-002
          75  0.34646827300771565       0.35916672007864425       -1.2698447070928598E-002
          76  0.34604513304903578       0.35873426296523470       -1.2689129916198916E-002
          77  0.34562581121928332       0.35830524009930687       -1.2679428880023547E-002
          78  0.34521027352888545       0.35787962175348886       -1.2669348224603416E-002
          79  0.34479848628371079       0.35745737843843428       -1.2658892154723489E-002
          80  0.34439041608259774       0.35703848091104939       -1.2648064828451655E-002
          81  0.34398602981496912       0.35662290015554315       -1.2636870340574036E-002
          82  0.34358529465826765       0.35621060740708765       -1.2625312748820006E-002
          83  0.34318817807565449       0.35580157412605773       -1.2613396050403236E-002
          84  0.34279464781358676       0.35539577200431005       -1.2601124190723290E-002
          85  0.34240467189941787       0.35499317297602767       -1.2588501076609804E-002
          86  0.34201821863911880       0.35459374918609093       -1.2575530546972136E-002
          87  0.34163525661477345       0.35419747302670873       -1.2562216411935279E-002
          88  0.34125575468249275       0.35380431709957894       -1.2548562417086184E-002
          89  0.34087968196991975       0.35341425423861322       -1.2534572268693478E-002
          90  0.34050700787402616       0.35302725750165853       -1.2520249627632374E-002
          91  0.34013770205889921       0.35264330015989243       -1.2505598100993220E-002
          92  0.33977173445337711       0.35226235570762027       -1.2490621254243162E-002
          93  0.33940907524895803       0.35188439785496844       -1.2475322606010419E-002
          94  0.33904969489747061       0.35150940052749563       -1.2459705630025020E-002
          95  0.33869356410892715       0.35113733786832640       -1.2443773759399257E-002
          96  0.33834065384941098       0.35076818422633949       -1.2427530376928508E-002
          97  0.33799093533881802       0.35040191416419342       -1.2410978825375396E-002
          98  0.33764438004879510       0.35003850245721618       -1.2394122408421082E-002
          99  0.33730095970059282       0.34967792407814186       -1.2376964377549038E-002
         100  0.33696064626290129       0.34932015421462181       -1.2359507951720528E-002
         101  0.33662341194986106       0.34896516825685503       -1.2341756306993967E-002
         102  0.33628922921894283       0.34861294179642166       -1.2323712577478829E-002
         103  0.33595807076888257       0.34826345062020175       -1.2305379851319187E-002
         104  0.33562990953766714       0.34791667072592369       -1.2286761188256556E-002
         105  0.33530471870048223       0.34757257830034644       -1.2267859599864206E-002
         106  0.33498247166774514       0.34723114973038322       -1.2248678062638074E-002
         107  0.33466314208306269       0.34689236160225517       -1.2229219519192480E-002
         108  0.33434670382133108       0.34655619068596871       -1.2209486864637631E-002
         109  0.33403313098668413       0.34622261394990322       -1.2189482963219089E-002
         110  0.33372239791063146       0.34589160855255968       -1.2169210641928219E-002
         111  0.33341447915008277       0.34556315184118314       -1.2148672691100371E-002
         112  0.33310934948546383       0.34523722135073009       -1.2127871865266260E-002
         113  0.33280698391881836       0.34491379480288886       -1.2106810884070507E-002
         114  0.33250735767188133       0.34459285010428531       -1.2085492432403977E-002
         115  0.33221044618427981       0.34427436534286254       -1.2063919158582737E-002
         116  0.33191622511165969       0.34395831879051642       -1.2042093678856725E-002
         117  0.33162467032379006       0.34364468890068239       -1.2020018576892333E-002
         118  0.33133575790285674       0.34333345430696416       -1.1997696404107416E-002
         119  0.33104946414153674       0.34302459381719635       -1.1975129675659613E-002
         120  0.33076576554129622       0.34271808641681933       -1.1952320875523115E-002
         121  0.33048463881055867       0.34241391127065163       -1.1929272460092954E-002
         122  0.33020606086295995       0.34211204771400389       -1.1905986851043937E-002
         123  0.32993000881562728       0.34181247525336028       -1.1882466437732997E-002
         124  0.32965645998736115       0.34151517357212657       -1.1858713584765423E-002
         125  0.32938539189702187       0.34122012251727069       -1.1834730620248812E-002
         126  0.32911678226175672       0.34092730210842193       -1.1810519846665202E-002
         127  0.32885060899528240       0.34063669253038353       -1.1786083535101133E-002
         128  0.32858685020629791       0.34034827413902752       -1.1761423932729609E-002
         129  0.32832548419671442       0.34006202744646347       -1.1736543249749043E-002
         130  0.32806648946008954       0.33977793313778748       -1.1711443677697941E-002
         131  0.32780984467991142       0.33949597205450971       -1.1686127374598287E-002
         132  0.32755552872805804       0.33921612520002309       -1.1660596471965046E-002
         133  0.32730352066308604       0.33893837374039448       -1.1634853077308438E-002
         134  0.32705379972871901       0.33866269899685764       -1.1608899268138628E-002
         135  0.32680634535221931       0.33838908245002253       -1.1582737097803220E-002
         136  0.32656113714280149       0.33811750573902050       -1.1556368596219002E-002
         137  0.32631815489009763       0.33784795064930401       -1.1529795759206374E-002
         138  0.32607737856262425       0.33758039913207033       -1.1503020569446076E-002
         139  0.32583878830618190       0.33731483328418488       -1.1476044978002975E-002
         140  0.32560236444239316       0.33705123535548576       -1.1448870913092601E-002
         141  0.32536808746718343       0.33678958774307088       -1.1421500275887453E-002
         142  0.32513593804925406       0.33652987299868675       -1.1393934949432694E-002
         143  0.32490589702862599       0.33627207381862462       -1.1366176789998628E-002
         144  0.32467794541512551       0.33601617304740000       -1.1338227632274489E-002
         145  0.32445206438698559       0.33576215367336532       -1.1310089286379721E-002
         146  0.32422823528933814       0.33550999883210020       -1.1281763542762058E-002
         147  0.32400643963280840       0.33525969180070053       -1.1253252167892136E-002
         148  0.32378665909206733       0.33501121599816314       -1.1224556906095806E-002
         149  0.32356887550442703       0.33476455498729057       -1.1195679482863541E-002
         150  0.32335307086845005       0.33451969246873076       -1.1166621600280702E-002
         151  0.32313922734253214       0.33427661228351163       -1.1137384940979489E-002
         152  0.32292732724353418       0.33403529840902335       -1.1107971165489172E-002
         153  0.32271735304543747       0.33379573496238013       -1.1078381916942659E-002
         154  0.32250928737793255       0.33355790619224635       -1.1048618814313793E-002
         155  0.32230311302512715       0.33332179648545718       -1.1018683460330025E-002
         156  0.32209881292417214       0.33308739036107876       -1.0988577436906621E-002
         157  0.32189637016395151       0.33285467247268763       -1.0958302308736123E-002
         158  0.32169576798378674       0.33262362760194608       -1.0927859618159341E-002
         159  0.32149698977209329       0.33239424066550438       -1.0897250893411092E-002
         160  0.32130001906512656       0.33216649670549458       -1.0866477640368022E-002
         161  0.32110483954568930       0.33194038089502037       -1.0835541349331068E-002
         162  0.32091143504184089       0.33171587853389189       -1.0804443492051008E-002
         163  0.32071978952567731       0.33149297504729214       -1.0773185521614825E-002
         164  0.32052988711203556       0.33127165598807601       -1.0741768876040447E-002
         165  0.32034171205729084       0.33105190703305548       -1.0710194975764642E-002
         166  0.32015524875811474       0.33083371398096706       -1.0678465222852318E-002
         167  0.31997048175025755       0.33061706275309588       -1.0646581002838329E-002
         168  0.31978739570731268       0.33040193939587353       -1.0614543688560851E-002
         169  0.31960597543957797       0.33018833007227055       -1.0582354632692581E-002
         170  0.31942620589280341       0.32997622106600000       -1.0550015173196592E-002
         171  0.31924807214705597       0.32976559878028983       -1.0517526633233854E-002
         172  0.31907155941552795       0.32955644973674142       -1.0484890321213469E-002
         173  0.31889665304338927       0.32934876056965445       -1.0452107526265186E-002
         174  0.31872333850662066       0.32914251803483779       -1.0419179528217137E-002
         175  0.31855160141090078       0.32893770899975988       -1.0386107588859106E-002
         176  0.31838142749045489       0.32873432044556400       -1.0352892955109105E-002
         177  0.31821280260693663       0.32853233946691052       -1.0319536859973888E-002
         178  0.31804571274831417       0.32833175327198444       -1.0286040523670270E-002
         179  0.31788014402777653       0.32813254918060492       -1.0252405152828381E-002
         180  0.31771608268264501       0.32793471461802565       -1.0218631935380640E-002
         181  0.31755351507326479       0.32773823712383032       -1.0184722050565531E-002
         182  0.31739242768194714       0.32754310434709766       -1.0150676665150515E-002
         183  0.31723280711191165       0.32734930403931306       -1.0116496927401408E-002
         184  0.31707464008620367       0.32715682406548918       -1.0082183979285508E-002
         185  0.31691791344666231       0.32696565238960962       -1.0047738942947304E-002
         186  0.31676261415289658       0.32677577708594407       -1.0013162933047492E-002
         187  0.31660872928121025       0.32658718633126826       -9.9784570500580094E-003
         188  0.31645624602362654       0.32639986840614515       -9.9436223825186132E-003
         189  0.31630515168684015       0.32621381169176522       -9.9086600049250739E-003
         190  0.31615543369123833       0.32602900467228824       -9.8735709810499062E-003
         191  0.31600707956987717       0.32584543593640963       -9.8383563665324636E-003
         192  0.31586007696752660       0.32566309416615480       -9.8030171986281944E-003
         193  0.31571441363965741       0.32548196814852659       -9.7675545088691806E-003
         194  0.31557007745149385       0.32530204676533242       -9.7319693138385732E-003
         195  0.31542705637703339       0.32512331899842611       -9.6962626213927261E-003
         196  0.31528533849810209       0.32494577392441654       -9.6604354263144510E-003
         197  0.31514491200340217       0.32476940071846544       -9.6244887150632730E-003
         198  0.31500576518758155       0.32459418864833506       -9.5884234607535035E-003
         199  0.31486788645028108       0.32442012707836909       -9.5522406280880157E-003
         200  0.31473126429524739       0.32424720546344338       -9.5159411681959849E-003
         201  0.31459588732937038       0.32407541335696666       -9.4795260275962745E-003
         202  0.31446174426181961       0.32390474039836298       -9.4429961365433690E-003
         203  0.31432882390311423       0.32373517632379623       -9.4063524206819960E-003
         204  0.31419711516425552       0.32356671095408351       -9.3695957898279891E-003
         205  0.31406660705580586       0.32339933420746636       -9.3327271516605026E-003
         206  0.31393728868704951       0.32323303608384424       -9.2957473967947291E-003
         207  0.31380914926510262       0.32306780667558926       -9.2586574104866481E-003
         208  0.31368217809405829       0.32290363616325168       -9.2214580691933890E-003
         209  0.31355636457411290       0.32274051481150107       -9.1841502373881667E-003
         210  0.31343169820074995       0.32257843297415373       -9.1467347734037752E-003
         211  0.31330816856387111       0.32241738108907042       -9.1092125251993061E-003
         212  0.31318576534698078       0.32225734967743097       -9.0715843304501886E-003
         213  0.31306447832634487       0.32209832934710830       -9.0338510207634282E-003
         214  0.31294429737018620       0.32194031078815077       -8.9960134179645768E-003
         215  0.31282521243785971       0.32178328477358442       -8.9580723357247094E-003
         216  0.31270721357905301       0.32162724215770394       -8.9200285786509292E-003
         217  0.31259029093298984       0.32147217387635474       -8.8818829433648938E-003
         218  0.31247443472763214       0.32131807094795689       -8.8436362203247465E-003
         219  0.31235963527889604       0.32116492446617051       -8.8052891872744676E-003
         220  0.31224588298988082       0.32101272560885880       -8.7668426189779769E-003
         221  0.31213316835008831       0.32086146563179169       -8.7282972817033788E-003
         222  0.31202148193466944       0.32071113586370098       -8.6896539290315378E-003
         223  0.31191081440364560       0.32056172771627262       -8.6509133126270177E-003
         224  0.31180115650117379       0.32041323267649707       -8.6120761753232800E-003
         225  0.31169249905480484       0.32026564230545829       -8.5731432506534477E-003
         226  0.31158483297472156       0.32011894824077974       -8.5341152660581843E-003
         227  0.31147814925303524       0.31997314219459411       -8.4949929415588654E-003
         228  0.31137243896302957       0.31982821595377575       -8.4557769907461777E-003
         229  0.31126769325846915       0.31968416137779687       -8.4164681193277247E-003
         230  0.31116390337285771       0.31954097039931179       -8.3770670264540770E-003
         231  0.31106106061875499       0.31939863502236909       -8.3375744036141008E-003
         232  0.31095915638706145       0.31925714732415228       -8.2979909370908267E-003
         233  0.31085818214631739       0.31911649945103487       -8.2583173047174885E-003
         234  0.31075812944203407       0.31897668362064074       -8.2185541786066740E-003
         235  0.31065898989598251       0.31883769212120550       -8.1787022252229891E-003
         236  0.31056075520554349       0.31869951730856427       -8.1387621030207802E-003
         237  0.31046341714300918       0.31856215160757034       -8.0987344645611636E-003
         238  0.31036696755493692       0.31842558751237282       -8.0586199574358974E-003
         239  0.31027139836148065       0.31828981758171004       -8.0184192202293891E-003
         240  0.31017670155573424       0.31815483444490222       -7.9781328891679881E-003
         241  0.31008286920308648       0.31802063079400517       -7.9377615909186905E-003
         242  0.30998989344058103       0.31788719938850829       -7.8973059479272578E-003
         243  0.30989776647626222       0.31775453305276097       -7.8567665764987527E-003
         244  0.30980648058856303       0.31762262467612484       -7.8161440875618160E-003
         245  0.30971602812566573       0.31749146721104637       -7.7754390853806421E-003
         246  0.30962640150488629       0.31736105367381534       -7.7346521689290459E-003
         247  0.30953759321205326       0.31723137714435773       -7.6937839323044654E-003
         248  0.30944959580089970       0.31710243076291628       -7.6528349620165748E-003
         249  0.30936240189245845       0.31697420773473278       -7.6118058422743329E-003
         250  0.30927600417446005       0.31684670132344045       -7.5706971489803987E-003
         251  0.30919039540074189       0.31671990485496093       -7.5295094542190411E-003
         252  0.30910556839065051       0.31659381171433620       -7.4882433236856949E-003
         253  0.30902151602846639       0.31646841534786524       -7.4468993193988475E-003
         254  0.30893823126281472       0.31634370926012062       -7.4054779973058982E-003
         255  0.30885570710609983       0.31621968701415581       -7.3639799080559842E-003
         256  0.30877393663393315       0.31609634223099847       -7.3224055970653179E-003
         257  0.30869291298455959       0.31597366859070880       -7.2807556061492140E-003
         258  0.30861262935831485       0.31585165982921592       -7.2390304709010755E-003
         259  0.30853307901705357       0.31573030973964450       -7.1972307225909304E-003
         260  0.30845425528361214       0.31560961217094768       -7.1553568873355400E-003
         261  0.30837615154125436       0.31548956102859343       -7.1134094873390730E-003
         262  0.30829876123313871       0.31537015027207432       -7.0713890389356160E-003
         263  0.30822207786177813       0.31525137391644387       -7.0292960546657346E-003
         264  0.30814609498850914       0.31513322603134081       -6.9871310428316624E-003
         265  0.30807080623296479       0.31501570073893165       -6.9448945059668588E-003
         266  0.30799620527256028       0.31489879221468403       -6.9025869421237562E-003
         267  0.30792228584196474       0.31478249468811165       -6.8602088461469091E-003
         268  0.30784904173259386       0.31466680244186318       -6.8177607092693160E-003
         269  0.30777646679210541       0.31455170980713709       -6.7752430150316845E-003
         270  0.30770455492388799       0.31443721117044338       -6.7326562465553907E-003
         271  0.30763330008656853       0.31432330096601580       -6.6900008794472665E-003
         272  0.30756269629351313       0.31420997368109826       -6.6472773875851376E-003
         273  0.30749273761233753       0.31409722385106781       -6.6044862387302783E-003
         274  0.30742341816442043       0.31398504606329158       -6.5616278988711585E-003
         275  0.30735473212442371       0.31387343495215925       -6.5187028277355341E-003
         276  0.30728667371981333       0.31376238520203870       -6.4757114822253659E-003
         277  0.30721923723038158       0.31365189154570222       -6.4326543153206406E-003
         278  0.30715241698778695       0.31354194876330316       -6.3895317755162107E-003
         279  0.30708620737508013       0.31343255168194012       -6.3463443068599856E-003
         280  0.30702060282624388       0.31332369517786973       -6.3030923516258497E-003
         281  0.30695559782574283       0.31321537417306944       -6.2597763473266066E-003
         282  0.30689118690806266       0.31310758363420277       -6.2163967261401054E-003
         283  0.30682736465726490       0.31300031857588984       -6.1729539186249349E-003
         284  0.30676412570653744       0.31289357405803742       -6.1294483514999776E-003
         285  0.30670146473776183       0.31278734518406542       -6.0858804463035931E-003
         286  0.30663937648106759       0.31268162710342573       -6.0422506223581363E-003
         287  0.30657785571439938       0.31257641500947747       -5.9985592950780875E-003
         288  0.30651689726309372       0.31247170413918252       -5.9548068760887918E-003
         289  0.30645649599944419       0.31236748977381412       -5.9109937743699326E-003
         290  0.30639664684228735       0.31226376723679616       -5.8671203945088179E-003
         291  0.30633734475657942       0.31216053189466791       -5.8231871380884925E-003
         292  0.30627858475298519       0.31205777915577632       -5.7791944027911213E-003
         293  0.30622036188745871       0.31195550447186793       -5.7351425844092141E-003
         294  0.30616267126084751       0.31185370333400814       -5.6910320731606290E-003
         295  0.30610550801848185       0.31175237127664157       -5.6468632581597178E-003
         296  0.30604886734977166       0.31165150387445034       -5.6026365246786836E-003
         297  0.30599274448781849       0.31155109674194420       -5.5583522541257091E-003
         298  0.30593713470901412       0.31145114553362446       -5.5140108246103381E-003
         299  0.30588203333265473       0.31135164594538484       -5.4696126127301015E-003
         300  0.30582743572055715       0.31125259371019182       -5.4251579896346658E-003
         301  0.30577333727666844       0.31115398460239591       -5.3806473257274612E-003
         302  0.30571973344669179       0.31105581443322899       -5.3360809865372061E-003
         303  0.30566661971770837       0.31095807905359985       -5.2914593358914797E-003
         304  0.30561399161780856       0.31086077435104764       -5.2467827332390859E-003
         305  0.30556184471571679       0.31076389625188350       -5.2020515361667075E-003
         306  0.30551017462042712       0.31066744071952462       -5.1572660990975017E-003
         307  0.30545897698084273       0.31057140375446407       -5.1124267736213369E-003
         308  0.30540824748541179       0.31047578139359649       -5.0675339081847071E-003
         309  0.30535798186177665       0.31038056971028966       -5.0225878485130049E-003
         310  0.30530817587641512       0.31028576481398640       -4.9775889375712756E-003
         311  0.30525882533429033       0.31019136284909399       -4.9325375148036588E-003
         312  0.30520992607850983       0.31009735999671634       -4.8874339182065074E-003
         313  0.30516147398997551       0.31000375247191503       -4.8422784819395215E-003
         314  0.30511346498703840       0.30991053652584150       -4.7970715388030993E-003
         315  0.30506589502517600       0.30981770844189366       -4.7518134167176540E-003
         316  0.30501876009664092       0.30972526453935989       -4.7065044427189728E-003
         317  0.30497205623013879       0.30963320117054366       -4.6611449404048710E-003
         318  0.30492577949049371       0.30954151472235797       -4.6157352318642597E-003
         319  0.30487992597832675       0.30945020161284859       -4.5702756345218365E-003
         320  0.30483449182972755       0.30935925829523875       -4.5247664655111985E-003
         321  0.30478947321593897       0.30926868125345175       -4.4792080375127830E-003
         322  0.30474486634303688       0.30917846700518897       -4.4336006621520929E-003
         323  0.30470066745161650       0.30908861209916011       -4.3879446475436068E-003
         324  0.30465687281647991       0.30899911311633727       -4.3422402998573584E-003
         325  0.30461347874632549       0.30890996666889142       -4.2964879225659280E-003
         326  0.30457048158344424       0.30882116940013948       -4.2506878166952422E-003
         327  0.30452787770341699       0.30873271798451518       -4.2048402810981877E-003
         328  0.30448566351480727       0.30864460912736391       -4.1589456125566415E-003
         329  0.30444383545887205       0.30855683956257857       -4.1130041037065190E-003
         330  0.30440239000925451       0.30846940605633555       -4.0670160470810401E-003
         331  0.30436132367171037       0.30838230540310646       -4.0209817313960894E-003
         332  0.30432063298379319       0.30829553442819702       -3.9749014444038222E-003
         333  0.30428031451458248       0.30820908998507879       -3.9287754704963040E-003
         334  0.30424036486439759       0.30812296895597452       -3.8826040915769244E-003
         335  0.30420078066451006       0.30803716825220473       -3.8363875876946674E-003
         336  0.30416155857686794       0.30795168481376306       -3.7901262368951194E-003
         337  0.30412269529381425       0.30786651560928291       -3.7438203154686600E-003
         338  0.30408418753781169       0.30778165763440968       -3.6974700965979879E-003
         339  0.30404603206117597       0.30769710791190363       -3.6510758507276586E-003
         340  0.30400822564580093       0.30761286349364003       -3.6046378478390984E-003
         341  0.30397076510288995       0.30752892145724148       -3.5581563543515271E-003
         342  0.30393364727269223       0.30744527890868778       -3.5116316359955491E-003
         343  0.30389686902424151       0.30736193297917047       -3.4650639549289597E-003
         344  0.30386042725509288       0.30727888082682991       -3.4184535717370346E-003
         345  0.30382431889106248       0.30719611963649268       -3.3718007454301979E-003
         346  0.30378854088597979       0.30711364661756324       -3.3251057315834553E-003
         347  0.30375309022142244       0.30703145900727796       -3.2783687858555233E-003
         348  0.30371796390647354       0.30694955406676644       -3.2315901602928965E-003
         349  0.30368315897747178       0.30686792908246835       -3.1847701049965704E-003
         350  0.30364867249775590       0.30678658136678078       -3.1379088690248746E-003
         351  0.30361450155743147       0.30670550825557719       -3.0910066981457152E-003
         352  0.30358064327312345       0.30662470711124235       -3.0440638381188934E-003
         353  0.30354709478773201       0.30654417531789185       -2.9970805301598458E-003
         354  0.30351385327019692       0.30646391028574455       -2.9500570155476247E-003
         355  0.30348091591527032       0.30638390944852512       -2.9029935332547940E-003
         356  0.30344827994326756       0.30630417026325046       -2.8558903199829011E-003
         357  0.30341594259984017       0.30622469021009130       -2.8087476102511277E-003
         358  0.30338390115575720       0.30614546679387838       -2.7615656381211884E-003
         359  0.30335215290666429       0.30606649754059650       -2.7143446339322197E-003
         360  0.30332069517285759       0.30598778000043281       -2.6670848275752168E-003
         361  0.30328952529907494       0.30590931174500685       -2.6197864459319153E-003
         362  0.30325864065425490       0.30583109037028700       -2.5724497160320992E-003
         363  0.30322803863133163       0.30575311349157935       -2.5250748602477224E-003
         364  0.30319771664701040       0.30567537874968820       -2.4776621026778023E-003
         365  0.30316767214155427       0.30559788380385222       -2.4302116622979542E-003
         366  0.30313790257856860       0.30552062633591320       -2.3827237573446070E-003
         367  0.30310840544478923       0.30544360405135434       -2.3351986065651142E-003
         368  0.30307917824987396       0.30536681467377913       -2.2876364239051705E-003
         369  0.30305021852619751       0.30529025594854114       -2.2400374223436326E-003
         370  0.30302152382863401       0.30521392564364525       -2.1924018150112357E-003
         371  0.30299309173436628       0.30513782154565250       -2.1447298112862168E-003
         372  0.30296491984267504       0.30506194146211835       -2.0970216194433067E-003
         373  0.30293700577474397       0.30498628322076432       -2.0492774460203478E-003
         374  0.30290934717345042       0.30491084466966706       -2.0014974962166421E-003
         375  0.30288194170318061       0.30483562367717748       -1.9536819739968680E-003
         376  0.30285478704962926       0.30476061812988109       -1.9058310802518297E-003
         377  0.30282788091960083       0.30468582593543636       -1.8579450158355271E-003
         378  0.30280122104082707       0.30461124501939602       -1.8100239785689420E-003
         379  0.30277480516177535       0.30453687332744650       -1.7620681656711490E-003
         380  0.30274863105144456       0.30446270882475679       -1.7140777733122281E-003
         381  0.30272269649920763       0.30438874949304295       -1.6660529938353208E-003
         382  0.30269699931459665       0.30431499333540135       -1.6179940208047028E-003
         383  0.30267153732714164       0.30424143837154494       -1.5699010444032990E-003
         384  0.30264630838617657       0.30416808263916190       -1.5217742529853306E-003
         385  0.30262131036066431       0.30409492419592898       -1.4736138352646755E-003
         386  0.30259654113901807       0.30402196111528729       -1.4254199762692155E-003
         387  0.30257199862891770       0.30394919149034316       -1.3771928614254580E-003
         388  0.30254768075714794       0.30387661343097017       -1.3289326738222251E-003
         389  0.30252358546941233       0.30380422506285504       -1.2806395934427117E-003
         390  0.30249971073016491       0.30373202453267545       -1.2323138025105429E-003
         391  0.30247605452244414       0.30366001000107234       -1.1839554786282069E-003
         392  0.30245261484769942       0.30358817964631929       -1.1355647986198703E-003
         393  0.30242938972562350       0.30351653166455239       -1.0871419389288928E-003
         394  0.30240637719399172       0.30344506426766338       -1.0386870736716625E-003
         395  0.30238357530848342       0.30337377568346480       -9.9020037498137592E-004
         396  0.30236098214254153       0.30330266415774160       -9.4168201520006267E-004
         397  0.30233859578719308       0.30323172795096792       -8.9313216377484572E-004
         398  0.30231641435089068       0.30316096534042591       -8.4455098953523100E-004
         399  0.30229443595936650       0.30309037461876287       -7.9593865939636688E-004
         400  0.30227265875546100       0.30301995409513088       -7.4729533966988448E-004
         401  0.30225108089897196       0.30294970209347022       -6.9862119449826121E-004
         402  0.30222970056650550       0.30287961695354448       -6.4991638703898458E-004
         403  0.30220851595131681       0.30280969703019539       -6.0118107887857652E-004
         404  0.30218752526315945       0.30273994069427895       -5.5241543111950175E-004
         405  0.30216672672813916       0.30267034633020740       -5.0361960206823930E-004
         406  0.30214611858855611       0.30260091233811448       -4.5479374955836871E-004
         407  0.30212569910276554       0.30253163713260006       -4.0593802983451832E-004
         408  0.30210546654503972       0.30246251914394662       -3.5705259890689289E-004
         409  0.30208541920539528       0.30239355681519203       -3.0813760979675475E-004
         410  0.30206555538947971       0.30232474860496822       -2.5919321548850682E-004
         411  0.30204587341841499       0.30225609298464540       -2.1021956623040738E-004
         412  0.30202637162865825       0.30218758844157767       -1.6121681291941803E-004
         413  0.30200704837185599       0.30211923347590891       -1.1218510405291982E-004
         414  0.30198790201472137       0.30205102660157912       -6.3124586857754572E-005
         415  0.30196893093888161       0.30198296634687477       -1.4035407993162607E-005
         416  0.30195013354074840       0.30191505125264356        3.5082288104837378E-005
         417  0.30193150823046772       0.30184728317634352        8.4225054124198451E-005
         418  0.30191305343546160       0.30177965408725665        1.3339934820494337E-004
         419  0.30189476759477085       0.30171216586314903        1.8260173162182314E-004
         420  0.30187664916261370       0.30164481709800395        2.3183206460974937E-004
         421  0.30185869660732723       0.30157760639825937        2.8109020906785798E-004
         422  0.30184090841124350       0.30151053238471226        3.3037602653124276E-004
         423  0.30182328307056255       0.30144359368986051        3.7968938070204183E-004
         424  0.30180581909523169       0.30137678895833558        4.2903013689610248E-004
         425  0.30178851500879728       0.30131011684889192        4.7839815990535772E-004
         426  0.30177136934831744       0.30124357603006718        5.2779331825025810E-004
         427  0.30175438066420546       0.30117716518440585        5.7721547979960874E-004
         428  0.30173754752012150       0.30111088300790512        6.2666451221637942E-004
         429  0.30172086849285695       0.30104472820399092        6.7614028886603394E-004
         430  0.30170434217220593       0.30097869949282774        7.2564267937819116E-004
         431  0.30168796716084795       0.30091279560328421        7.7517155756373635E-004
         432  0.30167174207424174       0.30084701527701618        8.2472679722556119E-004
         433  0.30165566554048867       0.30078135726782262        8.7430827266604672E-004
         434  0.30163973620023488       0.30071582033952554        9.2391586070933451E-004
         435  0.30162395270655040       0.30065040326772019        9.7354943883021239E-004
         436  0.30160831372480990       0.30058510483983375        1.0232088849761456E-003
         437  0.30159281793259890       0.30051992385316040        1.0728940794385022E-003
         438  0.30157746401957758       0.30045485911781405        1.1226049017635242E-003
         439  0.30156225068738929       0.30038990945340044        1.1723412339888495E-003
         440  0.30154717664954378       0.30032507369071526        1.2221029588285193E-003
         441  0.30153224063131628       0.30026035067127543        1.2718899600408506E-003
         442  0.30151744136962111       0.30019573924664322        1.3217021229778858E-003
         443  0.30150277761293265       0.30013123828067789        1.3715393322547564E-003
         444  0.30148824812115843       0.30006684664533484        1.4214014758235916E-003
         445  0.30147385166554824       0.30000256322409563        1.4712884414526117E-003
         446  0.30145958702857412       0.29993838691103081        1.5212001175433087E-003
         447  0.30144545300385195       0.29987431660841457        1.5711363954373780E-003
         448  0.30143144839601588       0.29981035123077571        1.6210971652401707E-003
         449  0.30141757202063812       0.29974648970175266        1.6710823188854640E-003
         450  0.30140382270411126       0.29968273095442655        1.7210917496847111E-003
         451  0.30139019928356409       0.29961907393100651        1.7711253525575787E-003
         452  0.30137670060675248       0.29955551758559962        1.8211830211528612E-003
         453  0.30136332553197204       0.29949206087970803        1.8712646522640042E-003
         454  0.30135007292795363       0.29942870278523931        1.9213701427143182E-003
         455  0.30133694167377090       0.29936544228254730        1.9714993912235967E-003
         456  0.30132393065875934       0.29930227836216361        2.0216522965957329E-003
         457  0.30131103878238930       0.29923921002463583        2.0718287577534689E-003
         458  0.30129826495421119       0.29917623627793538        2.1220286762758112E-003
         459  0.30128560809373778       0.29911335613858486        2.1722519551529151E-003
         460  0.30127306713036722       0.29905056863506668        2.2224984953005400E-003
         461  0.30126064100328565       0.29898787280144873        2.2727682018369166E-003
         462  0.30124832866137718       0.29892526768248945        2.3230609788877365E-003
         463  0.30123612906314823       0.29886275232979204        2.3733767333561917E-003
         464  0.30122404117661467       0.29880032580614557        2.4237153704690928E-003
         465  0.30121206397924694       0.29873798718145150        2.4740767977954325E-003
         466  0.30120019645784973       0.29867573553358207        2.5244609242676685E-003
         467  0.30118843760850411       0.29861356994959304        2.5748676589110731E-003
         468  0.30117678643646928       0.29855148952360822        2.6252969128610637E-003
         469  0.30116524195611022       0.29848949335941233        2.6757485966978911E-003
         470  0.30115380319079138       0.29842758056868129        2.7262226221100860E-003
         471  0.30114246917282100       0.29836575027027751        2.7767189025434957E-003
         472  0.30113123894335675       0.29830400159173742        2.8272373516193272E-003
         473  0.30112011155232332       0.29824233366744668        2.8777778848766422E-003
         474  0.30110908605833764       0.29818074564155428        2.9283404167833593E-003
         475  0.30109816152861923       0.29811923666425544        2.9789248643637967E-003
         476  0.30108733703893181       0.29805780589328851        3.0295311456433049E-003
         477  0.30107661167348948       0.29799645249619233        3.0801591772971482E-003
         478  0.30106598452487388       0.29793517564495453        3.1308088799193445E-003
         479  0.30105545469398065       0.29787397452187547        3.1814801721051778E-003
         480  0.30104502128992089       0.29781284831301646        3.2321729769044238E-003
         481  0.30103468342995687       0.29775179621676529        3.2828872131915876E-003
         482  0.30102444023942654       0.29769081743452436        3.3336228049021810E-003
         483  0.30101429085167031       0.29762991117627968        3.3843796753906252E-003
         484  0.30100423440795310       0.29756907665921317        3.4351577487399254E-003
         485  0.30099427005740165       0.29750831310790266        3.4859569494989917E-003
         486  0.30098439695692064       0.29744761975217793        3.5367772047427137E-003
         487  0.30097461427112715       0.29738699583188388        3.5876184392432675E-003
         488  0.30096492117228746       0.29732644059095187        3.6384805813355903E-003
         489  0.30095531684023635       0.29726595328113975        3.6893635590966034E-003
         490  0.30094580046230646       0.29720553316024584        3.7402673020606181E-003
         491  0.30093637123327471       0.29714517949366293        3.7911917396117878E-003
         492  0.30092702835528340       0.29708489155250262        3.8421368027807823E-003
         493  0.30091777103777040       0.29702466861551985        3.8931024222505495E-003
         494  0.30090859849740248       0.29696450996584167        3.9440885315608076E-003
         495  0.30089950995802756       0.29690441489530672        3.9950950627208326E-003
         496  0.30089050465058365       0.29684438270128566        4.0461219492979872E-003
         497  0.30088158181304514       0.29678441268640021        4.0971691266449284E-003
         498  0.30087274069036457       0.29672450416109392        4.1482365292706547E-003
         499  0.30086398053440017       0.29666465644060985        4.1993240937903131E-003
         500  0.30085530060385240       0.29660486884640014        4.2504317574522665E-003
         501  0.30084670016420956       0.29654514070655774        4.3015594576518157E-003
         502  0.30083817848767630       0.29648547135553821        4.3527071321380895E-003
         503  0.30082973485312459       0.29642586013269873        4.4038747204258599E-003
         504  0.30082136854601543       0.29636630638306088        4.4550621629545484E-003
         505  0.30081307885835018       0.29630680945897730        4.5062693993728753E-003
         506  0.30080486508861509       0.29624736871742674        4.5574963711883520E-003
         507  0.30079672654170847       0.29618798352034631        4.6087430213621605E-003
         508  0.30078866252889674       0.29612865323655008        4.6600092923466674E-003
         509  0.30078067236773592       0.29606937724056231        4.7112951271736092E-003
         510  0.30077275538204329       0.29601015491187616        4.7626004701671332E-003
         511  0.30076491090181123       0.29595098563495276        4.8139252668584764E-003
         512  0.30075713826316874       0.29589186879992541        4.8652694632433380E-003
         513  0.30074943680832039       0.29583280380346827        4.9166330048521223E-003
         514  0.30074180588548904       0.29577379004611476        4.9680158393742846E-003
         515  0.30073424484886235       0.29571482693411982        5.0194179147425300E-003
         516  0.30072675305853980       0.29565591388018719        5.0708391783526041E-003
         517  0.30071932988047428       0.29559705029916095        5.1222795813133382E-003
         518  0.30071197468642269       0.29553823561376541        5.1737390726572796E-003
         519  0.30070468685388985       0.29547946925159962        5.2252176022902219E-003
         520  0.30069746576608042       0.29542075064335249        5.2767151227279263E-003
         521  0.30069031081184494       0.29536207922668622        5.3282315851587159E-003
         522  0.30068322138562092       0.29530345444285599        5.3797669427649297E-003
         523  0.30067619688739639       0.29524487573837166        5.4313211490247260E-003
         524  0.30066923672263990       0.29518634256509541        5.4828941575444934E-003
         525  0.30066234030227779       0.29512785437876160        5.5344859235161858E-003
         526  0.30065550704260557       0.29506941064094622        5.5860964016593573E-003
         527  0.30064873636528611       0.29501101081732650        5.6377255479596045E-003
         528  0.30064202769725612       0.29495265437721829        5.6893733200378271E-003
         529  0.30063538047070337       0.29489434079608151        5.7410396746218617E-003
         530  0.30062879412301435       0.29483606955253316        5.7927245704811892E-003
         531  0.30062226809672821       0.29477784013178993        5.8444279649382813E-003
         532  0.30061580183947906       0.29471965202151507        5.8961498179639915E-003
         533  0.30060939480396320       0.29466150471345576        5.9478900905074461E-003
         534  0.30060304644787494       0.29460339770610533        5.9996487417696143E-003
         535  0.30059675623389254       0.29454533050040799        6.0514257334845500E-003
         536  0.30059052362959415       0.29448730260180972        6.1032210277844334E-003
         537  0.30058434810744145       0.29442931352076757        6.1550345866738798E-003
         538  0.30057822914472099       0.29437136277117454        6.2068663735464491E-003
         539  0.30057216622350158       0.29431344987086167        6.2587163526399148E-003
         540  0.30056615883059823       0.29425557434291327        6.3105844876849559E-003
         541  0.30056020645752102       0.29419773571320884        6.3624707443121764E-003
         542  0.30055430860043630       0.29413993351255335        6.4143750878829509E-003
         543  0.30054846476011599       0.29408216727528119        6.4662974848347932E-003
         544  0.30054267444191002       0.29402443654068355        6.5182379012264646E-003
         545  0.30053693715569496       0.29396674085001717        6.5701963056777890E-003
         546  0.30053125241583178       0.29390907975075642        6.6221726650753654E-003
         547  0.30052561974112008       0.29385145279178826        6.6741669493318168E-003
         548  0.30052003865478044       0.29379385952795384        6.7261791268266036E-003
         549  0.30051450868438767       0.29373629951575597        6.7782091686316992E-003
         550  0.30050902936183721       0.29367877231776174        6.8302570440754717E-003
         551  0.30050360022332145       0.29362127749878547        6.8823227245359830E-003
         552  0.30049822080926780       0.29356381462723735        6.9344061820304503E-003
         553  0.30049289066431889       0.29350638327632939        6.9865073879895045E-003
         554  0.30048760933728003       0.29344898302141759        7.0386263158624396E-003
         555  0.30048237638109043       0.29339161344106368        7.0907629400267513E-003
         556  0.30047719135278411       0.29333427411993668        7.1429172328474344E-003
         557  0.30047205381344139       0.29327696464335845        7.1950891700829356E-003
         558  0.30046696332816852       0.29321968460178699        7.2472787263815341E-003
         559  0.30046191946605699       0.29316243358873978        7.2994858773172133E-003
         560  0.30045692180012856       0.29310521120044714        7.3517105996814269E-003
         561  0.30045196990733031       0.29304801703716443        7.4039528701658752E-003
         562  0.30044706336847132       0.29299085070244069        7.4562126660306371E-003
         563  0.30044220176820052       0.29293371180265643        7.5084899655440962E-003
         564  0.30043738469497949       0.29287659994792892        7.5607847470505751E-003
         565  0.30043261174101793       0.29281951475086532        7.6130969901526124E-003
         566  0.30042788250227836       0.29276245582826693        7.6654266740114330E-003
         567  0.30042319657841010       0.29270542279888290        7.7177737795272039E-003
         568  0.30041855357273378       0.29264841528708607        7.7701382856477097E-003
         569  0.30041395309219743       0.29259143291586537        7.8225201763320595E-003
         570  0.30040939474735340       0.29253447531536358        7.8749194319898130E-003
         571  0.30040487815231326       0.29247754211646360        7.9273360358496636E-003
         572  0.30040040292473058       0.29242063295507686        7.9797699696537161E-003
         573  0.30039596868574581       0.29236374746710325        8.0322212186425546E-003
         574  0.30039157505998426       0.29230688529492693        8.0846897650573291E-003
         575  0.30038722167549148       0.29225004608051136        8.1371755949801172E-003
         576  0.30038290816373314       0.29219322947157805        8.1896786921550890E-003
         577  0.30037863415954197       0.29213643511651610        8.2421990430258663E-003
         578  0.30037439930109261       0.29207966266680074        8.2947366342918660E-003
         579  0.30037020322987801       0.29202291177844619        8.3472914514318153E-003
         580  0.30036604559067126       0.29196618210682868        8.3998634838425845E-003
         581  0.30036192603149398       0.29190947331461042        8.4524527168835517E-003
         582  0.30035784420359329       0.29185278506367474        8.5050591399185582E-003
         583  0.30035379976141641       0.29179611702067232        8.5576827407440881E-003
         584  0.30034979236256504       0.29173946885089330        8.6103235116717358E-003
         585  0.30034582166778234       0.29168284022826740        8.6629814395149385E-003
         586  0.30034188734090889       0.29162623082550021        8.7156565154086763E-003
         587  0.30033798904887077       0.29156964031799504        8.7683487308757302E-003
         588  0.30033412646164587       0.29151306838551194        8.8210580761339252E-003
         589  0.30033029925222654       0.29145651470769479        8.8737845445317487E-003
         590  0.30032650709660841       0.29139997896887732        8.9265281277310926E-003
         591  0.30032274967374017       0.29134346085460233        8.9792888191378428E-003
         592  0.30031902666552623       0.29128696005440330        9.0320666111229353E-003
         593  0.30031533775677022       0.29123047625876591        9.0848614980043041E-003
         594  0.30031168263517638       0.29117400916045011        9.1376734747262711E-003
         595  0.30030806099128948       0.29111755845520731        9.1905025360821679E-003
         596  0.30030447251850872       0.29106112384178245        9.2433486767262707E-003
         597  0.30030091691302252       0.29100470501944997        9.2962118935725480E-003
         598  0.30029739387380905       0.29094830169130226        9.3490921825067907E-003
         599  0.30029390310261134       0.29089191356236233        9.4019895402490117E-003
         600  0.30029044430388641       0.29083554033945719        9.4549039644292177E-003
         601  0.30028701718481354       0.29077918173210526        9.5078354527082798E-003
         602  0.30028362145523796       0.29072283745134220        9.5607840038957614E-003
         603  0.30028025682767762       0.29066650721117615        9.6137496165014658E-003
         604  0.30027692301727499       0.29061019072780925        9.6667322894657404E-003
         605  0.30027361974177824       0.29055388771815693        9.7197320236213081E-003
         606  0.30027034672152181       0.29049759790285046        9.7727488186713507E-003
         607  0.30026710367941223       0.29044132100425579        9.8257826751564359E-003
         608  0.30026389034087325       0.29038505674685650        9.8788335940167560E-003
         609  0.30026070643385616       0.29032880485616586        9.9319015776903052E-003
         610  0.30025755168880652       0.29027256506022353        9.9849866285829925E-003
         611  0.30025442583862838       0.29021633709070277        1.0038088747925611E-002
         612  0.30025132861867293       0.29016012067796859        1.0091207940704339E-002
         613  0.30024825976672859       0.29010391555721832        1.0144344209510270E-002
         614  0.30024521902296181       0.29004772146525459        1.0197497557707214E-002
         615  0.30024220612993946       0.28999153813838857        1.0250667991550888E-002
         616  0.30023922083257626       0.28993536531764097        1.0303855514935290E-002
         617  0.30023626287812005       0.28987920274512119        1.0357060132998863E-002
         618  0.30023333201614583       0.28982305016266929        1.0410281853476533E-002
         619  0.30023042799850597       0.28976690731821275        1.0463520680293215E-002
         620  0.30022755057933193       0.28971077395706568        1.0516776622266244E-002
         621  0.30022469951501252       0.28965464982925948        1.0570049685753036E-002
         622  0.30022187456415900       0.28959853468525176        1.0623339878907234E-002
         623  0.30021907548760379       0.28954242827822679        1.0676647209376999E-002
         624  0.30021630204834965       0.28948633036098842        1.0729971687361228E-002
         625  0.30021355401159372       0.28943024069180651        1.0783313319787213E-002
         626  0.30021083114466468       0.28937415902729741        1.0836672117367274E-002
         627  0.30020813321703826       0.28931808512564000        1.0890048091398263E-002
         628  0.30020546000028520       0.28926201875000723        1.0943441250277963E-002
         629  0.30020281126808041       0.28920595966180346        1.0996851606276947E-002
         630  0.30020018679615873       0.28914990762601434        1.1050279170144395E-002
         631  0.30019758636232602       0.28909386240821427        1.1103723954111744E-002
         632  0.30019500974641122       0.28903782377642490        1.1157185969986327E-002
         633  0.30019245673025835       0.28898179149847292        1.1210665231785433E-002
         634  0.30018992709771902       0.28892576534658748        1.1264161751131541E-002
         635  0.30018742063461179       0.28886974509197721        1.1317675542634575E-002
         636  0.30018493712873040       0.28881373050884318        1.1371206619887220E-002
         637  0.30018247636979950       0.28875772137226874        1.1424754997530762E-002
         638  0.30018003814947730       0.28870171745906459        1.1478320690412713E-002
         639  0.30017762226132516       0.28864571854606608        1.1531903715259084E-002
         640  0.30017522850080386       0.28858972441474146        1.1585504086062404E-002
         641  0.30017285666523275       0.28853373484543227        1.1639121819800480E-002
         642  0.30017050655380401       0.28847774962002676        1.1692756933777249E-002
         643  0.30016817796753242       0.28842176852343321        1.1746409444099215E-002
         644  0.30016587070926903       0.28836579134040941        1.1800079368859628E-002
         645  0.30016358458366565       0.28830981785695947        1.1853766726706183E-002
         646  0.30016131939715862       0.28825384786219710        1.1907471534961522E-002
         647  0.30015907495796162       0.28819788114449746        1.1961193813464166E-002
         648  0.30015685107604589       0.28814191749427848        1.2014933581767417E-002
         649  0.30015464756311921       0.28808595670472803        1.2068690858391184E-002
         650  0.30015246423261749       0.28802999856837325        1.2122465664244242E-002
         651  0.30015030089967842       0.28797404287911521        1.2176258020563213E-002
         652  0.30014815738114248       0.28791808943338271        1.2230067947759771E-002
         653  0.30014603349552221       0.28786213802807642        1.2283895467445793E-002
         654  0.30014392906299353       0.28780618846228245        1.2337740600711078E-002
         655  0.30014184390537485       0.28775024053272852        1.2391603372646331E-002
         656  0.30013977784612766       0.28769429404343150        1.2445483802696167E-002
         657  0.30013773071031863       0.28763834879444633        1.2499381915872299E-002
         658  0.30013570232462244       0.28758240458855977        1.2553297736062674E-002
         659  0.30013369251729527       0.28752646123113518        1.2607231286160092E-002
         660  0.30013170111817744       0.28747051852735700        1.2661182590820441E-002
         661  0.30012972795865461       0.28741457628253270        1.2715151676121916E-002
         662  0.30012777287166992       0.28735863430428316        1.2769138567386762E-002
         663  0.30012583569168216       0.28730269240292100        1.2823143288761163E-002
         664  0.30012391625468121       0.28724675038658837        1.2877165868092844E-002
         665  0.30012201439815056       0.28719080806715974        1.2931206330990819E-002
         666  0.30012012996105497       0.28713486525597631        1.2985264705078658E-002
         667  0.30011826278385351       0.28707892176607341        1.3039341017780093E-002
         668  0.30011641270845341       0.28702297741188415        1.3093435296569256E-002
         669  0.30011457957820453       0.28696703200810442        1.3147547570100115E-002
         670  0.30011276323790936       0.28691108537035254        1.3201677867556827E-002
         671  0.30011096353377237       0.28685513731691864        1.3255826216853728E-002
         672  0.30010918031341788       0.28679918766434020        1.3309992649077673E-002
         673  0.30010741342586428       0.28674323623157494        1.3364177194289339E-002
         674  0.30010566272151717       0.28668728284021572        1.3418379881301457E-002
         675  0.30010392805213842       0.28663132730986257        1.3472600742275853E-002
         676  0.30010220927086395       0.28657536946343110        1.3526839807432856E-002
         677  0.30010050623216195       0.28651940912227064        1.3581097109891305E-002
         678  0.30009881879184047       0.28646344611144586        1.3635372680394608E-002
         679  0.30009714680702471       0.28640748025436935        1.3689666552655355E-002
         680  0.30009549013615383       0.28635151137735776        1.3743978758796072E-002
         681  0.30009384863895927       0.28629553930534274        1.3798309333616532E-002
         682  0.30009222217645148       0.28623956386794824        1.3852658308503241E-002
         683  0.30009061061093267       0.28618358489153761        1.3907025719395061E-002
         684  0.30008901380594449       0.28612760220475969        1.3961411601184803E-002
         685  0.30008743162628954       0.28607161563889422        1.4015815987395319E-002
         686  0.30008586393800823       0.28601562502289385        1.4070238915114386E-002
         687  0.30008431060836771       0.28595963018933540        1.4124680419032309E-002
         688  0.30008277150585178       0.28590363096934451        1.4179140536507262E-002
         689  0.30008124650014073       0.28584762719592721        1.4233619304213518E-002
         690  0.30007973546211653       0.28579161870386516        1.4288116758251368E-002
         691  0.30007823826384938       0.28573560532664333        1.4342632937206057E-002
         692  0.30007675477856222       0.28567958689949507        1.4397167879067141E-002
         693  0.30007528488065810       0.28562356325926719        1.4451721621390912E-002
         694  0.30007382844568437       0.28556753424132791        1.4506294204356451E-002
         695  0.30007238535032099       0.28551149968356854        1.4560885666752454E-002
         696  0.30007095547238916       0.28545545942513079        1.4615496047258369E-002
         697  0.30006953869081976       0.28539941330271529        1.4670125388104471E-002
         698  0.30006813488565831       0.28534336115806053        1.4724773727597784E-002
         699  0.30006674393804494       0.28528730283027065        1.4779441107774294E-002
         700  0.30006536573021053       0.28523123816056128        1.4834127569649247E-002
         701  0.30006400014546647       0.28517516698957812        1.4888833155888348E-002
         702  0.30006264706819269       0.28511908915957723        1.4943557908615457E-002
         703  0.30006130638382295       0.28506300451434047        1.4998301869482478E-002
         704  0.30005997797884265       0.28500691289695052        1.5053065081892136E-002
         705  0.30005866174078494       0.28495081415078166        1.5107847590003276E-002
         706  0.30005735755819873       0.28489470812104306        1.5162649437155673E-002
         707  0.30005606532066875       0.28483859465245726        1.5217470668211497E-002
         708  0.30005478491877713       0.28478247359126430        1.5272311327512833E-002
         709  0.30005351624411969       0.28472634478359515        1.5327171460524536E-002
         710  0.30005225918927875       0.28467020807663879        1.5382051112639961E-002
         711  0.30005101364781878       0.28461406331796113        1.5436950329857646E-002
         712  0.30004977951428691       0.28455791035425637        1.5491869160030536E-002
         713  0.30004855668418884       0.28450174903655079        1.5546807647638050E-002
         714  0.30004734505399233       0.28444557921222857        1.5601765841763759E-002
         715  0.30004614452110784       0.28438940073162439        1.5656743789483452E-002
         716  0.30004495498389416       0.28433321344396867        1.5711741539925494E-002
         717  0.30004377634162949       0.28427701720100806        1.5766759140621422E-002
         718  0.30004260849452835       0.28422081185331927        1.5821796641209085E-002
         719  0.30004145134370680       0.28416459725255916        1.5876854091147641E-002
         720  0.30004030479119609       0.28410837325070343        1.5931931540492661E-002
         721  0.30003916873991088       0.28405213970078658        1.5987029039124301E-002
         722  0.30003804309367521       0.28399589645498063        1.6042146638694577E-002
         723  0.30003692775718199       0.28393964336778282        1.6097284389399169E-002
         724  0.30003582263599260       0.28388338029237120        1.6152442343621398E-002
         725  0.30003472763654265       0.28382710708359615        1.6207620552946500E-002
         726  0.30003364266612043       0.28377082359576156        1.6262819070358869E-002
         727  0.30003256763287162       0.28371452968341887        1.6318037949452746E-002
         728  0.30003150244576710       0.28365822520372469        1.6373277242042406E-002
         729  0.30003044701462395       0.28360191001104701        1.6428537003576937E-002
         730  0.30002940125008370       0.28354558396324542        1.6483817286838287E-002
         731  0.30002836506360187       0.28348924691526117        1.6539118148340692E-002
         732  0.30002733836744916       0.28343289872574873        1.6594439641700431E-002
         733  0.30002632107469485       0.28337653925146417        1.6649781823230680E-002
         734  0.30002531309921993       0.28332016834995105        1.6705144749268874E-002
         735  0.30002431435566634       0.28326378588033502        1.6760528475331327E-002
         736  0.30002332475948351       0.28320739169995995        1.6815933059523558E-002
         737  0.30002234422688562       0.28315098566793351        1.6871358558952110E-002
         738  0.30002137267484902       0.28309456764364926        1.6926805031199754E-002
         739  0.30002041002112528       0.28303813748605439        1.6982272535070897E-002
         740  0.30001945618419623       0.28298169505610699        1.7037761128089246E-002
         741  0.30001851108332001       0.28292524021278964        1.7093270870530364E-002
         742  0.30001757463846340       0.28286877281586464        1.7148801822598758E-002
         743  0.30001664677035383       0.28281229272765235        1.7204354042701486E-002
         744  0.30001572740042559       0.28275579980775234        1.7259927592673252E-002
         745  0.30001481645084055       0.28269929391744281        1.7315522533397742E-002
         746  0.30001391384446935       0.28264277491832612        1.7371138926143226E-002
         747  0.30001301950490028       0.28258624267186022        1.7426776833040059E-002
         748  0.30001213335640631       0.28252969703996639        1.7482436316439920E-002
         749  0.30001125532396206       0.28247313788426537        1.7538117439696688E-002
         750  0.30001038533322949       0.28241656506899288        1.7593820264236615E-002
         751  0.30000952331054792       0.28235997845465488        1.7649544855893040E-002
         752  0.30000866918294072       0.28230337790369947        1.7705291279241253E-002
         753  0.30000782287808686       0.28224676328055837        1.7761059597528495E-002
         754  0.30000698432433148       0.28219013444819374        1.7816849876137741E-002
         755  0.30000615345068538       0.28213349126953580        1.7872662181149579E-002
         756  0.30000533018680009       0.28207683360755620        1.7928496579243891E-002
         757  0.30000451446297460       0.28202016132757107        1.7984353135403530E-002
         758  0.30000370621013928       0.28196347429119301        1.8040231918946270E-002
         759  0.30000290535987123       0.28190677236451833        1.8096132995352898E-002
         760  0.30000211184436459       0.28185005541090652        1.8152056433458075E-002
         761  0.30000132559643622       0.28179332329357420        1.8208002302862014E-002
         762  0.30000054654951669       0.28173657587824202        1.8263970671274665E-002
         763  0.29999977463765282       0.28167981302888689        1.8319961608765922E-002
         764  0.29999900979548677       0.28162303461048005        1.8375975185006721E-002
         765  0.29999825195827012       0.28156624048805945        1.8432011470210674E-002
         766  0.29999750106182943       0.28150943052630423        1.8488070535525203E-002
         767  0.29999675704260376       0.28145260458914095        1.8544152453462803E-002
         768  0.29999601983759350       0.28139576254282628        1.8600257294767220E-002
         769  0.29999528938438530       0.28133890425243335        1.8656385131951947E-002
         770  0.29999456562114013       0.28128202958317056        1.8712536037969574E-002
         771  0.29999384848657934       0.28122513839969704        1.8768710086882301E-002
         772  0.29999313791998722       0.28116823056799239        1.8824907351994824E-002
         773  0.29999243386120317       0.28111130595306011        1.8881127908143058E-002
         774  0.29999173625062237       0.28105436442029003        1.8937371830332339E-002
         775  0.29999104502917640       0.28099740583587440        1.8993639193301992E-002
         776  0.29999036013835240       0.28094043006493447        1.9049930073417931E-002
         777  0.29998968152016214       0.28088343697273760        1.9106244547424545E-002
         778  0.29998900911715298       0.28082642642538957        1.9162582691763408E-002
         779  0.29998834287239740       0.28076939828787428        1.9218944584523112E-002
         780  0.29998768272948567       0.28071235242622516        1.9275330303260507E-002
         781  0.29998702863253029       0.28065528870623163        1.9331739926298663E-002
         782  0.29998638052615761       0.28059820699215132        1.9388173534006292E-002
         783  0.29998573835549003       0.28054110715124192        1.9444631204248108E-002
         784  0.29998510206616819       0.28048398904885408        1.9501113017314109E-002
         785  0.29998447160431585       0.28042685254922539        1.9557619055090458E-002
         786  0.29998384691655727       0.28036969751859625        1.9614149397961023E-002
         787  0.29998322795000953       0.28031252382183480        1.9670704128174732E-002
         788  0.29998261465226655       0.28025533132528624        1.9727283326980316E-002
         789  0.29998200697140970       0.28019811989383825        1.9783887077571449E-002
         790  0.29998140485598179       0.28014088939306958        1.9840515462912212E-002
         791  0.29998080825502116       0.28008363968718214        1.9897168567839019E-002
         792  0.29998021711800477       0.28002637064208474        1.9953846475920023E-002
         793  0.29997963139489442       0.27996908212270893        2.0010549272185485E-002
         794  0.29997905103610284       0.27991177399313061        2.0067277042972231E-002
         795  0.29997847599248934       0.27985444611983856        2.0124029872650773E-002
         796  0.29997790621538128       0.27979709836565309        2.0180807849728200E-002
         797  0.29997734165652695       0.27973973059646451        2.0237611060062444E-002
         798  0.29997678226814245       0.27968234267671549        2.0294439591426960E-002
         799  0.29997622800286594       0.27962493446943476        2.0351293533431181E-002
         800  0.29997567881376319       0.27956750584017515        2.0408172973588046E-002
         801  0.29997513465435754       0.27951005665324574        2.0465078001111803E-002
         802  0.29997459547857108       0.27945258677131546        2.0522008707255623E-002
         803  0.29997406124075332       0.27939509605891405        2.0578965181839270E-002
         804  0.29997353189567966       0.27933758437897249        2.0635947516707165E-002
         805  0.29997300739854088       0.27928005159639979        2.0692955802141089E-002
         806  0.29997248770492507       0.27922249757289236        2.0749990132032714E-002
         807  0.29997197277084103       0.27916492217191946        2.0807050598921573E-002
         808  0.29997146255268975       0.27910732525693649        2.0864137295753260E-002
         809  0.29997095700728310       0.27904970669066442        2.0921250316618678E-002
         810  0.29997045609181233       0.27899206633470686        2.0978389757105476E-002
         811  0.29996995976388013       0.27893440405197911        2.1035555711901022E-002
         812  0.29996946798146468       0.27887671970407907        2.1092748277385609E-002
         813  0.29996898070292832       0.27881901315355867        2.1149967549369653E-002
         814  0.29996849788702667       0.27876128426201224        2.1207213625014432E-002
         815  0.29996801949287849       0.27870353288966038        2.1264486603218113E-002
         816  0.29996754547999199       0.27864575889860710        2.1321786581384894E-002
         817  0.29996707580822368       0.27858796214945258        2.1379113658771098E-002
         818  0.29996661043782680       0.27853014250293584        2.1436467934890957E-002
         819  0.29996614932939342       0.27847229981973726        2.1493849509656160E-002
         820  0.29996569244389509       0.27841443395886090        2.1551258485034197E-002
         821  0.29996523974264666       0.27835654478090094        2.1608694961745722E-002
         822  0.29996479118732644       0.27829863214512879        2.1666159042197652E-002
         823  0.29996434673996297       0.27824069591106115        2.1723650828901819E-002
         824  0.29996390636292936       0.27818273593685439        2.1781170426074969E-002
         825  0.29996347001894230       0.27812475208171561        2.1838717937226693E-002
         826  0.29996303767106686       0.27806674420387162        2.1896293467195238E-002
         827  0.29996260928269319       0.27800871216172285        2.1953897120970345E-002
         828  0.29996218481756393       0.27795065581167849        2.2011529005885433E-002
         829  0.29996176423974308       0.27789257501196846        2.2069189227774622E-002
         830  0.29996134751362502       0.27783446961932667        2.2126877894298347E-002
         831  0.29996093460392897       0.27777633949041447        2.2184595113514505E-002
         832  0.29996052547570673       0.27771818448130575        2.2242340994400978E-002
         833  0.29996012009431677       0.27766000444803113        2.2300115646285645E-002
         834  0.29995971842544433       0.27760179924560469        2.2357919179839647E-002
         835  0.29995932043508761       0.27754356872937697        2.2415751705710640E-002
         836  0.29995892608954722       0.27748531275426486        2.2473613335282361E-002
         837  0.29995853535544292       0.27742703117503720        2.2531504180405726E-002
         838  0.29995814819970507       0.27736872384489719        2.2589424354807874E-002
         839  0.29995776458954942       0.27731039061751184        2.2647373972037588E-002
         840  0.29995738449250009       0.27725203134597576        2.2705353146524332E-002
         841  0.29995700787639334       0.27719364588288625        2.2763361993507092E-002
         842  0.29995663470933132       0.27713523408088336        2.2821400628447952E-002
         843  0.29995626495973193       0.27707679579110267        2.2879469168629263E-002
         844  0.29995589859629440       0.27701833086545924        2.2937567730835162E-002
         845  0.29995553558800164       0.27695983915497563        2.2995696433026014E-002
         846  0.29995517590412729       0.27690132050957988        2.3053855394547407E-002
         847  0.29995481951422015       0.27684277477913999        2.3112044735080162E-002
         848  0.29995446638810896       0.27678420181329655        2.3170264574812416E-002
         849  0.29995411649590692       0.27672560146161745        2.3228515034289465E-002
         850  0.29995376980798566       0.27666697357137066        2.3286796236615004E-002
         851  0.29995342629500504       0.27660831799203883        2.3345108302966211E-002
         852  0.29995308592787900       0.27654963457003706        2.3403451357841942E-002
         853  0.29995274867779825       0.27649092315302087        2.3461825524777380E-002
         854  0.29995241451621402       0.27643218358636346        2.3520230929850561E-002
         855  0.29995208341483975       0.27637341571708557        2.3578667697754185E-002
         856  0.29995175534563873       0.27631461939022889        2.3637135955409838E-002
         857  0.29995143028085153       0.27625579445006304        2.3695635830788486E-002
         858  0.29995110819294896       0.27619694074151380        2.3754167451435160E-002
         859  0.29995078905467815       0.27613805810804526        2.3812730946632887E-002
         860  0.29995047283901233       0.27607914639310521        2.3871326445907115E-002
         861  0.29995015951919163       0.27602020543803812        2.3929954081153504E-002
         862  0.29994984906868405       0.27596123508646137        2.3988613982222684E-002
         863  0.29994954146121983       0.27590223517839363        2.4047306282826197E-002
         864  0.29994923667074724       0.27584320555516251        2.4106031115584736E-002
         865  0.29994893467148070       0.27578414605656792        2.4164788614912780E-002
         866  0.29994863543784683       0.27572505652204032        2.4223578915806510E-002
         867  0.29994833894451273       0.27566593679164914        2.4282402152863591E-002
         868  0.29994804516638629       0.27560678670136918        2.4341258465017113E-002
         869  0.29994775407859836       0.27554760609080808        2.4400147987790277E-002
         870  0.29994746565650976       0.27548839479543369        2.4459070861076071E-002
         871  0.29994717987570135       0.27542915265229001        2.4518027223411343E-002
         872  0.29994689671197805       0.27536987949661901        2.4577017215359043E-002
         873  0.29994661614137869       0.27531057516342111        2.4636040977957574E-002
         874  0.29994633814014959       0.27525123948673647        2.4695098653413128E-002
         875  0.29994606268476259       0.27519187230031272        2.4754190384449870E-002
         876  0.29994578975188863       0.27513247343659164        2.4813316315296985E-002
         877  0.29994551931844049       0.27507304272751709        2.4872476590923398E-002
         878  0.29994525136151501       0.27501358000483717        2.4931671356677843E-002
         879  0.29994498585843404       0.27495408509848668        2.4990900759947365E-002
         880  0.29994472278672402       0.27489455783825484        2.5050164948469178E-002
         881  0.29994446212411258       0.27483499805349909        2.5109464070613485E-002
         882  0.29994420384853893       0.27477540557280039        2.5168798275738535E-002
         883  0.29994394793813722       0.27471578022334436        2.5228167714792860E-002
         884  0.29994369437124929       0.27465612183123389        2.5287572540015402E-002
         885  0.29994344312641213       0.27459643022292862        2.5347012903483512E-002
         886  0.29994319418235182       0.27453670522415380        2.5406488958198026E-002
         887  0.29994294751800560       0.27447694665787958        2.5466000860126015E-002
         888  0.29994270311248478       0.27441715434791220        2.5525548764572581E-002
         889  0.29994246094510468       0.27435732811770203        2.5585132827402657E-002
         890  0.29994222099537099       0.27429746778780151        2.5644753207569482E-002
         891  0.29994198324296462       0.27423757317970937        2.5704410063255245E-002
         892  0.29994174766776954       0.27417764411334861        2.5764103554420936E-002
         893  0.29994151424984211       0.27411768040776185        2.5823833842080257E-002
         894  0.29994128296941586       0.27405768188107654        2.5883601088339314E-002
         895  0.29994105380693098       0.27399764835141693        2.5943405455514046E-002
         896  0.29994082674297690       0.27393757963389614        2.6003247109080752E-002
         897  0.29994060175833565       0.27387747554486852        2.6063126213467125E-002
         898  0.29994037883396646       0.27381733589866236        2.6123042935304097E-002
         899  0.29994015795099660       0.27375716050915999        2.6182997441836608E-002
         900  0.29993993909073768       0.27369694918826476        2.6242989902472924E-002
         901  0.29993972223465309       0.27363670174858201        2.6303020486071083E-002
         902  0.29993950736439901       0.27357641800025223        2.6363089364146775E-002
         903  0.29993929446177731       0.27351609775293162        2.6423196708845686E-002
         904  0.29993908350877319       0.27345574081537832        2.6483342693394862E-002
         905  0.29993887448752860       0.27339534699569140        2.6543527491837193E-002
         906  0.29993866738034664       0.27333491610029992        2.6603751280046717E-002
         907  0.29993846216971048       0.27327444793435407        2.6664014235356415E-002
         908  0.29993825883823805       0.27321394230313029        2.6724316535107762E-002
         909  0.29993805736872731       0.27315339900942159        2.6784658359305713E-002
         910  0.29993785774411269       0.27309281785680140        2.6845039887311295E-002
         911  0.29993765994751048       0.27303219864496536        2.6905461302545119E-002
         912  0.29993746396217547       0.27297154117596761        2.6965922786207852E-002
         913  0.29993726977152257       0.27291084524724252        2.7026424524280057E-002
         914  0.29993707735910208       0.27285011065762155        2.7086966701480530E-002
         915  0.29993688670864310       0.27278933720435167        2.7147549504291435E-002
         916  0.29993669780399468       0.27272852468259506        2.7208173121399615E-002
         917  0.29993651062918059       0.27266767288690102        2.7268837742279561E-002
         918  0.29993632516835000       0.27260678161070157        2.7329543557648439E-002
         919  0.29993614140581032       0.27254585064647296        2.7390290759337355E-002
         920  0.29993595932600398       0.27248487978479174        2.7451079541212231E-002
         921  0.29993577891351836       0.27242386881531622        2.7511910098202141E-002
         922  0.29993560015309362       0.27236281752659514        2.7572782626498482E-002
         923  0.29993542302958637       0.27230172570692973        2.7633697322656636E-002
         924  0.29993524752800832       0.27224059314050225        2.7694654387506068E-002
         925  0.29993507363350774       0.27217941961363656        2.7755654019871179E-002
         926  0.29993490133136846       0.27211820490909822        2.7816696422270248E-002
         927  0.29993473060700815       0.27205694880902975        2.7877781797978396E-002
         928  0.29993456144596864       0.27199565109440788        2.7938910351560764E-002
         929  0.29993439383393700       0.27193431154449238        2.8000082289444617E-002
         930  0.29993422775672629       0.27187292993754814        2.8061297819178155E-002
         931  0.29993406320028476       0.27181150605055859        2.8122557149726168E-002
         932  0.29993390015067178       0.27175003965853134        2.8183860492140445E-002
         933  0.29993373859410499       0.27168853053532810        2.8245208058776894E-002
         934  0.29993357851689878       0.27162697845429662        2.8306600062602161E-002
         935  0.29993341990550743       0.27156538318517143        2.8368036720335998E-002
         936  0.29993326274650312       0.27150374449968445        2.8429518246818664E-002
         937  0.29993310702658893       0.27144206216354511        2.8491044863043824E-002
         938  0.29993295273258574       0.27138033594591732        2.8552616786668428E-002
         939  0.29993279985142896       0.27131856561057938        2.8614234240849579E-002
         940  0.29993264837019001       0.27125675092235074        2.8675897447839271E-002
         941  0.29993249827603846       0.27119489164226179        2.8737606633776669E-002
         942  0.29993234955626741       0.27113298753179549        2.8799362024471920E-002
         943  0.29993220219830341       0.27107103834968660        2.8861163848616811E-002
         944  0.29993205618966540       0.27100904385399360        2.8923012335671794E-002
         945  0.29993191151799992       0.27094700380019249        2.8984907717807429E-002
         946  0.29993176817105971       0.27088491794263514        2.9046850228424570E-002
         947  0.29993162613671293       0.27082278603341703        2.9108840103295897E-002
         948  0.29993148540293768       0.27076060782522737        2.9170877577710308E-002
         949  0.29993134595782733       0.27069838306570376        2.9232962892123571E-002
         950  0.29993120778957771       0.27063611150373978        2.9295096285837929E-002
         951  0.29993107088649290       0.27057379288394545        2.9357278002547449E-002
         952  0.29993093523699288       0.27051142695143621        2.9419508285556673E-002
         953  0.29993080082958767       0.27044901344889638        2.9481787380691293E-002
         954  0.29993066765290610       0.27038655211639945        2.9544115536506654E-002
         955  0.29993053569567796       0.27032404269277699        2.9606493002900969E-002
         956  0.29993040494673934       0.27026148491601087        2.9668920030728463E-002
         957  0.29993027539501699       0.27019887851964397        2.9731396875373017E-002
         958  0.29993014702955384       0.27013622323894493        2.9793923790608912E-002
         959  0.29993001983947898       0.27007351880415098        2.9856501035327998E-002
         960  0.29992989381403146       0.27001076494536247        2.9919128868668987E-002
         961  0.29992976894254647       0.26994796138976512        2.9981807552781348E-002
         962  0.29992964521445525       0.26988510786434405        3.0044537350111200E-002
         963  0.29992952261928840       0.26982220409084551        3.0107318528442895E-002
         964  0.29992940114666483       0.26975924979272092        3.0170151353943908E-002
         965  0.29992928078630865       0.26969624468951270        3.0233036096795951E-002
         966  0.29992916152803051       0.26963318849845636        3.0295973029574153E-002
         967  0.29992904336174570       0.26957008093433649        3.0358962427409208E-002
         968  0.29992892627744100       0.26950692171309565        3.0422004564345351E-002
         969  0.29992881026522566       0.26944371054419997        3.0485099721025699E-002
         970  0.29992869531525884       0.26938044713777959        3.0548248177479254E-002
         971  0.29992858141783146       0.26931713120068906        3.0611450217142400E-002
         972  0.29992846856329358       0.26925376243772664        3.0674706125566942E-002
         973  0.29992835674209756       0.26919034055289909        3.0738016189198469E-002
         974  0.29992824594478329       0.26912686524541568        3.0801380699367609E-002
         975  0.29992813616197328       0.26906333621341066        3.0864799948562616E-002
         976  0.29992802738436908       0.26899975315388375        3.0928274230485331E-002
         977  0.29992791960277476       0.26893611576022830        3.0991803842546461E-002
         978  0.29992781280806763       0.26887242372297093        3.1055389085096696E-002
         979  0.29992770699120275       0.26880867673188197        3.1119030259320779E-002
         980  0.29992760214322745       0.26874487447305695        3.1182727670170496E-002
         981  0.29992749825527654       0.26868101663092592        3.1246481624350619E-002
         982  0.29992739531855583       0.26861710288668256        3.1310292431873277E-002
         983  0.29992729332434603       0.26855313291997918        3.1374160404366858E-002
         984  0.29992719226402503       0.26848910640643758        3.1438085857587450E-002
         985  0.29992709212903645       0.26842502302204330        3.1502069106993158E-002
         986  0.29992699291090141       0.26836088243587120        3.1566110475030218E-002
         987  0.29992689460122868       0.26829668431824982        3.1630210282978855E-002
         988  0.29992679719170795       0.26823242833556338        3.1694368856144572E-002
         989  0.29992670067407695       0.26816811415016484        3.1758586523912113E-002
         990  0.29992660504018309       0.26810374142435128        3.1822863615831809E-002
         991  0.29992651028192657       0.26803930981405816        3.1887200467868415E-002
         992  0.29992641639129247       0.26797481897753328        3.1951597413759192E-002
         993  0.29992632336032748       0.26791026856473743        3.2016054795590054E-002
         994  0.29992623118116513       0.26784565822596113        3.2080572955204001E-002
         995  0.29992613984600930       0.26778098760854385        3.2145152237465446E-002
         996  0.29992604934712258       0.26771625635531543        3.2209792991807151E-002
         997  0.29992595967685004       0.26765146410838303        3.2274495568467010E-002
         998  0.29992587082760458       0.26758661050415861        3.2339260323445973E-002
         999  0.29992578279186344       0.26752169517860491        3.2404087613258525E-002
        1000  0.29992569556218029       0.26745671776238039        3.2468977799799903E-002
