           1   1.8513582527109651      -0.18270022843438483     
           2   1.8606558086152925      -0.18361855378764780     
           3   1.8699961783661367      -0.18453675783071599     
           4   1.8792633178816358      -0.18544690567483446     
           5   1.8884597694128307      -0.18634910327246690     
           6   1.8975860370813638      -0.18724340075251344     
           7   1.9066426535189247      -0.18812984919296394     
           8   1.9156301499921256      -0.18900849973291578     
           9   1.9245490515957102      -0.18987940329090058     
          10   1.9333998857756229      -0.19074261101967238     
          11   1.9421831730138961      -0.19159817379467814     
          12   1.9508994342758066      -0.19244614260591675     
          13   1.9595491865183785      -0.19328656831253799     
          14   1.9681329463461599      -0.19411950182602578     
          15   1.9766512237274223      -0.19494499377361851     
          16   1.9851045307359247      -0.19576309495139910     
          17   1.9934933727670983      -0.19657385585431264     
          18   2.0018182554653423      -0.19737732703559541     
          19   2.0100796816674693      -0.19817355893883004     
          20   2.0182781482456256      -0.19896260172423297     
          21   2.0264141543689362      -0.19974450569920954     
          22   2.0344881923667657      -0.20051932083387669     
          23   2.0425007547929628      -0.20128709712048920     
          24   2.0504523299339419      -0.20204788433802179     
          25   2.0583434033731320      -0.20280173212648123     
          26   2.0661744591320828      -0.20354869004134368     
          27   2.0739459767240374      -0.20428880739642530     
          28   2.0816584349830269      -0.20502213345559017     
          29   2.0893123084013321      -0.20574871724082122     
          30   2.0969080694711941      -0.20646860764659714     
          31   2.1044461878762597      -0.20718185339538930     
          32   2.1119271301069871      -0.20788850301277240     
          33   2.1193513604535368      -0.20858860487562225     
          34   2.1267193404115066      -0.20928220717524582     
          35   2.1340315276058699      -0.20996935786121629     
          36   2.1412883784002088      -0.21065010476825119     
          37   2.1484903459423199      -0.21132449551571408     
          38   2.1556378801856013      -0.21199257750318168     
          39   2.1627314281227545      -0.21265439792107266     
          40   2.1697714346367527      -0.21331000378797249     
          41   2.1767583410916234      -0.21395944187755411     
          42   2.1836925870072657      -0.21460275880080548     
          43   2.1905746081060027      -0.21524000090472928     
          44   2.1974048374904878      -0.21587121432678114     
          45   2.2041837065547343      -0.21649644503973953     
          46   2.2109116425084716      -0.21711573872534462     
          47   2.2175890705199026      -0.21772914087762540     
          48   2.2242164119950592      -0.21833669671678013     
          49   2.2307940872625918      -0.21893845131693546     
          50   2.2373225127078662      -0.21953444946576983     
          51   2.2438021015911844      -0.22012473570098479     
          52   2.2502332652102672      -0.22070935436489769     
          53   2.2566164120700054      -0.22128834956280397     
          54   2.2629519471668309      -0.22186176512619493     
          55   2.2692402733127950      -0.22242964467542681     
          56   2.2754817903928548      -0.22299203158075276     
          57   2.2816768957415792      -0.22354896898143117     
          58   2.2878259834896064      -0.22410049974994628     
          59   2.2939294450375254      -0.22464666651613374     
          60   2.2999876694735035      -0.22518751168276729     
          61   2.3060010434175733      -0.22572307741830056     
          62   2.3119699496352171      -0.22625340559079543     
          63   2.3178947686604241      -0.22677853784316238     
          64   2.3237758789940957      -0.22729851559856851     
          65   2.3296136551515008      -0.22781337997105755     
          66   2.3354084702761320      -0.22832317188685902     
          67   2.3411606939679253      -0.22882793197888329     
          68   2.3468706935693269      -0.22932770064941010     
          69   2.3525388329504735      -0.22982251801026088     
          70   2.3581654746324574      -0.23031242398218943     
          71   2.3637509768670029      -0.23079745815782093     
          72   2.3692956969648167      -0.23127765995470551     
          73   2.3747999880800013      -0.23175306846834420     
          74   2.3802642015508773      -0.23222372257691060     
          75   2.3856886859837769      -0.23268966089976661     
          76   2.3910737875375458      -0.23315092180985442     
          77   2.3964198493004290      -0.23360754340487855     
          78   2.4017272118659836      -0.23405956353400459     
          79   2.4069962135642404      -0.23450701980586253     
          80   2.4122271896928171      -0.23494994955551363     
          81   2.4174204737841607      -0.23538838990068545     
          82   2.4225763957511472      -0.23582237765703251     
          83   2.4276952836520711      -0.23625194941943661     
          84   2.4327774631059964      -0.23667714153371655     
          85   2.4378232563755744      -0.23709799005623200     
          86   2.4428329845677919      -0.23751453085170304     
          87   2.4478069648314733      -0.23792679946947981     
          88   2.4527455130044959      -0.23833483125933874     
          89   2.4576489418554854      -0.23873866129460097     
          90   2.4625175615499586      -0.23913832439318128     
          91   2.4673516803360540      -0.23953385514731718     
          92   2.4721516036963971      -0.23992528788607004     
          93   2.4769176347812443      -0.24031265669508173     
          94   2.4816500743285994      -0.24069599541297038     
          95   2.4863492204146698      -0.24107533762070066     
          96   2.4910153691826227      -0.24145071667313101     
          97   2.4956488141584137      -0.24182216567072512     
          98   2.5002498462390537      -0.24218971745759887     
          99   2.5048187547081868      -0.24255340466656250     
         100   2.5093558258159545      -0.24291325965900512     
         101   2.5138613436545700      -0.24326931456089440     
         102   2.5183355900426760      -0.24362160126061116     
         103   2.5227788449687303      -0.24397015142539313     
         104   2.5271913852877574      -0.24431499644928500     
         105   2.5315734862466832      -0.24465616751566355     
         106   2.5359254205767945      -0.24499369556122463     
         107   2.5402474584727650      -0.24532761127393687     
         108   2.5445398685750882      -0.24565794513606232     
         109   2.5488029168625452      -0.24598472737767807     
         110   2.5530368671601282      -0.24630798799824749     
         111   2.5572419811190246      -0.24662775676656690     
         112   2.5614185182276610      -0.24694406322123097     
         113   2.5655667357720526      -0.24725693667106086     
         114   2.5696868889007334      -0.24756640619581383     
         115   2.5737792307625376      -0.24787250065463518     
         116   2.5778440122557145      -0.24817524867564789     
         117   2.5818814821220917      -0.24847467865954442     
         118   2.5858918869484038      -0.24877081878153717     
         119   2.5898754714920638      -0.24906369700435338     
         120   2.5938324783710183      -0.24935334106719864     
         121   2.5977631478827510      -0.24963977847722774     
         122   2.6016677184974357      -0.24992303653221448     
         123   2.6055464267772721      -0.25020314231712959     
         124   2.6093995068688267      -0.25048012268364950     
         125   2.6132271913627374      -0.25075400428623418     
         126   2.6170297105986497      -0.25102481355506434     
         127   2.6208072930812367      -0.25129257671250649     
         128   2.6245601650271886      -0.25155731975611850     
         129   2.6282885512778567      -0.25181906849648517     
         130   2.6319926741232003      -0.25207784850988535     
         131   2.6356727543247351      -0.25233368518027000     
         132   2.6393290106702216      -0.25258660368237784     
         133   2.6429616598823564      -0.25283662897876802     
         134   2.6465709170370100      -0.25308378583666524     
         135   2.6501569951885613      -0.25332809881474727     
         136   2.6537201053960846      -0.25356959226416098     
         137   2.6572604574728280      -0.25380829035883856     
         138   2.6607782585736417      -0.25404421704150781     
         139   2.6642737145299820      -0.25427739607545341     
         140   2.6677470292489565      -0.25450785102315709     
         141   2.6711984050729245      -0.25473560526017103     
         142   2.6746280421719106      -0.25496068195251098     
         143   2.6780361392095373      -0.25518310408293843     
         144   2.6814228929733539      -0.25540289443855535     
         145   2.6847884986664985      -0.25562007562133715     
         146   2.6881331495630567      -0.25583467003640425     
         147   2.6914570373727851      -0.25604669990672768     
         148   2.6947603521212762      -0.25625618726951149     
         149   2.6980432819722018      -0.25646315396988584     
         150   2.7013060135797495      -0.25666762167461865     
         151   2.7045487318302208      -0.25686961186463719     
         152   2.7077716200731849      -0.25706914584282359     
         153   2.7109748598294754      -0.25726624472482218     
         154   2.7141586312693238      -0.25746092945746035     
         155   2.7173231127316160      -0.25765322080149833     
         156   2.7204684810493065      -0.25784313934473335     
         157   2.7235949113287665      -0.25803070549466245     
         158   2.7267025773521953      -0.25821593949361876     
         159   2.7297916510260700      -0.25839886140003987     
         160   2.7328623029903572      -0.25857949111065981     
         161   2.7359147021570425      -0.25875784834557258     
         162   2.7389490159858321      -0.25893395265814778     
         163   2.7419654104764937      -0.25910782343586369     
         164   2.7449640499937642      -0.25927947989469757     
         165   2.7479450974323267      -0.25944894108634209     
         166   2.7509087143175068      -0.25961622590152977     
         167   2.7538550607030414      -0.25978135306853734     
         168   2.7567842949393744      -0.25994434114448772     
         169   2.7596965742167252      -0.26010520853614238     
         170   2.7625920541908435      -0.26026397348760000     
         171   2.7654708890692272      -0.26042065408325321     
         172   2.7683332315762232      -0.26057526824804444     
         173   2.7711792333217660      -0.26072783376129038     
         174   2.7740090441497967      -0.26087836823410981     
         175   2.7768228127353707      -0.26102688913162897     
         176   2.7796206864183990      -0.26117341376729897     
         177   2.7824028111451167      -0.26131795930265511     
         178   2.7851693314416242      -0.26146054274565422     
         179   2.7879203904592655      -0.26160118095473983     
         180   2.7906561303618145      -0.26173989065184511     
         181   2.7933766916862721      -0.26187668840152956     
         182   2.7960822135972774      -0.26201159061999402     
         183   2.7987728343297755      -0.26214461359215946     
         184   2.8014486903990261      -0.26227577344393094     
         185   2.8041099175074784      -0.26240508617548919     
         186   2.8067566497639853      -0.26253256763393296     
         187   2.8093890201451934      -0.26265823353070328     
         188   2.8120071603640766      -0.26278209943771191     
         189   2.8146112010366133      -0.26290418079346090     
         190   2.8172012714749983      -0.26302449289710772     
         191   2.8197774995668752      -0.26314305090433354     
         192   2.8223400124231399      -0.26325986985149630     
         193   2.8248889356089859      -0.26337496462895338     
         194   2.8274243937481747      -0.26348835000291615     
         195   2.8299465101432704      -0.26360004060292486     
         196   2.8324554070769747      -0.26371005093330435     
         197   2.8349512055205666      -0.26381839536353535     
         198   2.8374340254879113      -0.26392508814115345     
         199   2.8399039857219512      -0.26403014338188591     
         200   2.8423612040591393      -0.26413357508267854     
         201   2.8448057968662073      -0.26423539710288857     
         202   2.8472378798077447      -0.26433562319187232     
         203   2.8496575671106013      -0.26443426696389061     
         204   2.8520649723197358      -0.26453134192512362     
         205   2.8544602074144430      -0.26462686144365133     
         206   2.8568433837995530      -0.26472083878437935     
         207   2.8592146115691888      -0.26481328708453056     
         208   2.8615739997411951      -0.26490421936210673     
         209   2.8639216564789542      -0.26499364852434137     
         210   2.8662576887424778      -0.26508158735629905     
         211   2.8685822025589323      -0.26516804853084519     
         212   2.8708953030507978      -0.26525304461034782     
         213   2.8731970941764788      -0.26533658803832161     
         214   2.8754876789798400      -0.26541869114860983     
         215   2.8777671595020915      -0.26549936616317549     
         216   2.8800356368677238      -0.26557862519539999     
         217   2.8822932112184345      -0.26565648024860788     
         218   2.8845399816133765      -0.26573294321364749     
         219   2.8867760464723125      -0.26580802588383001     
         220   2.8890015029631875      -0.26588173993531417     
         221   2.8912164473600774      -0.26595409693997496     
         222   2.8934209753444797      -0.26602510837555116     
         223   2.8956151813143864      -0.26609478560361843     
         224   2.8977991588579495      -0.26616313988577289     
         225   2.8999730007810918      -0.26623018238534435     
         226   2.9021367989243059      -0.26629592416171377     
         227   2.9042906442646048      -0.26636037617428432     
         228   2.9064346268576724      -0.26642354928148038     
         229   2.9085688359582855      -0.26648545424489889     
         230   2.9106933599311740      -0.26654610172727988     
         231   2.9128082863495015      -0.26660550229622260     
         232   2.9149137018436244      -0.26666366641962203     
         233   2.9170096923253568      -0.26672060447396451     
         234   2.9190963428235337      -0.26677632673916829     
         235   2.9211737374953772      -0.26683084339968488     
         236   2.9232419597884345      -0.26688416455056263     
         237   2.9253010923176559      -0.26693630019340642     
         238   2.9273512168185820      -0.26698726023620356     
         239   2.9293924144184138      -0.26703705450191428     
         240   2.9314247652252297      -0.26708569271621840     
         241   2.9334483487962997      -0.26713318452314816     
         242   2.9354632438051174      -0.26717953947475070     
         243   2.9374695281903000      -0.26722476703625109     
         244   2.9394672791109082      -0.26726887658559662     
         245   2.9414565730266173      -0.26731187741631679     
         246   2.9434374856449068      -0.26735377873635979     
         247   2.9454100918869828      -0.26739458966755070     
         248   2.9473744660843555      -0.26743431925238870     
         249   2.9493306816472495      -0.26747297644393697     
         250   2.9512788114532609      -0.26751057011894908     
         251   2.9532189275864504      -0.26754710906982293     
         252   2.9551511014949394      -0.26758260201004891     
         253   2.9570754038403937      -0.26761705757036847     
         254   2.9589919046578452      -0.26765048430394334     
         255   2.9609006733141241      -0.26768289068554285     
         256   2.9628017785153644      -0.26771428511260087     
         257   2.9646952882187616      -0.26774467590242690     
         258   2.9665812697960856      -0.26777407129863917     
         259   2.9684597899365386      -0.26780247946748936     
         260   2.9703309147028909      -0.26782990850113642     
         261   2.9721947094645724      -0.26785636641522803     
         262   2.9740512390226237      -0.26788186115406987     
         263   2.9759005675041350      -0.26790640058698312     
         264   2.9777427583842240      -0.26792999251009686     
         265   2.9795778746007526      -0.26795264464993007     
         266   2.9814059784758284      -0.26797436466184710     
         267   2.9832271316535950      -0.26799516012812408     
         268   2.9850413951266193      -0.26801503855956721     
         269   2.9868488294993294      -0.26803400740402417     
         270   2.9886494945531288      -0.26805207403324172     
         271   2.9904434496832106      -0.26806924575682611     
         272   2.9922307535572368      -0.26808552981258682     
         273   2.9940114643915523      -0.26810093337478058     
         274   2.9957856396928046      -0.26811546354708504     
         275   2.9975533365393487      -0.26812912737154537     
         276   2.9993146113817137      -0.26814193182282597     
         277   3.0010695201182749      -0.26815388381108374     
         278   3.0028181181354774      -0.26816499018331008     
         279   3.0045604603132232      -0.26817525772430884     
         280   3.0062966008682745      -0.26818469315207683     
         281   3.0080265935501265      -0.26819330312437373     
         282   3.0097504916755677      -0.26820109423985983     
         283   3.0114683479148567      -0.26820807303236904     
         284   3.0131802144342732      -0.26821424597535692     
         285   3.0148861429786016      -0.26821961948504480     
         286   3.0165861847117257      -0.26822419991561119     
         287   3.0182803903113977      -0.26822799356299409     
         288   3.0199688099759792      -0.26823100666485367     
         289   3.0216514933632013      -0.26823324539984306     
         290   3.0233284897058921      -0.26823471589059711     
         291   3.0249998477238140      -0.26823542420227753     
         292   3.0266656156955727      -0.26823537634452332     
         293   3.0283258413356342      -0.26823457826865216     
         294   3.0299805720301158      -0.26823303587448777     
         295   3.0316298545705962      -0.26823075500336824     
         296   3.0332737353245016      -0.26822774144312334     
         297   3.0349122602476566      -0.26822400092905152     
         298   3.0365454748483414      -0.26821953914319163     
         299   3.0381734240954468      -0.26821436171193014     
         300   3.0397961526537922      -0.26820847421331617     
         301   3.0414137046091034      -0.26820188216924379     
         302   3.0430261237288034      -0.26819459105349264     
         303   3.0446334532694683      -0.26818660628656055     
         304   3.0462357361432435      -0.26817793324074923     
         305   3.0478330147808430      -0.26816857723637355     
         306   3.0494253312101836      -0.26815854354468716     
         307   3.0510127270370950      -0.26814783738743131     
         308   3.0525952434828034      -0.26813646393838653     
         309   3.0541729213501836      -0.26812442832258476     
         310   3.0557458010373209      -0.26811173561729529     
         311   3.0573139225963919      -0.26809839085357101     
         312   3.0588773256015656      -0.26808439901332193     
         313   3.0604360493053866      -0.26806976503363700     
         314   3.0619901324950596      -0.26805449380338509     
         315   3.0635396137072011      -0.26803859016942688     
         316   3.0650845309931865      -0.26802205893021114     
         317   3.0666249220770001      -0.26800490484091544     
         318   3.0681608242519784      -0.26798713261016704     
         319   3.0696922745611044      -0.26796874690624861     
         320   3.0712193095537605      -0.26794975234983909     
         321   3.0727419655313977      -0.26793015352167426     
         322   3.0742602783527540      -0.26790995495719905     
         323   3.0757742835854072      -0.26788916115112826     
         324   3.0772840164116659      -0.26786777655510807     
         325   3.0787895116892359      -0.26784580557971882     
         326   3.0802908039305819      -0.26782325259401940     
         327   3.0817879272955553      -0.26780012192607394     
         328   3.0832809155917866      -0.26777641786267292     
         329   3.0847698023970334      -0.26775214465348984     
         330   3.0862546208290040      -0.26772730650461529     
         331   3.0877354037685087      -0.26770190758517831     
         332   3.0892121836935331      -0.26767595202323147     
         333   3.0906849928236251      -0.26764944390958068     
         334   3.0921538630818488      -0.26762238729727095     
         335   3.0936188260496107      -0.26759478620060762     
         336   3.0950799129868263      -0.26756664459589796     
         337   3.0965371548212066      -0.26753796642143435     
         338   3.0979905822288067      -0.26750875557999887     
         339   3.0994402256173483      -0.26747901593865642     
         340   3.1008861149981914      -0.26744875132555990     
         341   3.1023282801759038      -0.26741796553515229     
         342   3.1037667505715296      -0.26738666232386610     
         343   3.1052015554101033      -0.26735484541536980     
         344   3.1066327235961091      -0.26732251849744149     
         345   3.1080602837240634      -0.26728968522238450     
         346   3.1094842641890099      -0.26725634921063435     
         347   3.1109046929838877      -0.26722251404486030     
         348   3.1123215979212713      -0.26718818327701044     
         349   3.1137350065362703      -0.26715336042516391     
         350   3.1151449460414926      -0.26711804897303359     
         351   3.1165514434588291      -0.26708225237367245     
         352   3.1179545254322845      -0.26704597404446151     
         353   3.1193542184988767      -0.26700921737498007     
         354   3.1207505488160403      -0.26697198571938330     
         355   3.1221435423134163      -0.26693428240120021     
         356   3.1235332246855170      -0.26689611071320574     
         357   3.1249196213965731      -0.26685747391769699     
         358   3.1263027575760223      -0.26681837524382246     
         359   3.1276826582213682      -0.26677881789339164     
         360   3.1290593479999114      -0.26673880503600422     
         361   3.1304328514125244      -0.26669833981301494     
         362   3.1318031926047905      -0.26665742533331915     
         363   3.1331703956488739      -0.26661606468074694     
         364   3.1345344841882876      -0.26657426090488645     
         365   3.1358954818219322      -0.26653201703157858     
         366   3.1372534118610003      -0.26648933605646086     
         367   3.1386082972618858      -0.26644622094366532     
         368   3.1399601609364325      -0.26640267463396317     
         369   3.1413090255221672      -0.26635870003919582     
         370   3.1426549133382742      -0.26631430004093648     
         371   3.1439978466018816      -0.26626947749670116     
         372   3.1453378472769140      -0.26622423523615790     
         373   3.1466749371223846      -0.26617857606210027     
         374   3.1480091376710098      -0.26613250275068356     
         375   3.1493404702132302      -0.26608601805119125     
         376   3.1506689559223977      -0.26603912468886737     
         377   3.1519946156744640      -0.26599182536099519     
         378   3.1533174702224431      -0.26594412274133461     
         379   3.1546375400626232      -0.26589601947694330     
         380   3.1559548454623010      -0.26584751818920527     
         381   3.1572694066178473      -0.26579862147771749     
         382   3.1585812433745026      -0.26574933191363126     
         383   3.1598903754901659      -0.26569965204624246     
         384   3.1611968225430718      -0.26564958440120368     
         385   3.1625006038197467      -0.26559913147746528     
         386   3.1638017385404296      -0.26554829575347494     
         387   3.1651002456293185      -0.26549707968135738     
         388   3.1663961438808457      -0.26544548569140680     
         389   3.1676894519942826      -0.26539351619275919     
         390   3.1689801882806905      -0.26534117356685183     
         391   3.1702683710528179      -0.26528846017672159     
         392   3.1715540184050082      -0.26523537836208266     
         393   3.1728371482023943      -0.26518193043891625     
         394   3.1741177781811594      -0.26512811870253561     
         395   3.1753959259436706      -0.26507394542702833     
         396   3.1766716088296643      -0.26501941286289821     
         397   3.1779448440942564      -0.26496452324097852     
         398   3.1792156487837149      -0.26490927877000292     
         399   3.1804840398091474      -0.26485368163826362     
         400   3.1817500338748865      -0.26479773401245321     
         401   3.1830136475738420      -0.26474143803945527     
         402   3.1842748973111363      -0.26468479584522075     
         403   3.1855337993549160      -0.26462780953585607     
         404   3.1867903697609004      -0.26457048119611226     
         405   3.1880446245178029      -0.26451281289289419     
         406   3.1892965794140400      -0.26445480667228427     
         407   3.1905462500987278      -0.26439646456110655     
         408   3.1917936520141534      -0.26433778856542300     
         409   3.1930388005465948      -0.26427878067442911     
         410   3.1942817108647570      -0.26421944285669241     
         411   3.1955223980781740      -0.26415977706373184     
         412   3.1967608770394902      -0.26409978522609556     
         413   3.1979971625239636      -0.26403946925708510     
         414   3.1992312691701548      -0.26397883105188846     
         415   3.2004632114354199      -0.26391787248663423     
         416   3.2016930036949276      -0.26385659542067330     
         417   3.2029205699290877      -0.26379500699155400     
         418   3.2041461048838862      -0.26373309846020021     
         419   3.2053695318673099      -0.26367087689172397     
         420   3.2065908648674548      -0.26360834408085321     
         421   3.2078101176050002      -0.26354550179972058     
         422   3.2090273035813843      -0.26348235180159829     
         423   3.2102424362253226      -0.26341889582411859     
         424   3.2114555288599824      -0.26335513558889012     
         425   3.2126665945963380      -0.26329107279856512     
         426   3.2138756465513199      -0.26322670914276536     
         427   3.2150826976244091      -0.26316204629262252     
         428   3.2162877605200388      -0.26309708590138126     
         429   3.2174908480680608      -0.26303182961210503     
         430   3.2186919727117282      -0.26296627904567416     
         431   3.2198911469477660      -0.26290043581165801     
         432   3.2210883830882899      -0.26283430150217590     
         433   3.2222836932970300      -0.26276787769343457     
         434   3.2234770897037759      -0.26270116594807824     
         435   3.2246685842923206      -0.26263416781304816     
         436   3.2258581889058200      -0.26256688481957724     
         437   3.2270459153453026      -0.26249931848571872     
         438   3.2282317751948577      -0.26243147031237424     
         439   3.2294157800141372      -0.26236334178771870     
         440   3.2305979412299726      -0.26229493438501894     
         441   3.2317782701601372      -0.26222624956307516     
         442   3.2329567780466086      -0.26215728876736311     
         443   3.2341334759316385      -0.26208805342693431     
         444   3.2353083748747240      -0.26201854495991839     
         445   3.2364814857699176      -0.26194876476895246     
         446   3.2376528193812923      -0.26187871424267772     
         447   3.2388223864846108      -0.26180839475832585     
         448   3.2399901976283920      -0.26173780767706489     
         449   3.2411562633085049      -0.26166695434783449     
         450   3.2423205939438655      -0.26159583610671611     
         451   3.2434831998878488      -0.26152445427732651     
         452   3.2446440912724102      -0.26145281016792943     
         453   3.2458032782615969      -0.26138090507620948     
         454   3.2469607708629957      -0.26130874028622753     
         455   3.2481165790486424      -0.26123631707038708     
         456   3.2492707126461609      -0.26116363668748122     
         457   3.2504231813481259      -0.26109070038310733     
         458   3.2515739948492928      -0.26101750939244894     
         459   3.2527231627806237      -0.26094406493903488     
         460   3.2538706945188287      -0.26087036823099297     
         461   3.2550165995271412      -0.26079642046811546     
         462   3.2561608870882237      -0.26072222283608593     
         463   3.2573035664874417      -0.26064777651112703     
         464   3.2584446467924852      -0.26057308265468659     
         465   3.2595841370574350      -0.26049814241833680     
         466   3.2607220462819768      -0.26042295694299877     
         467   3.2618583833408543      -0.26034752735685007     
         468   3.2629931570877133      -0.26027185477862247     
         469   3.2641263762190014      -0.26019594031398530     
         470   3.2652580493639078      -0.26011978505796396     
         471   3.2663881851181720      -0.26004339009569311     
         472   3.2675167919624220      -0.25996675650054879     
         473   3.2686438783521643      -0.25988988533634227     
         474   3.2697694525679721      -0.25981277765406929     
         475   3.2708935228992031      -0.25973543449611025     
         476   3.2720160975709374      -0.25965785689451071     
         477   3.2731371846121022      -0.25958004586846872     
         478   3.2742567921485874      -0.25950200243029364     
         479   3.2753749280697986      -0.25942372757895793     
         480   3.2764916004000040      -0.25934522230736157     
         481   3.2776068168117427      -0.25926648759288629     
         482   3.2787205851400061      -0.25918752440754478     
         483   3.2798329130712611      -0.25910833371202724     
         484   3.2809438082184434      -0.25902891645718107     
         485   3.2820532781051810      -0.25894927358374709     
         486   3.2831613302825660      -0.25886940602464481     
         487   3.2842679720613135      -0.25878931470026068     
         488   3.2853732108402927      -0.25870900052428869     
         489   3.2864770538915344      -0.25862846439994680     
         490   3.2875795084529216      -0.25854770722185361     
         491   3.2886805816585074      -0.25846672987459840     
         492   3.2897802806138809      -0.25838553323464364     
         493   3.2908786123036466      -0.25830411816793664     
         494   3.2919755837638203      -0.25822248553394722     
         495   3.2930712018402328      -0.25814063618074901     
         496   3.2941654733605255      -0.25805857094854190     
         497   3.2952584051488385      -0.25797629066972849     
         498   3.2963500038815643      -0.25789379616648045     
         499   3.2974402762439858      -0.25781108825385690     
         500   3.2985292288586376      -0.25772816773822615     
         501   3.2996168682585392      -0.25764503541708539     
         502   3.3007032008956645      -0.25756169207881019     
         503   3.3017882332195310      -0.25747813850499401     
         504   3.3028719716337900      -0.25739437546888322     
         505   3.3039544223999862      -0.25731040373427660     
         506   3.3050355917918246      -0.25722622405799722     
         507   3.3061154860596362      -0.25714183718930972     
         508   3.3071941113387973      -0.25705724386882878     
         509   3.3082714736980079      -0.25697244482874382     
         510   3.3093475791863161      -0.25688744079433867     
         511   3.3104224338265671      -0.25680223248335921     
         512   3.3114960435747820      -0.25671682060592627     
         513   3.3125684142715857      -0.25663120586308619     
         514   3.3136395517862276      -0.25654538895012102     
         515   3.3147094619115509      -0.25645937055427126     
         516   3.3157781503252126      -0.25637315135404659     
         517   3.3168456228160688      -0.25628673202377783     
         518   3.3179118849715707      -0.25620011322759328     
         519   3.3189769423502202      -0.25611329562272456     
         520   3.3200408005528619      -0.25602627986116744     
         521   3.3211034650358431      -0.25593906658571353     
         522   3.3221649412738627      -0.25585165643339458     
         523   3.3232252346719413      -0.25576405003412273     
         524   3.3242843505678037      -0.25567624801001720     
         525   3.3253422942929123      -0.25558825097744986     
         526   3.3263990710810076      -0.25550005954481847     
         527   3.3274546861448542      -0.25541167431449541     
         528   3.3285091447123136      -0.25532309588264912     
         529   3.3295624518802138      -0.25523432483792163     
         530   3.3306146127777545      -0.25514536176322355     
         531   3.3316656323776046      -0.25505620723321876     
         532   3.3327155157166741      -0.25496686181771722     
         533   3.3337642678095762      -0.25487732608061719     
         534   3.3348118934999262      -0.25478760057732242     
         535   3.3358583976905689      -0.25469768585828323     
         536   3.3369037852310321      -0.25460758246777360     
         537   3.3379480608926659      -0.25451729094306508     
         538   3.3389912294411386      -0.25442681181593141     
         539   3.3400332956180154      -0.25433614561213158     
         540   3.3410742640652002      -0.25424529285049768     
         541   3.3421141394506488      -0.25415425404502479     
         542   3.3431529263621385      -0.25406302970260342     
         543   3.3441906293658938      -0.25397162032494247     
         544   3.3452272529469780      -0.25388002640689145     
         545   3.3462628016494942      -0.25378824843905523     
         546   3.3472972798569631      -0.25369628690445989     
         547   3.3483306920462188      -0.25360414228219597     
         548   3.3493630425479926      -0.25351181504410381     
         549   3.3503943357586543      -0.25341930565795234     
         550   3.3514245759254959      -0.25332661458384109     
         551   3.3524537673276926      -0.25323374227789142     
         552   3.3534819142212409      -0.25314068919041599     
         553   3.3545090207598180      -0.25304745576533616     
         554   3.3555350911410899      -0.25295404244237929     
         555   3.3565601295419136      -0.25286044965625898     
         556   3.3575841399733357      -0.25276667783392615     
         557   3.3586071265643929      -0.25267272739953395     
         558   3.3596290933146258      -0.25257859877074029     
         559   3.3606500442148581      -0.25248429235969105     
         560   3.3616699832583579      -0.25238980857452553     
         561   3.3626889143657550      -0.25229514781737628     
         562   3.3637068414300662      -0.25220031048521818     
         563   3.3647237683375892      -0.25210529697035433     
         564   3.3657396989157826      -0.25201010765973564     
         565   3.3667546369973067      -0.25191474293574867     
         566   3.3677685863334341      -0.25181920317536211     
         567   3.3687815507059775      -0.25172348875102291     
         568   3.3697935337390605      -0.25162760002877427     
         569   3.3708045392594443      -0.25153153737304823     
         570   3.3718145708444274      -0.25143530114050705     
         571   3.3728236321666585      -0.25133889168446277     
         572   3.3738317267690632      -0.25124230935213188     
         573   3.3748388583084372      -0.25114555448826970     
         574   3.3758450302381111      -0.25104862743025791     
         575   3.3768502461521290      -0.25095152851347802     
         576   3.3778545094688752      -0.25085425806623096     
         577   3.3788578236901219      -0.25075681641401637     
         578   3.3798601922767224      -0.25065920387767804     
         579   3.3808616185741025      -0.25056142077218535     
         580   3.3818621060718694      -0.25046346741067183     
         581   3.3828616580041362      -0.25036534409799760     
         582   3.3838602777523512      -0.25026705113780334     
         583   3.3848579685700484      -0.25016858882738724     
         584   3.3858547338860974      -0.25006995746280580     
         585   3.3868505767971246      -0.24997115733134123     
         586   3.3878455005708341      -0.24987218871875694     
         587   3.3888395084432319      -0.24977305190644739     
         588   3.3898326035306861      -0.24967374717033319     
         589   3.3908247890587710      -0.24957427478409855     
         590   3.3918160681230871      -0.24947463501536493     
         591   3.3928064438521384      -0.24937482812882550     
         592   3.3937959192737464      -0.24927485438391805     
         593   3.3947844974666754      -0.24917471403675329     
         594   3.3957721814932853      -0.24907440733975506     
         595   3.3967589743582960      -0.24897393454079442     
         596   3.3977448790143510      -0.24887329588320739     
         597   3.3987298984755321      -0.24877249160773030     
         598   3.3997140356624986      -0.24867152194981745     
         599   3.4006972934863842      -0.24857038714155077     
         600   3.4016796748615077      -0.24846908741115925     
         601   3.4026611826534587      -0.24836762298300030     
         602   3.4036418197431266      -0.24826599407763528     
         603   3.4046215889484470      -0.24816420091154523     
         604   3.4056004930630959      -0.24806224369712471     
         605   3.4065785349329771      -0.24796012264427425     
         606   3.4075557172980946      -0.24785783795792593     
         607   3.4085320429014243      -0.24775538983932854     
         608   3.4095075144578613      -0.24765277848621903     
         609   3.4104821347177219      -0.24755000409318573     
         610   3.4114559063755467      -0.24744706685105999     
         611   3.4124288320348564      -0.24734396694549421     
         612   3.4134009144399133      -0.24724070456120106     
         613   3.4143721561706077      -0.24713727987719025     
         614   3.4153425598042482      -0.24703369306892142     
         615   3.4163121280179625      -0.24692994431031678     
         616   3.4172808633347587      -0.24682603376945966     
         617   3.4182487682892928      -0.24672196161186921     
         618   3.4192158455112853      -0.24661772800052439     
         619   3.4201820973943748      -0.24651333309253243     
         620   3.4211475265372759      -0.24640877704434860     
         621   3.4221121353731427      -0.24630406000706540     
         622   3.4230759263872081      -0.24619918212903524     
         623   3.4240389019956723      -0.24609414355507386     
         624   3.4250010647012719      -0.24598894442745323     
         625   3.4259624168056164      -0.24588358488325390     
         626   3.4269229607600931      -0.24577806505786093     
         627   3.4278826990018954      -0.24567238508370970     
         628   3.4288416337874339      -0.24556654508778220     
         629   3.4297997675262275      -0.24546054519590221     
         630   3.4307571025086254      -0.24535438552932209     
         631   3.4317136410673124      -0.24524806620707995     
         632   3.4326693854692811      -0.24514158734400304     
         633   3.4336243380558358      -0.24503494905290424     
         634   3.4345785010115240      -0.24492815144202851     
         635   3.4355318766287888      -0.24482119461751406     
         636   3.4364844671137891      -0.24471407868164619     
         637   3.4374362746869678      -0.24460680373412824     
         638   3.4383873015405970      -0.24449936987111087     
         639   3.4393375499213712      -0.24439177718678540     
         640   3.4402870219087283      -0.24428402577005937     
         641   3.4412357196883412      -0.24417611570855691     
         642   3.4421836454258261      -0.24406804708666385     
         643   3.4431308011935777      -0.24395981998472305     
         644   3.4440771891254816      -0.24385143448093682     
         645   3.4450228113416017      -0.24374289065074795     
         646   3.4459676698686939      -0.24363418856527019     
         647   3.4469117668174696      -0.24352532829427709     
         648   3.4478551042483438      -0.24341630990375585     
         649   3.4487976841357666      -0.24330713345604504     
         650   3.4497395085391864      -0.24319779901174421     
         651   3.4506805794958271      -0.24308830662825187     
         652   3.4516208989683705      -0.24297865635958882     
         653   3.4525604689477278      -0.24286884825717081     
         654   3.4534992913582969      -0.24275888236896037     
         655   3.4544373682896112      -0.24264875874212866     
         656   3.4553747015193443      -0.24253847741758161     
         657   3.4563112930641302      -0.24242803843613103     
         658   3.4572471448536000      -0.24231744183486725     
         659   3.4581822587308491      -0.24220668764769915     
         660   3.4591166365961903      -0.24209577590576359     
         661   3.4600502803815654      -0.24198470663855609     
         662   3.4609831919504286      -0.24187347987168728     
         663   3.4619153730780616      -0.24176209562728879     
         664   3.4628468256815954      -0.24165055392655344     
         665   3.4637775515426328      -0.24153885478648718     
         666   3.4647075525033797      -0.24142699822197322     
         667   3.4656368303649003      -0.24131498424514586     
         668   3.4665653868986341      -0.24120281286503431     
         669   3.4674932239014424      -0.24109048408812761     
         670   3.4684203431636496      -0.24097799791876628     
         671   3.4693467463810568      -0.24086535435719725     
         672   3.4702724353691434      -0.24075255340271884     
         673   3.4711974118660018      -0.24063959505125432     
         674   3.4721216775156440      -0.24052647929495397     
         675   3.4730452340918583      -0.24041320612464290     
         676   3.4739680832440341      -0.24029977552795145     
         677   3.4748902267290802      -0.24018618749041742     
         678   3.4758116661621208      -0.24007244199403388     
         679   3.4767324032627664      -0.23995853901909747     
         680   3.4776524396476898      -0.23984447854229263     
         681   3.4785717770313309      -0.23973026053919089     
         682   3.4794904169335896      -0.23961588498040509     
         683   3.4804083610591290      -0.23950135183627541     
         684   3.4813256110372417      -0.23938666107361506     
         685   3.4822421683949605      -0.23927181265595632     
         686   3.4831580348041378      -0.23915680654565641     
         687   3.4840732117890258      -0.23904164270120187     
         688   3.4849877009733405      -0.23892632107958978     
         689   3.4859015039137113      -0.23881084163482669     
         690   3.4868146221162308      -0.23869520431764712     
         691   3.4877270571690935      -0.23857940907747288     
         692   3.4886388106071302      -0.23846345586047857     
         693   3.4895498839115340      -0.23834734461002594     
         694   3.4904602786577867      -0.23823107526806542     
         695   3.4913699963319700      -0.23811464777299562     
         696   3.4922790383772684      -0.23799806206058705     
         697   3.4931874063793664      -0.23788131806539425     
         698   3.4940951017111215      -0.23776441571780982     
         699   3.4950021258898967      -0.23764735494657785     
         700   3.4959084803566758      -0.23753013567808345     
         701   3.4968141666001449      -0.23741275783627636     
         702   3.4977191860567549      -0.23729522134223924     
         703   3.4986235401070798      -0.23717752611428544     
         704   3.4995272301908695      -0.23705967206869438     
         705   3.5004302577499935      -0.23694165911962628     
         706   3.5013326241642146      -0.23682348717805723     
         707   3.5022343308512296      -0.23670515615291787     
         708   3.5031353791797253      -0.23658666595041566     
         709   3.5040357705366136      -0.23646801647453142     
         710   3.5049355062820915      -0.23634920762666933     
         711   3.5058345877780361      -0.23623023930561615     
         712   3.5067330164364825      -0.23611111140850394     
         713   3.5076307934927011      -0.23599182382844575     
         714   3.5085279203626225      -0.23587237645769132     
         715   3.5094243983427846      -0.23575276918514909     
         716   3.5103202287978799      -0.23563300189782854     
         717   3.5112154129848401      -0.23551307447972913     
         718   3.5121099522386192      -0.23539298681269827     
         719   3.5130038478519410      -0.23527273877627231     
         720   3.5138971011201749      -0.23515233024747051     
         721   3.5147897132993435      -0.23503176110056412     
         722   3.5156816857052076      -0.23491103120801604     
         723   3.5165730195522538      -0.23479014043903756     
         724   3.5174637161297779      -0.23466908866129454     
         725   3.5183537766669204      -0.23454787573918789     
         726   3.5192432024262206      -0.23442650153535283     
         727   3.5201319946697529      -0.23430496590991279     
         728   3.5210201545493733      -0.23418326871988082     
         729   3.5219076833593039      -0.23406140982084089     
         730   3.5227945822431521      -0.23393938906513867     
         731   3.5236808524870349      -0.23381720630325820     
         732   3.5245664952178215      -0.23369486138278184     
         733   3.5254515116568412      -0.23357235414914079     
         734   3.5263359029991843      -0.23344968444554137     
         735   3.5272196703779106      -0.23332685211189741     
         736   3.5281028150134675      -0.23320385698702584     
         737   3.5289853380533684      -0.23308069890619088     
         738   3.5298672406415497      -0.23295737770275871     
         739   3.5307485239517611      -0.23283389320741676     
         740   3.5316291890634552      -0.23271024524852457     
         741   3.5325092371642532      -0.23258643365207465     
         742   3.5333886694059329      -0.23246245824172096     
         743   3.5342674868319168      -0.23233831883813938     
         744   3.5351456906154310      -0.23221401526014240     
         745   3.5360232818531800      -0.23208954732401210     
         746   3.5369002616420611      -0.23196491484330295     
         747   3.5377766310829051      -0.23184011762951329     
         748   3.5386523912606522      -0.23171515549120070     
         749   3.5395275432806121      -0.23159002823507535     
         750   3.5404020881262950      -0.23146473566449277     
         751   3.5412760269656998      -0.23133927758141493     
         752   3.5421493608727106      -0.23121365378493763     
         753   3.5430220908350543      -0.23108786407111293     
         754   3.5438942179117938      -0.23096190823420848     
         755   3.5447657431626753      -0.23083578606593580     
         756   3.5456366676550584      -0.23070949735540669     
         757   3.5465069923401304      -0.23058304188902845     
         758   3.5473767183457436      -0.23045641945139028     
         759   3.5482458465963642      -0.23032962982363969     
         760   3.5491143781417067      -0.23020267278513629     
         761   3.5499823140342865      -0.23007554811293218     
         762   3.5508496552169406      -0.22994825558063514     
         763   3.5517164027109240      -0.22982079496042385     
         764   3.5525825574909264      -0.22969316602115342     
         765   3.5534481205309292      -0.22956536852949672     
         766   3.5543130928105326      -0.22943740224958198     
         767   3.5551774753544878      -0.22930926694324238     
         768   3.5560412690746155      -0.22918096236920338     
         769   3.5569044749282313      -0.22905248828429858     
         770   3.5577670938776631      -0.22892384444213931     
         771   3.5586291268922809      -0.22879503059459250     
         772   3.5594905748949812      -0.22866604649033473     
         773   3.5603514388310411      -0.22853689187574400     
         774   3.5612117196421864      -0.22840756649447069     
         775   3.5620714182211630      -0.22827807008770318     
         776   3.5629305355043117      -0.22814840239412781     
         777   3.5637890724205623      -0.22801856314965185     
         778   3.5646470298536199      -0.22788855208759440     
         779   3.5655044087353218      -0.22775836893902124     
         780   3.5663612099441773      -0.22762801343195882     
         781   3.5672174343620235      -0.22749748529195823     
         782   3.5680730829360763      -0.22736678424209877     
         783   3.5689281564710456      -0.22723591000257670     
         784   3.5697826558537979      -0.22710486229092464     
         785   3.5706365820101933      -0.22697364082223981     
         786   3.5714899357718832      -0.22684224530915476     
         787   3.5723427180251828      -0.22671067546110102     
         788   3.5731949295801493      -0.22657893098501170     
         789   3.5740465713077763      -0.22644701158539515     
         790   3.5748976440359996      -0.22631491696361383     
         791   3.5757481486508089      -0.22618264681892075     
         792   3.5765980859482078      -0.22605020084733862     
         793   3.5774474567605918      -0.22591757874226026     
         794   3.5782962619510630      -0.22578478019464754     
         795   3.5791445022626887      -0.22565180489223735     
         796   3.5799921785973994      -0.22551865252051595     
         797   3.5808392917018361      -0.22538532276166467     
         798   3.5816858423844975      -0.22525181529575011     
         799   3.5825318315015964      -0.22511812979946111     
         800   3.5833772597884233      -0.22498426594690368     
         801   3.5842221280226796      -0.22485022340940208     
         802   3.5850664370441514      -0.22471600185539664     
         803   3.5859101875982202      -0.22458160095070490     
         804   3.5867533804903213      -0.22444702035819386     
         805   3.5875960164215837      -0.22431225973742652     
         806   3.5884380962286961      -0.22417731874566638     
         807   3.5892796206509812      -0.22404219703740313     
         808   3.5901205904199514      -0.22390689426352051     
         809   3.5909610062848012      -0.22377141007251211     
         810   3.5918008690286638      -0.22363574411004361     
         811   3.5926401793630336      -0.22349989601857079     
         812   3.5934789380438468      -0.22336386543764686     
         813   3.5943171457706637      -0.22322765200400596     
         814   3.5951548032692990      -0.22309125535133401     
         815   3.5959919113129373      -0.22295467511008127     
         816   3.5968284705720266      -0.22281791090817826     
         817   3.5976644817729664      -0.22268096237021595     
         818   3.5984999456149214      -0.22254382911776371     
         819   3.5993348627843131      -0.22240651076952478     
         820   3.6001692340294409      -0.22226900694093477     
         821   3.6010030600036509      -0.22213131724455071     
         822   3.6018363414074841      -0.22199344128970111     
         823   3.6026690789127009      -0.22185537868244865     
         824   3.6035012732263429      -0.22171712902628826     
         825   3.6043329250005351      -0.22157869192099255     
         826   3.6051640349062950      -0.22144006696331875     
         827   3.6059946035884178      -0.22130125374726539     
         828   3.6068246317600376      -0.22116225186293104     
         829   3.6076541200384127      -0.22102306089771151     
         830   3.6084830690814704      -0.22088368043575546     
         831   3.6093114795376926      -0.22074411005787642     
         832   3.6101393520498393      -0.22060434934154927     
         833   3.6109666872541601      -0.22046439786108074     
         834   3.6117934858025231      -0.22032425518742826     
         835   3.6126197483111504      -0.22018392088823102     
         836   3.6134454754015279      -0.22004339452797783     
         837   3.6142706676705409      -0.21990267566738808     
         838   3.6150953257643543      -0.21976176386437007     
         839   3.6159194502878909      -0.21962065867296676     
         840   3.6167430418466027      -0.21947935964410004     
         841   3.6175661010466653      -0.21933786632485930     
         842   3.6183886284676281      -0.21919617825956372     
         843   3.6192106247310942      -0.21905429498842466     
         844   3.6200320903996990      -0.21891221604856170     
         845   3.6208530260521061      -0.21876994097335700     
         846   3.6216734322905668      -0.21862746929271637     
         847   3.6224933096915763      -0.21848480053305863     
         848   3.6233126588182731      -0.21834193421712822     
         849   3.6241314802169549      -0.21819886986409198     
         850   3.6249497744965375      -0.21805560698962179     
         851   3.6257675421520013      -0.21791214510556056     
         852   3.6265847837837581      -0.21776848372007862     
         853   3.6274014999074056      -0.21762462233781044     
         854   3.6282176911148301      -0.21748056045962016     
         855   3.6290333578958127      -0.21733629758263984     
         856   3.6298485007984373      -0.21719183320005797     
         857   3.6306631203805995      -0.21704716680156277     
         858   3.6314772171356982      -0.21690229787265469     
         859   3.6322907915972222      -0.21675722589569268     
         860   3.6331038442642152      -0.21661195034838343     
         861   3.6339163757049575      -0.21646647070466418     
         862   3.6347283863530317      -0.21632078643513797     
         863   3.6355398767698595      -0.21617489700594827     
         864   3.6363508474278996      -0.21602880187923912     
         865   3.6371612988357338      -0.21588250051353963     
         866   3.6379712314869415      -0.21573599236303842     
         867   3.6387806458157637      -0.21558927687790153     
         868   3.6395895423993627      -0.21544235350431240     
         869   3.6403979216279523      -0.21529522168433779     
         870   3.6412057840332173      -0.21514788085586467     
         871   3.6420131300503114      -0.21500033045249545     
         872   3.6428199601530875      -0.21485256990387036     
         873   3.6436262748001753      -0.21470459863514701     
         874   3.6444320744481442      -0.21455641606752351     
         875   3.6452373595361136      -0.21440802161765671     
         876   3.6460421305242794      -0.21425941469798637     
         877   3.6468463878551911      -0.21411059471654958     
         878   3.6476501319476666      -0.21396156107719211     
         879   3.6484533632582865      -0.21381231317885874     
         880   3.6492560822185172      -0.21366285041636157     
         881   3.6500582892365441      -0.21351317218021215     
         882   3.6508599847170209      -0.21336327785631859     
         883   3.6516611690875114      -0.21321316682563118     
         884   3.6524618427822335      -0.21306283846500307     
         885   3.6532620061850229      -0.21291229214635266     
         886   3.6540616596647455      -0.21276152723723207     
         887   3.6548608036745995      -0.21261054310020189     
         888   3.6556594385931702      -0.21245933909313042     
         889   3.6564575647660149      -0.21230791456940423     
         890   3.6572551826307711      -0.21215626887729844     
         891   3.6580522925337848      -0.21200440136030885     
         892   3.6588488948568241      -0.21185231135708982     
         893   3.6596449899676928      -0.21169999820142849     
         894   3.6604405782380436      -0.21154746122221191     
         895   3.6612356599926592      -0.21139469974315972     
         896   3.6620302356401093      -0.21124171308282147     
         897   3.6628243054957017      -0.21108850055518946     
         898   3.6636178699130628      -0.21093506146869068     
         899   3.6644109292218814      -0.21078139512660421     
         900   3.6652034837895329      -0.21062750082702308     
         901   3.6659955339076724      -0.21047337786311360     
         902   3.6667870799266451      -0.21031902552260728     
         903   3.6675781221681549      -0.21016444308741455     
         904   3.6683686609528863      -0.21000962983455196     
         905   3.6691586965674969      -0.20985458503603294     
         906   3.6699482293355730      -0.20969930795725222     
         907   3.6707372595742611      -0.20954379785892563     
         908   3.6715257875538336      -0.20938805399633775     
         909   3.6723138135989815      -0.20923207561829660     
         910   3.6731013379440660      -0.20907586196898187     
         911   3.6738883609462114      -0.20891941228600608     
         912   3.6746748828080937      -0.20876272580184363     
         913   3.6754609038685473      -0.20860580174270282     
         914   3.6762464243620974      -0.20844863932909607     
         915   3.6770314445385019      -0.20829123777616143     
         916   3.6778159646778779      -0.20813359629228767     
         917   3.6785999850311377      -0.20797571407998117     
         918   3.6793835058436746      -0.20781759033597336     
         919   3.6801665273499049      -0.20765922425097827     
         920   3.6809490497979556      -0.20750061500911698     
         921   3.6817310734260298      -0.20734176178847363     
         922   3.6825125984637337      -0.20718266376102790     
         923   3.6832936250866646      -0.20702332009243385     
         924   3.6840741535873542      -0.20686372994113889     
         925   3.6848541841141400      -0.20670389246022935     
         926   3.6856337168986015      -0.20654380679583273     
         927   3.6864127521432808      -0.20638347208728280     
         928   3.6871912900382129      -0.20622288746761264     
         929   3.6879693307798713      -0.20606205206301365     
         930   3.6887468745496332      -0.20590096499294575     
         931   3.6895239215202795      -0.20573962536999524     
         932   3.6903004718767600      -0.20557803229981175     
         933   3.6910765257978539      -0.20541618488122371     
         934   3.6918520834106503      -0.20525408220632979     
         935   3.6926271449334043      -0.20509172335895265     
         936   3.6934017104350256      -0.20492910741776171     
         937   3.6941757801638673      -0.20476623345194245     
         938   3.6949493541640632      -0.20460310052549424     
         939   3.6957224326307854      -0.20443970769360753     
         940   3.6964950156513052      -0.20427605400472615     
         941   3.6972671033962330      -0.20411213849939092     
         942   3.6980386959510385      -0.20394796021093242     
         943   3.6988097934437394      -0.20378351816460505     
         944   3.6995803959590625      -0.20361881137876114     
         945   3.7003505036153670      -0.20345383886311375     
         946   3.7011201165068535      -0.20328859961968426     
         947   3.7018892347425987      -0.20312309264259909     
         948   3.7026578583410115      -0.20295731691854169     
         949   3.7034259874442883      -0.20279127142483944     
         950   3.7041936220733929      -0.20262495513206336     
         951   3.7049607623470537      -0.20245836700124276     
         952   3.7057274082865663      -0.20229150598579348     
         953   3.7064935599307747      -0.20212437103064840     
         954   3.7072592173529975      -0.20195696107209304     
         955   3.7080243805925335      -0.20178927503719812     
         956   3.7087890496457079      -0.20162131184564558     
         957   3.7095532246067955      -0.20145307040683225     
         958   3.7103169054190785      -0.20128454962288433     
         959   3.7110800921451390      -0.20111574838538093     
         960   3.7118427847739146      -0.20094666557773611     
         961   3.7126049833222821      -0.20077730007410199     
         962   3.7133666877359151      -0.20060765073954734     
         963   3.7141278980798913      -0.20043771642844810     
         964   3.7148886142689008      -0.20026749598782168     
         965   3.7156488362800157      -0.20009698825392430     
         966   3.7164085641037583      -0.19992619205329909     
         967   3.7171677977290396      -0.19975510620266235     
         968   3.7179265370199372      -0.19958372950995695     
         969   3.7186847819927791      -0.19941206077164875     
         970   3.7194425325605991      -0.19924009877500826     
         971   3.7201997886620397      -0.19906784229698982     
         972   3.7209565502262043      -0.19889529010410989     
         973   3.7217128171259461      -0.19872244095284763     
         974   3.7224685893167568      -0.19854929358872475     
         975   3.7232238667080004      -0.19837584674621578     
         976   3.7239786491480849      -0.19820209915026243     
         977   3.7247329365383832      -0.19802804951427433     
         978   3.7254867287872711      -0.19785369653998686     
         979   3.7262400257274053      -0.19767903891929350     
         980   3.7269928272406188      -0.19750407533194370     
         981   3.7277451331705342      -0.19732880444675338     
         982   3.7284969433783135      -0.19715322492041132     
         983   3.7292482576836870      -0.19697733539898898     
         984   3.7299990759565183      -0.19680113451564551     
         985   3.7307493979454138      -0.19662462089314392     
         986   3.7314992235521203      -0.19644779314029304     
         987   3.7322485525289237      -0.19627064985517517     
         988   3.7329973846705999      -0.19609318962332889     
         989   3.7337457198024033      -0.19591541101716992     
         990   3.7344935576535141      -0.19573731259751614     
         991   3.7352408980742910      -0.19555889291092754     
         992   3.7359877407150521      -0.19538015049352353     
         993   3.7367340854255087      -0.19520108386550561     
         994   3.7374799319232124      -0.19502169153571280     
         995   3.7382252799203401      -0.19484197199947495     
         996   3.7389701291801472      -0.19466192373768720     
         997   3.7397144793749573      -0.19448154521902072     
         998   3.7404583302626646      -0.19430083489631755     
         999   3.7412016814983331      -0.19411979121048351     
        1000   3.7419445328134842      -0.19393841258656774     
