   1.0380638980797332       0.78211076924305678     
   1.0406545560704348       0.78482737691632376     
   1.0432746217896960       0.78757588118954314     
   1.0458740363278345       0.79030774839611095     
   1.0484537910663947       0.79302377933688706     
   1.0510140363950062       0.79572401785796998     
   1.0535549345528332       0.79840852061389678     
   1.0560766471813574       0.80107734581122769     
   1.0585793332521580       0.80373055131339177     
   1.0610631527600614       0.80636819790609282     
   1.0635282627147966       0.80899034567575634     
   1.0659748203639097       0.81159705685300265     
   1.0684029812699483       0.81418839405773213     
   1.0708129008931822       0.81676442168368668     
   1.0732047318998712       0.81932520344338367     
   1.0755786279321915       0.82187080572006532     
   1.0779347398410368       0.82440129414910168     
   1.0802732186751829       0.82691673627458440     
   1.0825942143746365       0.82941720033497357     
   1.0848978744251170       0.83190275402175073     
   1.0871843474149656       0.83437346765364517     
   1.0894537791228287       0.83682941061584604     
   1.0917063155532067       0.83927065406623613     
   1.0939421010223938       0.84169726918204091     
   1.0961612788348387       0.84410932773483871     
   1.0983639917802908       0.84650690251423799     
   1.1005503808794288       0.84889006616034357     
   1.1027205870296655       0.85125889262967036     
   1.1048747494457030       0.85361345575114578     
   1.1070130066672659       0.85595383011451809     
   1.1091354962199615       0.85828009073173428     
   1.1112423544570293       0.86059231286900928     
   1.1133337169910253       0.86289057241333011     
   1.1154097184436538       0.86517494561827035     
   1.1174704919935781       0.86744550866530890     
   1.1195161704947358       0.86970233866000257     
   1.1215468856488515       0.87194551285376509     
   1.1235627680175069       0.87417510862544745     
   1.1255639471297889       0.87639120356289657     
   1.1275505518470528       0.87859387576890502     
   1.1295227097675338       0.88078320329260196     
   1.1314805479452981       0.88295926476821596     
   1.1334241920622068       0.88512213863362765     
   1.1353537669321114       0.88727190356870222     
   1.1372693968938006       0.88940863883702326     
   1.1391712047612728       0.89153242329964000     
   1.1410593127379942       0.89364333623522685     
   1.1429338416901937       0.89574145665035576     
   1.1447949122888750       0.89782686431146363     
   1.1466426437977328       0.89989963860914268     
   1.1484771544224417       0.90195985886054530     
   1.1502985618069201       0.90400760474774799     
   1.1521069826842596       0.90604295597850693     
   1.1539025325753411       0.90806599198753590     
   1.1556853263532862       0.91007679244162332     
   1.1574554779298982       0.91207543693177007     
   1.1592131004193644       0.91406200510837088     
   1.1609583058613069       0.91603657640573444     
   1.1626912054258365       0.91799923021759633     
   1.1644119095896539       0.91995004604129638     
   1.1661205280736475       0.92188910340783614     
   1.1678171692579058       0.92381648131968142     
   1.1695019408703178       0.92573225887704225     
   1.1711749500690132       0.92763651533628244     
   1.1728363026220696       0.92952932933632582     
   1.1744861040118548       0.93141077990880339     
   1.1761244585173614       0.93328094560863106     
   1.1777514697610800       0.93513990501368593     
   1.1793672401950464       0.93698773622629605     
   1.1809718719988869       0.93882451770094877     
   1.1825654658486096       0.94065032708137075     
   1.1841481223200405       0.94246524249682351     
   1.1857199405355976       0.94426934128511375     
   1.1872810191502132       0.94606270090365907     
   1.1888314559656126       0.94784539855255923     
   1.1903713480515541       0.94961751128016902     
   1.1919007914832025       0.95137911572207834     
   1.1934198815848347       0.95313028831999946     
   1.1949287130257473       0.95487110539780784     
   1.1964273794985940       0.95660164285108595     
   1.1979159742515433       0.95832197663255969     
   1.1993945893089299       0.96003218201408569     
   1.2008633162136158       0.96173233426825611     
   1.2023222457803486       0.96342250842858179     
   1.2037714677115152       0.96510277891995644     
   1.2052110715199491       0.96677322041145941     
   1.2066411453535937       0.96843390670652985     
   1.2080617771050366       0.97008491177314449     
   1.2094730536740961       0.97172630904223189     
   1.2108750611632202       0.97335817158268390     
   1.2122678851642430       0.97498057236005586     
   1.2136516104024400       0.97659358389490170     
   1.2150263209178873       0.97819727842390292     
   1.2163921000312248       0.97979172785886959     
   1.2177490302387550       0.98137700367942127     
   1.2190971935167854       0.98295317721178854     
   1.2204366710351400       0.98452031935062789     
   1.2217675431511488       0.98607850054635060     
   1.2230898898334555       0.98762779119431288     
   1.2244037900686353       0.98916826107110256     
   1.2257093222248723       0.99069997966705969     
   1.2270065640047580       0.99222301613713659     
   1.2282955926274093       0.99373743946244608     
   1.2295764842857111       0.99524331793439502     
   1.2308493147805195       0.99674071974414891     
   1.2321141591419484       0.99822971261859950     
   1.2333710916191050       0.99971036380480915     
   1.2346201860895782        1.0011827404499016     
   1.2358615155962116        1.0026469091572117     
   1.2370951525578158        1.0041029361786635     
   1.2383211687601370        1.0055508874010639     
   1.2395396353589183        1.0069908283423901     
   1.2407506228633012        1.0084228241299100     
   1.2419542011604532        1.0098469395184533     
   1.2431504395730115        1.0112632389390825     
   1.2443394067531923        1.0126717863929537     
   1.2455211707203051        1.0140726454816320     
   1.2466957988609453        1.0154658794018681     
   1.2478633580630558        1.0168515510678002     
   1.2490239145859328        1.0182297229823780     
   1.2501775339830499        1.0196004571590460     
   1.2513242813070395        1.0209638153120835     
   1.2524642210742463        1.0223198588167985     
   1.2535974170524413        1.0236686485049975     
   1.2547239326172726        1.0250102449978740     
   1.2558438304619286        1.0263447084254378     
   1.2569571727687994        1.0276720985864576     
   1.2580640210199781        1.0289924747631725     
   1.2591644363753751        1.0303058960768379     
   1.2602584791824689        1.0316124210167070     
   1.2613462094001437        1.0329121078402999     
   1.2624276864127002        1.0342050143922654     
   1.2635029689901176        1.0354911980616119     
   1.2645721154605578        1.0367707159432227     
   1.2656351835539827        1.0380436246853224     
   1.2666922304111263        1.0393099804936341     
   1.2677433128930577        1.0405698394228342     
   1.2687884869947335        1.0418232568152992     
   1.2698278083961752        1.0430702878216589     
   1.2708613322130238        1.0443109871606604     
   1.2718891131433747        1.0455454092551295     
   1.2729112052152785        1.0467736079889924     
   1.2739276620606854        1.0479956369641716     
   1.2749385367619348        1.0492115493524694     
   1.2759438819700080        1.0504213980039838     
   1.2769437497613507        1.0516252353092468     
   1.2779381917870061        1.0528231133368877     
   1.2789272592220555        1.0540150837839057     
   1.2799110026904414        1.0552011979005884     
   1.2808894724091737        1.0563815066257227     
   1.2818627180808959        1.0575560604811094     
   1.2828307889872337        1.0587249096585898     
   1.2837937338672480        1.0598881039010295     
   1.2847516011135593        1.0610456926879053     
   1.2857044385722121        1.0621977250407535     
   1.2866522936759128        1.0633442496486123     
   1.2875952133517017        1.0644853147778073     
   1.2885332441852453        1.0656209684262641     
   1.2894664321924223        1.0667512581031762     
   1.2903948230687456        1.0678762310652896     
   1.2913184619984943        1.0689959341327624     
   1.2922373937661353        1.0701104137925841     
   1.2931516627525497        1.0712197161945227     
   1.2940613128610268        1.0723238870765657     
   1.2949663875844335        1.0734229718287847     
   1.2958669300447985        1.0745170155290513     
   1.2967629829504561        1.0756060628995132     
   1.2976545884988249        1.0766901582125257     
   1.2985417885988857        1.0777693455012058     
   1.2994246247161767        1.0788436684104208     
   1.3003031379061087        1.0799131702253693     
   1.3011773687991435        1.0809778938577357     
   1.3020473577509344        1.0820378819865411     
   1.3029131445727287        1.0830931767984397     
   1.3037747687761230        1.0841438202215057     
   1.3046322695029839        1.0851898538559404     
   1.3054856855005561        1.0862313189489812     
   1.3063350551086075        1.0872682563809388     
   1.3071804162777176        1.0883007066818349     
   1.3080218067265721        1.0893287101810640     
   1.3088592636780592        1.0903523067517000     
   1.3096928239625980        1.0913715359100689     
   1.3105225241990237        1.0923864369869278     
   1.3113484004682621        1.0933970488130729     
   1.3121704886853691        1.0944034100762363     
   1.3129888242768506        1.0954055590090896     
   1.3138034423693308        1.0964035335698703     
   1.3146143777343673        1.0973973713880494     
   1.3154216648555364        1.0983871098280367     
   1.3162253378424600        1.0993727859053628     
   1.3170254303794791        1.1003544362354931     
   1.3178219759914644        1.1013320972902472     
   1.3186150077259731        1.1023058050892944     
   1.3194045584006324        1.1032755954383433     
   1.3201906604457625        1.1042415037764479     
   1.3209733460272144        1.1052035652932075     
   1.3217526469253167        1.1061618148115788     
   1.3225285946790137        1.1071162869256914     
   1.3233012204561780        1.1080670158752042     
   1.3240705552019525        1.1090140356874203     
   1.3248366294062170        1.1099573799521898     
   1.3255994734179364        1.1108970821245256     
   1.3263591171418043        1.1118331752311734     
   1.3271155903474137        1.1127656921678275     
   1.3278689223053708        1.1136946653479090     
   1.3286191421930975        1.1146201270932534     
   1.3293662787914795        1.1155421093402478     
   1.3301103605799631        1.1164606437315849     
   1.3308514158265750        1.1173757617023410     
   1.3315894724434973        1.1182874943394985     
   1.3323245580971961        1.1191958724885951     
   1.3330567002187674        1.1201009267622637     
   1.3337859258964391        1.1210026874361125     
   1.3345122619769529        1.1219011845463738     
   1.3352357350283495        1.1227964478533285     
   1.3359563713740876        1.1236885068733327     
   1.3366741970649225        1.1245773908517602     
   1.3373892378372016        1.1254631287217609     
   1.3381015192930914        1.1263457492782654     
   1.3388110666487956        1.1272252809338010     
   1.3395179048803660        1.1281017518595375     
   1.3402220588458063        1.1289751901025391     
   1.3409235530012744        1.1298456233110308     
   1.3416224115938939        1.1307130789202149     
   1.3423186586723386        1.1315775841625659     
   1.3430123180106719        1.1324391659935558     
   1.3437034131490155        1.1332978511306195     
   1.3443919673692042        1.1341536660292599     
   1.3450780037427204        1.1350066369289304     
   1.3457615450936882        1.1358567898173115     
   1.3464426140379022        1.1367041504673321     
   1.3471212329201141        1.1375487443764460     
   1.3477974239048665        1.1383905968541110     
   1.3484712089082918        1.1392297329555654     
   1.3491426096018089        1.1400661774850431     
   1.3498116474775252        1.1408999550587742     
   1.3504783437969128        1.1417310900553297     
   1.3511427195709591        1.1425596065957242     
   1.3518047956699175        1.1433855286499797     
   1.3524645926545611        1.1442088798728332     
   1.3531221309668386        1.1450296837887113     
   1.3537774307927959        1.1458479636587233     
   1.3544305121224502        1.1466637425380337     
   1.3550813947308162        1.1474770432573349     
   1.3557300982099507        1.1482878884544681     
   1.3563766419462084        1.1490963005511439     
   1.3570210451056908        1.1499023017395003     
   1.3576633267136746        1.1507059140583984     
   1.3583035055181996        1.1515071592611992     
   1.3589416001483030        1.1523060589692600     
   1.3595776290062731        1.1531026345667730     
   1.3602116103314152        1.1538969072631982     
   1.3608435621378072        1.1546888980320313     
   1.3614735022785973        1.1554786276734401     
   1.3621014484283551        1.1562661167970953     
   1.3627274180853783        1.1570513858241216     
   1.3633514285346662        1.1578344549509620     
   1.3639734969143369        1.1586153442139910     
   1.3645936401746399        1.1593940734496258     
   1.3652118751005791        1.1601706623158135     
   1.3658282182834673        1.1609451302648597     
   1.3664426861716272        1.1617174965923254     
   1.3670552950260304        1.1624877803937070     
   1.3676660609289641        1.1632560005731216     
   1.3682749998298165        1.1640221758875204     
   1.3688821275125633        1.1647863249151480     
   1.3694874595693884        1.1655484660296274     
   1.3700910114109470        1.1663086174100388     
   1.3706927983730928        1.1670667971449753     
   1.3712928355386518        1.1678230230583411     
   1.3718911379149483        1.1685773128830774     
   1.3724877202940549        1.1693296841240275     
   1.3730825973644936        1.1700801541676065     
   1.3736757836053084        1.1708287401779101     
   1.3742672934002140        1.1715754592084149     
   1.3748571409554267        1.1723203281215531     
   1.3754453403299025        1.1730633636181833     
   1.3760319054510326        1.1738045822531200     
   1.3766168501162994        1.1745440004365297     
   1.3772001879286513        1.1752816343710122     
   1.3777819323757718        1.1760175001286037     
   1.3783620968435251        1.1767516136645333     
   1.3789406945281226        1.1774839907308992     
   1.3795177384936015        1.1782146469330099     
   1.3800932417049210        1.1789435977619072     
   1.3806672169621181        1.1796708585295952     
   1.3812396769386344        1.1803964444068784     
   1.3818106341832015        1.1811203704253483     
   1.3823801010944772        1.1818426514519975     
   1.3829480899672801        1.1825633022349953     
   1.3835146129565048        1.1832823373682197     
   1.3840796821054493        1.1839997713190700     
   1.3846433092954040        1.1847156183791017     
   1.3852055063409112        1.1854298927573059     
   1.3857662848808816        1.1861426084734754     
   1.3863256564473425        1.1868537794257248     
   1.3868836324700298        1.1875634193947817     
   1.3874402242612158        1.1882715420294718     
   1.3879954429776480        1.1889781608091186     
   1.3885492997159534        1.1896832891373126     
   1.3891018053999853        1.1903869402316336     
   1.3896529708864604        1.1910891272268873     
   1.3902028068861347        1.1917898630980761     
   1.3907513240309723        1.1924891607265005     
   1.3912985328177487        1.1931870328441319     
   1.3918444436396031        1.1938834920647543     
   1.3923890667777410        1.1945785508761346     
   1.3929324124160223        1.1952722216537885     
   1.3934744906268131        1.1959645166478963     
   1.3940153113760563        1.1966554479878126     
   1.3945548845464375        1.1973450277049362     
   1.3950932198835171        1.1980332676800154     
   1.3956303270585384        1.1987201797049003     
   1.3961662156096881        1.1994057754247005     
   1.3967008950288671        1.2000900664232388     
   1.3972343746657137        1.2007730641289140     
   1.3977666637915300        1.2014547798773656     
   1.3982977715564351        1.2021352248694686     
   1.3988277070626711        1.2028144102436560     
   1.3993564792648157        1.2034923469776568     
   1.3998840970694779        1.2041690459866841     
   1.4004105692555286        1.2048445180450018     
   1.4009359045352805        1.2055187738461999     
   1.4014601115157872        1.2061918239654088     
   1.4019831987230127        1.2068636788826090     
   1.4025051745930077        1.2075343489746446     
   1.4030260474685763        1.2082038445115357     
   1.4035458255988162        1.2088721756563359     
   1.4040645171885924        1.2095393525139018     
   1.4045821303044215        1.2102053850382126     
   1.4050986729647703        1.2108702831214340     
   1.4056141530722814        1.2115340565271111     
   1.4061285784719622        1.2121967149479209     
   1.4066419569352426        1.2128582679894295     
   1.4071542961413188        1.2135187251524118     
   1.4076656036849169        1.2141780958402257     
   1.4081758870714576        1.2148363893541301     
   1.4086851537494915        1.2154936149255238     
   1.4091934111034510        1.2161497817087807     
   1.4097006664013279        1.2168048987295936     
   1.4102069268710649        1.2174589749604794     
   1.4107121996286887        1.2181120192502364     
   1.4112164917538670        1.2187640403981066     
   1.4117198102390613        1.2194150471039940     
   1.4122221619933542        1.2200650479722679     
   1.4127235538870651        1.2207140515556683     
   1.4132239926689083        1.2213620662740696     
   1.4137234850559148        1.2220091005026690     
   1.4142220376933992        1.2226551625332909     
   1.4147196571364444        1.2233002605555814     
   1.4152163499030546        1.2239444027098694     
   1.4157121223977553        1.2245875970117561     
   1.4162069810212488        1.2252298514602717     
   1.4167009320593600        1.2258711739289092     
   1.4171939817443591        1.2265115722253885     
   1.4176861362516613        1.2271510540891304     
   1.4181774017013555        1.2277896271925013     
   1.4186677841155186        1.2284272990991261     
   1.4191572895001683        1.2290640773443706     
   1.4196459237646299        1.2296999693562156     
   1.4201336927873442        1.2303349825201579     
   1.4206206023392320        1.2309691241035494     
   1.4211066581976055        1.2316024013685447     
   1.4215918660015965        1.2322348214285974     
   1.4220762314079112        1.2328663914033324     
   1.4225597599916833        1.2334971183202386     
   1.4230424572190237        1.2341270090874068     
   1.4235243285725048        1.2347560706178617     
   1.4240053794578462        1.2353843097376951     
   1.4244856151854415        1.2360117331672020     
   1.4249650410580086        1.2366383476081966     
   1.4254436623090623        1.2372641596830987     
   1.4259214841218366        1.2378891759537012     
   1.4263985116206317        1.2385134029123768     
   1.4268747498641268        1.2391368469762127     
   1.4273502038954933        1.2397595145361007     
   1.4278248786692678        1.2403814118846814     
   1.4282987791217205        1.2410025452861282     
   1.4287719101163616        1.2416229209221195     
   1.4292442764549038        1.2422425449026986     
   1.4297158829410317        1.2428614233299586     
   1.4301867342665799        1.2434795621848072     
   1.4306568351180640        1.2440969674328637     
   1.4311261901392618        1.2447136449876808     
   1.4315948038852393        1.2453296006646821     
   1.4320626809136263        1.2459448402722884     
   1.4325298256912289        1.2465593695191730     
   1.4329962426610627        1.2471731940804680     
   1.4334619362561565        1.2477863196123993     
   1.4339269107806230        1.2483987516333739     
   1.4343911705672963        1.2490104956811279     
   1.4348547198883861        1.2496215572240421     
   1.4353175629506931        1.2502319416561896     
   1.4357797039363189        1.2508416543381171     
   1.4362411469999845        1.2514507005941753     
   1.4367018962170057        1.2520590856606755     
   1.4371619556549318        1.2526668147576063     
   1.4376213293231130        1.2532738930382101     
   1.4380800212021796        1.2538803256185644     
   1.4385380352150623        1.2544861175486004     
   1.4389953752649862        1.2550912738501161     
   1.4394520452047075        1.2556957994864981     
   1.4399080488565301        1.2562996993820998     
   1.4403633899818431        1.2569029783926855     
   1.4408180723395310        1.2575056413631016     
   1.4412720996318804        1.2581076930736281     
   1.4417254755290680        1.2587091382647106     
   1.4421782036415425        1.2593099816091742     
   1.4426302875809904        1.2599102277731926     
   1.4430817308946464        1.2605098813509275     
   1.4435325371290535        1.2611089469279639     
   1.4439827097501707        1.2617074290019257     
   1.4444322522154622        1.2623053320544799     
   1.4448811679498632        1.2629026605270586     
   1.4453294603275715        1.2634994188031750     
   1.4457771327118376        1.2640956112479929     
   1.4462241545440713        1.2646911974537993     
   1.4466705969425910        1.2652862711958806     
   1.4471164291345759        1.2658807918544492     
   1.4475616544077798        1.2664747636922011     
   1.4480062759693717        1.2670681908825925     
   1.4484502969590962        1.2676610775247499     
   1.4488937205082153        1.2682534277024253     
   1.4493365497261508        1.2688452454707020     
   1.4497787876568584        1.2694365348123497     
   1.4502204373673702        1.2700272997267965     
   1.4506615018569169        1.2706175441388365     
   1.4511019840657624        1.2712072719077483     
   1.4515418870049057        1.2717964869570972     
   1.4519812135485590        1.2723851930673822     
   1.4524199666121227        1.2729733940534389     
   1.4528581490556436        1.2735610936688864     
   1.4532957636983208        1.2741482956200609     
   1.4537328133645133        1.2747350036121743     
   1.4541693008385161        1.2753212213045140     
   1.4546052288662183        1.2759069523116262     
   1.4550406001950409        1.2764922002434920     
   1.4554754175029756        1.2770769686350438     
   1.4559096834761953        1.2776612610231473     
   1.4563434007651783        1.2782450809032777     
   1.4567765719940973        1.2788284317388936     
   1.4572091997741965        1.2794113169746302     
   1.4576412866532815        1.2799937399860288     
   1.4580728352036705        1.2805757041675918     
   1.4585038479477561        1.2811572128582429     
   1.4589343273726143        1.2817382693562551     
   1.4593642759866718        1.2823188769756602     
   1.4597936962233220        1.2828990389500485     
   1.4602225905112376        1.2834787585029188     
   1.4606509612643117        1.2840580388377418     
   1.4610788108862363        1.2846368831426909     
   1.4615061417074271        1.2852152945273243     
   1.4619329560869423        1.2857932761246287     
   1.4623592563367067        1.2863708310156068     
   1.4627850447697588        1.2869479622772093     
   1.4632103236563612        1.2875246729387584     
   1.4636350952276151        1.2881009659852978     
   1.4640593617306934        1.2886768444132504     
   1.4644831254020430        1.2892523112035295     
   1.4649063883905125        1.2898273692443774     
   1.4653291528946661        1.2904020214696050     
   1.4657514210546225        1.2909762707492882     
   1.4661731950264123        1.2915501199653687     
   1.4665944768923618        1.2921235719210318     
   1.4670152687437206        1.2926966294242428     
   1.4674355726639348        1.2932692952705040     
   1.4678553906997964        1.2938415722143035     
   1.4682747249037380        1.2944134630114805     
   1.4686935772783403        1.2949849703637031     
   1.4691119498126781        1.2955560969547182     
   1.4695298444959102        1.2961268454642554     
   1.4699472632840256        1.2966972185346564     
   1.4703642081362349        1.2972672188076197     
   1.4707806809541277        1.2978368488626411     
   1.4711966836560255        1.2984061112923517     
   1.4716122181471087        1.2989750086721723     
   1.4720272862662700        1.2995435435070692     
   1.4724418899040232        1.3001117183500570     
   1.4728560308682741        1.3006795356675678     
   1.4732697110334914        1.3012469979888828     
   1.4736829321447726        1.3018141077098333     
   1.4740956960248275        1.3023808673005217     
   1.4745080044486158        1.3029472791795524     
   1.4749198591733672        1.3035133457441352     
   1.4753312619322272        1.3040790693637787     
   1.4757422144810259        1.3046444524273881     
   1.4761527184905474        1.3052094972348964     
   1.4765627756784476        1.3057742061299209     
   1.4769723877227561        1.3063385814130606     
   1.4773815562991430        1.3069026253794847     
   1.4777902830524363        1.3074663402895514     
   1.4781985696273645        1.3080297284007216     
   1.4786064176306966        1.3085927919291187     
   1.4790138287009404        1.3091555331195242     
   1.4794208044107888        1.3097179541475548     
   1.4798273463362865        1.3102800571891824     
   1.4802334560626278        1.3108418444265408     
   1.4806391351259973        1.3114033179894686     
   1.4810443850767074        1.3119644800192929     
   1.4814492074500036        1.3125253326392561     
   1.4818536037553518        1.3130858779435906     
   1.4822575754795679        1.3136461180013039     
   1.4826611241187093        1.3142060548877277     
   1.4830642511601371        1.3147656906668257     
   1.4834669580440198        1.3153250273524413     
   1.4838692462249925        1.3158840669700982     
   1.4842711171580381        1.3164428115435276     
   1.4846725722614378        1.3170012630564336     
   1.4850736129360944        1.3175594234729133     
   1.4854742405844512        1.3181172947558735     
   1.4858744566076321        1.3186748788646612     
   1.4862742623891774        1.3192321777383507     
   1.4866736592752516        1.3197891932761578     
   1.4870726486326509        1.3203459273955900     
   1.4874712318064156        1.3209023819900050     
   1.4878694101039964        1.3214585589126047     
   1.4882671848865565        1.3220144600685266     
   1.4886645574429180        1.3225700872879969     
   1.4890615290587284        1.3231254423954109     
   1.4894581010455514        1.3236805272397458     
   1.4898542746650167        1.3242353436170722     
   1.4902500511946057        1.3247898933377567     
   1.4906454318923281        1.3253441781903785     
   1.4910404179969832        1.3258981999420454     
   1.4914350107533745        1.3264519603642715     
   1.4918292113748590        1.3270054611946172     
   1.4922230210746430        1.3275587041688239     
   1.4926164410796428        1.3281116910346944     
   1.4930094725722332        1.3286644234929716     
   1.4934021167554328        1.3292169032637835     
   1.4937943747771383        1.3297691320096692     
   1.4941862478186829        1.3303211114254250     
   1.4945777370600564        1.3308728432026118     
   1.4949688436200497        1.3314243289693337     
   1.4953595686486076        1.3319755703837366     
   1.4957499132817258        1.3325265690882129     
   1.4961398786312086        1.3330773266990097     
   1.4965294658138877        1.3336278448362551     
   1.4969186759440203        1.3341781251158391     
   1.4973075101029436        1.3347281691188173     
   1.4976959693895990        1.3352779784427684     
   1.4980840548774195        1.3358275546580320     
   1.4984717676384036        1.3363768993322775     
   1.4988591087185210        1.3369260140051260     
   1.4992460791943631        1.3374749002463415     
   1.4996326800848188        1.3380235595657788     
   1.5000189124527268        1.3385719935167188     
   1.5004047773089431        1.3391202035982359     
   1.5007902756972438        1.3396681913421533     
   1.5011754086078117        1.3402159582243429     
   1.5015601770503602        1.3407635057396436     
   1.5019445820313349        1.3413108353782897     
   1.5023286245225158        1.3418579485945090     
   1.5027123055195721        1.3424048468655687     
   1.5030956260160773        1.3429515316658291     
   1.5034785869449849        1.3434980044070854     
   1.5038611892927014        1.3440442665542072     
   1.5042434339998194        1.3445903195249118     
   1.5046253220090868        1.3451361647383009     
   1.5050068542703565        1.3456818036194875     
   1.5053880317101236        1.3462272375693292     
   1.5057688552494806        1.3467724679823936     
   1.5061493258125842        1.3473174962553762     
   1.5065294443056549        1.3478623237661553     
   1.5069092116426424        1.3484069518998307     
   1.5072886287104408        1.3489513820129897     
   1.5076676964135991        1.3494956154799318     
   1.5080464155988740        1.3500396536151502     
   1.5084247871997554        1.3505834978209070     
   1.5088028120551520        1.3511271494027837     
   1.5091804910473203        1.3516706097098985     
   1.5095578250116788        1.3522138800427335     
   1.5099348148348217        1.3527569617540167     
   1.5103114613266284        1.3532998561174003     
   1.5106877653587136        1.3538425644690153     
   1.5110637277371044        1.3543850880779094     
   1.5114393493064195        1.3549274282520070     
   1.5118146308998408        1.3554695862871708     
   1.5121895733090862        1.3560115634365069     
   1.5125641773887868        1.3565533610171545     
   1.5129384438955076        1.3570949802458603     
   1.5133123736501701        1.3576364224046578     
   1.5136859674267693        1.3581776887274555     
   1.5140592260745811        1.3587187805248644     
   1.5144321503141023        1.3592596989757433     
   1.5148047409390772        1.3598004453335439     
   1.5151769987351327        1.3603410208433129     
   1.5155489244444440        1.3608814267055669     
   1.5159205188575502        1.3614216641701549     
   1.5162917827170517        1.3619617344376929     
   1.5166627167833480        1.3625016387271036     
   1.5170333217807652        1.3630413782202642     
   1.5174035984583241        1.3635809541244290     
   1.5177735475627780        1.3641203676443687     
   1.5181431698220214        1.3646596199656673     
   1.5185124659471352        1.3651987122566713     
   1.5188814366782060        1.3657376457156452     
   1.5192500827216959        1.3662764215064638     
   1.5196184047845440        1.3668150407935491     
   1.5199864035788533        1.3673535047467487     
   1.5203540798013457        1.3678918145203371     
   1.5207214341586512        1.3684299712789600     
   1.5210884673361864        1.3689679761656575     
   1.5214551800134559        1.3695058303178180     
   1.5218215728948334        1.3700435348982909     
   1.5221876466460698        1.3705810910308642     
   1.5225534019376754        1.3711184998442778     
   1.5229188394328075        1.3716557624602188     
   1.5232839598124484        1.3721928800187564     
   1.5236487637390941        1.3727298536417643     
   1.5240132518420115        1.3732666844170809     
   1.5243774248107935        1.3738033734947932     
   1.5247412832725902        1.3743399219614616     
   1.5251048278569508        1.3748763309066663     
   1.5254680592371925        1.3754126014651791     
   1.5258309780279651        1.3759487347119801     
   1.5261935848523169        1.3764847317313853     
   1.5265558803745933        1.3770205936505557     
   1.5269178651679558        1.3775563215035005     
   1.5272795398911374        1.3780919164126513     
   1.5276409051397450        1.3786273794363244     
   1.5280019615334359        1.3791627116580489     
   1.5283627096676260        1.3796979141369834     
   1.5287231501754919        1.3802329879720874     
   1.5290832836128201        1.3807679341829804     
   1.5294431105984716        1.3813027538550682     
   1.5298026317488855        1.3818374480719604     
   1.5301618476109586        1.3823720178464076     
   1.5305207587960863        1.3829064642582494     
   1.5308793658709527        1.3834407883423974     
   1.5312376694221872        1.3839749911544164     
   1.5315956700129809        1.3845090737272165     
   1.5319533682392990        1.3850430371279763     
   1.5323107646371947        1.3855768823628678     
   1.5326678597888073        1.3861106104867642     
   1.5330246542445132        1.3866442225225615     
   1.5333811485633280        1.3871777195027799     
   1.5337373432956711        1.3877111024522792     
   1.5340932390167019        1.3882443724222244     
   1.5344488362370226        1.3887775303981937     
   1.5348041355127506        1.3893105774136967     
   1.5351591373945803        1.3898435144977195     
   1.5355138423984642        1.3903763426443752     
   1.5358682510676092        1.3909090628768872     
   1.5362223639424679        1.3914416762169250     
   1.5365761815284111        1.3919741836507764     
   1.5369297043672323        1.3925065862034474     
   1.5372829329830187        1.3930388848829596     
   1.5376358678678919        1.3935710806655173     
   1.5379885095505337        1.3941031745659074     
   1.5383408585531784        1.3946351675938042     
   1.5386929153706501        1.3951670607316031     
   1.5390446805113929        1.3956988549768197     
   1.5393961544596813        1.3962305513036011     
   1.5397473377683106        1.3967621507579377     
   1.5400982308674045        1.3972936542603684     
   1.5404488342851592        1.3978250628340954     
   1.5407991485171622        1.3983563774699441     
   1.5411491740267604        1.3988875991266487     
   1.5414989113021889        1.3994187287901814     
   1.5418483608468729        1.3999497674634478     
   1.5421975231388070        1.4004807161246404     
   1.5425463986228019        1.4010115757188535     
   1.5428949878028440        1.4015423472540147     
   1.5432432911305900        1.4020730316850591     
   1.5435913090841185        1.4026036299961113     
   1.5439390421271959        1.4031341431576989     
   1.5442864907137199        1.4036645721317464     
   1.5446336553097169        1.4041949178943673     
   1.5449805363808453        1.4047251814225321     
   1.5453271343566664        1.4052553636577505     
   1.5456734497168865        1.4057854655949833     
   1.5460194829120808        1.4063154882003377     
   1.5463652343570085        1.4068454324047361     
   1.5467107045203516        1.4073752991967374     
   1.5470558938230214        1.4079050895165601     
   1.5474008027306985        1.4084348043530648     
   1.5477454316542025        1.4089644446393563     
   1.5480897810481069        1.4094940113562833     
   1.5484338513274392        1.4100235054451320     
   1.5487776429484086        1.4105529278914384     
   1.5491211562908198        1.4110822796035867     
   1.5494643918104942        1.4116115615705702     
   1.5498073499346265        1.4121407747533321     
   1.5501500310513217        1.4126699200743296     
   1.5504924356083083        1.4131989985195992     
   1.5508345639959533        1.4137280110175998     
   1.5511764166460977        1.4142569585416831     
   1.5515179939654866        1.4147858420411941     
   1.5518592963420370        1.4153146624476636     
   1.5522003241983979        1.4158434207308710     
   1.5525410779372837        1.4163721178416888     
   1.5528815579416102        1.4169007547126240     
   1.5532217646336939        1.4174293323190204     
   1.5535616984013905        1.4179578516023175     
   1.5539013596171165        1.4184863134902796     
   1.5542407487118146        1.4190147189735578     
   1.5545798660326997        1.4195430689574287     
   1.5549187119861800        1.4200713644114942     
   1.5552572869498735        1.4205996062769497     
   1.5555955913217558        1.4211277955187380     
   1.5559336254803078        1.4216559330835135     
   1.5562713897831730        1.4221840198986477     
   1.5566088846129407        1.4227120569195284     
   1.5569461103546514        1.4232400451064369     
   1.5572830673696527        1.4237679853970582     
   1.5576197560359324        1.4242958787490272     
   1.5579561767131711        1.4248237261029579     
   1.5582923297697844        1.4253515284111540     
   1.5586282155647226        1.4258792866181558     
   1.5589638344588024        1.4264070016728219     
   1.5592991868344601        1.4269346745494020     
   1.5596342730043895        1.4274623061511118     
   1.5599690933550132        1.4279898974611116     
   1.5603036482261519        1.4285174494161512     
   1.5606379379861217        1.4290449629852164     
   1.5609719629614380        1.4295724390963185     
   1.5613057235107977        1.4300998787134231     
   1.5616392199774416        1.4306272827869604     
   1.5619724527066756        1.4311546522720795     
   1.5623054220293138        1.4316819881115486     
   1.5626381283011292        1.4322092912764990     
   1.5629705718385325        1.4327365626999811     
   1.5633027529891357        1.4332638033500673     
   1.5636346720772667        1.4337910141731753     
   1.5639663294419368        1.4343181961338114     
   1.5642977254230335        1.4348453502002394     
   1.5646288603173806        1.4353724772983709     
   1.5649597344797779        1.4358995784176212     
   1.5652903482058755        1.4364266544879356     
   1.5656207018492463        1.4369537065033913     
   1.5659507957008627        1.4374807353947032     
   1.5662806300904699        1.4380077421365212     
   1.5666102053383488        1.4385347276962994     
   1.5669395217407280        1.4390616930192597     
   1.5672685796300867        1.4395886390914361     
   1.5675973793104137        1.4401155668722525     
   1.5679259210853425        1.4406424773234585     
   1.5682542052711734        1.4411693714232192     
   1.5685822321477900        1.4416962501146464     
   1.5689100020387974        1.4422231143896036     
   1.5692375152546263        1.4427499652294309     
   1.5695647720631478        1.4432768035736838     
   1.5698917727850001        1.4438036304206290     
   1.5702185177112384        1.4443304467407825     
   1.5705450071335723        1.4448572535080937     
   1.5708712413463530        1.4453840517027920     
   1.5711972206382403        1.4459108423025568     
   1.5715229453069413        1.4464376262974532     
   1.5718484156022883        1.4469644046309518     
   1.5721736318484887        1.4474911783275541     
   1.5724985943330816        1.4480179483769189     
   1.5728233033098138        1.4485447157365410     
   1.5731477590617859        1.4490714813979428     
   1.5734719618731507        1.4495982463574528     
   1.5737959120315876        1.4501250116181994     
   1.5741196097794077        1.4506517781395867     
   1.5744430554300484        1.4511785469590248     
   1.5747662492163113        1.4517053190326703     
   1.5750891914218157        1.4522320953736765     
   1.5754118823321350        1.4527588770010649     
   1.5757343221893347        1.4532856648915600     
   1.5760565112678682        1.4538124600593931     
   1.5763784498239215        1.4543392635036261     
   1.5767001381141317        1.4548660762270800     
   1.5770215763981525        1.4553928992402114     
   1.5773427649540717        1.4559197335759007     
   1.5776637040155190        1.4564465802242654     
   1.5779843938351859        1.4569734401995180     
   1.5783048346677901        1.4575003145215122     
   1.5786250267720918        1.4580272042187228     
   1.5789449703882856        1.4585541103031745     
   1.5792646657665395        1.4590810338024971     
   1.5795841131557393        1.4596079757459386     
   1.5799033127859985        1.4601349371472856     
   1.5802222649053832        1.4606619190434562     
   1.5805409697593562        1.4611889224726324     
   1.5808594275759653        1.4617159484586897     
   1.5811776386029890        1.4622429980503018     
   1.5814956030673240        1.4627700722784058     
   1.5818133211977177        1.4632971721801007     
   1.5821307932495079        1.4638242988249519     
   1.5824480194216213        1.4643514532268329     
   1.5827649999461257        1.4648786364391160     
   1.5830817350712121        1.4654058495368458     
   1.5833982250080063        1.4659330935596107     
   1.5837144699896346        1.4664603695751826     
   1.5840304702193628        1.4669876786240643     
   1.5843462259251944        1.4675150217770832     
   1.5846617373182526        1.4680424000922800     
   1.5849770046333427        1.4685698146566935     
   1.5852920280696874        1.4690972665246531     
   1.5856068078413876        1.4696247567708964     
   1.5859213441752349        1.4701522864879477     
   1.5862356372503958        1.4706798567227433     
   1.5865496873098226        1.4712074685943226     
   1.5868634945348457        1.4717351231616862     
   1.5871770591318872        1.4722628215143985     
   1.5874903813265977        1.4727905647681223     
   1.5878034612967444        1.4733183539919494     
   1.5881162992373872        1.4738461902784776     
   1.5884288953685703        1.4743740747519054     
   1.5887412498730833        1.4749020085014393     
   1.5890533629578696        1.4754299926471688     
   1.5893652347884935        1.4759580282706573     
   1.5896768655849169        1.4764861165158294     
   1.5899882555286806        1.4770142584910735     
   1.5902994047981418        1.4775424553067393     
   1.5906103135791634        1.4780707080861100     
   1.5909209820713892        1.4785990179725399     
   1.5912314104460619        1.4791273860845211     
   1.5915415988923631        1.4796558135649756     
   1.5918515475772388        1.4801843015382963     
   1.5921612566783057        1.4807128511459122     
   1.5924707263921425        1.4812414635549791     
   1.5927799568747854        1.4817701398947916     
   1.5930889483045363        1.4822988813238238     
   1.5933977008491409        1.4828276889952847     
   1.5937062146714276        1.4833565640625552     
   1.5940144899589335        1.4838855077108941     
   1.5943225268616632        1.4844145210916162     
   1.5946303255484373        1.4849436053816347     
   1.5949378861766774        1.4854727617516015     
   1.5952452089183324        1.4860019913936584     
   1.5955522939231614        1.4865312954819068     
   1.5958591413487477        1.4870606752050926     
   1.5961657513424381        1.4875901317466773     
   1.5964721240787065        1.4881196663257830     
   1.5967782596939699        1.4886492801263131     
   1.5970841583410524        1.4891789743562449     
   1.5973898201688754        1.4897087502252040     
   1.5976952453243780        1.4902386089477713     
   1.5980004339517249        1.4907685517408931     
   1.5983053862015100        1.4912985798354532     
   1.5986101022101640        1.4918286944535184     
   1.5989145821161170        1.4923588968250818     
   1.5992188260480780        1.4928891881772284     
   1.5995228341545933        1.4934195697642714     
   1.5998266065675062        1.4939500428294370     
   1.6001301434190764        1.4944806086230300     
   1.6004334448416624        1.4950112684023280     
   1.6007365109572076        1.4955420234199248     
   1.6010393419042084        1.4960728749532846     
   1.6013419377978233        1.4966038242617066     
   1.6016442987593811        1.4971348726180693     
   1.6019464249196593        1.4976660213122597     
   1.6022483163991654        1.4981972716304885     
   1.6025499733129500        1.4987286248601597     
   1.6028513957692068        1.4992600822880735     
   1.6031525839012737        1.4997916452360074     
   1.6034535377967452        1.5003233149834618     
   1.6037542575852024        1.5008550928625193     
   1.6040547433624595        1.5013869801765030     
   1.6043549952545273        1.5019189782685221     
   1.6046550133466355        1.5024510884455877     
   1.6049547977470984        1.5029833120472080     
   1.6052543485680537        1.5035156504241478     
   1.6055536658957315        1.5040481049079726     
   1.6058527498324215        1.5045806768543228     
   1.6061516004662992        1.5051133676125665     
   1.6064502179129638        1.5056461785688202     
   1.6067486022343394        1.5061791110596210     
   1.6070467535431059        1.5067121664843190     
   1.6073446719161344        1.5072453462119841     
   1.6076423574447525        1.5077786516351863     
   1.6079398102139317        1.5083120841480882     
   1.6082370302847762        1.5088456451275940     
   1.6085340177753362        1.5093793360202172     
   1.6088307727287194        1.5099131582003458     
   1.6091272952443965        1.5104471131118093     
   1.6094235853829117        1.5109812021650046     
   1.6097196432202163        1.5115154267958395     
   1.6100154688257113        1.5120497884415320     
   1.6103110622679753        1.5125842885477920     
   1.6106064236081477        1.5131189285610220     
   1.6109015529156152        1.5136537099455472     
   1.6111964502524689        1.5141886341672388     
   1.6114911156710112        1.5147237026901523     
   1.6117855492382609        1.5152589170041484     
   1.6120797510108946        1.5157942785966128     
   1.6123737210361584        1.5163297889545222     
   1.6126674593595016        1.5168654495724008     
   1.6129609660350739        1.5174012619639552     
   1.6132542411195130        1.5179372276550542     
   1.6135472846488101        1.5184733481590538     
   1.6138400966529149        1.5190096249929461     
   1.6141326771948470        1.5195460597191484     
   1.6144250263074453        1.5200826538774144     
   1.6147171440102477        1.5206194090037690     
   1.6150090303588918        1.5211563266828085     
   1.6153006853723892        1.5216934084707217     
   1.6155921090832948        1.5222306559478940     
   1.6158833015183967        1.5227680706996798     
   1.6161742627054758        1.5233056543224996     
   1.6164649926531780        1.5238434084032884     
   1.6167554914031486        1.5243813345754773     
   1.6170457589594773        1.5249194344422670     
   1.6173357953409817        1.5254577096343478     
   1.6176256005564646        1.5259961617825251     
   1.6179151746293223        1.5265347925446329     
   1.6182045175523183        1.5270736035564774     
   1.6184936293411774        1.5276125964902247     
   1.6187825099994750        1.5281517730167999     
   1.6190711595299532        1.5286911348171270     
   1.6193595779216783        1.5292306835696601     
   1.6196477651771897        1.5297704209791181     
   1.6199357212965300        1.5303103487596763     
   1.6202234462603071        1.5308504686159397     
   1.6205109400700706        1.5313907822880237     
   1.6207982026911893        1.5319312914890026     
   1.6210852341370501        1.5324719979961534     
   1.6213720343590010        1.5330129035321136     
   1.6216586033622402        1.5335540098910858     
   1.6219449411095117        1.5340953188336286     
   1.6222310475693047        1.5346368321389652     
   1.6225169227213141        1.5351785516121630     
   1.6228025665331158        1.5357204790584089     
   1.6230879789693915        1.5362626162926538     
   1.6233731599898502        1.5368049651375673     
   1.6236581095589990        1.5373475274354804     
   1.6239428276366736        1.5378903050366917     
   1.6242273141785981        1.5384332998006167     
   1.6245115691183565        1.5389765135771443     
   1.6247955924352957        1.5395199482800987     
   1.6250793840506483        1.5400636057736246     
   1.6253629439182482        1.5406074879721976     
   1.6256462719793512        1.5411515967910669     
   1.6259293681696492        1.5416959341538468     
   1.6262122324266688        1.5422405020013814     
   1.6264948646810617        1.5427853022815634     
   1.6267772648592276        1.5433303369528193     
   1.6270594328917984        1.5438756079939040     
   1.6273413687059664        1.5444211173944895     
   1.6276230722077301        1.5449668671372507     
   1.6279045433382153        1.5455128592589906     
   1.6281857819786545        1.5460590957461648     
   1.6284667880805663        1.5466055786793607     
   1.6287475615134652        1.5471523100644595     
   1.6290281022060915        1.5476992919893751     
   1.6293084100432360        1.5482465265100627     
   1.6295884849421276        1.5487940157349225     
   1.6298683267850735        1.5493417617509770     
   1.6301479354703561        1.5498897666798341     
   1.6304273108783178        1.5504380326403380     
   1.6307064529014832        1.5509865617826017     
   1.6309853614218577        1.5515353562626280     
   1.6312640363264774        1.5520844182598925     
   1.6315424774652016        1.5526337499305329     
   1.6318206847361971        1.5531833535028028     
   1.6320986579884282        1.5537332311683625     
   1.6323763971086245        1.5542833851794051     
   1.6326539019436741        1.5548338177630747     
   1.6329311723465350        1.5553845311723125     
   1.6332082081827637        1.5559355276924833     
   1.6334850093030686        1.5564868096129696     
   1.6337615755402721        1.5570383792220963     
   1.6340379067648765        1.5575902388700555     
   1.6343140027862810        1.5581423908593894     
   1.6345898634600460        1.5586948375642811     
   1.6348654886113250        1.5592475813452678     
   1.6351408780753933        1.5598006245950167     
   1.6354160316577022        1.5603539696940079     
   1.6356909492101002        1.5609076190957420     
   1.6359656305234911        1.5614615752067187     
   1.6362400754123327        1.5620158404821054     
   1.6365142836950231        1.5625704174024033     
   1.6367882551882478        1.5631253084692298     
   1.6370619896574357        1.5636805161487153     
   1.6373354869276791        1.5642360429970756     
   1.6376087467812113        1.5647918915445098     
   1.6378817690095100        1.5653480643554936     
   1.6381545533987185        1.5659045640118143     
   1.6384270997110295        1.5664613930917977     
   1.6386994077405723        1.5670185542337949     
   1.6389714772611379        1.5675760500775657     
   1.6392433080213524        1.5681338832595846     
   1.6395148997891875        1.5686920564618154     
   1.6397862523338429        1.5692505723935035     
   1.6400573653932393        1.5698094337542949     
   1.6403282387230576        1.5703686432889219     
   1.6405988720622846        1.5709282037494434     
   1.6408692651553696        1.5714881179208280     
   1.6411394177287610        1.5720483885937544     
   1.6414093295271679        1.5726090186066015     
   1.6416790002454602        1.5731700107689937     
   1.6419484296379614        1.5737313679852241     
   1.6422176173975862        1.5742930931180312     
   1.6424865632325758        1.5748551890753066     
   1.6427552668618342        1.5754176588065085     
   1.6430237279639484        1.5759805052435758     
   1.6432919462642168        1.5765437314008846     
   1.6435599214064867        1.5771073402303877     
   1.6438276531121023        1.5776713348014326     
   1.6440951410481506        1.5782357181525724     
   1.6443623848776470        1.5788004933484117     
   1.6446293842820212        1.5793656635055040     
   1.6448961389047017        1.5799312317284095     
   1.6451626484211401        1.5804972011908860     
   1.6454289124641559        1.5810635750496926     
   1.6456949306947484        1.5816303565264640     
