  0.16611295911103455       0.14783458350134066     
  0.16459002634787909       0.14716174406885363     
  0.16308105591622093       0.14649811807604501     
  0.16158591980863538       0.14584230179805752     
  0.16010449119127695       0.14519423278439744     
  0.15863664439311989       0.14455381627716246     
  0.15718225489529736       0.14392095925339374     
  0.15574119932053820       0.14329556994668466     
  0.15431335542270103       0.14267755777106766     
  0.15289860207640377       0.14206683340726622     
  0.15149681926674849       0.14146330867495402     
  0.15010788807914049       0.14086689660404328     
  0.14873169068920067       0.14027751136627720     
  0.14736811035277025       0.13969506830326331     
  0.14601703139600733       0.13911948383452302     
  0.14467833920557424       0.13855067554634082     
  0.14335192021891469       0.13798856207260968     
  0.14203766191462006       0.13743306316321233     
  0.14073545280288441       0.13688409962927145     
  0.13944518241604625       0.13634159329467213     
  0.13816674129921783       0.13580546707744484     
  0.13690002100099988       0.13527564486876673     
  0.13564491406428145       0.13475205159991566     
  0.13440131401712430       0.13423461317897803     
  0.13316911536373086       0.13372325649255110     
  0.13194821357549480       0.13321790940691100     
  0.13073850508213378       0.13271850071942290     
  0.12953988726290361       0.13222496019087684     
  0.12835225843789258       0.13173721848955089     
  0.12717551785939626       0.13125520720637704     
  0.12600956570337049       0.13077885883099999     
  0.12485430306096358       0.13030810673604146     
  0.12370963193012556       0.12984288517712730     
  0.12257545520729472       0.12938312927258652     
  0.12145167667916014       0.12892877497898564     
  0.12033820101449982       0.12847975911048815     
  0.11923493375609369       0.12803601930452910     
  0.11814178131271059       0.12759749400828185     
  0.11705865095116907       0.12716412247383682     
  0.11598545078847047       0.12673584475437177     
  0.11492208978400457       0.12631260167654862     
  0.11386847773182654       0.12589433485037038     
  0.11282452525300447       0.12548098663551047     
  0.11179014378803759       0.12507250014357388     
  0.11076524558934341       0.12466881923919633     
  0.10974974371381416       0.12426988850034471     
  0.10874355201544128       0.12387565323331742     
  0.10774658513800753       0.12348605944272345     
  0.10675875850784618       0.12310105385272285     
  0.10577998832666650       0.12272058386397257     
  0.10481019156444524       0.12234459755344074     
  0.10384928595238280       0.12197304367870246     
  0.10289718997592461       0.12160587165916684     
  0.10195382286784598       0.12124303155731253     
  0.10101910460140054       0.12088447408617947     
  0.10009295588353162       0.12053015059138172     
   9.9175298148145630E-002  0.12018001304681823     
   9.8266053549447216E-002  0.11983401403760427     
   9.7365144955335631E-002  0.11949210675809688     
   9.6472495940861547E-002  0.11915424500676303     
   9.5588030781743369E-002  0.11882038317809410     
   9.4711674447944622E-002  0.11849047623586945     
   9.3843352597307500E-002  0.11816447972586508     
   9.2982991569248052E-002  0.11784234976847222     
   9.2130518378505749E-002  0.11752404302935690     
   9.1285860708953795E-002  0.11720951674165633     
   9.0448946907462885E-002  0.11689872867192984     
   8.9619705977824218E-002  0.11659163712983164     
   8.8798067574725470E-002  0.11628820094365849     
   8.7983961997784729E-002  0.11598837948009441     
   8.7177320185636301E-002  0.11569213260147052     
   8.6378073710073625E-002  0.11539942069807776     
   8.5586154770243089E-002  0.11511020464252814     
   8.4801496186893380E-002  0.11482444581187688     
   8.4024031396676191E-002  0.11454210606773192     
   8.3253694446499646E-002  0.11426314775508187     
   8.2490419987933425E-002  0.11398753368629720     
   8.1734143271665297E-002  0.11371522714278871     
   8.0984800142008248E-002  0.11344619186992273     
   8.0242327031458102E-002  0.11318039206271878     
   7.9506660955301137E-002  0.11291779237312219     
   7.8777739506270886E-002  0.11265835788346204     
   7.8055500849254195E-002  0.11240205411960739     
   7.7339883716045596E-002  0.11214884703835612     
   7.6630827400149953E-002  0.11189870301165050     
   7.5928271751632553E-002  0.11165158884488589     
   7.5232157172016673E-002  0.11140747173936075     
   7.4542424609227650E-002  0.11116631931718890     
   7.3859015552583535E-002  0.11092809959486777     
   7.3181872027831510E-002  0.11069278098338990     
   7.2510936592229930E-002  0.11046033229032248     
   7.1846152329675311E-002  0.11023072270483131     
   7.1187462845874239E-002  0.11000392179738723     
   7.0534812263559191E-002  0.10977989951323941     
   6.9888145217748596E-002  0.10955862616431304     
   6.9247406851050006E-002  0.10934007243273802     
   6.8612542809006638E-002  0.10912420935746714     
   6.7983499235486328E-002  0.10891100832989503     
   6.7360222768112890E-002  0.10870044109937638     
   6.6742660533739381E-002  0.10849247975326273     
   6.6130760143962755E-002  0.10828709672104635     
   6.5524469690679724E-002  0.10808426476953650     
   6.4923737741683404E-002  0.10788395700179863     
   6.4328513336300130E-002  0.10768614683893341     
   6.3738745981066602E-002  0.10749080803229574     
   6.3154385645446287E-002  0.10729791464842532     
   6.2575382757585438E-002  0.10710744106496736     
   6.2001688200107721E-002  0.10691936197725359     
   6.1433253305947705E-002  0.10673365238131477     
   6.0870029854222199E-002  0.10655028757533798     
   6.0311970066139808E-002  0.10636924315562853     
   5.9759026600947680E-002  0.10619049501223325     
   5.9211152551915634E-002  0.10601401932438799     
   5.8668301442356914E-002  0.10583979255757021     
   5.8130427221685668E-002  0.10566779146092314     
   5.7597484261510297E-002  0.10549799306043967     
   5.7069427351762812E-002  0.10533037465620372     
   5.6546211696863649E-002  0.10516491381856018     
   5.6027792911921573E-002  0.10500158838836773     
   5.5514127018968462E-002  0.10484037646935589     
   5.5005170443228661E-002  0.10468125642258723     
   5.4500880009422430E-002  0.10452420686872135     
   5.4001212938103380E-002  0.10436920668302763     
   5.3506126842029461E-002  0.10421623498654026     
   5.3015579722567159E-002  0.10406527115240594     
   5.2529529966128787E-002  0.10391629479395399     
   5.2047936340642309E-002  0.10376928576698800     
   5.1570757992053573E-002  0.10362422416074714     
   5.1097954440860682E-002  0.10348109030514430     
   5.0629485578680015E-002  0.10333986475385983     
   5.0165311664843837E-002  0.10320052829344033     
   4.9705393323029069E-002  0.10306306193487223     
   4.9249691537916883E-002  0.10292744690888658     
   4.8798167651883051E-002  0.10279366466841106     
   4.8350783361718622E-002  0.10266169688101003     
   4.7907500715380524E-002  0.10253152542614200     
   4.7468282108772145E-002  0.10240313240076103     
   4.7033090282553265E-002  0.10227650010059545     
   4.6601888318979372E-002  0.10215161103216278     
   4.6174639638769895E-002  0.10202844790341917     
   4.5751307998005045E-002  0.10190699362480687     
   4.5331857485051370E-002  0.10178723129984404     
   4.4916252517515215E-002  0.10166914422974549     
   4.4504457839224271E-002  0.10155271590696698     
   4.4096438517236755E-002  0.10143793001528514     
   4.3692159938878039E-002  0.10132477042410674     
   4.3291587808804398E-002  0.10121322118920188     
   4.2894688146093686E-002  0.10110326654946299     
   4.2501427281362747E-002  0.10099489092199734     
   4.2111771853911177E-002  0.10088807890400311     
   4.1725688808891319E-002  0.10078281526708967     
   4.1343145394504177E-002  0.10067908495780208     
   4.0964109159221045E-002  0.10057687309175679     
   4.0588547949030621E-002  0.10047616495701155     
   4.0216429904711359E-002  0.10037694600592645     
   3.9847723459128813E-002  0.10027920185679451     
   3.9482397334557766E-002  0.10018291828923201     
   3.9120420540028886E-002  0.10008808124636880     
   3.8761762368699798E-002   9.9994676826469175E-002
   3.8406392395250108E-002   9.9902691287657386E-002
   3.8054280473300464E-002   9.9812111040868082E-002
   3.7705396732855168E-002   9.9722922650247750E-002
   3.7359711577768288E-002   9.9635112831867961E-002
   3.7017195683232994E-002   9.9548668448805985E-002
   3.6677819993293913E-002   9.9463576511676782E-002
   3.6341555718382247E-002   9.9379824177676990E-002
   3.6008374332873558E-002   9.9297398747160245E-002
   3.5678247572667916E-002   9.9216287659500302E-002
   3.5351147432792211E-002   9.9136478496901007E-002
   3.5027046165024472E-002   9.9057958978880617E-002
   3.4705916275539955E-002   9.8980716960628573E-002
   3.4387730522578812E-002   9.8904740431625768E-002
   3.4072461914135183E-002   9.8830017517427690E-002
   3.3760083705667278E-002   9.8756536470591891E-002
   3.3450569397828984E-002   9.8684285675946656E-002
   3.3143892734221345E-002   9.8613253646809729E-002
   3.2840027699165844E-002   9.8543429022530132E-002
   3.2538948515496810E-002   9.8474800566601753E-002
   3.2240629642375375E-002   9.8407357165548853E-002
   3.1945045773122169E-002   9.8341087831818455E-002
   3.1652171833071154E-002   9.8275981694359638E-002
   3.1361982977441930E-002   9.8212028000675008E-002
   3.1074454589232695E-002   9.8149216119674518E-002
   3.0789562277131387E-002   9.8087535531264813E-002
   3.0507281873447114E-002   9.8026975835470306E-002
   3.0227589432059446E-002   9.7967526741592523E-002
   2.9950461226387559E-002   9.7909178072197331E-002
   2.9675873747376975E-002   9.7851919760046285E-002
   2.9403803701505787E-002   9.7795741848727524E-002
   2.9134228008808102E-002   9.7740634488689221E-002
   2.8867123800916702E-002   9.7686587934193186E-002
   2.8602468419122572E-002   9.7633592549973058E-002
   2.8340239412453214E-002   9.7581638800400050E-002
   2.8080414535767650E-002   9.7530717255415317E-002
   2.7822971747869834E-002   9.7480818584742376E-002
   2.7567889209638357E-002   9.7431933559895031E-002
   2.7315145282174345E-002   9.7384053049703309E-002
   2.7064718524965281E-002   9.7337168022940360E-002
   2.6816587694066699E-002   9.7291269543474695E-002
   2.6570731740299527E-002   9.7246348773298422E-002
   2.6327129807465002E-002   9.7202396964568089E-002
   2.6085761230574874E-002   9.7159405467460200E-002
   2.5846605534098885E-002   9.7117365720359949E-002
   2.5609642430227342E-002   9.7076269257277220E-002
   2.5374851817150521E-002   9.7036107696660143E-002
   2.5142213777353033E-002   9.6996872751658483E-002
   2.4911708575924438E-002   9.6958556220195349E-002
   2.4683316658885051E-002   9.6921149986825467E-002
   2.4457018651527121E-002   9.6884646024110010E-002
   2.4232795356771312E-002   9.6849036387255852E-002
   2.4010627753538145E-002   9.6814313216560324E-002
   2.3790496995134466E-002   9.6780468736232722E-002
   2.3572384407654620E-002   9.6747495250504176E-002
   2.3356271488396380E-002   9.6715385145534696E-002
   2.3142139904291280E-002   9.6684130887232933E-002
   2.2929971490349452E-002   9.6653725021219536E-002
   2.2719748248118659E-002   9.6624160171132331E-002
   2.2511452344157461E-002   9.6595429036367544E-002
   2.2305066108522387E-002   9.6567524396264690E-002
   2.2100572033268998E-002   9.6540439101991532E-002
   2.1897952770966626E-002   9.6514166079839259E-002
   2.1697191133226830E-002   9.6488698333682912E-002
   2.1498270089245246E-002   9.6464028936007362E-002
   2.1301172764356884E-002   9.6440151032377658E-002
   2.1105882438604579E-002   9.6417057841048273E-002
   2.0912382545320685E-002   9.6394742649866319E-002
   2.0720656669721661E-002   9.6373198816433706E-002
   2.0530688547515608E-002   9.6352419766684169E-002
   2.0342462063522554E-002   9.6332398995234145E-002
   2.0155961250307396E-002   9.6313130063772873E-002
   1.9971170286825341E-002   9.6294606601041166E-002
   1.9788073497079801E-002   9.6276822300451065E-002
   1.9606655348792607E-002   9.6259770921714283E-002
   1.9426900452086362E-002   9.6243446288232587E-002
   1.9248793558178920E-002   9.6227842286334894E-002
   1.9072319558089794E-002   9.6212952866279622E-002
   1.8897463481358477E-002   9.6198772040275576E-002
   1.8724210494774469E-002   9.6185293880857739E-002
   1.8552545901118957E-002   9.6172512523576226E-002
   1.8382455137918041E-002   9.6160422161127024E-002
   1.8213923776207380E-002   9.6149017048297855E-002
   1.8046937519308179E-002   9.6138291497294109E-002
   1.7881482201614386E-002   9.6128239878658331E-002
   1.7717543787390988E-002   9.6118856619918161E-002
   1.7555108369583381E-002   9.6110136206223995E-002
   1.7394162168637605E-002   9.6102073178507511E-002
   1.7234691531331399E-002   9.6094662132749809E-002
   1.7076682929615998E-002   9.6087897721421761E-002
   1.6920122959468542E-002   9.6081774648891269E-002
   1.6764998339754988E-002   9.6076287675465513E-002
   1.6611295911103451E-002   9.6071431613412500E-002
   1.6459002634787927E-002   9.6067201328459917E-002
   1.6308105591622095E-002   9.6063591737090975E-002
   1.6158591980863519E-002   9.6060597807873752E-002
   1.6010449119127697E-002   9.6058214560448843E-002
   1.5863664439312006E-002   9.6056437064861722E-002
   1.5718225489529732E-002   9.6055260439869922E-002
   1.5574119932053807E-002   9.6054679854347846E-002
   1.5431335542270106E-002   9.6054690525563868E-002
   1.5289860207640393E-002   9.6055287719050822E-002
   1.5149681926674851E-002   9.6056466747463029E-002
   1.5010788807914037E-002   9.6058222971330390E-002
   1.4873169068920068E-002   9.6060551797187255E-002
   1.4736811035277037E-002   9.6063448677425556E-002
   1.4601703139600731E-002   9.6066909110913992E-002
   1.4467833920557409E-002   9.6070928641627848E-002
   1.4335192021891468E-002   9.6075502857268832E-002
   1.4203766191462023E-002   9.6080627389037998E-002
   1.4073545280288438E-002   9.6086297914409813E-002
   1.3944518241604607E-002   9.6092510151101956E-002
   1.3816674129921786E-002   9.6099259862112846E-002
   1.3690002100100001E-002   9.6106542850737858E-002
   1.3564491406428148E-002   9.6114354963735493E-002
   1.3440131401712418E-002   9.6122692087391728E-002
   1.3316911536373084E-002   9.6131550150694772E-002
   1.3194821357549492E-002   9.6140925122218654E-002
   1.3073850508213379E-002   9.6150813010556169E-002
   1.2953988726290343E-002   9.6161209864492780E-002
   1.2835225843789261E-002   9.6172111772425489E-002
   1.2717551785939640E-002   9.6183514860045241E-002
   1.2600956570337050E-002   9.6195415292123845E-002
   1.2485430306096345E-002   9.6207809272791225E-002
   1.2370963193012556E-002   9.6220693042108396E-002
   1.2257545520729485E-002   9.6234062877542617E-002
   1.2145167667916016E-002   9.6247915094546568E-002
   1.2033820101449997E-002   9.6262246044011221E-002
   1.1923493375609367E-002   9.6277052113107678E-002
   1.1814178131271075E-002   9.6292329725042231E-002
   1.1705865095116908E-002   9.6308075337526583E-002
   1.1598545078847057E-002   9.6324285444121832E-002
   1.1492208978400458E-002   9.6340956572579559E-002
   1.1386847773182662E-002   9.6358085285356082E-002
   1.1282452525300447E-002   9.6375668177623983E-002
   1.1179014378803769E-002   9.6393701879917290E-002
   1.1076524558934341E-002   9.6412183054219711E-002
   1.0974974371381429E-002   9.6431108395861789E-002
   1.0874355201544131E-002   9.6450474633221470E-002
   1.0774658513800762E-002   9.6470278526920070E-002
   1.0675875850784618E-002   9.6490516868166606E-002
   1.0577998832666661E-002   9.6511186481529884E-002
   1.0481019156444522E-002   9.6532284220983131E-002
   1.0384928595238293E-002   9.6553806972800291E-002
   1.0289718997592463E-002   9.6575751652758987E-002
   1.0195382286784608E-002   9.6598115208027580E-002
   1.0101910460140055E-002   9.6620894614895717E-002
   1.0009295588353173E-002   9.6644086879428132E-002
   9.9175298148145626E-003   9.6667689037035182E-002
   9.8266053549447337E-003   9.6691698152340494E-002
   9.7365144955335638E-003   9.6716111318702419E-002
   9.6472495940861536E-003   9.6740925657843369E-002
   9.5588030781743379E-003   9.6766138320287354E-002
   9.4711674447944608E-003   9.6791746483407021E-002
   9.3843352597307497E-003   9.6817747353070305E-002
   9.2982991569248042E-003   9.6844138161419818E-002
   9.2130518378505770E-003   9.6870916169406990E-002
   9.1285860708953809E-003   9.6898078663387122E-002
   9.0448946907462895E-003   9.6925622956867338E-002
   8.9619705977824222E-003   9.6953546388784118E-002
   8.8798067574725487E-003   9.6981846325686211E-002
   8.7983961997784733E-003   9.7010520158122920E-002
   8.7177320185636304E-003   9.7039565303633876E-002
   8.6378073710073628E-003   9.7068979203822098E-002
   8.5586154770243006E-003   9.7098759326136805E-002
   8.4801496186893387E-003   9.7128903162335217E-002
   8.4024031396676083E-003   9.7159408228857963E-002
   8.3253694446499635E-003   9.7190272066492223E-002
   8.2490419987933349E-003   9.7221492239770210E-002
   8.1734143271665304E-003   9.7253066336850241E-002
   8.0984800142008158E-003   9.7284991970817941E-002
   8.0242327031458099E-003   9.7317266776327863E-002
   7.9506660955301050E-003   9.7349888412345348E-002
   7.8777739506270886E-003   9.7382854559544374E-002
   7.8055500849254101E-003   9.7416162922246391E-002
   7.7339883716045603E-003   9.7449811227303673E-002
   7.6630827400149875E-003   9.7483797223479760E-002
   7.5928271751632553E-003   9.7518118681399632E-002
   7.5232157172016598E-003   9.7552773393060274E-002
   7.4542424609227642E-003   9.7587759172837213E-002
   7.3859015552583457E-003   9.7623073856877740E-002
   7.3181872027831499E-003   9.7658715301154747E-002
   7.2510936592229853E-003   9.7694681383749746E-002
   7.1846152329675316E-003   9.7730970002359072E-002
   7.1187462845874166E-003   9.7767579076455696E-002
   7.0534812263559205E-003   9.7804506545399628E-002
   6.9888145217748675E-003   9.7841750368408115E-002
   6.9247406851050018E-003   9.7879308525683842E-002
   6.8612542809006584E-003   9.7917179015652653E-002
   6.7983499235486338E-003   9.7955359857475333E-002
   6.7360222768112956E-003   9.7993849089825100E-002
   6.6742660533739380E-003   9.8032644769746824E-002
   6.6130760143962687E-003   9.8071744974435673E-002
   6.5524469690679734E-003   9.8111147798401105E-002
   6.4923737741683467E-003   9.8150851356858360E-002
   6.4328513336300141E-003   9.8190853782091678E-002
   6.3738745981066543E-003   9.8231153224913575E-002
   6.3154385645446285E-003   9.8271747854645666E-002
   6.2575382757585497E-003   9.8312635858840453E-002
   6.2001688200107735E-003   9.8353815441804660E-002
   6.1433253305947623E-003   9.8395284826966856E-002
   6.0870029854222206E-003   9.8437042254091306E-002
   6.0311970066139866E-003   9.8479085981328346E-002
   5.9759026600947687E-003   9.8521414282356543E-002
   5.9211152551915574E-003   9.8564025450219389E-002
   5.8668301442356919E-003   9.8606917791908347E-002
   5.8130427221685724E-003   9.8650089633902011E-002
   5.7597484261510288E-003   9.8693539318397819E-002
   5.7069427351762753E-003   9.8737265202104685E-002
   5.6546211696863642E-003   9.8781265660512069E-002
   5.6027792911921620E-003   9.8825539084560612E-002
   5.5514127018968466E-003   9.8870083879636819E-002
   5.5005170443228604E-003   9.8914898468606377E-002
   5.4500880009422424E-003   9.8959981289499191E-002
   5.4001212938103440E-003   9.9005330795944174E-002
   5.3506126842029463E-003   9.9050945456645001E-002
   5.3015579722567110E-003   9.9096823755191701E-002
   5.2529529966128790E-003   9.9142964191444916E-002
   5.2047936340642361E-003   9.9189365278961605E-002
   5.1570757992053570E-003   9.9236025547232140E-002
   5.1097954440860625E-003   9.9282943539652502E-002
   5.0629485578680012E-003   9.9330117813637306E-002
   5.0165311664843899E-003   9.9377546942957293E-002
   4.9705393323029069E-003   9.9425229513342372E-002
   4.9249691537916829E-003   9.9473164126144931E-002
   4.8798167651883054E-003   9.9521349397077991E-002
   4.8350783361718677E-003   9.9569783954109745E-002
   4.7907500715380523E-003   9.9618466440816664E-002
   4.7468282108772096E-003   9.9667395512838389E-002
   4.7033090282553262E-003   9.9716569839977939E-002
   4.6601888318979429E-003   9.9765988106945883E-002
   4.6174639638769882E-003   9.9815649008464458E-002
   4.5751307998004994E-003   9.9865551255183413E-002
   4.5331857485051367E-003   9.9915693570190520E-002
   4.4916252517515258E-003   9.9966074688623743E-002
   4.4504457839224260E-003  0.10001669335917242     
   4.4096438517236712E-003  0.10006754834375353     
   4.3692159938878037E-003  0.10011863841541511     
   4.3291587808804441E-003  0.10016996236104370     
   4.2894688146093681E-003  0.10022151897921514     
   4.2501427281362702E-003  0.10027330708117541     
   4.2111771853911182E-003  0.10032532548968427     
   4.1725688808891366E-003  0.10037757304024145     
   4.1343145394504175E-003  0.10043004857998933     
   4.0964109159220994E-003  0.10048275096804038     
   4.0588547949030615E-003  0.10053567907457274     
   4.0216429904711398E-003  0.10058883178262128     
   3.9847723459128818E-003  0.10064220798599213     
   3.9482397334557728E-003  0.10069580659021363     
   3.9120420540028882E-003  0.10074962651120252     
   3.8761762368699840E-003  0.10080366667754116     
   3.8406392395250112E-003  0.10085792602789290     
   3.8054280473300505E-003  0.10091240351322069     
   3.7705396732855162E-003  0.10096709809373383     
   3.7359711577768322E-003  0.10102200874153197     
   3.7017195683232999E-003  0.10107713443946574     
   3.6677819993293950E-003  0.10113247418042789     
   3.6341555718382244E-003  0.10118802696874278     
   3.6008374332873595E-003  0.10124378736572667     
   3.5678247572667912E-003  0.10129976328313277     
   3.5351147432792253E-003  0.10135594932226215     
   3.5027046165024478E-003  0.10141234452817492     
   3.4705916275539995E-003  0.10146894795699928     
   3.4387730522578816E-003  0.10152575867349878     
   3.4072461914135188E-003  0.10158277575327865     
   3.3760083705667286E-003  0.10163999828213212     
   3.3450569397828972E-003  0.10169742535425878     
   3.3143892734221339E-003  0.10175505607574217     
   3.2840027699165839E-003  0.10181288956075323     
   3.2538948515496817E-003  0.10187092493179142     
   3.2240629642375372E-003  0.10192916132479721     
   3.1945045773122170E-003  0.10198759788096429     
   3.1652171833071157E-003  0.10204623375323627     
   3.1361982977441936E-003  0.10210506810302294     
   3.1074454589232700E-003  0.10216410010021688     
   3.0789562277131386E-003  0.10222332892507584     
   3.0507281873447117E-003  0.10228275376648865     
   3.0227589432059447E-003  0.10234237382166703     
   2.9950461226387563E-003  0.10240218829782442     
   2.9675873747376982E-003  0.10246219640933940     
   2.9403803701505784E-003  0.10252239738054832     
   2.9134228008808102E-003  0.10258279044408476     
   2.8867123800916709E-003  0.10264337484115540     
   2.8602468419122572E-003  0.10270414982188980     
   2.8340239412453210E-003  0.10276511464331217     
   2.8080414535767650E-003  0.10282626857282658     
   2.7822971747869830E-003  0.10288761088502231     
   2.7567889209638360E-003  0.10294914086238117     
   2.7315145282174346E-003  0.10301085779727717     
   2.7064718524965285E-003  0.10307276098812330     
   2.6816587694066694E-003  0.10313484974209974     
   2.6570731740299530E-003  0.10319712337466989     
   2.6327129807465002E-003  0.10325958120980501     
   2.6085761230574878E-003  0.10332222257718768     
   2.5846605534098881E-003  0.10338504681628308     
   2.5609642430227341E-003  0.10344805327334902     
   2.5374851817150522E-003  0.10351124130316856     
   2.5142213777353006E-003  0.10357461026730608     
   2.4911708575924441E-003  0.10363815953408705     
   2.4683316658885021E-003  0.10370188848083035     
   2.4457018651527127E-003  0.10376579649268199     
   2.4232795356771285E-003  0.10382988295937773     
   2.4010627753538148E-003  0.10389414728094144     
   2.3790496995134440E-003  0.10395858886288280     
   2.3572384407654621E-003  0.10402320711951731     
   2.3356271488396358E-003  0.10408800146997974     
   2.3142139904291283E-003  0.10415297134173476     
   2.2929971490349430E-003  0.10421811616964222     
   2.2719748248118668E-003  0.10428343539483824     
   2.2511452344157437E-003  0.10434892846638155     
   2.2305066108522392E-003  0.10441459483895907     
   2.2100572033269018E-003  0.10448043397416960     
   2.1897952770966625E-003  0.10454644534114994     
   2.1697191133226803E-003  0.10461262841511600     
   2.1498270089245252E-003  0.10467898267888645     
   2.1301172764356903E-003  0.10474550762005735     
   2.1105882438604583E-003  0.10481220273433360     
   2.0912382545320665E-003  0.10487906752401659     
   2.0720656669721660E-003  0.10494610149585089     
   2.0530688547515628E-003  0.10501330416578185     
   2.0342462063522556E-003  0.10508067505348782     
   2.0155961250307376E-003  0.10514821368824499     
   1.9971170286825339E-003  0.10521591960098277     
   1.9788073497079822E-003  0.10528379233271365     
   1.9606655348792606E-003  0.10535183142932944     
   1.9426900452086343E-003  0.10542003644272614     
   1.9248793558178919E-003  0.10548840693054967     
   1.9072319558089813E-003  0.10555694245807631     
   1.8897463481358475E-003  0.10562564259360374     
   1.8724210494774453E-003  0.10569450691394604     
   1.8552545901118957E-003  0.10576353500085811     
   1.8382455137918063E-003  0.10583272644257245     
   1.8213923776207379E-003  0.10590208083217784     
   1.8046937519308160E-003  0.10597159776934140     
   1.7881482201614382E-003  0.10604127685841497     
   1.7717543787391004E-003  0.10611111771137853     
   1.7555108369583382E-003  0.10618111994367738     
   1.7394162168637586E-003  0.10625128317707777     
   1.7234691531331395E-003  0.10632160703988620     
   1.7076682929616019E-003  0.10639209116440242     
   1.6920122959468542E-003  0.10646273518966762     
   1.6764998339754969E-003  0.10653353876005868     
   1.6611295911103455E-003  0.10660450152474146     
   1.6459002634787929E-003  0.10667562313798622     
   1.6308105591622091E-003  0.10674690326024218     
   1.6158591980863519E-003  0.10681834155744205     
   1.6010449119127693E-003  0.10688993769937634     
   1.5863664439312007E-003  0.10696169136205146     
   1.5718225489529734E-003  0.10703360222746300     
   1.5574119932053804E-003  0.10710566998141179     
   1.5431335542270106E-003  0.10717789431479338     
   1.5289860207640393E-003  0.10725027492405703     
   1.5149681926674850E-003  0.10732281151126116     
   1.5010788807914037E-003  0.10739550378310743     
   1.4873169068920068E-003  0.10746835145028813     
   1.4736811035277037E-003  0.10754135422969351     
   1.4601703139600732E-003  0.10761451184277152     
   1.4467833920557413E-003  0.10768782401463133     
   1.4335192021891468E-003  0.10776129047809159     
   1.4203766191462023E-003  0.10783491096821092     
   1.4073545280288439E-003  0.10790868522492587     
   1.3944518241604609E-003  0.10798261299477989     
   1.3816674129921787E-003  0.10805669402713211     
   1.3690002100100003E-003  0.10813092807728827     
   1.3564491406428145E-003  0.10820531490485329     
   1.3440131401712416E-003  0.10827985427350213     
   1.3316911536373085E-003  0.10835454595242681     
   1.3194821357549492E-003  0.10842938971427052     
   1.3073850508213377E-003  0.10850438533676021     
   1.2953988726290345E-003  0.10857953260321512     
   1.2835225843789259E-003  0.10865483129972028     
   1.2717551785939639E-003  0.10873028121836711     
   1.2600956570337049E-003  0.10880588215350663     
   1.2485430306096344E-003  0.10888163390592576     
   1.2370963193012556E-003  0.10895753628103200     
   1.2257545520729485E-003  0.10903358908626727     
   1.2145167667916015E-003  0.10910979213526041     
   1.2033820101449971E-003  0.10918614524569448     
   1.1923493375609368E-003  0.10926264823878706     
   1.1814178131271072E-003  0.10933930094070074     
   1.1705865095116908E-003  0.10941610318208810     
   1.1598545078847036E-003  0.10949305479662402     
   1.1492208978400459E-003  0.10957015562339573     
   1.1386847773182662E-003  0.10964740550484886     
   1.1282452525300446E-003  0.10972480428792755     
   1.1179014378803745E-003  0.10980235182267122     
   1.1076524558934341E-003  0.10988004796516151     
   1.0974974371381428E-003  0.10995789257320841     
   1.0874355201544127E-003  0.11003588551100227     
   1.0774658513800742E-003  0.11011402664468986     
   1.0675875850784614E-003  0.11019231584638639     
   1.0577998832666661E-003  0.11027075298991174     
   1.0481019156444523E-003  0.11034933795438327     
   1.0384928595238269E-003  0.11042807062294130     
   1.0289718997592463E-003  0.11050695088144198     
   1.0195382286784609E-003  0.11058597862101673     
   1.0101910460140055E-003  0.11066515373695782     
   1.0009295588353155E-003  0.11074447612587342     
   9.9175298148145626E-004  0.11082394569091845     
   9.8266053549447320E-004  0.11090356233731664     
   9.7365144955335631E-004  0.11098332597454169     
   9.6472495940861335E-004  0.11106323651635153     
   9.5588030781743375E-004  0.11114329387953233     
   9.4711674447944610E-004  0.11122349798467383     
   9.3843352597307512E-004  0.11130384875645316     
   9.2982991569248057E-004  0.11138434612269937     
   9.2130518378505757E-004  0.11146499001567882     
   9.1285860708953826E-004  0.11154578037010497     
   9.0448946907463088E-004  0.11162671712571816     
   8.9619705977824220E-004  0.11170780022315731     
   8.8798067574725472E-004  0.11178902961123072     
   8.7983961997784715E-004  0.11187040523809715     
   8.7177320185636469E-004  0.11195192705786984     
   8.6378073710073622E-004  0.11203359502597769     
   8.5586154770243015E-004  0.11211540910451118     
   8.4801496186893380E-004  0.11219736925532038     
   8.4024031396676276E-004  0.11227947544711656     
   8.3253694446499627E-004  0.11236172764921082     
   8.2490419987933346E-004  0.11244412583654328     
   8.1734143271665306E-004  0.11252666998717149     
   8.0984800142008318E-004  0.11260936008074658     
   8.0242327031458118E-004  0.11269219610384473     
   7.9506660955301048E-004  0.11277517804175562     
   7.8777739506270881E-004  0.11285830588662991     
   7.8055500849254277E-004  0.11294157963187185     
   7.7339883716045609E-004  0.11302499927834583     
   7.6630827400149873E-004  0.11310856482401040     
   7.5928271751632566E-004  0.11319227627405487     
   7.5232157172016743E-004  0.11327613363688400     
   7.4542424609227661E-004  0.11336013692222510     
   7.3859015552583463E-004  0.11344428614581195     
   7.3181872027831504E-004  0.11352858132442475     
   7.2510936592229988E-004  0.11361302247927695     
   7.1846152329675325E-004  0.11369760963318966     
   7.1187462845874157E-004  0.11378234281384228     
   7.0534812263559207E-004  0.11386722205212030     
   6.9888145217748669E-004  0.11395224738144365     
   6.9247406851050011E-004  0.11403741883774661     
   6.8612542809006578E-004  0.11412273646198756     
   6.7983499235486325E-004  0.11420820029671956     
   6.7360222768112963E-004  0.11429381038790715     
   6.6742660533739375E-004  0.11437956678516314     
   6.6130760143962681E-004  0.11446546954063772     
   6.5524469690679728E-004  0.11455151871042774     
   6.4923737741683454E-004  0.11463771435277180     
   6.4328513336300137E-004  0.11472405652903775     
   6.3738745981066535E-004  0.11481054530506932     
   6.3154385645446305E-004  0.11489718074811539     
   6.2575382757585501E-004  0.11498396292883484     
   6.2001688200107735E-004  0.11507089192088132     
   6.1433253305947632E-004  0.11515796780204438     
   6.0870029854222208E-004  0.11524519065250327     
   6.0311970066139863E-004  0.11533256055383792     
   5.9759026600947676E-004  0.11542007759399864     
   5.9211152551915563E-004  0.11550774186091486     
   5.8668301442356917E-004  0.11559555344592561     
   5.8130427221685728E-004  0.11568351244579622     
   5.7597484261510284E-004  0.11577161895734456     
   5.7069427351762745E-004  0.11585987308108057     
   5.6546211696863647E-004  0.11594827492291751     
   5.6027792911921633E-004  0.11603682458696546     
   5.5514127018968474E-004  0.11612552218508883     
   5.5005170443228602E-004  0.11621436782895876     
   5.4500880009422431E-004  0.11630336163464773     
   5.4001212938103440E-004  0.11639250371998425     
   5.3506126842029454E-004  0.11648179420814593     
   5.3015579722567115E-004  0.11657123322095397     
   5.2529529966128792E-004  0.11666082088694907     
   5.2047936340642368E-004  0.11675055733758198     
   5.1570757992053576E-004  0.11684044270355971     
   5.1097954440860625E-004  0.11693047712220422     
   5.0629485578680016E-004  0.11702066073161461     
   5.0165311664843897E-004  0.11711099367370473     
   4.9705393323029069E-004  0.11720147609247848     
   4.9249691537916823E-004  0.11729210813668729     
   4.8798167651883055E-004  0.11738288995466141     
   4.8350783361718672E-004  0.11747382170056606     
   4.7907500715380541E-004  0.11756490352971839     
   4.7468282108772096E-004  0.11765613560087977     
   4.7033090282553263E-004  0.11774751807544422     
   4.6601888318979431E-004  0.11783905111915083     
   4.6174639638769889E-004  0.11793073489713393     
   4.5751307998005003E-004  0.11802256958006652     
   4.5331857485051368E-004  0.11811455534134049     
   4.4916252517515257E-004  0.11820669235538717     
   4.4504457839224259E-004  0.11829898080108131     
   4.4096438517236711E-004  0.11839142086024244     
   4.3692159938878042E-004  0.11848401271557421     
   4.3291587808804436E-004  0.11857675655477999     
   4.2894688146093683E-004  0.11866965256766177     
   4.2501427281362703E-004  0.11876270094512612     
   4.2111771853911177E-004  0.11885590188298129     
   4.1725688808891368E-004  0.11894925557981406     
   4.1343145394504173E-004  0.11904276223546539     
   4.0964109159220998E-004  0.11913642205346150     
   4.0588547949030616E-004  0.11923023523903167     
   4.0216429904711394E-004  0.11932420200419681     
   3.9847723459128807E-004  0.11941832255682658     
   3.9482397334557724E-004  0.11951259711340433     
   3.9120420540028882E-004  0.11960702589151453     
   3.8761762368699835E-004  0.11970160910965316     
   3.8406392395250107E-004  0.11979634699084113     
   3.8054280473300424E-004  0.11989123976177117     
   3.7705396732855165E-004  0.11998628765072333     
   3.7359711577768332E-004  0.12008149088682522     
   3.7017195683232998E-004  0.12017684970567998     
   3.6677819993293870E-004  0.12027236434258581     
   3.6341555718382243E-004  0.12036803503750275     
   3.6008374332873594E-004  0.12046386203230547     
   3.5678247572667917E-004  0.12055984557127501     
   3.5351147432792176E-004  0.12065598590232680     
   3.5027046165024474E-004  0.12075228327615943     
   3.4705916275539991E-004  0.12084873794436642     
   3.4387730522578814E-004  0.12094535016441564     
   3.4072461914135113E-004  0.12104212019478669     
   3.3760083705667280E-004  0.12113904829489497     
   3.3450569397828973E-004  0.12123613473036293     
   3.3143892734221347E-004  0.12133337976654147     
   3.2840027699165765E-004  0.12143078367470390     
   3.2538948515496816E-004  0.12152834672542587     
   3.2240629642375372E-004  0.12162606919515975     
   3.1945045773122167E-004  0.12172395136070630     
   3.1652171833071089E-004  0.12182199350418370     
   3.1361982977441938E-004  0.12192019590613914     
   3.1074454589232695E-004  0.12201855885459251     
   3.0789562277131383E-004  0.12211708263868876     
   3.0507281873447056E-004  0.12221576754821370     
   3.0227589432059448E-004  0.12231461387939888     
   2.9950461226387558E-004  0.12241362192797003     
   2.9675873747376971E-004  0.12251279199503702     
   2.9403803701505789E-004  0.12261212438318342     
   2.9134228008808103E-004  0.12271161939666918     
   2.8867123800916706E-004  0.12281127734487964     
   2.8602468419122636E-004  0.12291109853884799     
   2.8340239412453209E-004  0.12301108329144410     
   2.8080414535767647E-004  0.12311123192077150     
   2.7822971747869832E-004  0.12321154474571687     
   2.7567889209638419E-004  0.12331202208731527     
   2.7315145282174344E-004  0.12341266427313681     
   2.7064718524965286E-004  0.12351347162830575     
   2.6816587694066690E-004  0.12361444448484818     
   2.6570731740299588E-004  0.12371558317574217     
   2.6327129807465007E-004  0.12381688803832631     
   2.6085761230574872E-004  0.12391835941162282     
   2.5846605534098885E-004  0.12401999763641280     
   2.5609642430227391E-004  0.12412180305789962     
   2.5374851817150525E-004  0.12422377602449015     
   2.5142213777353006E-004  0.12432591688599359     
   2.4911708575924441E-004  0.12442822599639947     
   2.4683316658885075E-004  0.12453070371141882     
   2.4457018651527122E-004  0.12463335039042991     
   2.4232795356771288E-004  0.12473616639509193     
   2.4010627753538147E-004  0.12483915209019664     
   2.3790496995134490E-004  0.12494230784516076     
   2.3572384407654623E-004  0.12504563402758340     
   2.3356271488396351E-004  0.12514913101313335     
   2.3142139904291277E-004  0.12525279917739904     
   2.2929971490349478E-004  0.12535663890086171     
   2.2719748248118662E-004  0.12546065056438582     
   2.2511452344157437E-004  0.12556483455393039     
   2.2305066108522389E-004  0.12566919125753567     
   2.2100572033269017E-004  0.12577372106640131     
   2.1897952770966623E-004  0.12587842437402530     
   2.1697191133226805E-004  0.12598330157835899     
   2.1498270089245248E-004  0.12608835307813845     
   2.1301172764356905E-004  0.12619357927712679     
   2.1105882438604583E-004  0.12629898058062725     
   2.0912382545320663E-004  0.12640455739806034     
   2.0720656669721659E-004  0.12651031014210440     
   2.0530688547515629E-004  0.12661623922568249     
   2.0342462063522559E-004  0.12672234506870983     
   2.0155961250307376E-004  0.12682862809017739     
   1.9971170286825341E-004  0.12693508871645101     
   1.9788073497079819E-004  0.12704172737247763     
   1.9606655348792607E-004  0.12714854448931931     
   1.9426900452086343E-004  0.12725554050040438     
   1.9248793558178918E-004  0.12736271584084879     
   1.9072319558089811E-004  0.12747007095131455     
   1.8897463481358474E-004  0.12757760627391340     
   1.8724210494774451E-004  0.12768532225384110     
   1.8552545901118960E-004  0.12779321934043436     
   1.8382455137918059E-004  0.12790129798388547     
   1.8213923776207381E-004  0.12800955864046540     
   1.8046937519308165E-004  0.12811800176905028     
   1.7881482201614383E-004  0.12822662782866937     
   1.7717543787391005E-004  0.12833543728542171     
   1.7555108369583379E-004  0.12844443060672009     
   1.7394162168637588E-004  0.12855360826314671     
   1.7234691531331395E-004  0.12866297072893557     
   1.7076682929616013E-004  0.12877251848140250     
   1.6920122959468542E-004  0.12888225200159187     
   1.6764998339754969E-004  0.12899217177088176     
   1.6611295911103451E-004  0.12910227827893148     
   1.6459002634787930E-004  0.12921257201642294     
   1.6308105591622096E-004  0.12932305347513970     
   1.6158591980863519E-004  0.12943372315217072     
   1.6010449119127697E-004  0.12954458154828777     
   1.5863664439312006E-004  0.12965562916773515     
   1.5718225489529735E-004  0.12976686651540950     
   1.5574119932053806E-004  0.12987829410442764     
   1.5431335542270103E-004  0.12998991244576524     
   1.5289860207640395E-004  0.13010172205751255     
   1.5149681926674850E-004  0.13021372346154542     
   1.5010788807914038E-004  0.13032591718004102     
   1.4873169068920067E-004  0.13043830374106610     
   1.4736811035277039E-004  0.13055088367505865     
   1.4601703139600734E-004  0.13066365751588799     
   1.4467833920557408E-004  0.13077662580164634     
   1.4335192021891466E-004  0.13088978907491727     
   1.4203766191462022E-004  0.13100314787895681     
   1.4073545280288439E-004  0.13111670276212209     
   1.3944518241604611E-004  0.13123045427633953     
   1.3816674129921784E-004  0.13134440297790434     
   1.3690002100100000E-004  0.13145854942492333     
   1.3564491406428146E-004  0.13157289418068344     
   1.3440131401712416E-004  0.13168743781152212     
   1.3316911536373087E-004  0.13180218088637019     
   1.3194821357549491E-004  0.13191712397932043     
   1.3073850508213379E-004  0.13203226766806331     
   1.2953988726290347E-004  0.13214761253282203     
   1.2835225843789262E-004  0.13226315915902251     
   1.2717551785939641E-004  0.13237890813450962     
   1.2600956570337049E-004  0.13249486005107411     
   1.2485430306096346E-004  0.13261101550654675     
   1.2370963193012555E-004  0.13272737509827362     
   1.2257545520729486E-004  0.13284393943008702     
   1.2145167667916016E-004  0.13296070911116312     
   1.2033820101449972E-004  0.13307768475154483     
   1.1923493375609369E-004  0.13319486696720659     
   1.1814178131271073E-004  0.13331225637586597     
   1.1705865095116907E-004  0.13342985360095785     
   1.1598545078847035E-004  0.13354765926903797     
   1.1492208978400457E-004  0.13366567401218984     
   1.1386847773182662E-004  0.13378389846418082     
   1.1282452525300445E-004  0.13390233326403012     
   1.1179014378803748E-004  0.13402097905573185     
   1.1076524558934338E-004  0.13413983648395789     
   1.0974974371381430E-004  0.13425890620231443     
   1.0874355201544129E-004  0.13437818886425590     
   1.0774658513800742E-004  0.13449768512891003     
   1.0675875850784617E-004  0.13461739566169142     
   1.0577998832666662E-004  0.13473732112827883     
   1.0481019156444521E-004  0.13485746220013023     
   1.0384928595238269E-004  0.13497781955508406     
   1.0289718997592463E-004  0.13509839387226616     
   1.0195382286784609E-004  0.13521918583716391     
   1.0101910460140054E-004  0.13534019613672935     
   1.0009295588353154E-004  0.13546142546629297     
   9.9175298148145629E-005  0.13558287452274492     
   9.8266053549447331E-005  0.13570454400740009     
   9.7365144955335645E-005  0.13582643462651753     
   9.6472495940861356E-005  0.13594854709207713     
   9.5588030781743372E-005  0.13607088211846899     
   9.4711674447944604E-005  0.13619344042614170     
   9.3843352597307501E-005  0.13631622273830712     
   9.2982991569248041E-005  0.13643922978382164     
   9.2130518378505757E-005  0.13656246229784208     
   9.1285860708953821E-005  0.13668592101688604     
   9.0448946907463083E-005  0.13680960668399750     
   8.9619705977824239E-005  0.13693352004641551     
   8.8798067574725464E-005  0.13705766185565740     
   8.7983961997784724E-005  0.13718203287004038     
   8.7177320185636491E-005  0.13730663384992961     
   8.6378073710073627E-005  0.13743146556202343     
   8.5586154770243012E-005  0.13755652877710248     
   8.4801496186893375E-005  0.13768182427216552     
   8.4024031396676255E-005  0.13780735282731696     
   8.3253694446499624E-005  0.13793311522854587     
   8.2490419987933338E-005  0.13805911226586107     
   8.1734143271665298E-005  0.13818534473701152     
   8.0984800142008337E-005  0.13831181344141460     
   8.0242327031458116E-005  0.13843851918525119     
   7.9506660955301037E-005  0.13856546277936982     
   7.8777739506270898E-005  0.13869264504024206     
   7.8055500849254266E-005  0.13882006678882974     
   7.7339883716045599E-005  0.13894772885239293     
   7.6630827400149876E-005  0.13907563206235907     
   7.5928271751632558E-005  0.13920377725535202     
   7.5232157172016749E-005  0.13933216527319717     
   7.4542424609227640E-005  0.13946079696457891     
   7.3859015552583444E-005  0.13958967318236112     
   7.3181872027831512E-005  0.13971879478505506     
   7.2510936592229996E-005  0.13984816263687413     
   7.1846152329675312E-005  0.13997777760659624     
   7.1187462845874171E-005  0.14010764057023745     
   7.0534812263559215E-005  0.14023775240767344     
   6.9888145217748666E-005  0.14036811400495919     
   6.9247406851050011E-005  0.14049872625476856     
   6.8612542809006578E-005  0.14062959005490336     
   6.7983499235486328E-005  0.14076070630854431     
   6.7360222768112949E-005  0.14089207592405437     
   6.6742660533739392E-005  0.14102369981828394     
   6.6130760143962686E-005  0.14115557890999292     
   6.5524469690679733E-005  0.14128771412768537     
   6.4923737741683459E-005  0.14142010640316088     
   6.4328513336300142E-005  0.14155275667687509     
   6.3738745981066543E-005  0.14168566589211254     
   6.3154385645446294E-005  0.14181883500046971     
   6.2575382757585490E-005  0.14195226495987059     
   6.2001688200107719E-005  0.14208595673289159     
   6.1433253305947635E-005  0.14221991128935413     
   6.0870029854222201E-005  0.14235412960488089     
   6.0311970066139862E-005  0.14248861266364649     
   5.9759026600947683E-005  0.14262336145171847     
   5.9211152551915571E-005  0.14275837696643351     
   5.8668301442356924E-005  0.14289366020854674     
   5.8130427221685723E-005  0.14302921218676282     
   5.7597484261510270E-005  0.14316503391605556     
   5.7069427351762754E-005  0.14330112641617418     
   5.6546211696863656E-005  0.14343749071869294     
   5.6027792911921618E-005  0.14357412785554388     
   5.5514127018968461E-005  0.14371103887073197     
   5.5005170443228609E-005  0.14384822481178675     
   5.4500880009422426E-005  0.14398568673481188     
   5.4001212938103436E-005  0.14412342570225944     
   5.3506126842029453E-005  0.14426144278400954     
   5.3015579722567118E-005  0.14439973905634065     
   5.2529529966128787E-005  0.14453831560376354     
   5.2047936340642355E-005  0.14467717351760326     
   5.1570757992053573E-005  0.14481631389553262     
   5.1097954440860624E-005  0.14495573784446467     
   5.0629485578680014E-005  0.14509544647754682     
   5.0165311664843901E-005  0.14523544091496060     
   4.9705393323029073E-005  0.14537572228436932     
   4.9249691537916824E-005  0.14551629172217187     
   4.8798167651883047E-005  0.14565715037263752     
   4.8350783361718669E-005  0.14579829938611377     
   4.7907500715380529E-005  0.14593973992056589     
   4.7468282108772087E-005  0.14608147314482747     
   4.7033090282553265E-005  0.14622350023307615     
   4.6601888318979434E-005  0.14636582236671586     
   4.6174639638769884E-005  0.14650844073831948     
   4.5751307998004992E-005  0.14665135654598588     
   4.5331857485051372E-005  0.14679457099687848     
   4.4916252517515261E-005  0.14693808530656394     
   4.4504457839224262E-005  0.14708190069886884     
   4.4096438517236709E-005  0.14722601840475516     
   4.3692159938878040E-005  0.14737043966694097     
   4.3291587808804434E-005  0.14751516573317233     
   4.2894688146093683E-005  0.14766019786167534     
   4.2501427281362708E-005  0.14780553731866913     
   4.2111771853911180E-005  0.14795118538068530     
   4.1725688808891365E-005  0.14809714333042026     
   4.1343145394504183E-005  0.14824341246193709     
   4.0964109159220999E-005  0.14838999407757983     
   4.0588547949030616E-005  0.14853688948862631     
   4.0216429904711401E-005  0.14868410001480811     
   3.9847723459128813E-005  0.14883162698649749     
   3.9482397334557724E-005  0.14897947174354612     
   3.9120420540028892E-005  0.14912763563332887     
   3.8761762368699837E-005  0.14927612001535248     
   3.8406392395250107E-005  0.14942492625546600     
   3.8054280473300426E-005  0.14957405573382357     
   3.7705396732855158E-005  0.14972350983485783     
   3.7359711577768320E-005  0.14987328995849700     
   3.7017195683232999E-005  0.15002339751064986     
   3.6677819993293875E-005  0.15017383390786754     
   3.6341555718382237E-005  0.15032460057848043     
   3.6008374332873595E-005  0.15047569896035473     
   3.5678247572667912E-005  0.15062713050137730     
   3.5351147432792179E-005  0.15077889665965208     
   3.5027046165024483E-005  0.15093099890493597     
   3.4705916275539994E-005  0.15108343871719002     
   3.4387730522578818E-005  0.15123621758683550     
   3.4072461914135117E-005  0.15138933701366311     
   3.3760083705667278E-005  0.15154279851320218     
   3.3450569397828983E-005  0.15169660360624276     
   3.3143892734221343E-005  0.15185075382856267     
   3.2840027699165767E-005  0.15200525072618626     
   3.2538948515496810E-005  0.15216009585621343     
   3.2240629642375371E-005  0.15231529078794012     
   3.1945045773122170E-005  0.15247083710168305     
   3.1652171833071089E-005  0.15262673638940835     
   3.1361982977441936E-005  0.15278299025594597     
   3.1074454589232693E-005  0.15293960031758869     
   3.0789562277131389E-005  0.15309656820127185     
   3.0507281873447053E-005  0.15325389555003285     
   3.0227589432059440E-005  0.15341158401301402     
   2.9950461226387557E-005  0.15356963526000506     
   2.9675873747376981E-005  0.15372805096461425     
   2.9403803701505781E-005  0.15388683282012514     
   2.9134228008808105E-005  0.15404598252815413     
   2.8867123800916709E-005  0.15420550180709208     
   2.8602468419122631E-005  0.15436539238522240     
   2.8340239412453210E-005  0.15452565600600282     
   2.8080414535767646E-005  0.15468629442461648     
   2.7822971747869830E-005  0.15484730941152827     
   2.7567889209638419E-005  0.15500870275018908     
   2.7315145282174341E-005  0.15517047623862387     
   2.7064718524965279E-005  0.15533263168513414     
   2.6816587694066696E-005  0.15549517091797721     
   2.6570731740299587E-005  0.15565809577427306     
   2.6327129807465003E-005  0.15582140811020775     
   2.6085761230574871E-005  0.15598510979260974     
   2.5846605534098883E-005  0.15614920270414495     
   2.5609642430227395E-005  0.15631368874369378     
   2.5374851817150525E-005  0.15647856982449043     
   2.5142213777353009E-005  0.15664384787285907     
   2.4911708575924439E-005  0.15680952483523225     
   2.4683316658885078E-005  0.15697560266716451     
   2.4457018651527124E-005  0.15714208334553603     
   2.4232795356771286E-005  0.15730896885988091     
   2.4010627753538146E-005  0.15747626121738170     
   2.3790496995134487E-005  0.15764396243845985     
   2.3572384407654624E-005  0.15781207456580562     
   2.3356271488396354E-005  0.15798059965171779     
   2.3142139904291280E-005  0.15814953976885990     
   2.2929971490349477E-005  0.15831889700717006     
   2.2719748248118664E-005  0.15848867347443826     
   2.2511452344157437E-005  0.15865887128984202     
   2.2305066108522388E-005  0.15882949259798360     
   2.2100572033269018E-005  0.15900053955594734     
   2.1897952770966625E-005  0.15917201434078238     
   2.1697191133226805E-005  0.15934391914731755     
   2.1498270089245250E-005  0.15951625618615248     
   2.1301172764356906E-005  0.15968902769087545     
   2.1105882438604581E-005  0.15986223591170584     
   2.0912382545320663E-005  0.16003588311569986     
   2.0720656669721659E-005  0.16020997159115422     
   2.0530688547515629E-005  0.16038450364690959     
   2.0342462063522558E-005  0.16055948160823336     
   2.0155961250307379E-005  0.16073490782251540     
   1.9971170286825340E-005  0.16091078465577358     
   1.9788073497079819E-005  0.16108711449585747     
   1.9606655348792609E-005  0.16126389974898850     
   1.9426900452086341E-005  0.16144114284516001     
   1.9248793558178915E-005  0.16161884622982481     
   1.9072319558089815E-005  0.16179701237772659     
   1.8897463481358479E-005  0.16197564377790252     
   1.8724210494774452E-005  0.16215474294342347     
   1.8552545901118961E-005  0.16233431241192164     
   1.8382455137918061E-005  0.16251435473825984     
   1.8213923776207381E-005  0.16269487250666215     
   1.8046937519308161E-005  0.16287586831441742     
   1.7881482201614383E-005  0.16305734479233230     
   1.7717543787391005E-005  0.16323930458842675     
   1.7555108369583381E-005  0.16342175037448067     
   1.7394162168637588E-005  0.16360468484923960     
   1.7234691531331396E-005  0.16378811073124974     
   1.7076682929616016E-005  0.16397203076899503     
   1.6920122959468546E-005  0.16415644773046215     
   1.6764998339754972E-005  0.16434136441325300     
