   1.6373536551909615        4.3809861988607368     
   1.6330690004321424        4.3839516410325574     
   1.6287908803638460        4.3869183792791038     
   1.6245193675194236        4.3898865502784314     
   1.6202544369665464        4.3928561285479795     
   1.6159960636593382        4.3958270881552854     
   1.6117442223864609        4.3987994026267918     
   1.6074988878724832        4.4017730451141190     
   1.6032600346572843        4.4047479881871592     
   1.5990276371474110        4.4077242039159117     
   1.5948016696367395        4.4107016639013441     
   1.5905821062760741        4.4136803392196811     
   1.5863689210261060        4.4166602003375850     
   1.5821620877268969        4.4196412172255819     
   1.5779615800499767        4.4226233592717739     
   1.5737673715187959        4.4256065953118888     
   1.5695794354387016        4.4285908935038698     
   1.5653977449904375        4.4315762214832368     
   1.5612222731394703        4.4345625462017653     
   1.5570529927125236        4.4375498340541348     
   1.5528898762847685        4.4405380506770449     
   1.5487328962640390        4.4435271610890643     
   1.5445820248489359        4.4465171296121175     
   1.5404372340398564        4.4495079198845984     
   1.5362984955884442        4.4524994947666432     
   1.5321657810372666        4.4554918164028567     
   1.5280390617211101        4.4584848462183135     
   1.5239183086593560        4.4614785447219667     
   1.5198034927386972        4.4644728718218607     
   1.5156945844965670        4.4674677864356296     
   1.5115915542292577        4.4704632466736278     
   1.5074943719774758        4.4734592098059700     
   1.5034030074610818        4.4764556321383244     
   1.4993174301594088        4.4794524691469491     
   1.4952376092653787        4.4824496753889651     
   1.4911635135384116        4.4854472042291960     
   1.4870951115711195        4.4884450083100802     
   1.4830323715180669        4.4914430390550804     
   1.4789752612327987        4.4944412469055131     
   1.4749237482173470        4.4974395812199397     
   1.4708777995802316        4.5004379901877360     
   1.4668373820975451        4.5034364209296909     
   1.4628024620912197        4.5064348192656070     
   1.4587730055297810        4.5094331298867516     
   1.4547489779257536        4.5124312961570334     
   1.4507303443697264        4.5154292601632431     
   1.4467170695348424        4.5184269627115201     
   1.4427091175656481        4.5214243431097678     
   1.4387064521638264        4.5244213393124362     
   1.4347090365262867        4.5274178877928577     
   1.4307168333267719        4.5304139234950371     
   1.4267298047195540        4.5334093798261037     
   1.4227479122551396        4.5364041884840622     
   1.4187711169965225        4.5393982796595926     
   1.4147993793124503        4.5423915816332485     
   1.4108326590076681        4.5453840210024836     
   1.4068709152528220        4.5483755225334050     
   1.4029141065007318        4.5513660089847354     
   1.3989621905717546        4.5543554012505130     
   1.3950151245229352        4.5573436180934612     
   1.3910728646927171        4.5603305762096706     
   1.3871353666345514        4.5633161900818964     
   1.3832025850892233        4.5663003719052062     
   1.3792744739867209        4.5692830315684390     
   1.3753509863787077        4.5722640765020408     
   1.3714320743978516        4.5752434115757294     
   1.3675176892371341        4.5782209390335975     
   1.3636077811335681        4.5811965584370027     
   1.3597022992768912        4.5841701664611474     
   1.3558011918356476        4.5871416569175700     
   1.3519044058428662        4.5901109205031796     
   1.3480118871898013        4.5930778447573601     
   1.3441235805786060        4.5960423139382405     
   1.3402394294447335        4.5990042088379290     
   1.3363593759446510        4.6019634067241366     
   1.3324833608401676        4.6049197810770810     
   1.3286113234943950        4.6078732015439350     
   1.3247432018026077        4.6108235337637868     
   1.3208789320961194        4.6137706391368214     
   1.3170184490538333        4.6167143746058752     
   1.3131616857355257        4.6196545926784154     
   1.3093085733697745        4.6225911409579776     
   1.3054590413633218        4.6255238621137664     
   1.3016130171796354        4.6284525935870908     
   1.2977704262279079        4.6313771673152031     
   1.2939311918369572        4.6342974096231568     
   1.2900952350844779        4.6372131408217250     
   1.2862624746960145        4.6401241749416293     
   1.2824328269387484        4.6430303194540041     
   1.2786062055271235        4.6459313750115809     
   1.2747825214495654        4.6488271350255364     
   1.2709616828802774        4.6517173854112084     
   1.2671435949604404        4.6546019040627691     
   1.2633281597141475        4.6574804605983626     
   1.2595152758522323        4.6603528158711631     
   1.2557048385651710        4.6632187214516172     
   1.2518967394309211        4.6660779193413768     
   1.2480908660797330        4.6689301411792048     
   1.2442871021047635        4.6717751079482834     
   1.2404853267484517        4.6746125292123750     
   1.2366854147233237        4.6774421026233393     
   1.2328872358723459        4.6802635130863504     
   1.2290906549992087        4.6830764322714789     
   1.2252955314782574        4.6858805176554315     
   1.2215017189592787        4.6886754117512535     
   1.2177090650635840        4.6914607413099763     
   1.2139174109722100        4.6942361162836415     
   1.2101265910527621        4.6970011288572211     
   1.2063364324315202        4.6997553523518629     
   1.2025467545615220        4.7024983401056444     
   1.1987573687023700        4.7052296241514000     
   1.1949680774123030        4.7079487139040168     
   1.1911786740001695        4.7106550947449914     
   1.1873889418729586        4.7133482263640420     
   1.1835986539448655        4.7160275412124850     
   1.1798075718637462        4.7186924425418315     
   1.1760154452946983        4.7213423025412755     
   1.1722220110803763        4.7239764601835113     
   1.1684269923617061        4.7265942189568024     
   1.1646300976078949        4.7291948443700065     
   1.1608310195776841        4.7317775612751785     
   1.1570294342086882        4.7343415509982005     
   1.1532249993842172        4.7368859481632466     
   1.1494173536675978        4.7394098374049562     
   1.1456061148113039        4.7419122495409631     
   1.1417908783010082        4.7443921577726442     
   1.1379712156334787        4.7468484732464438     
   1.1341466725527811        4.7492800404653952     
   1.1303167671211780        4.7516856322731575     
   1.1264809876067872        4.7540639443640735     
   1.1226387902429504        4.7564135894352777     
   1.1187895968021744        4.7587330908472918     
   1.1149327919689624        4.7610208757505177     
   1.1110677205289481        4.7632752677089929     
   1.1071936843930796        4.7654944788563851     
   1.1033099393611314        4.7676766013604954     
   1.0994156916831508        4.7698195983191098     
   1.0955100944545901        4.7719212941603306     
   1.0915922437346515        4.7739793642882180     
   1.0876611745134956        4.7759913242500103     
   1.0837158564646709        4.7779545182724004     
   1.0797551895269835        4.7798661072594424     
   1.0757779993666055        4.7817230563616491     
   1.0717830327170925        4.7835221221052286     
   1.0677689526576644        4.7852598392153505     
   1.0637343339256946        4.7869325073524340     
   1.0596776582837122        4.7885361778086146     
   1.0555973100830680        4.7900666404963950     
   1.0514915720637081        4.7915194113277035     
   1.0473586215785355        4.7928897204322602     
   1.0431965273420094        4.7941725014638763     
   1.0390032468014943        4.7953623822451892     
   1.0347766244743108        4.7964536775818329     
   1.0305143911565118        4.7974403840600495     
   1.0262141645037219        4.7983161780451784     
   1.0218734510024081        4.7990744169768025     
   1.0174896496299932        4.7997081447237218     
   1.0130600575785418        4.8002101019575871     
   1.0085818780666860        4.8005727416843751     
   1.0040522308874475        4.8007882515671714     
  0.99946816568060215        4.8008485831206649     
  0.99482667834854688        4.8007454888940133     
  0.99013016183411373        4.8004836686570407     
  0.98536559293565684        4.8000305988868330     
  0.98053466768888009        4.7993891299095672     
  0.97563443477319067        4.7985508564790615     
  0.97066202115788702        4.7975074922880250     
  0.96561466325509338        4.7962509477785193     
  0.96048973733868181        4.7947734072219621     
  0.95528478786577609        4.7930674017061774     
  0.94999755207391900        4.7911258739575393     
  0.94462597934499415        4.7889422311426015     
  0.93916824402674393        4.7865103822166173     
  0.93362275082513713        4.7838247573701640     
  0.92798813238925326        4.7808803083427698     
  0.92226323919094833        4.7776724895471050     
  0.91644712243811743        4.7741972215347346     
  0.91053901098447088        4.7704508389251776     
  0.90453828357264632        4.7664300258974563     
  0.89844443780093397        4.7621317425369156     
  0.89225705719813075        4.7575531453780329     
  0.88597577744597422        4.7526915046774771     
  0.87960025287774535        4.7475441212241432     
  0.87313012381638588        4.7421082441143056     
  0.86656498523952019        4.7363809907534558     
  0.85990435689654066        4.7303592694483587     
  0.85314765494913025        4.7240397048218874     
  0.84629416492828735        4.7174185655761089     
  0.83934301565060976        4.7104916937348182     
  0.83229315381787417        4.7032544346890113     
  0.82514331870344293        4.6957015665313584     
  0.81789201645515042        4.6878272274630230     
  0.81053749345517445        4.6796248398032017     
  0.80307770794159128        4.6710870284941812     
  0.79551029934664885        4.6622055326061886     
  0.78783255441916811        4.6529711073107825     
  0.78004136921288780        4.6433734137832978     
  0.77213320586449274        4.6334008940362459     
  0.76410404293355749        4.6230406272347402     
  0.75594931757166084        4.6122781626574465     
  0.74766385781032152        4.6010973244387365     
  0.73924180247024052        4.5894799810644580     
  0.73067650564421127        4.5774057710130238     
  0.72196042198150212        4.5648517738592824     
  0.71308496776130725        4.5517921126725396     
  0.70404035112385155        4.5381974689750653     
  0.69481536286223833        4.5240344859453145     
  0.68539711579612128        4.5092650260659468     
  0.67577071685442869        4.4938452383675767     
  0.66591884929682477        4.4777243716116004     
  0.65582123330110786        4.4608432438172816     
  0.64545391926158646        4.4431322394380866     
  0.63478834597192546        4.4245086431623752     
  0.62379006196646836        4.4048730239005716     
  0.61241695162204801        4.3841042232465570     
  0.60061671455889065        4.3620522410015230     
  0.58832318405288930        4.3385278527450382     
  0.57540400026532568        4.3131589047406882     
  0.56181893741128142        4.2858226845247787     
  0.54736995802843724        4.2559613527566302     
  0.53181668984554709        4.2228952795137031     
  0.51477856978201886        4.1855512796992560     
  0.49562548615777080        4.1421552447657781     
  0.47292545809770076        4.0886909347056086     
  0.44259664353515993        4.0137325656650580     
