   107.52267955112080       0.90260951453115934     
   108.31226271698210       0.89735810524229886     
   109.10666130512570       0.89209341309183554     
   109.90566772149357       0.88681565562766429     
   110.70919632467373       0.88152479859657706     
   111.51715531592770       0.87622080827718707     
   112.32944657753690       0.87090365136388181     
   113.14596520549620       0.86557329526983329     
   113.96659944068558       0.86022970785554265     
   114.79123029546729       0.85487285759195430     
   115.61973120591267       0.84950271365803764     
   116.45196778174015       0.84411924589680654     
   117.28779755720207       0.83872242474483383     
   118.12706954701213       0.83331222144303896     
   118.96962396965009       0.82788860797182451     
   119.81529186019286       0.82245155714122276     
   120.66389485110584       0.81700104245371186     
   121.51524458289737       0.81153703841354263     
   122.36914251041604       0.80605952032592232     
   123.22537932854104       0.80056846456146014     
   124.08373479422360       0.79506384831497823     
   124.94397712171123       0.78954564987874454     
   125.80586261317157       0.78401384860273537     
   126.66913518311347       0.77846842498287305     
   127.53352599252841       0.77290936059203297     
   128.39875288443736       0.76733663825161058     
   129.26451986160521       0.76175024211266229     
   130.13051682878429       0.75615015743744951     
   130.99641863894371       0.75053637116546312     
   131.86188503668842       0.74490887141983764     
   132.72655986087238       0.73926764787284915     
   133.59007051426576       0.73361269179127531     
   134.45202748976203       0.72794399596702031     
   135.31202360542412       0.72226155501223122     
   136.16963349366213       0.71656536533652471     
   137.02441329188923       0.71085542486484232     
   137.87589939004619       0.70513173384515526     
   138.72360839081063       0.69939429424010835     
   139.56703612102802       0.69364311020878178     
   140.40565704219597       0.68787818809618062     
   141.23892368105876       0.68209953643265164     
   142.06626572236630       0.67630716624913290     
   142.88708960965602       0.67050109087209298     
   143.70077754740362       0.66468132634256305     
   144.50668700200490       0.65884789129230836     
   145.30414985767825       0.65300080718818843     
   146.09247163200666       0.64714009851177123     
   146.87093098508041       0.64126579262881056     
   147.63877872638858       0.63537792019562112     
   148.39523716603713       0.62947651518959158     
   149.13949939158860       0.62356161504380225     
   149.87072846523182       0.61763326086867043     
   150.58805684333231       0.61169149743987361     
   151.29058529541547       0.60573637373696232     
   151.97738267959744       0.59976794261495769     
   152.64748480710981       0.59378626141442992     
   153.29989390333608       0.58779139202228270     
   153.93357807362344       0.58178340092198821     
   154.54747036494652       0.57576235970746936     
   155.14046841316409       0.56972834503687297     
   155.71143368073314       0.56368143905816037     
   156.25919099770127       0.55762172956558265     
   156.78252805312746       0.55154931027416698     
   157.28019484337631       0.54546428119082613     
   157.75090339062058       0.53936674881131974     
   158.19332740837240       0.53325682642402328     
   158.60610201490576       0.52713463447525988     
   158.98782351147116       0.52100030096935179     
   159.33704941452970       0.51485396170945319     
   159.65229832718938       0.50869576085145451     
   159.93205024289125       0.50252585113012693     
   160.17474670280129       0.49634439439757844     
   160.37879121185816       0.49015156207630489     
   160.54254984858252       0.48394753556776277     
   160.66435188911294       0.47773250687696461     
   160.74249085781534       0.47150667898913851     
   160.77522549529476       0.46527026658647480     
   160.76078110321876       0.45902349663609887     
   160.69735120397434       0.45276660894178994     
   160.58309938092677       0.44649985678096993     
   160.41616113835062       0.44022350789892084     
   160.19464665113196       0.43393784491613629     
   159.91664326648902       0.42764316637673405     
   159.58021869533547       0.42133978751794621     
   159.18342455455718       0.41502804112048730     
   158.72430005196307       0.40870827868056953     
   158.20087652706016       0.40238087124160149     
   157.61118221978967       0.39604621052178091     
   156.95324757831770       0.38970471009523194     
   156.22511103249019       0.38335680671226879     
   155.42482556091514       0.37700296149776763     
   154.55046560439098       0.37064366149327177     
   153.60013493376502       0.36427942096630161     
   152.57197488788154       0.35791078318904607     
   151.46417353379283       0.35153832207304780     
   150.27497562497419       0.34516264389732715     
   149.00269304840538       0.33878438951240908     
   147.64571665334341       0.33240423604142122     
   146.20252833753901       0.32602289943675872     
   144.67171451763602       0.31964113660711951     
   143.05198019456026       0.31325974812188928     
   141.34216430021817       0.30687958069333576     
   139.54125557551492       0.30050153035971300     
   137.64840988963311       0.29412654532071325     
   135.66296828332702       0.28775562930296672     
   133.58447595999704       0.28138984519075133     
   131.41270241288092       0.27503031867847177     
   129.14766231906390       0.26867824236066346     
   126.78963737207057       0.26233488003313504     
   124.33919886202902       0.25600157135669210     
   121.79723103201076       0.24967973670405702     
   119.16495494631586       0.24337088246714833     
   116.44395277012256       0.23707660671390671     
   113.63619237394153       0.23079860507046390     
   110.74405180094547       0.22453867727431032     
   107.77034364026240       0.21829873379438025     
   104.71833864356461       0.21208080318635558     
   101.59178848376044       0.20588703971999825     
   98.394947068602960       0.19971973153308184     
   95.132589968813633       0.19358130920095873     
   91.810031369936908       0.18747435480513286     
   88.433137913852704       0.18140161148669653     
   85.008338735817887       0.17536599338058190     
   81.542630867923492       0.16937059614231875     
   78.043579220895268       0.16341870757627772     
   74.519310135933821       0.15751381896684755     
   70.978497609979755       0.15165963633848398     
   67.430341104946848       0.14586009209964007     
   63.884533944946163       0.14011935667448006     
   60.351221240365490       0.13444184995333924     
   56.840946356307626       0.12883225250634520     
   53.364585032265296       0.12329551621748445     
   49.933266387606587       0.11783687404213054     
   46.558280290190183       0.11246184861160977     
   43.250970878753698       0.10717625934546181     
   40.022616350547132       0.10198622747016597     
   36.884295703088547        9.6898178586049308E-002
   33.846743672630296        9.1918842353443289E-002
   30.920195767383607        8.7055248571997812E-002
   28.114226147527390        8.2314719385079893E-002
   25.437581882733923        7.7704857045203829E-002
   22.898018010073415        7.3233526987191058E-002
   20.502138660567898        6.8908836145665855E-002
   18.255250224638839        6.4739106636543961E-002
   16.161233086924447        6.0732845413095898E-002
   14.222438724884519        5.6898711030342358E-002
   12.439618784160867        5.3245479156013652E-002
   10.811892161205547        4.9782009333140059E-002
   9.3367549116378061        4.6517216135309992E-002
   8.0101361121186923        4.3460048839004242E-002
   6.8265005105278904        4.0619484311240461E-002
   5.7789961472205187        3.8004538397463337E-002
   4.8596423306564498        3.5624301525972492E-002
   4.0595504503848368        3.3488003605671605E-002
   3.3691678278864554        3.1605113008731145E-002
   2.7785329382526025        2.9985472403692297E-002
   2.2775295624919010        2.8639472072641024E-002
   1.8561276476250905        2.7578258110493477E-002
   1.5045998987101135        2.6813968679485496E-002
   1.2137054012033877        2.6359987199226491E-002
  0.97483436920836719        2.6231196029944608E-002
  0.78011133010251554        2.6444209646717738E-002
  0.62262177731913482        2.7017935483175673E-002
  0.49576644088922439        2.7971761209810597E-002
  0.39427403092489205        2.9328941043023402E-002
  0.31347233983548128        3.1113964645281742E-002
  0.24940949773135621        3.3352982582138181E-002
  0.19878594804467697        3.6073398318406558E-002
  0.15887965941611099        3.9303319543123459E-002
  0.12746967060642897        4.3070894145784855E-002
  0.10276190932568115        4.7403572176023791E-002
   8.3320072653910324E-002   5.2327347477698183E-002
   6.8003307379127298E-002   5.7866038710370264E-002
   5.5911548855960169E-002   6.4040667395407147E-002
   4.6338693042144975E-002   7.0868980472490253E-002
   3.8733286905645946E-002   7.8365148469338494E-002
   3.2666107518301825E-002   8.6539650673823160E-002
   2.7803828220014346E-002   9.5399339663785984E-002
   2.3887908669452940E-002  0.10494766177934456     
   2.0717860813876113E-002  0.11518499988556663     
   1.8138107193386651E-002  0.12610910035116277     
   1.6027738794459977E-002  0.13771554727776961     
   1.4292580749972188E-002  0.14999825123172145     
   1.2859073622400252E-002  0.16294992691004570     
   1.1669569792818248E-002  0.17656254138253788     
   1.0678724677421323E-002  0.19082772178091251     
   9.8507303039156741E-003  0.20573711705201114     
   9.1571943866014527E-003  0.22128271321213086     
   8.5755127726159022E-003  0.23745710492237362     
   8.0876185127178174E-003  0.25425372805174251     
   7.6790183324084091E-003  0.27166705957543075     
   7.3380486100314800E-003  0.28969279141983834     
   7.0552992733223015E-003  0.30832798504827130     
   6.8231664484680599E-003  0.32757121386203986     
   6.6355041777699693E-003  0.34742269965351941     
   6.4873526498726358E-003  0.36788444978183860     
   6.3747258273519573E-003  0.38896040141819799     
   6.2944454691242369E-003  0.41065657934222544     
   6.2440116749907064E-003  0.43298127399655312     
   6.2215024557016789E-003  0.45594524772187384     
   6.2254966939610462E-003  0.47956197731228706     
   6.2550162756223170E-003  0.50384794330066918     
   6.3094843163242148E-003  0.52882297845757675     
   6.3886973455539878E-003  0.55451069081036741     
   6.4928101065363187E-003  0.58093898103208985     
   6.6223323586566485E-003  0.60814068015504852     
   6.7781378078245981E-003  0.63615434146683647     
   6.9614860748767413E-003  0.66502523306443684     
   7.1740595880934064E-003  0.69480659337682360     
   7.4180185230245787E-003  0.72556123753385127     
   7.6960786619940501E-003  0.75736363869445678     
   8.0116195942669440E-003  0.79030266313524389     
   8.3688345643433588E-003  0.82448522453580997     
   8.7729394482676075E-003  0.86004125737436365     
   9.2304684636190393E-003  0.89713063302760321     
   9.7497015263276806E-003  0.93595301431322564     
   1.0341298940965617E-002  0.97676229819563909     
   1.1019575997959880E-002   1.0200205674381881     
   1.1803336708457306E-002   1.0659637937722322     
   1.2719446276450446E-002   1.1153192581788933     
   1.3807519311912668E-002   1.1690164199235062     
   1.5130425578856776E-002   1.2285282529899351     
   1.6797422433149384E-002   1.2963214919507620     
   1.9041831370496472E-002   1.3779200271851029     
   2.2560001021111477E-002   1.4892380175612703     
