  0.90260951453115934        17.312807539331708     
  0.89735810524229886        17.324932611249345     
  0.89209341309183554        17.337081063394571     
  0.88681565562766429        17.349253012389617     
  0.88152479859657706        17.361448467098345     
  0.87622080827718707        17.373667434914598     
  0.87090365136388181        17.385909921692978     
  0.86557329526983329        17.398175931669854     
  0.86022970785554265        17.410465467430413     
  0.85487285759195430        17.422778529841061     
  0.84950271365803764        17.435115117984623     
  0.84411924589680654        17.447475229105148     
  0.83872242474483383        17.459858858550000     
  0.83331222144303896        17.472265999693114     
  0.82788860797182451        17.484696643866670     
  0.82245155714122276        17.497150780294426     
  0.81700104245371186        17.509628396029257     
  0.81153703841354263        17.522129475845645     
  0.80605952032592232        17.534654002193641     
  0.80056846456146014        17.547201955090330     
  0.79506384831497823        17.559773312055519     
  0.78954564987874454        17.572368048010148     
  0.78401384860273537        17.584986135190391     
  0.77846842498287305        17.597627543040090     
  0.77290936059203297        17.610292238132473     
  0.76733663825161058        17.622980184050792     
  0.76175024211266229        17.635691341281088     
  0.75615015743744951        17.648425667118470     
  0.75053637116546312        17.661183115521084     
  0.74490887141983764        17.673963637017614     
  0.73926764787284915        17.686767178571699     
  0.73361269179127531        17.699593683450360     
  0.72794399596702031        17.712443091092119     
  0.72226155501223122        17.725315336954992     
  0.71656536533652471        17.738210352384726     
  0.71085542486484232        17.751128064461689     
  0.70513173384515526        17.764068395820217     
  0.69939429424010835        17.777031264513106     
  0.69364311020878178        17.790016583815877     
  0.68787818809618062        17.803024262049348     
  0.68209953643265164        17.816054202410285     
  0.67630716624913290        17.829106302744130     
  0.67050109087209298        17.842180455371114     
  0.66468132634256305        17.855276546854281     
  0.65884789129230836        17.868394457780447     
  0.65300080718818843        17.881534062528019     
  0.64714009851177123        17.894695229023856     
  0.64126579262881056        17.907877818491308     
  0.63537792019562112        17.921081685179072     
  0.62947651518959158        17.934306676086376     
  0.62356161504380225        17.947552630674430     
  0.61763326086867043        17.960819380558299     
  0.61169149743987361        17.974106749190600     
  0.60573637373696232        17.987414551522967     
  0.59976794261495769        18.000742593669038     
  0.59378626141442992        18.014090672526180     
  0.58779139202228270        18.027458575395201     
  0.58178340092198821        18.040846079581257     
  0.57576235970746936        18.054252951970462     
  0.56972834503687297        18.067678948582561     
  0.56368143905816037        18.081123814114338     
  0.55762172956558265        18.094587281446373     
  0.55154931027416698        18.108069071127062     
  0.54546428119082613        18.121568890842347     
  0.53936674881131974        18.135086434842613     
  0.53325682642402328        18.148621383347077     
  0.52713463447525988        18.162173401913400     
  0.52100030096935179        18.175742140793101     
  0.51485396170945319        18.189327234211934     
  0.50869576085145451        18.202928299659391     
  0.50252585113012693        18.216544937103802     
  0.49634439439757844        18.230176728181284     
  0.49015156207630489        18.243823235335270     
  0.48394753556776277        18.257484000918190     
  0.47773250687696461        18.271158546224488     
  0.47150667898913851        18.284846370480007     
  0.46527026658647480        18.298546949781112     
  0.45902349663609887        18.312259735961693     
  0.45276660894178994        18.325984155397812     
  0.44649985678096993        18.339719607733834     
  0.44022350789892084        18.353465464568359     
  0.43393784491613629        18.367221068004810     
  0.42764316637673405        18.380985729175652     
  0.42133978751794621        18.394758726633260     
  0.41502804112048730        18.408539304660898     
  0.40870827868056953        18.422326671493174     
  0.40238087124160149        18.436119997397583     
  0.39604621052178091        18.449918412649915     
  0.38970471009523194        18.463721005391506     
  0.38335680671226879        18.477526819346281     
  0.37700296149776763        18.491334851382437     
  0.37064366149327177        18.505144048935176     
  0.36427942096630161        18.518953307228930     
  0.35791078318904607        18.532761466370552     
  0.35153832207304780        18.546567308206587     
  0.34516264389732715        18.560369552979125     
  0.33878438951240908        18.574166855803476     
  0.33240423604142122        18.587957802823730     
  0.32602289943675872        18.601740907204807     
  0.31964113660711951        18.615514604778483     
  0.31325974812188928        18.629277249439852     
  0.30687958069333576        18.643027108176270     
  0.30050153035971300        18.656762355833607     
  0.29412654532071325        18.670481069428746     
  0.28775562930296672        18.684181222115715     
  0.28138984519075133        18.697860676746092     
  0.27503031867847177        18.711517178926663     
  0.26867824236066346        18.725148349631208     
  0.26233488003313504        18.738751677272106     
  0.25600157135669210        18.752324509242243     
  0.24967973670405702        18.765864042814044     
  0.24337088246714833        18.779367315441228     
  0.23707660671390671        18.792831194387404     
  0.23079860507046390        18.806252365581713     
  0.22453867727431032        18.819627321788474     
  0.21829873379438025        18.832952349868464     
  0.21208080318635558        18.846223517271984     
  0.20588703971999825        18.859436657570200     
  0.19971973153308184        18.872587355070486     
  0.19358130920095873        18.885670928430109     
  0.18747435480513286        18.898682413247894     
  0.18140161148669653        18.911616543623843     
  0.17536599338058190        18.924467732615028     
  0.16937059614231875        18.937230051680164     
  0.16341870757627772        18.949897208938658     
  0.15751381896684755        18.962462526535806     
  0.15165963633848398        18.974918916871673     
  0.14586009209964007        18.987258858016297     
  0.14011935667448006        18.999474368318069     
  0.13444184995333924        19.011556980337645     
  0.12883225250634520        19.023497714410034     
  0.12329551621748445        19.035287052034739     
  0.11783687404213054        19.046914909417914     
  0.11246184861160977        19.058370611593851     
  0.10717625934546181        19.069642867651996     
  0.10198622747016597        19.080719747465434     
   9.6898178586049308E-002   19.091588660611396     
   9.1918842353443289E-002   19.102236338235784     
   8.7055248571997812E-002   19.112648818326260     
   8.2314719385079893E-002   19.122811435304826     
   7.7704857045203829E-002   19.132708814403820     
   7.3233526987191058E-002   19.142324871359399     
   6.8908836145665855E-002   19.151642817735961     
   6.4739106636543961E-002   19.160645171706655     
   6.0732845413095898E-002   19.169313773757871     
   5.6898711030342358E-002   19.177629806225369     
   5.3245479156013652E-002   19.185573814588309     
   4.9782009333140059E-002   19.193125727813513     
   4.6517216135309992E-002   19.200264873753831     
   4.3460048839004242E-002   19.206969984964857     
   4.0619484311240461E-002   19.213219189122015     
   3.8004538397463337E-002   19.218989977479509     
   3.5624301525972492E-002   19.224259145314232     
   3.3488003605671605E-002   19.229002697221208     
   3.1605113008731145E-002   19.233195713197496     
   2.9985472403692297E-002   19.236812172023235     
   2.8639472072641024E-002   19.239824732588847     
   2.7578258110493477E-002   19.242204478531360     
   2.6813968679485496E-002   19.243920635648760     
   2.6359987199226491E-002   19.244940280170727     
   2.6231196029944608E-002   19.245228060135048     
   2.6444209646717738E-002   19.244745960210366     
   2.7017935483175673E-002   19.243476861700657     
   2.7971761209810597E-002   19.241334265696189     
   2.9328941043023402E-002   19.238291895361563     
   3.1113964645281742E-002   19.234301103350571     
   3.3352982582138181E-002   19.229311322428195     
   3.6073398318406558E-002   19.223270770608096     
   3.9303319543123459E-002   19.216127343331905     
   4.3070894145784855E-002   19.207829651939697     
   4.7403572176023791E-002   19.198328144869073     
   5.2327347477698183E-002   19.187576231882680     
   5.7866038710370264E-002   19.175531324449185     
   6.4040667395407147E-002   19.162155710178357     
   7.0868980472490253E-002   19.147417195297052     
   7.8365148469338494E-002   19.131289473506499     
   8.6539650673823160E-002   19.113752209155635     
   9.5399339663785984E-002   19.094790849411527     
  0.10494766177934456        19.074396203161687     
  0.11518499988556663        19.052563838503797     
  0.12610910035116277        19.029293356648111     
  0.13771554727776961        19.004587597015316     
  0.14999825123172145        18.978451823092264     
  0.16294992691004570        18.950892926309621     
  0.17656254138253788        18.921918675162601     
  0.19082772178091251        18.891537025359064     
  0.20573711705201114        18.859755498801665     
  0.22128271321213086        18.826580631389142     
  0.23745710492237362        18.792017484356297     
  0.25425372805174251        18.756069211769706     
  0.27166705957543075        18.718736672998737     
  0.28969279141983834        18.680018079239296     
  0.30832798504827130        18.639908662502613     
  0.32757121386203986        18.598400353987639     
  0.34742269965351941        18.555481461129297     
  0.36788444978183860        18.511136330201964     
  0.38896040141819799        18.465344981926634     
  0.41065657934222544        18.418082706683791     
  0.43298127399655312        18.369319604997848     
  0.45594524772187384        18.319020055056811     
  0.47956197731228706        18.267142089039076     
  0.50384794330066918        18.213636653437419     
  0.52882297845757675        18.158446723480715     
  0.55451069081036741        18.101506234941411     
  0.58093898103208985        18.042738785189407     
  0.60814068015504852        17.982056040200405     
  0.63615434146683647        17.919355765402635     
  0.66502523306443684        17.854519366711457     
  0.69480659337682360        17.787408790591090     
  0.72556123753385127        17.717862569012979     
  0.75736363869445678        17.645690707671307     
  0.79030266313524389        17.570667983809866     
  0.82448522453580997        17.492525009939634     
  0.86004125737436365        17.410936096842740     
  0.89713063302760321        17.325502410727822     
  0.93595301431322564        17.235728031310110     
  0.97676229819563909        17.140984962101928     
   1.0200205674381881        17.040059620699132     
   1.0659637937722322        16.932498266322689     
   1.1153192581788933        16.816456521035544     
   1.1690164199235062        16.689657549972186     
   1.2285282529899351        16.548500333866254     
   1.2963214919507620        16.387007846922643     
   1.3779200271851029        16.191685433646871     
   1.4892380175612703        15.923994142767606     
