   4.3809861988607368        13.839473402262346     
   4.3839516410325574        13.842042754969311     
   4.3869183792791038        13.844612213767048     
   4.3898865502784314        13.847181831437812     
   4.3928561285479795        13.849751573426186     
   4.3958270881552854        13.852321404727331     
   4.3987994026267918        13.854891289833542     
   4.4017730451141190        13.857461192828094     
   4.4047479881871592        13.860031077263214     
   4.4077242039159117        13.862600906205017     
   4.4107016639013441        13.865170642248984     
   4.4136803392196811        13.867740247485315     
   4.4166602003375850        13.870309683447115     
   4.4196412172255819        13.872878911173583     
   4.4226233592717739        13.875447891157426     
   4.4256065953118888        13.878016583359553     
   4.4285908935038698        13.880584947133446     
   4.4315762214832368        13.883152941312622     
   4.4345625462017653        13.885720524114063     
   4.4375498340541348        13.888287653209018     
   4.4405380506770449        13.890854285602762     
   4.4435271610890643        13.893420377713305     
   4.4465171296121175        13.895985885322300     
   4.4495079198845984        13.898550763579587     
   4.4524994947666432        13.901114966944537     
   4.4554918164028567        13.903678449219376     
   4.4584848462183135        13.906241163543449     
   4.4614785447219667        13.908803062274359     
   4.4644728718218607        13.911364097169631     
   4.4674677864356296        13.913924219154067     
   4.4704632466736278        13.916483378423651     
   4.4734592098059700        13.919041524422287     
   4.4764556321383244        13.921598605764746     
   4.4794524691469491        13.924154570312371     
   4.4824496753889651        13.926709365115855     
   4.4854472042291960        13.929262936249616     
   4.4884450083100802        13.931815229085348     
   4.4914430390550804        13.934366187993700     
   4.4944412469055131        13.936915756479847     
   4.4974395812199397        13.939463877119351     
   4.5004379901877360        13.942010491501836     
   4.5034364209296909        13.944555540285993     
   4.5064348192656070        13.947098963056099     
   4.5094331298867516        13.949640698419572     
   4.5124312961570334        13.952180683883014     
   4.5154292601632431        13.954718855876768     
   4.5184269627115201        13.957255149747038     
   4.5214243431097678        13.959789499620143     
   4.5244213393124362        13.962321838482827     
   4.5274178877928577        13.964852098099874     
   4.5304139234950371        13.967380208978733     
   4.5334093798261037        13.969906100358401     
   4.5364041884840622        13.972429700099239     
   4.5393982796595926        13.974950934797199     
   4.5423915816332485        13.977469729534445     
   4.5453840210024836        13.979986008008343     
   4.5483755225334050        13.982499692434672     
   4.5513660089847354        13.985010703433396     
   4.5543554012505130        13.987518960106460     
   4.5573436180934612        13.990024379868405     
   4.5603305762096706        13.992526878476625     
   4.5633161900818964        13.995026369933353     
   4.5663003719052062        13.997522766431299     
   4.5692830315684390        14.000015978332701     
   4.5722640765020408        14.002505914066766     
   4.5752434115757294        14.004992480057176     
   4.5782209390335975        14.007475580671542     
   4.5811965584370027        14.009955118175512     
   4.5841701664611474        14.012430992597157     
   4.5871416569175700        14.014903101728553     
   4.5901109205031796        14.017371340960109     
   4.5930778447573601        14.019835603240919     
   4.5960423139382405        14.022295778989928     
   4.5990042088379290        14.024751755968373     
   4.6019634067241366        14.027203419229338     
   4.6049197810770810        14.029650650941125     
   4.6078732015439350        14.032093330343113     
   4.6108235337637868        14.034531333621867     
   4.6137706391368214        14.036964533751579     
   4.6167143746058752        14.039392800341322     
   4.6196545926784154        14.041815999629991     
   4.6225911409579776        14.044233994177230     
   4.6255238621137664        14.046646642824154     
   4.6284525935870908        14.049053800490228     
   4.6313771673152031        14.051455317979784     
   4.6342974096231568        14.053851041891461     
   4.6372131408217250        14.056240814344221     
   4.6401241749416293        14.058624472786260     
   4.6430303194540041        14.061001849794220     
   4.6459313750115809        14.063372772883637     
   4.6488271350255364        14.065737064215536     
   4.6517173854112084        14.068094540406605     
   4.6546019040627691        14.070445012168179     
   4.6574804605983626        14.072788284112228     
   4.6603528158711631        14.075124154409227     
   4.6632187214516172        14.077452414425224     
   4.6660779193413768        14.079772848502259     
   4.6689301411792048        14.082085233417132     
   4.6717751079482834        14.084389338152352     
   4.6746125292123750        14.086684923368200     
   4.6774421026233393        14.088971741042453     
   4.6802635130863504        14.091249533890517     
   4.6830764322714789        14.093518035001349     
   4.6858805176554315        14.095776967172151     
   4.6886754117512535        14.098026042357926     
   4.6914607413099763        14.100264961098905     
   4.6942361162836415        14.102493411791801     
   4.6970011288572211        14.104711070000100     
   4.6997553523518629        14.106917597676087     
   4.7024983401056444        14.109112642363705     
   4.7052296241514000        14.111295836265048     
   4.7079487139040168        14.113466795305957     
   4.7106550947449914        14.115625118128875     
   4.7133482263640420        14.117770384921782     
   4.7160275412124850        14.119902156310200     
   4.7186924425418315        14.122019971973760     
   4.7213423025412755        14.124123349315784     
   4.7239764601835113        14.126211781934231     
   4.7265942189568024        14.128284738007519     
   4.7291948443700065        14.130341658520772     
   4.7317775612751785        14.132381955359714     
   4.7343415509982005        14.134405009265400     
   4.7368859481632466        14.136410167573571     
   4.7394098374049562        14.138396741862795     
   4.7419122495409631        14.140364005232772     
   4.7443921577726442        14.142311189578411     
   4.7468484732464438        14.144237482424582     
   4.7492800404653952        14.146142023636791     
   4.7516856322731575        14.148023901824523     
   4.7540639443640735        14.149882150404078     
   4.7564135894352777        14.151715743393083     
   4.7587330908472918        14.153523590845843     
   4.7610208757505177        14.155304533898125     
   4.7632752677089929        14.157057339437197     
   4.7654944788563851        14.158780694415659     
   4.7676766013604954        14.160473199657792     
   4.7698195983191098        14.162133363233012     
   4.7719212941603306        14.163759593439289     
   4.7739793642882180        14.165350191220082     
   4.7759913242500103        14.166903342190110     
   4.7779545182724004        14.168417108163034     
   4.7798661072594424        14.169889418235293     
   4.7817230563616491        14.171318059491533     
   4.7835221221052286        14.172700667317432     
   4.7852598392153505        14.174034715401680     
   4.7869325073524340        14.175317505565783     
   4.7885361778086146        14.176546157447049     
   4.7900666404963950        14.177717598249920     
   4.7915194113277035        14.178828552626765     
   4.7928897204322602        14.179875532983939     
   4.7941725014638763        14.180854830377989     
   4.7953623822451892        14.181762506169171     
   4.7964536775818329        14.182594384992324     
   4.7974403840600495        14.183346048925653     
   4.7983161780451784        14.184012833684193     
   4.7990744169768025        14.184589826916884     
   4.7997081447237218        14.185071869139007     
   4.8002101019575871        14.185453557972945     
   4.8005727416843751        14.185729255822210     
   4.8007882515671714        14.185893102125707     
   4.8008485831206649        14.185939030296112     
   4.8007454888940133        14.185860790161481     
   4.8004836686570407        14.185660964051248     
   4.8000305988868330        14.185316564821690     
   4.7993891299095672        14.184828784139448     
   4.7985508564790615        14.184191049896235     
   4.7975074922880250        14.183396812821076     
   4.7962509477785193        14.182439598698377     
   4.7947734072219621        14.181313060646035     
   4.7930674017061774        14.180011029163445     
   4.7911258739575393        14.178527557133467     
   4.7889422311426015        14.176856957067397     
   4.7865103822166173        14.174993828128780     
   4.7838247573701640        14.172933071110812     
   4.7808803083427698        14.170669890353468     
   4.7776724895471050        14.168199782379840     
   4.7741972215347346        14.165518512129612     
   4.7704508389251776        14.162622078084496     
   4.7664300258974563        14.159506668280383     
   4.7621317425369156        14.156168609362958     
   4.7575531453780329        14.152604310907478     
   4.7526915046774771        14.148810206684733     
   4.7475441212241432        14.144782694777019     
   4.7421082441143056        14.140518077496594     
   4.7363809907534558        14.136012501957349     
   4.7303592694483587        14.131261901521880     
   4.7240397048218874        14.126261938256558     
   4.7174185655761089        14.121007946018999     
   4.7104916937348182        14.115494873507778     
   4.7032544346890113        14.109717226729025     
   4.6957015665313584        14.103669009708639     
   4.6878272274630230        14.097343662466120     
   4.6796248398032017        14.090733995052251     
   4.6710870284941812        14.083832115946258     
   4.6622055326061886        14.076629353510292     
   4.6529711073107825        14.069116168382866     
   4.6433734137832978        14.061282054619991     
   4.6334008940362459        14.053115426968592     
   4.6230406272347402        14.044603491225597     
   4.6122781626574465        14.035732093475350     
   4.6010973244387365        14.026485543816593     
   4.5894799810644580        14.016846408374640     
   4.5774057710130238        14.006795261939830     
   4.5648517738592824        13.996310391674413     
   4.5517921126725396        13.985367439246787     
   4.5381974689750653        13.973938964691676     
   4.5240344859453145        13.961993910235552     
   4.5092650260659468        13.949496933975034     
   4.4938452383675767        13.936407573274074     
   4.4777243716116004        13.922679181092885     
   4.4608432438172816        13.908257555258434     
   4.4431322394380866        13.893079145714450     
   4.4245086431623752        13.877068669260744     
   4.4048730239005716        13.860135875867680     
   4.3841042232465570        13.842171068421624     
   4.3620522410015230        13.823038743208452     
   4.3385278527450382        13.802568308128471     
   4.3131589047406882        13.780436355310215     
   4.2858226845247787        13.756513903698085     
   4.2559613527566302        13.730310087094800     
   4.2228952795137031        13.701217691122778     
   4.1855512796992560        13.668279675840440     
   4.1421552447657781        13.629912199099945     
   4.0886909347056086        13.582550779514893     
   4.0137325656650580        13.516045282149973     
