           1   2.4836140500540598        2.6947722283067290        4.3015092042153418        5.3149024244571139     
           2   2.4751374798622616        2.6860752113084625        4.3016662164870807        5.3179268323282241     
           3   2.4666571938481638        2.6773719257651574        4.3018212900010857        5.3209568405485079     
           4   2.4581728123784474        2.6686617065493765        4.3019744513927591        5.3239925045661867     
           5   2.4496844082911693        2.6599446218990375        4.3021256825907139        5.3270338267826070     
           6   2.4411920557131013        2.6512207413536535        4.3022749653213195        5.3300808092341594     
           7   2.4326958303177895        2.6424901361234467        4.3024222810816442        5.3331334535607988     
           8   2.4241958088499675        2.6337528785551538        4.3025676111882474        5.3361917610138763     
           9   2.4156920697173829        2.6250090427813721        4.3027109367147558        5.3392557324178833     
          10   2.4071846927567058        2.6162587044738377        4.3028522385154506        5.3423253681673835     
          11   2.3986737591452862        2.6075019407356197        4.3029914972336814        5.3454006682176880     
          12   2.3901593515603561        2.5987388302880552        4.3031286932844992        5.3484816320635380     
          13   2.3816415544216070        2.5899694537209146        4.3032638068284328        5.3515682587144315     
          14   2.3731204535669832        2.5811938931550484        4.3033968178045185        5.3546605466935864     
          15   2.3645961364991286        2.5724122324974181        4.3035277059037202        5.3577584940107474     
          16   2.3560686922997283        2.5636245573518730        4.3036564505769679        5.3608620981515189     
          17   2.3475382119877892        2.5548309554230682        4.3037830309968026        5.3639713560439981     
          18   2.3390047880758096        2.5460315160134472        4.3039074261028656        5.3670862640593375     
          19   2.3304685150305517        2.5372263305393639        4.3040296145527686        5.3702068179761451     
          20   2.3219294889112621        2.5284154921278863        4.3041495747590313        5.3733330129762757     
          21   2.3133878079439305        2.5195990962524579        4.3042672848278709        5.3764648435995497     
          22   2.3048435721213090        2.5107772402982409        4.3043827226001863        5.3796023037423550     
          23   2.2962968834275648        2.5019500237902101        4.3044958656269285        5.3827453866275876     
          24   2.2877478458007485        2.4931175483752726        4.3046066911720455        5.3858940847807402     
          25   2.2791965654034088        2.4842799181019717        4.3047151761829587        5.3890483900002017     
          26   2.2706431504433979        2.4754372392382016        4.3048212973082940        5.3922082933388724     
          27   2.2620877111854742        2.4665896202680986        4.3049250308955758        5.3953737850800625     
          28   2.2535303605129715        2.4577371725266177        4.3050263529309420        5.3985448546864996     
          29   2.2449712130268735        2.4488800091909551        4.3051252391328720        5.4017214908163318     
          30   2.2364103861592488        2.4400182465201823        4.3052216648337076        5.4049036812422635     
          31   2.2278479996496658        2.4311520032709475        4.3053156050335657        5.4080914128504167     
          32   2.2192841756396562        2.4222814008125084        4.3054070343891269        5.4112846716044913     
          33   2.2107190390274623        2.4134065634960642        4.3054959271749258        5.4144834424990851     
          34   2.2021527170820159        2.4045276182516950        4.3055822573228264        5.4176877095446905     
          35   2.1935853396998657        2.3956446948535288        4.3056659983935015        5.4208974557260188     
          36   2.1850170401854534        2.3867579267944237        4.3057471234925648        5.4241126629256202     
          37   2.1764479539082098        2.3778674497964003        4.3058256054111705        5.4273333119549223     
          38   2.1678782197219029        2.3689734033765593        4.3059014164744012        5.4305593824486671     
          39   2.1593079792878132        2.3600759301024912        4.3059745286113733        5.4337908528570642     
          40   2.1507373773621117        2.3511751759058215        4.3060449133233307        5.4370277003910248     
          41   2.1421665620431454        2.3422712903596463        4.3061125416557919        5.4402699009714226     
          42   2.1335956844836521        2.3333644263538798        4.3061773842275191        5.4435174291926050     
          43   2.1250248995552896        2.3244547408323233        4.3062394111582680        5.4467702582495896     
          44   2.1164543653554886        2.3155423942450599        4.3062985921194903        5.4500283599112267     
          45   2.1078842437759762        2.3066275511806378        4.3063548962721452        5.4532917044417042     
          46   2.0993147003589274        2.2977103802046042        4.3064082922802038        5.4565602605560857     
          47   2.0907459043073393        2.2887910538589704        4.3064587483076755        5.4598339953651607     
          48   2.0821780291066894        2.2798697493635247        4.3065062319505776        5.4631128742865709     
          49   2.0736112521114238        2.2709466481585965        4.3065507102788985        5.4663968610051601     
          50   2.0650457549095509        2.2620219362867862        4.3065921497958159        5.4696859173934902     
          51   2.0564817234606392        2.2530958045660632        4.3066305164208627        5.4729800034388765     
          52   2.0479193481173912        2.2441684486021374        4.3066657754854658        5.4762790771731087     
          53   2.0393588241178442        2.2352400693325354        4.3066978916782030        5.4795830945765802     
          54   2.0308003510088044        2.2263108723851008        4.3067268291040799        5.4828920095322937     
          55   2.0222441337969599        2.2173810693573723        4.3067525511591889        5.4862057736893615     
          56   2.0136903823001360        2.2084508770816753        4.3067750205975743        5.4895243364129263     
          57   2.0051393115709431        2.1995205181114295        4.3067941994834582        5.4928476446762371     
          58   1.9965911423999494        2.1905902212623967        4.3068100491347590        5.4961756429447401     
          59   1.9880461009080099        2.1816602211636673        4.3068225301640171        5.4995082731027782     
          60   1.9795044193081399        2.1727307590919449        4.3068316023940554        5.5028454743126423     
          61   1.9709663357205867        2.1638020827723463        4.3068372248748679        5.5061871829231261     
          62   1.9624320945925531        2.1548744468374510        4.3068393558356535        5.5095333323347342     
          63   1.9539019469104046        2.1459481130611158        4.3068379526589231        5.5128838528744826     
          64   1.9453761502526645        2.1370233504005198        4.3068329718716480        5.5162386716734790     
          65   1.9368549692252390        2.1281004354954716        4.3068243690951871        5.5195977125148028     
          66   1.9283386757535441        2.1191796529671905        4.3068120990104495        5.5229608956857801     
          67   1.9198275492683479        2.1102612956369242        4.3067961153343175        5.5263281378253959     
          68   1.9113218768689271        2.1013456646897164        4.3067763707984072        5.5296993517713346     
          69   1.9028219539044056        2.0924330703165168        4.3067528170826552        5.5330744463676726     
          70   1.8943280839096504        2.0835238316429696        4.3067254048182262        5.5364533263091351     
          71   1.8858405793223461        2.0746182775105808        4.3066940835061063        5.5398358919261366     
          72   1.8773597616061650        2.0657167466048505        4.3066588014994478        5.5432220389969888     
          73   1.8688859616037770        2.0568195878542745        4.3066195059610868        5.5466116585349692     
          74   1.8604195200653877        2.0479271609902683        4.3065761428017355        5.5500046365591720     
          75   1.8519607878156785        2.0390398367384108        4.3065286566571412        5.5534008538677995     
          76   1.8435101265055018        2.0301579976333368        4.3064769908017571        5.5568001857714400     
          77   1.8350679087425106        2.0212820381577115        4.3064210871293245        5.5602025018481775     
          78   1.8266345185910122        2.0124123652863855        4.3063608860933584        5.5636076656611833     
          79   1.8182103522322202        2.0035493992132101        4.3062963266298642        5.5670155344557370     
          80   1.8097958185884415        1.9946935740168565        4.3062273460836886        5.5704259588390226     
          81   1.8013913392601550        1.9858453375945817        4.3061538802091928        5.5738387824879503     
          82   1.7929973498656895        1.9770051531275545        4.3060758630183145        5.5772538417521869     
          83   1.7846143001277828        1.9681734991585780        4.3059932267643957        5.5806709653161715     
          84   1.7762426547129502        1.9593508705108009        4.3059059018438539        5.5840899737935903     
          85   1.7678828940207139        1.9505377791566052        4.3058138167029103        5.5875106793036133     
          86   1.7595355144928739        1.9417347545167429        4.3057168977962013        5.5909328850546611     
          87   1.7512010297627207        1.9329423447466514        4.3056150694535216        5.5943563848496982     
          88   1.7428799714148904        1.9241611175363476        4.3055082537884166        5.5977809625899750     
          89   1.7345728897841157        1.9153916609838793        4.3053963706021632        5.6012063917485353     
          90   1.7262803546953631        1.9066345843878723        4.3052793372936513        5.6046324348168302     
          91   1.7180029566731903        1.8978905195670059        4.3051570687174427        5.6080588426883793     
          92   1.7097413076686263        1.8891601216390481        4.3050294770940676        5.6114853540387051     
          93   1.7014960425608312        1.8804440706492171        4.3048964718348621        5.6149116946175619     
          94   1.6932678198856954        1.8717430723603123        4.3047579594508418        5.6183375765524906     
          95   1.6850573232332779        1.8630578597521121        4.3046138433876528        5.6217626975642947     
          96   1.6768652627279448        1.8543891946420594        4.3044640238506577        5.6251867401297533     
          97   1.6686923758459167        1.8457378685336605        4.3043083977019618        5.6286093706418834     
          98   1.6605394296852680        1.8371047051184120        4.3041468581972033        5.6320302384162382     
          99   1.6524072218026540        1.8284905611320796        4.3039792948787552        5.6354489747374892     
         100   1.6442965823966014        1.8198963287397165        4.3038055933200994        5.6388651917559427     
         101   1.6362083757150248        1.8113229370385517        4.3036256349544546        5.6422784813652971     
         102   1.6281435024420199        1.8027713546613213        4.3034392967944353        5.6456884139449732     
         103   1.6201029010932506        1.7942425912415827        4.3032464512598469        5.6490945370964329     
         104   1.6120875507556560        1.7857377004025918        4.3030469658559909        5.6524963741993739     
         105   1.6040984732890371        1.7772577821280262        4.3028407029099025        5.6558934229191493     
         106   1.5961367356081135        1.7688039852047470        4.3026275192963030        5.6592851536149942     
         107   1.5882034526470343        1.7603775104428570        4.3024072660865365        5.6626710075942555     
         108   1.5802997901257485        1.7519796136478381        4.3021797882178010        5.6660503952741035     
         109   1.5724269676860927        1.7436116090071136        4.3019449241194447        5.6694226941963608     
         110   1.5645862620902935        1.7352748725341862        4.3017025053305753        5.6727872469152505     
         111   1.5567790110006581        1.7269708461590709        4.3014523560510449        5.6761433587019798     
         112   1.5490066167319967        1.7187010417680531        4.3011942926930784        5.6794902951098392     
         113   1.5412705502971928        1.7104670455662312        4.3009281233979975        5.6828272793637771     
         114   1.5335723561481065        1.7022705232058037        4.3006536474729042        5.6861534895289827     
         115   1.5259136565961908        1.6941132245370296        4.3003706548600578        5.6894680555297157     
         116   1.5182961574192624        1.6859969897031437        4.3000789254711673        5.6927700558866254     
         117   1.5107216531851884        1.6779237548490169        4.2997782285496626        5.6960585142832825     
         118   1.5031920334098814        1.6698955588015836        4.2994683219362928        5.6993323958489688     
         119   1.4957092890397432        1.6619145500751822        4.2991489512945007        5.7025906031994733     
         120   1.4882755195834638        1.6539829945920748        4.2988198492588836        5.7058319721909028     
         121   1.4808929407655653        1.6461032839646483        4.2984807345204707        5.7090552673860406     
         122   1.4735638927279320        1.6382779443872451        4.2981313108455863        5.7122591772237783     
         123   1.4662908491072237        1.6305096464896622        4.2977712659909297        5.7154423088524640     
         124   1.4590764264329057        1.6228012155245577        4.2974002705765084        5.7186031826698809     
         125   1.4519233950679375        1.6151556432787204        4.2970179767789167        5.7217402264566211     
         126   1.4448346900686575        1.6075760998768895        4.2966240170261543        5.7248517692449719     
         127   1.4378134238727092        1.6000659476165902        4.2962180024791401        5.7279360347557295     
         128   1.4308628994148329        1.5926287552804381        4.2957995214562521        5.7309911345348423     
         129   1.4239866244649539        1.5852683138048016        4.2953681377106436        5.7340150607323483     
         130   1.4171883273208707        1.5779886534671026        4.2949233885445670        5.7370056785271011     
         131   1.4104719735241262        1.5707940622184722        4.2944647827967053        5.7399607182583869     
         132   1.4038417839811725        1.5636891056032034        4.2939917986584080        5.7428777672630247     
         133   1.3973022546108087        1.5566786483997108        4.2935038813037769        5.7457542614485835     
         134   1.3908581774288815        1.5497678779012021        4.2930004403421789        5.7485874766682485     
         135   1.3845146629702860        1.5429623287327552        4.2924808471029490        5.7513745199729982     
         136   1.3782771646871226        1.5362679099064449        4.2919444316784476        5.7541123207450413     
         137   1.3721515049726742        1.5296909337839260        4.2913904797631757        5.7567976218224350     
         138   1.3661439026017570        1.5232381466742082        4.2908182293106352        5.7594269707236174     
         139   1.3602610023282755        1.5169167619384729        4.2902268669222057        5.7619967109522614     
         140   1.3545099058503463        1.5107344947072696        4.2896155240550113        5.7645029735335589     
         141   1.3488982045790849        1.5046995987212255        4.2889832729972648        5.7669416687478829     
         142   1.3434340139461385        1.4988209049921990        4.2883291226386167        5.7693084780717507     
         143   1.3381260089371940        1.4931078619212483        4.2876520140686445        5.7715988462662784     
         144   1.3329834608827529        1.4875705769053797        4.2869508159974412        5.7738079734092214     
         145   1.3280162751236435        1.4822198589529256        4.2862243200393095        5.7759308065904422     
         146   1.3232350289250552        1.4770672615769680        4.2854712359284708        5.7779620308584043     
         147   1.3186510095046564        1.4721251257238408        4.2846901866798959        5.7798960587425228     
         148   1.3142762512255926        1.4674066215922255        4.2838797038013707        5.7817270175641422     
         149   1.3101235716734714        1.4629257888969531        4.2830382225871606        5.7834487334153470     
         150   1.3062066053345487        1.4586975739762302        4.2821640776383703        5.7850547105972243     
         151   1.3025398341640522        1.4547378628038676        4.2812554986906255        5.7865381050245981     
         152   1.2991386143289412        1.4510635088718087        4.2803106068305485        5.7878916899778750     
         153   1.2960191967495847        1.4476923531077548        4.2793274113741164        5.7891078128404905     
         154   1.2931987419718196        1.4446432362130557        4.2783038073473003        5.7901783411693621     
         155   1.2906953258900482        1.4419359993715308        4.2772375739713002        5.7910945974974979     
         156   1.2885279360467208        1.4395914728978161        4.2761263741883369        5.7918472824484999     
         157   1.2867164563275901        1.4376314503493701        4.2749677554846679        5.7924263870728803     
         158   1.2852816373111555        1.4360786451178686        4.2737591523349998        5.7928210968065272     
         159   1.2842450518753190        1.4349566292422393        4.2724978903243400        5.7930196907488254     
         160   1.2836290313907752        1.4342897496129789        4.2711811925002046        5.7930094427321839     
         161   1.2834565822730855        1.4341030218241539        4.2698061879983715        5.7927765320297491     
         162   1.2837512796988531        1.4344219988086206        4.2683699233322399        5.7923059742245044     
         163   1.2844996513624940        1.4352325313402108        4.2668737446493807        5.7915890983491876     
         164   1.2857947306995525        1.4366342221985320        4.2653065758745390        5.7905949517070647     
         165   1.2876283405932452        1.4386183778575352        4.2636691037410763        5.7893114371537431     
         166   1.2900245070616587        1.4412105888300422        4.2619582476228048        5.7877191429445674     
         167   1.2930069161404869        1.4444359433369782        4.2601709458778139        5.7857978892265836     
         168   1.2965986914671948        1.4483187863472231        4.2583041813023836        5.7835270147068023     
         169   1.3008221739513413        1.4528824858005196        4.2563550065342666        5.7808857316970013     
         170   1.3056987131444417        1.4581492161342020        4.2543205682923286        5.7778535339336310     
         171   1.3112484819486612        1.4641397709105481        4.2521981290899804        5.7744106331567489     
         172   1.3174903256856074        1.4708734152316363        4.2499850851167809        5.7705383944274633     
         173   1.3244416553369136        1.4783677869964464        4.2476789791082679        5.7662197375342537     
         174   1.3321183919565518        1.4866388529197416        4.2452775073390399        5.7614394736778705     
         175   1.3405349657738321        1.4957009215912089        4.2427785202708863        5.7561845527297422     
         176   1.3497043701486058        1.5055667125729235        4.2401800167742723        5.7504442056053344     
         177   1.3596382660024300        1.5162474760677542        4.2374801323729931        5.7442099774486159     
         178   1.3703471306606394        1.5277531563848130        4.2346771221621644        5.7374756574974377     
         179   1.3818404422470021        1.5400925898442952        4.2317693393850764        5.7302371201661915     
         180   1.3941268902180557        1.5532737274657062        4.2287552107288366        5.7224920972103606     
         181   1.4072146024883698        1.5673038728459614        4.2256332094252720        5.7142399030464350     
         182   1.4211113819021490        1.5821899281357084        4.2224018269798966        5.7054811341689300     
         183   1.4358249440285105        1.5979386401078404        4.2190595444546926        5.6962173614798441     
         184   1.4513631521980130        1.6145568424483903        4.2156048037692582        5.6864508297595791     
         185   1.4677342461742757        1.6320516907328446        4.2120359794338631        5.6761841746144803     
         186   1.4849470634215081        1.6504308891663573        4.2083513508244668        5.6654201629330734     
         187   1.5030112523031030        1.6697029084018817        4.2045490750663452        5.6541614598018040     
         188   1.5219374785677589        1.6898771958354042        4.2006271603492209        5.6424104219094149     
         189   1.5417376276069001        1.7109643808810040        4.1965834393571351        5.6301689154896426     
         190   1.5624250044166568        1.7329764770608305        4.1924155425577414        5.6174381560039137     
         191   1.5840145355923021        1.7559270852857929        4.1881208707985280        5.6042185654282273     
         192   1.6065229768329539        1.7798316017171687        4.1836965667505224        5.5905096430580681     
         193   1.6299691301569030        1.8047074343448910        4.1791394846413734        5.5763098455249045     
         194   1.6543740768523361        1.8305742343394258        4.1744461574825928        5.5616164712381826     
         195   1.6797614304364894        1.8574541462595624        4.1696127611929779        5.5464255452816618     
         196   1.7061576168619899        1.8853720843386419        4.1646350746374834        5.5307317000166396     
         197   1.7335921892260213        1.9143560419830317        4.1595084345736382        5.5145280468563396     
         198   1.7620981855553670        1.9444374428807880        4.1542276843055186        5.4978060344074038     
         199   1.7917125395240387        1.9756515433612483        4.1487871146508501        5.4805552878674471     
         200   1.8224765579291511        2.0080378996574733        4.1431803952897921        5.4627634232525715     
         201   1.8544364788304395        2.0416409135285538        4.1374004944954654        5.4444158300104668     
         202   1.8876441304401204        2.0765104759558795        4.1314395844064711        5.4254954133284237     
         203   1.9221577153720928        2.1127027329670840        4.1252889283415399        5.4059822856750657     
         204   1.9580427507846192        2.1502810033324380        4.1189387457933293        5.3858533947407681     
         205   1.9953732049197301        2.1893168876335940        4.1123780493276412        5.3650820709756202     
         206   2.0342328835882597        2.2298916209971558        4.1055944457586282        5.3436374726575435     
         207   2.0747171361112016        2.2720977371332860        4.0985738916662573        5.3214838998508931     
         208   2.1169349773323338        2.3160411379827832        4.0913003894978450        5.2985799376609801     
         209   2.1610117539124820        2.3618436936940723        4.0837556059313069        5.2748773760893473     
         210   2.2070925368709475        2.4096465502658533        4.0759183865591755        5.2503198318907609     
         211   2.2553464964935293        2.4596143941990758        4.0677641303573147        5.2248409673358056     
         212   2.3059726275123382        2.5119410321226345        4.0592639714323635        5.1983621547858379     
         213   2.3592073706385364        2.5668568167708741        4.0503836901650363        5.1707893628266897     
         214   2.4153349493325726        2.6246387152699224        4.0410822368614081        5.1420089271831095     
         215   2.4747016960629948        2.6856242579311660        4.0313096860483757        5.1118816820384207     
         216   2.5377363906170238        2.7502313301353483        4.0210043324630869        5.0802346178717288     
         217   2.6049799416241415        2.8189870355315287        4.0100884524585627        5.0468486898401181     
         218   2.6774952788063779        2.8929516648372289        3.9984136454502099        5.0113028405062865     
         219   2.7556346221884773        2.9724272123659623        3.9859226910954435        4.9734352514082287     
         220   2.8409918900450726        3.0589868118854677        3.9723908379240256        4.9326047923272789     
         221   2.9355097980655223        3.1545246705923349        3.9575408225611355        4.8880181621085894     
         222   3.0422561476598844        3.2620318087194953        3.9409354316898639        4.8384210297630670     
         223   3.1663014552160731        3.3864419266254990        3.9218512384743205        4.7817309146280067     
         224   3.3191269314549907        3.5389570391440577        3.8986579556927796        4.7132506353019279     
         225   3.5333919523099566        3.7513754759215558        3.8667137238623202        4.6195634533480856     
