   8.3172431630383330E-003  0.89429227136812106     
   8.2091257004315091E-003  0.88914897954186733     
   8.1020839476703549E-003  0.88399132914416523     
   7.9961256610855697E-003  0.87881952996657875     
   7.8912464470203211E-003  0.87363355214955674     
   7.7874418866786888E-003  0.86843336639050839     
   7.6847075289301217E-003  0.86321894383495168     
   7.5830389073459382E-003  0.85799025636248738     
   7.4824315239432537E-003  0.85274727633159941     
   7.3828808573028759E-003  0.84748997673465143     
   7.2843823671492692E-003  0.84221833129088841     
   7.1869314907130818E-003  0.83693231440609350     
   7.0905236386639226E-003  0.83163190110616991     
   6.9951542047643660E-003  0.82631706723827458     
   6.9008185620492053E-003  0.82098778940977535     
   6.8075120663778355E-003  0.81564404507484489     
   6.7152300479412595E-003  0.81028581240577058     
   6.6239678268318119E-003  0.80491307058671080     
   6.5337207013323193E-003  0.79952579962459003     
   6.4444839604327767E-003  0.79412398060102740     
   6.3562528703107963E-003  0.78870759544466740     
   6.2690226870931193E-003  0.78327662719165136     
   6.1827886538212652E-003  0.77783105994891411     
   6.0975460033181102E-003  0.77237087897955492     
   6.0132899539141393E-003  0.76689607063811882     
   5.9300157161243962E-003  0.76140662253548619     
   5.8477184955808073E-003  0.75590252361708143     
   5.7663934812729103E-003  0.75038376395617656     
   5.6860358705522309E-003  0.74485033529491085     
   5.6066408452216283E-003  0.73930223057461597     
   5.5282035867966319E-003  0.73373944428605253     
   5.4507192766015877E-003  0.72816197251467374     
   5.3741830924017809E-003  0.72256981287461852     
   5.2985902190325271E-003  0.71696296479319865     
   5.2239358456085206E-003  0.71134142949091617     
   5.1502151533261726E-003  0.70570520971151618     
   5.0774233466148481E-003  0.70005431049854039     
   5.0055556272486463E-003  0.69438873861285966     
   4.9346072119750466E-003  0.68870850299680675     
   4.8645733309729978E-003  0.68301361476520761     
   4.7954492257134768E-003  0.67730408720693813     
   4.7272301603340323E-003  0.67157993608879885     
   4.6599114117261073E-003  0.66584117946036692     
   4.5934882839507550E-003  0.66008783805861226     
   4.5279561019984623E-003  0.65431993519030995     
   4.4633102193165032E-003  0.64853749696887197     
   4.3995460225236737E-003  0.64274055248924755     
   4.3366589251643498E-003  0.63692913370364623     
   4.2746443804225053E-003  0.63110327581519865     
   4.2134978807255715E-003  0.62526301730886602     
   4.1532149605577849E-003  0.61940840008324449     
   4.0937912022543464E-003  0.61353946966641604     
   4.0352222343747208E-003  0.60765627520549892     
   3.9775037476016406E-003  0.60175886998936068     
   3.9206314823096305E-003  0.59584731113264811     
   3.8646012471982446E-003  0.58992166016723169     
   3.8094089189103075E-003  0.58398198310337235     
   3.7550504426195363E-003  0.57802835047936862     
   3.7015218463959058E-003  0.57206083786107342     
   3.6488192383880391E-003  0.56607952579848497     
   3.5969388181754736E-003  0.56008450023998491     
   3.5458768802500941E-003  0.55407585268533255     
   3.4956298208661802E-003  0.54805368045330083     
   3.4461941478564754E-003  0.54201808704296961     
   3.3975664849236189E-003  0.53596918232639612     
   3.3497435797423874E-003  0.52990708284428090     
   3.3027223133738977E-003  0.52383191216188596     
   3.2564997106295152E-003  0.51774380125872232     
   3.2110729465799764E-003  0.51164288876287323     
   3.1664393609572221E-003  0.50552932149049734     
   3.1225964646052515E-003  0.49940325466552166     
   3.0795419540060724E-003  0.49326485244357238     
   3.0372737234896853E-003  0.48711428835281523     
   2.9957898771647328E-003  0.48095174569059801     
   2.9550887458766775E-003  0.47477741813108792     
   2.9151688989606989E-003  0.46859151009017780     
   2.8760291643049334E-003  0.46239423742216984     
   2.8376686456725144E-003  0.45618582799042634     
   2.8000867396438924E-003  0.44996652220214606     
   2.7632831557981288E-003  0.44373657362517183     
   2.7272579448943961E-003  0.43749624995402642     
   2.6920115148444915E-003  0.43124583340129180     
   2.6575446622294223E-003  0.42498562171450460     
   2.6238585981586114E-003  0.41871592891978759     
   2.5909549772369371E-003  0.41243708614325036     
   2.5588359350931858E-003  0.40614944274547632     
   2.5275041194462700E-003  0.39985336712215525     
   2.4969627297334830E-003  0.39354924779204742     
   2.4672155594775299E-003  0.38723749453575440     
   2.4382670439523431E-003  0.38091853966831646     
   2.4101223072865419E-003  0.37459283919048109     
   2.3827872199105073E-003  0.36826087427336124     
   2.3562684542440342E-003  0.36192315251205759     
   2.3305735532172869E-003  0.35558020963582876     
   2.3057110003297352E-003  0.34923261107271808     
   2.2816902959086893E-003  0.34288095360141846     
   2.2585220480213944E-003  0.33652586746438767     
   2.2362180594589277E-003  0.33016801798196227     
   2.2147914381550581E-003  0.32380810799860366     
   2.1942567070453579E-003  0.31744687990007414     
   2.1746299335753160E-003  0.31108511818831397     
   2.1559288648027490E-003  0.30472365182853300     
   2.1381730875333544E-003  0.29836335727217966     
   2.1213841944155275E-003  0.29200516112629771     
   2.1055859748809005E-003  0.28565004332808580     
   2.0908046279749953E-003  0.27929904056277632     
   2.0770689946413875E-003  0.27295324968383039     
   2.0644108205492349E-003  0.26661383154011420     
   2.0528650478076277E-003  0.26028201498532744     
   2.0424701424691066E-003  0.25395910121422299     
   2.0332684589522265E-003  0.24764646824510481     
   2.0253066509771937E-003  0.24134557581617114     
   2.0186361334239627E-003  0.23505797058048275     
   2.0133135992305320E-003  0.22878529147123336     
   2.0094016071145406E-003  0.22252927566719577     
   2.0069692389348566E-003  0.21629176455544538     
   2.0060928492396960E-003  0.21007471033711589     
   2.0068569108977834E-003  0.20388018280910047     
   2.0093549765184153E-003  0.19771037655656343     
   2.0136907708796616E-003  0.19156761843007908     
   2.0199794358205518E-003  0.18545437536931231     
   2.0283489511620772E-003  0.17937326253553446     
   2.0389417579524914E-003  0.17332705162262940     
   2.0519166200714963E-003  0.16731867952224724     
   2.0674507554824615E-003  0.16135125682079526     
   2.0857422913864629E-003  0.15542807667546107     
   2.1070130854948061E-003  0.14955262325298918     
   2.1315119834920100E-003  0.14372858011614806     
   2.1595185810130012E-003  0.13795983809346704     
   2.1913475760590800E-003  0.13225050237728017     
   2.2273538145922102E-003  0.12660489869175298     
   2.2679381465766503E-003  0.12102757807090780     
   2.3135542328147911E-003  0.11552331980931575     
   2.3647164684129085E-003  0.11009713214319686     
   2.4220092173598061E-003  0.10475425012810201     
   2.4860975857481050E-003   9.9500129884417865E-002
   2.5577400024926322E-003   9.4340438583556674E-002
   2.6378029240545419E-003   8.9281039429388753E-002
   2.7272780281927902E-003   8.4327970543805017E-002
   2.8273023286957849E-003   7.9487417056384110E-002
   2.9391817069303137E-003   7.4765675338273510E-002
   3.0644184365549434E-003   7.0169108550636114E-002
   3.2047433622049708E-003   6.5704092783460885E-002
   3.3621534844405399E-003   6.1376953152103425E-002
   3.5389558026205996E-003   5.7193889610475300E-002
   3.7378183652878529E-003   5.3160892665054506E-002
   3.9618295735267131E-003   4.9283649582486939E-002
   4.2145668664874776E-003   4.5567442466652584E-002
   4.5001759771761459E-003   4.2017040158133845E-002
   4.8234619653026323E-003   3.8636586873701612E-002
   5.1899931848979992E-003   3.5429491126342465E-002
   5.6062192059285528E-003   3.2398319191534783E-002
   6.0796034153131557E-003   2.9544698110659337E-002
   6.6187705674768914E-003   2.6869233038194714E-002
   7.2336688023311351E-003   2.4371444206400007E-002
   7.9357446113885663E-003   2.2049727792303731E-002
   8.7381277656170021E-003   1.9901344307024022E-002
   9.6558212772545997E-003   1.7922436833238877E-002
   1.0705889069665330E-002   1.6108079609820167E-002
   1.1907631062785948E-002   1.4452356136440541E-002
   1.3282732181970104E-002   1.2948463847974505E-002
   1.4855368425296653E-002   1.1588841221421084E-002
   1.6650790628370708E-002   1.0367144854804965E-002
   1.8700620929281948E-002   9.2711402805286513E-003
   2.1035277422163590E-002   8.2936636208598112E-003
   2.3688328792046673E-002   7.4256358532350701E-003
   2.6694996830662503E-002   6.6579857514756802E-003
   3.0091609246208947E-002   5.9817890721976128E-003
   3.3914927424756089E-002   5.3883921183673694E-003
   3.8201377179945276E-002   4.8695169658395767E-003
   4.2986225562515315E-002   4.4173466135084757E-003
   4.8302758158544033E-002   4.0245893191541487E-003
   5.4181516396585999E-002   3.6845223137842633E-003
   6.0649651445514319E-002   3.3910159498928292E-003
   6.7730440385841445E-002   3.1385400866488062E-003
   7.5442993362411462E-002   2.9221551069270259E-003
   8.3802160295349315E-002   2.7374903784738447E-003
   9.2818626516503452E-002   2.5807131472825305E-003
  0.10249917094511306        2.4484908342315053E-003
  0.11284705040207987        2.3379494834867534E-003
  0.12386246960031468        2.2466307508481032E-003
  0.13554309790909078        2.1724493686788213E-003
  0.14788459866364409        2.1136525680773622E-003
  0.16088114442937240        2.0687824806733079E-003
  0.17452589922092493        2.0366421616129474E-003
  0.18881145622395393        2.0162655569585927E-003
  0.20373022554540743        2.0068915066037201E-003
  0.21927477150537850        2.0079417067523681E-003
  0.23543810246750310        2.0190024548705243E-003
  0.25221391809856347        2.0398099531790375E-003
  0.26959682064732093        2.0702389281097994E-003
  0.28758249707689387        2.1102943429444831E-003
  0.30616787903380943        2.1601060144618659E-003
  0.32535128787067480        2.2199259913650614E-003
  0.34513257103652206        2.2901286169973328E-003
  0.36551323651834777        2.3712132634908269E-003
  0.38649659161345618        2.4638098047418009E-003
  0.40808789235717335        2.5686869850520691E-003
  0.43029451005210340        2.6867639444497393E-003
  0.45312612243838085        2.8191252834929661E-003
  0.47659493710696904        2.9670402053180085E-003
  0.50071595684116388        3.1319864595052817E-003
  0.52550729840020671        3.3156800573700134E-003
  0.55099057876240276        3.5201120479646181E-003
  0.57719138696142103        3.7475940706688297E-003
  0.60413986517673413        4.0008149783143515E-003
  0.63187142983856348        4.2829116282729549E-003
  0.66042767500145105        4.5975580629858239E-003
  0.68985751446078791        4.9490789160357013E-003
  0.72021864230460808        5.3425952292431959E-003
  0.75157942432412217        5.7842143703346486E-003
  0.78402138206834093        6.2812810669029707E-003
  0.81764250963985952        6.8427148959505036E-003
  0.85256178446335962        7.4794729110040327E-003
  0.88892543483485131        8.2051981927519363E-003
  0.92691586132528514        9.0371529879404687E-003
  0.96676469547416910        9.9976027214699718E-003
   1.0089028854177660        1.1117682020422081E-002
   1.0535286404964492        1.2435153275782859E-002
   1.1013111896682541        1.4008068510639087E-002
   1.1530950379189695        1.5921382004536841E-002
   1.2102171524308245        1.8311100559110557E-002
   1.2749063514035317        2.1415140547230316E-002
   1.3521721923151631        2.5747834869939860E-002
   1.4563820373123746        3.2855980248895585E-002
