   1.6611295911103454        2.7198566077503914     
   1.6649588902960986        2.7189927507364589     
   1.6687970169281472        2.7181213623509568     
   1.6726439913558546        2.7172425589225773     
   1.6764998339754991        2.7163562945724808     
   1.6803645652303709        2.7154625229249145     
   1.6842382056108938        2.7145611970158980     
   1.6881207756547210        2.7136522694593976     
   1.6920122959468542        2.7127356922403045     
   1.6959127871197452        2.7118114167961664     
   1.6998222698534113        2.7108793940479328     
   1.7037407648755383        2.7099395743441432     
   1.7076682929615998        2.7089919073759856     
   1.7116048749349564        2.7080363422906251     
   1.7155505316669755        2.7070728276047982     
   1.7195052840771352        2.7061013112347534     
   1.7234691531331396        2.7051217403707306     
   1.7274421598510274        2.7041340616322094     
   1.7314243252952857        2.7031382209064794     
   1.7354156705789576        2.7021341634751770     
   1.7394162168637604        2.7011218338132847     
   1.7434259853601906        2.7001011757288738     
   1.7474449973276431        2.6990721322844746     
   1.7514732740745174        2.6980346458100808     
   1.7555108369583379        2.6969886578083049     
   1.7595577073858595        2.6959341090169975     
   1.7636139068131880        2.6948709394051251     
   1.7676794567458864        2.6937990879760805     
   1.7717543787390984        2.6927184930827623     
   1.7758386943976530        2.6916290920379766     
   1.7799324253761863        2.6905308212974419     
   1.7840355933792515        2.6894236164267182     
   1.7881482201614380        2.6883074119768864     
   1.7922703275274825        2.6871821416194668     
   1.7964019373323890        2.6860477380565762     
   1.8005430714815398        2.6849041327476564     
   1.8046937519308179        2.6837512563792618     
   1.8088540006867164        2.6825890383683642     
   1.8130238398064606        2.6814174070990520     
   1.8172032913981220        2.6802362898218179     
   1.8213923776207381        2.6790456125669975     
   1.8255911206844251        2.6778453002452656     
   1.8297995428505027        2.6766352764151038     
   1.8340176664316046        2.6754154634551472     
   1.8382455137918043        2.6741857823652291     
   1.8424831073467249        2.6729461528165177     
   1.8467304695636677        2.6716964931478526     
   1.8509876229617233        2.6704367201480443     
   1.8552545901118960        2.6691667492005400     
   1.8595313936372195        2.6678864941556384     
   1.8638180562128825        2.6665958672821546     
   1.8681146005663407        2.6652947792597628     
   1.8724210494774469        2.6639831390066151     
   1.8767374257785627        2.6626608538810297     
   1.8810637523546878        2.6613278292785609     
   1.8854000521435721        2.6599839688589118     
   1.8897463481358474        2.6586291743975576     
   1.8941026633751419        2.6572633456095933     
   1.8984690209582062        2.6558863802923067     
   1.9028454440350318        2.6544981740584297     
   1.9072319558089794        2.6530986204006908     
   1.9116285795368966        2.6516876105449998     
   1.9160353385292468        2.6502650333759594     
   1.9204522561502255        2.6488307754182134     
   1.9248793558178918        2.6473847206841490     
   1.9293166610042856        2.6459267505714439     
   1.9337641952355593        2.6444567437980382     
   1.9382219820920950        2.6429745763449080     
   1.9426900452086366        2.6414801212525112     
   1.9471684082744076        2.6399732486431629     
   1.9516570950332455        2.6384538254699339     
   1.9561561292837182        2.6369217154736417     
   1.9606655348792608        2.6353767790589799     
   1.9651853357282896        2.6338188731096399     
   1.9697155557943407        2.6322478509297964     
   1.9742562190961888        2.6306635619808918     
   1.9788073497079799        2.6290658518359553     
   1.9833689717593541        2.6274545620044325     
   1.9879411094355790        2.6258295297012424     
   1.9925237869776717        2.6241905876282035     
   1.9971170286825342        2.6225375639958810     
   2.0017208589030742        2.6208702820549035     
   2.0063353020483441        2.6191885600654219     
   2.0109603825836597        2.6174922110034311     
   2.0155961250307399        2.6157810422844632     
   2.0202425539678273        2.6140548556553291     
   2.0248996940298274        2.6123134467918976     
   2.0295675699084326        2.6105566050331968     
   2.0342462063522562        2.6087841131017484     
   2.0389356281669611        2.6069957468446199     
   2.0436358602153990        2.6051912748101378     
   2.0483469274177279        2.6033704579934809     
   2.0530688547515612        2.6015330493112074     
   2.0578016672520834        2.5996787933462788     
   2.0625453900121986        2.5978074258589645     
   2.0673000481826511        2.5959186732689661     
   2.0720656669721658        2.5940122523692111     
   2.0768422716475783        2.5920878695316261     
   2.0816298875339725        2.5901452204143114     
   2.0864285400148090        2.5881839891975655     
   2.0912382545320685        2.5862038480912708     
   2.0960590565863759        2.5842044564999740     
   2.1008909717371460        2.5821854605343328     
   2.1057340256027093        2.5801464920527222     
   2.1105882438604584        2.5780871678907951     
   2.1154536522469720        2.5760070890630047     
   2.1203302765581644        2.5739058397254770     
   2.1252181426494090        2.5717829862078121     
   2.1301172764356884        2.5696380759161745     
   2.1350277038917191        2.5674706362139252     
   2.1399494510521015        2.5652801730992985     
   2.1448825440114474        2.5630661698925690     
   2.1498270089245253        2.5608280858204666     
   2.1547828720063946        2.5585653543576479     
   2.1597501595325501        2.5562773816799349     
   2.1647288978390540        2.5539635447027775     
   2.1697191133226825        2.5516231892185925     
   2.1747208324410607        2.5492556277424501     
   2.1797340817128048        2.5468601372439976     
   2.1847588877176656        2.5444359566523409     
   2.1897952770966627        2.5419822841785162     
   2.1948432765522301        2.5394982744459700     
   2.1999029128483598        2.5369830353148872     
   2.2049742128107406        2.5344356245942161     
   2.2100572033268988        2.5318550462140643     
   2.2151519113463443        2.5292402464262995     
   2.2202583638807116        2.5265901093657321     
   2.2253765880039049        2.5239034524614903     
   2.2305066108522391        2.5211790214209184     
   2.2356484596245823        2.5184154847394917     
   2.2408021615825056        2.5156114278527721     
   2.2459677440504264        2.5127653467968658     
   2.2511452344157461        2.5098756413347720     
   2.2563346601290029        2.5069406075799900     
   2.2615360487040173        2.5039584301523679     
   2.2667494277180329        2.5009271736424621     
   2.2719748248118661        2.4978447735072433     
   2.2772122676900510        2.4947090264702791     
   2.2824617841209904        2.4915175801672276     
   2.2877234019370971        2.4882679223129132     
   2.2929971490349454        2.4849573692374545     
   2.2982830533754157        2.4815830538840262     
   2.3035811429838473        2.4781419133778018     
   2.3088914459501857        2.4746306761550430     
   2.3142139904291272        2.4710458487862232     
   2.3195488046402728        2.4673837027121617     
   2.3248959168682757        2.4636402609403385     
   2.3302553554629943        2.4598112850334002     
   2.3356271488396372        2.4558922624880664     
   2.3410113254789189        2.4518783949533409     
   2.3464079139272065        2.4477645875366703     
   2.3518169427966771        2.4435454394485117     
   2.3572384407654612        2.4392152368163718     
   2.3626724365778031        2.4347679474822468     
   2.3681189590442053        2.4301972190009731     
   2.3735780370415909        2.4254963799352121     
   2.3790496995134451        2.4206584452102762     
   2.3845339754699801        2.4156761264876074     
   2.3900308939882779        2.4105418476960976     
   2.3955404842124572        2.4052477673547141     
   2.4010627753538132        2.3997858077668512     
   2.4065977966909871        2.3941476922030263     
   2.4121455775701079        2.3883380910869327     
   2.4177061474049610        2.3823244514818720     
   2.4232795356771297        2.3761095942324379     
   2.4288657719361684        2.3696850845428932     
   2.4344648857997422        2.3630426064882823     
   2.4400769069537978        2.3561740408247211     
   2.4457018651527109        2.3490715420692516     
   2.4513397902194520        2.3417276114867254     
   2.4569907120457355        2.3341351619118038     
   2.4626546605921900        2.3262875705504116     
   2.4683316658885039        2.3181787163281138     
   2.4740217580335959        2.3098029993365676     
   2.4797249671957671        2.3011553411470023     
   2.4854413236128656        2.2922311659342394     
   2.4911708575924432        2.2830263639422919     
   2.4969135995119194        2.2735372394132582     
   2.5026695798187388        2.2637604460787180     
   2.5084388290305397        2.2536929135063763     
   2.5142213777353022        2.2433317676427307     
   2.5200172565915278        2.2326742480859498     
   2.5258264963283859        2.2217176248957577     
   2.5316491277458906        2.2104591163684146     
   2.5374851817150512        2.1988958090384045     
   2.5433346891780473        2.1870245802703119     
   2.5491976811483834        2.1748420236735040     
   2.5550741887110608        2.1623443768650485     
   2.5609642430227351        2.1495274507120836     
   2.5668678753118916        2.1363865593771201     
   2.5727851168789972        2.1229164496523611     
   2.5787159990966808        2.1091112283663422     
   2.5846605534098872        2.0949642863933140     
   2.5906188113360535        2.0804682171581277     
   2.5965908044652677        2.0656147281409210     
   2.6025765644604464        2.0503945428503361     
   2.6085761230574884        2.0347972907258098     
   2.6145895120654612        2.0188113819707842     
   2.6206167633667516        2.0024238638679890     
   2.6266579089172475        1.9856202537401990     
   2.6327129807464988        1.9683843436922379     
   2.6387820109578968        1.9506979701065614     
   2.6448650317288336        1.9325407392841902     
   2.6509620753108805        1.9138896985484020     
   2.6570731740299549        1.8947189386425847     
   2.6631983602864953        1.8749991086885698     
   2.6693376665556268        1.8546968193896882     
   2.6754911253873428        1.8337739006786036     
   2.6816587694066678        1.8121864689609091     
   2.6878406313138381        1.7898837402977621     
   2.6940367438844683        1.7668064999328128     
   2.7002471399697328        1.7428850994683536     
   2.7064718524965299        1.7180367906658454     
   2.7127109144676691        1.6921621094329025     
   2.7189643589620331        1.6651398642845241     
   2.7252322191347655        1.6368200218667577     
   2.7315145282174327        1.6070133245276057     
   2.7378113195182165        1.5753475852224716     
   2.7441226264220742        1.5417000581027045     
   2.7504484823909290        1.5055128703657017     
   2.7567889209638374        1.4661063585498655     
   2.7631439757571759        1.4224073039420804     
   2.7695136804648097        1.3726415643009684     
   2.7758980688582824        1.3127928658473260     
   2.7822971747869816        1.2314353908780762     
