   2.1482256663175869        5.2296108138132276     
   2.0993395148118252        5.2926438185671429     
   2.0514191327991682        5.3567993557309537     
   2.0044340547106407        5.4220833666244665     
   1.9583542348340661        5.4885002733528667     
   1.9131499945053505        5.5560527615853577     
   1.8687919682256251        5.6247415388384221     
   1.8252510457659670        5.6945650600849289     
   1.7824983080817680        5.7655192125843708     
   1.7405049536410575        5.8375969479084020     
   1.6992422103746940        5.9107878440184614     
   1.6586812264690813        5.9850775727964836     
   1.6187929297572199        6.0604472360810409     
   1.5795478407220800        6.1368725153504204     
   1.5409158156766716        6.2143225495964574     
   1.5028656826868010        6.2927584050112166     
   1.4653647073531681        6.3721309088646443     
   1.4283777789221026        6.4523774527843631     
   1.3918661138372983        6.5334170394975519     
   1.3557850793149508        6.6151421584340113     
   1.3200802972383112        6.6974045168445926     
   1.2846800930534394        6.7799877994599393     
   1.2494793566669973        6.8625500802340529     
   1.2143009773564710        6.9444869558786726     
   1.1787970190688117        7.0245787757708982     
   1.1422519008275458        7.1002567210710001     
   1.1035295728339738        7.1672431255642604     
   1.0612357366143053        7.2198999303387534     
   1.0130897539113484        7.2488089424512170     
  0.95329586917564979        7.2305535416525704     
