   7747.1826094026592        1.7226174936891665     
   11110.484527603245        1.6811677060133745     
   16322.390045433489        1.6376768402726616     
   24606.742354252208        1.5920435278113683     
   38136.968531273938        1.5441650216625005     
   60884.522358683287        1.4939372166809703     
   100329.48250553534        1.4412546698443487     
   171020.29815465226        1.3860106639354741     
   302232.84501084860        1.3280973806140852     
   555037.26345971390        1.2674062715468362     
   1061748.9107723124        1.2038287484233323     
   2120665.1605113000        1.1372573624518048     
   4432669.3888448486        1.0675877250484971     
   9716115.2523528747       0.99472156501581965     
   22368739.747468591       0.91857157159080993     
   54128483.554169334       0.83906914203968141     
   137562294.55615366       0.75617704553211618     
   365896908.73447502       0.66991080270382242     
   1010299176.1195458       0.58037634998118259     
   2847638255.3027596       0.48784007062801177     
   7926225368.4994783       0.39286798451949317     
   20389369289.298531       0.29662554261824697     
   42187853826.051521       0.20158344706931661     
   51514773383.566071       0.11328205664919898     
   18772158164.739391        4.3922699048032719E-002
   823041621.86936700        9.1119211901800039E-003
   5523482.1897286447        1.0010955256598100E-003
   12154.040232657397        6.3492326778087711E-005
   7.8464292835592779        2.1582367770997185E-006
   5.1453479167378304E-004   2.7050625088712254E-005
