   1.7226174936891665        6.9121533480721364     
   1.6811677060133745        7.0446827292078673     
   1.6376768402726616        7.1817150404999310     
   1.5920435278113683        7.3234188351114806     
   1.5441650216625005        7.4699666491142960     
   1.4939372166809703        7.6215347063801513     
   1.4412546698443487        7.7783025465216724     
   1.3860106639354741        7.9404525281039628     
   1.3280973806140852        8.1081691364983790     
   1.2674062715468362        8.2816379940199738     
   1.2038287484233323        8.4610444246727248     
   1.1372573624518048        8.6465713569931353     
   1.0675877250484971        8.8383962379574506     
  0.99472156501581965        9.0366864465577788     
  0.91857157159080993        9.2415923753839486     
  0.83906914203968141        9.4532367720904560     
  0.75617704553211618        9.6716978503040139     
  0.66991080270382242        9.8969815474439180     
  0.58037634998118259        10.128973857765784     
  0.48784007062801177        10.367354245456843     
  0.39286798451949317        10.611427238720607     
  0.29662554261824697        10.859766711079072     
  0.20158344706931661        11.109391249007103     
  0.11328205664919898        11.353712357224097     
   4.3922699048032719E-002   11.578160564526904     
   9.1119211901800039E-003   11.761619216943760     
   1.0010955256598100E-003   11.902338396985105     
   6.3492326778087711E-005   12.007851835443731     
   2.1582367770997185E-006   12.065423466142068     
   2.7050625088712254E-005   12.029078148571394     
