   5.2296108138132276        5.2134856903920648     
   5.2926438185671429        5.2705864984060469     
   5.3567993557309537        5.3286888302166844     
   5.4220833666244665        5.3877895242543641     
   5.4885002733528667        5.4478830489666468     
   5.5560527615853577        5.5089612200908853     
   5.6247415388384221        5.5710128867994735     
   5.6945650600849289        5.6340235798774776     
   5.7655192125843708        5.6979751144594193     
   5.8375969479084020        5.7628451368684717     
   5.9107878440184614        5.8286066011431465     
   5.9850775727964836        5.8952271550810256     
   6.0604472360810409        5.9626684062763022     
   6.1368725153504204        6.0308850249225303     
   6.2143225495964574        6.0998236170358320     
   6.2927584050112166        6.1694212633329393     
   6.3721309088646443        6.2396035505570264     
   6.4523774527843631        6.3102817968743805     
   6.5334170394975519        6.3813489260827776     
   6.6151421584340113        6.4526729328197892     
   6.6974045168445926        6.5240857232719929     
   6.7799877994599393        6.5953622565878920     
   6.8625500802340529        6.6661770814935224     
   6.9444869558786726        6.7360018536957247     
   7.0245787757708982        6.8038410347106986     
   7.1002567210710001        6.8676698736888611     
   7.1672431255642604        6.9240894989862412     
   7.2198999303387534        6.9684478827377259     
   7.2488089424512170        6.9928122648531108     
   7.2305535416525704        6.9774276799125312     
