   2.1482256663175869        5.2134856903920648     
   2.0993395148118252        5.2705864984060469     
   2.0514191327991682        5.3286888302166844     
   2.0044340547106407        5.3877895242543641     
   1.9583542348340661        5.4478830489666468     
   1.9131499945053505        5.5089612200908853     
   1.8687919682256251        5.5710128867994735     
   1.8252510457659670        5.6340235798774776     
   1.7824983080817680        5.6979751144594193     
   1.7405049536410575        5.7628451368684717     
   1.6992422103746940        5.8286066011431465     
   1.6586812264690813        5.8952271550810256     
   1.6187929297572199        5.9626684062763022     
   1.5795478407220800        6.0308850249225303     
   1.5409158156766716        6.0998236170358320     
   1.5028656826868010        6.1694212633329393     
   1.4653647073531681        6.2396035505570264     
   1.4283777789221026        6.3102817968743805     
   1.3918661138372983        6.3813489260827776     
   1.3557850793149508        6.4526729328197892     
   1.3200802972383112        6.5240857232719929     
   1.2846800930534394        6.5953622565878920     
   1.2494793566669973        6.6661770814935224     
   1.2143009773564710        6.7360018536957247     
   1.1787970190688117        6.8038410347106986     
   1.1422519008275458        6.8676698736888611     
   1.1035295728339738        6.9240894989862412     
   1.0612357366143053        6.9684478827377259     
   1.0130897539113484        6.9928122648531108     
  0.95329586917564979        6.9774276799125312     
