           1   16.736232343636168        18.645763104757535        1.9204969993892260        2.3846901904691205     
           2   16.556055372015834        18.495963836624011        1.9310534281827487        2.4157004919466423     
           3   16.372669693128422        18.342847627806972        1.9416627750725557        2.4477460244980951     
           4   16.186058323513542        18.186368295463829        1.9523152768977632        2.4808696940458832     
           5   15.996208622784140        18.026480683010305        1.9630000433790715        2.5151158269356952     
           6   15.803112914076134        17.863141286240207        1.9737049357839944        2.5505301423663900     
           7   15.606769174984592        17.696308978247075        1.9844164320705602        2.5871597114721361     
           8   15.407181821897540        17.525945836350786        1.9951194751503074        2.6250528928755723     
           9   15.204362610894281        17.352018066768967        2.0057973006394789        2.6642592306291730     
          10   14.998331689583559        17.174497027476210        2.0164312389140440        2.7048292941075975     
          11   14.789118848884499        16.993360355291362        2.0270004842390663        2.7468144306361388     
          12   14.576765045065704        16.808593209912470        2.0374818207695329        2.7902663885275674     
          13   14.361324297655361        16.620189657666142        2.0478492903555794        2.8352367470903426     
          14   14.142866120033078        16.428154221029100        2.0580737799902029        2.8817760557815268     
          15   13.921478726976058        16.232503619967297        2.0681224947155119        2.9299325250455435     
          16   13.697273408989254        16.033268710609423        2.0779582618187233        2.9797500053004105     
          17   13.470390724066919        15.830496566911133        2.0875385764738170        3.0312647927528587     
          18   13.241009635371457        15.624252477573835        2.0968142337047775        3.0845004152571618     
          19   13.009361669897240        15.414621190403519        2.1057272625778305        3.1394587531179026     
          20   12.775754141695691        15.201705543202229        2.1142076106093057        3.1961040855218714     
          21   12.540610938846244        14.985617331516572        2.1221674207130397        3.2543324347504554     
          22   12.304550388803055        14.766445771216318        2.1294902464435412        3.3139075938401139     
          23   12.068549871998318        14.544161568114845        2.1360084528179759        3.3743143057862648     
          24   11.834337048713884        14.318358062238772        2.1414497606390204        3.4343935643419168     
          25   11.605398235398983        14.088016693795433        2.1452993795082294        3.4915345313914177     
          26   11.389076279254652        13.855592561592482        2.1465090145923913        3.5415877841902925     
          27   11.197598692764737        13.639400626478679        2.1433303024706234        3.5827502521121248     
          28   11.047081378612031        13.466759683688485        2.1334006900944589        3.6143727007374409     
          29   10.964445875427970        13.371636283710089        2.1127146753817927        3.6316926907336442     
          30   11.016628700970276        13.431716704050446        2.0712850503011926        3.6207485931615180     
