           1  0.32142410441271968       0.69049151087254834       0.24561894361814882        8.1894865691524876E-002
           2  0.32770180338589172       0.68795734492309812       0.24419840218693845        8.3746635465841379E-002
           3  0.33407407967759856       0.68532595882289937       0.24272834120596529        8.5658933174994303E-002
           4  0.34054176522954321       0.68259351127737233       0.24120727686400198        8.7634032877257503E-002
           5  0.34710572069804463       0.67975595806414635       0.23963366670689029        8.9674315800891025E-002
           6  0.35376684334932207       0.67680903440993057       0.23800590392873500        9.1782277842148915E-002
           7  0.36052607609433274       0.67374823534098949       0.23632231099930073        9.3960537864328370E-002
           8  0.36738441811867478       0.67056879336923259       0.23458113230575842        9.6211847006460821E-002
           9  0.37434293756411308       0.66726565285039030       0.23278052549216668        9.8539099233014404E-002
          10  0.38140278696531937       0.66383344004564337       0.23091855100467834       0.10094534345739672     
          11  0.38856522247306158       0.66026642750985987       0.22899315912341139       0.10343379771182663     
          12  0.39583162837635527       0.65655849083054652       0.22700217343026952       0.10600786604306638     
          13  0.40320354923742913       0.65270305475856749       0.22494326910613519       0.10867115915047401     
          14  0.41068273312203007       0.64869302432474474       0.22281394364811255       0.11142752028631907     
          15  0.41827119140805419       0.64452069408259505       0.22061147621518837       0.11428105878637142     
          16  0.42597128399398670       0.64017762452459614       0.21833286950640290       0.11723619501651926     
          17  0.43378584472270321       0.63565446740603093       0.21597476393048542       0.12029772304777855     
          18  0.44171837283927401       0.63094070830524751       0.21353330621896169       0.12347090200438354     
          19  0.44977333813380688       0.62602426825593094       0.21100393952190874       0.12676159616192914     
          20  0.45795669289380658       0.62089085119784226       0.20838105054943581       0.13017650285003990     
          21  0.46627678685652052       0.61552279938888022       0.20565733795664898       0.13372355007998554     
          22  0.47474613647452979       0.60989691078285979       0.20282258952949073       0.13741265174292833     
          23  0.48338519899674615       0.60397982746480294       0.19986107187616203       0.14125729865387274     
          24  0.49223139526887227       0.59771706436053107       0.19674529002183919       0.14527833828727427     
          25  0.50136244876319580       0.59100456007509505       0.19341987476771694       0.14951379135917145     
          26  0.51094502596896951       0.58362792713143519       0.18976828351392011       0.15404005538955670     
          27  0.52125863687206020       0.57522432088344422       0.18559783956566989       0.15898638258095543     
          28  0.53267330106317323       0.56529194302855035       0.18065774925239947       0.16453328001260442     
          29  0.54581426940731637       0.55295884387516059       0.17452950319023949       0.17099295704258147     
          30  0.56226184682006120       0.53600189596863623       0.16616278350484195       0.17915037403248063     
