   1.6611295911103454        3.5684812227028826     
   1.7076682929615998        3.5849755256055427     
   1.7555108369583379        3.6012885187726158     
   1.8046937519308179        3.6173896146936486     
   1.8552545901118960        3.6332456832409710     
   1.9072319558089794        3.6488208057763778     
   1.9606655348792608        3.6640760039591616     
   2.0155961250307399        3.6789689350541890     
   2.0720656669721658        3.6934535456122055     
   2.1301172764356884        3.7074796714727136     
   2.1897952770966627        3.7209925669217987     
   2.2511452344157461        3.7339323383807375     
   2.3142139904291272        3.7462332456519136     
   2.3790496995134451        3.7578228158369753     
   2.4457018651527109        3.7686206844437464     
   2.5142213777353022        3.7785370272759145     
   2.5846605534098872        3.7874703554547571     
   2.6570731740299549        3.7953042787544082     
   2.7315145282174327        3.8019025112801192     
   2.8080414535767662        3.8071007048572456     
   2.8867123800916694        3.8106921367529236     
   2.9675873747376995        3.8124004247222398     
   3.0507281873447099        3.8118218928893426     
   3.1361982977441953        3.8082886581344773     
   3.2240629642375351        3.8005158115333635     
   3.3143892734221367        3.7858674476488638     
   3.4072461914135173        3.7599969341507431     
   3.5027046165024496        3.7171953138363043     
   3.6008374332873569        3.6479715091638600     
   3.7017195683232997        3.5288339733292711     
