   2.2232536073668642E-004   1.7223951683284298     
   1.5130000872853698E-004   1.6810164060046460     
   1.0032700534107534E-004   1.6375765132673206     
   6.4696854546522986E-005   1.5919788309568217     
   4.0488916455952613E-005   1.5441245327460444     
   2.4536821871709049E-005   1.4939126798590987     
   1.4365072646439561E-005   1.4412403047717022     
   8.1043161225575733E-006   1.3860025596193515     
   4.3942708685270292E-006   1.3280929863432167     
   2.2834574748896166E-006   1.2674039880893613     
   1.1338157283645752E-006   1.2038276146076039     
   5.3627364062696610E-007   1.1372568261781641     
   2.4084527641287351E-007   1.0675874842032207     
   1.0237851618695236E-007  0.99472146263730343     
   4.1064965701958983E-008  0.91857153052584428     
   1.5501434206974314E-008  0.83906912653824717     
   5.4969789685098754E-009  0.75617704003513719     
   1.8308730816829388E-009  0.66991080087294930     
   5.7445988586854833E-010  0.58037634940672267     
   1.7131391936748333E-010  0.48784007045669786     
   4.9565583389953730E-011  0.39286798446992760     
   1.4548048956050076E-011  0.29662554260369894     
   4.7782342257964800E-012  0.20158344706453837     
   2.1990207702852580E-012  0.11328205664699996     
   2.3397788714669453E-012   4.3922699045692938E-002
   1.1071033270970120E-011   9.1119211791089710E-003
   1.8124351813388814E-010   1.0010953444162917E-003
   5.2235390062716963E-009   6.3487103239081438E-005
   2.4396699593933475E-007   1.9142697811603836E-006
   2.7036713758830811E-005   1.3911329881443716E-008
