  0.63118012557103476       0.46063226775291288     
  0.63110720591002534       0.46114227999268625     
  0.63103555436680925       0.46165321492744754     
  0.63096436031752734       0.46216484471396707     
  0.63089360715505205       0.46267716571308082     
  0.63082329473198351       0.46319017894056780     
  0.63075342294626524       0.46370388542659102     
  0.63068399179845103       0.46421828623207861     
  0.63061500117004776       0.46473338238572226     
  0.63054645106027207       0.46524917495133561     
  0.63047834129311742       0.46576566494437277     
  0.63041067186443289       0.46628285343090381     
  0.63034344276719667       0.46680074147787054     
  0.63027665387151821       0.46731933011868948     
  0.63021030513343079       0.46783862041296859     
  0.63014439650256182       0.46835861342012525     
  0.63007892787302289       0.46887931018525353     
  0.63001389928696261       0.46940071179764953     
  0.62994931059723869       0.46992281929380797     
  0.62988516177436216       0.47044563374570669     
  0.62982145277188872       0.47096915622210395     
  0.62975818351497037       0.47149338778520478     
  0.62969535397777932       0.47201832951303646     
  0.62963296409015235       0.47254398247246537     
  0.62957101378810565       0.47307034773379042     
  0.62950950306015752       0.47359742638421709     
  0.62944843182916754       0.47412521949356695     
  0.62938780003555017       0.47465372813841278     
  0.62932760765884610       0.47518295340839839     
  0.62926785463603740       0.47571289638246017     
  0.62920854093170586       0.47624355814926372     
  0.62914966652052762       0.47677493980213059     
  0.62909123130433742       0.47730704241476074     
  0.62903323521265997       0.47783986707059734     
  0.62897567834165369       0.47837341490368079     
  0.62891856050906836       0.47890768696809038     
  0.62886188179240476       0.47944268439587573     
  0.62880564205935086       0.47997840825913152     
  0.62874984130892964       0.48051485967028651     
  0.62869447951707624       0.48105203973672001     
  0.62863955659284620       0.48158994954777812     
  0.62858507255081686       0.48212859022569710     
  0.62853102735653421       0.48266796287998054     
  0.62847742095336712       0.48320806861528792     
  0.62842425332224239       0.48374890854914204     
  0.62837152440057475       0.48429048378788797     
  0.62831923423610936       0.48483279547242530     
  0.62826738270243265       0.48537584469359640     
  0.62821596986241812       0.48591963260035798     
  0.62816499558123307       0.48646416028447975     
  0.62811445993861159       0.48700942890352955     
  0.62806436284074463       0.48755543956501990     
  0.62801470433498008       0.48810219342046002     
  0.62796548426968013       0.48864969156350896     
  0.62791670271758748       0.48919793515685484     
  0.62786835969292587       0.48974692534749642     
  0.62782045509114226       0.49029666324849658     
  0.62777298892128119       0.49084715000884793     
  0.62772596116275403       0.49139838677043307     
  0.62767937179062483       0.49195037467562086     
  0.62763322083525330       0.49250311488530468     
  0.62758750819319065       0.49305660852171906     
  0.62754223393231490       0.49361085676074945     
  0.62749739802460625       0.49416586075109570     
  0.62745300038579088       0.49472162162616151     
  0.62740904107691708       0.49527814056530123     
  0.62736552010908819       0.49583541873458409     
  0.62732243741706539       0.49639345727865897     
  0.62727979296415481       0.49695225735265136     
  0.62723758679030028       0.49751182013692352     
  0.62719581893711096       0.49807214681426087     
  0.62715448929710127       0.49863323852367952     
  0.62711359793548960       0.49919509645889470     
  0.62707314480421217       0.49975772178078504     
  0.62703312996589122       0.50032111568606752     
  0.62699355331501883       0.50088527932166227     
  0.62695441500869875       0.50145021391715439     
  0.62691571485673581       0.50201592059706734     
  0.62687745300769149       0.50258240059218529     
  0.62683962937079740       0.50314965506136788     
  0.62680224406266716       0.50371768522944915     
  0.62676529694575356       0.50428649224452959     
  0.62672878813348942       0.50485607733429971     
  0.62669271763710865       0.50542644169675643     
  0.62665708536028597       0.50599758649835280     
  0.62662189135344448       0.50656951295300967     
  0.62658713571271607       0.50714222229087591     
  0.62655281838695076       0.50771571569817453     
  0.62651893935290059       0.50828999437168831     
  0.62648549867399506       0.50886505953719818     
  0.62645249635269984       0.50944091240339928     
  0.62641993238916516       0.51001755418018668     
  0.62638780675439110       0.51059498607022702     
  0.62635611965583537       0.51117320935239419     
  0.62632487090292177       0.51175222518254238     
  0.62629406061120785       0.51233203481462553     
  0.62626368875264038       0.51291263945940879     
  0.62623375539478365       0.51349404035974699     
  0.62620426059010137       0.51407623875576225     
  0.62617520429811468       0.51465923586018603     
  0.62614658657306732       0.51524303291765039     
  0.62611840744064129       0.51582763116576125     
  0.62609066684877535       0.51641303181942555     
  0.62606336493956893       0.51699923615716559     
  0.62603650172098879       0.51758624541697862     
  0.62601007717080326       0.51817406082921380     
  0.62598409145436007       0.51876268368600176     
  0.62595854442692256       0.51935211518264424     
  0.62593343615818919       0.51994235658477428     
  0.62590876680534913       0.52053340918811819     
  0.62588453638446140       0.52112527424537758     
  0.62586074476463371       0.52171795296410794     
  0.62583739208516487       0.52231144664046059     
  0.62581447851514838       0.52290575658236449     
  0.62579200387508394       0.52350088398774686     
  0.62576996833470921       0.52409683016885056     
  0.62574837198819622       0.52469359641578039     
  0.62572721476885551       0.52529118396881114     
  0.62570649666872724       0.52588959408912106     
  0.62568621802397795       0.52648882815133446     
  0.62566637854811391       0.52708888733070736     
  0.62564697838630534       0.52768977294420250     
  0.62562801774656329       0.52829148633144141     
  0.62560949651460085       0.52889402872952174     
  0.62559141483394287       0.52949740146137025     
  0.62557377268692294       0.53010160579959686     
  0.62555657016364996       0.53070664305400284     
  0.62553980734593861       0.53131251453385042     
  0.62552348420027948       0.53191922151282911     
  0.62550760093255531       0.53252676534504573     
  0.62549215746888132       0.53313514729520750     
  0.62547715391010550       0.53374436868733388     
  0.62546259043108188       0.53435443087197942     
  0.62544846689912659       0.53496533510080524     
  0.62543478350269166       0.53557708273314419     
  0.62542154026135088       0.53618967507496884     
  0.62540873726539870       0.53680311345770693     
  0.62539637459396735       0.53741739921130227     
  0.62538445234843854       0.53803253367525739     
  0.62537297045342088       0.53864851813272629     
  0.62536192920229039       0.53926535399117725     
  0.62535132864407295       0.53988304257944875     
  0.62534116862737787       0.54050158516189351     
  0.62533144929848750       0.54112098310382750     
  0.62532217079333574       0.54174123776943817     
  0.62531333325985461       0.54236235052922188     
  0.62530493672511578       0.54298432271562880     
  0.62529698129487643       0.54360715568957263     
  0.62528946696885068       0.54423085077873012     
  0.62528239387731033       0.54485540935665999     
  0.62527576214320413       0.54548083279677850     
  0.62526957174496345       0.54610712242625215     
  0.62526382291671545       0.54673427966035459     
  0.62525851560437795       0.54736230581978196     
  0.62525365002411826       0.54799120231840037     
  0.62524922617735823       0.54862097050005365     
  0.62524524413217175       0.54925161173325110     
  0.62524170414692626       0.54988312745313406     
  0.62523860614816706       0.55051551898499229     
  0.62523595033505153       0.55114878774859699     
  0.62523373662687265       0.55178293507116816     
  0.62523196544358406       0.55241796245212771     
  0.62523063661206357       0.55305387119189731     
  0.62522975033395123       0.55369066272046474     
  0.62522930671063148       0.55432833843610596     
  0.62522930576988822       0.55496689971429602     
  0.62522974770987283       0.55560634799096864     
  0.62523063267045509       0.55624668468459981     
  0.62523196072592291       0.55688791119359793     
  0.62523373176384933       0.55753002885461966     
  0.62523594624394774       0.55817303920283245     
  0.62523860417295718       0.55881694362057222     
  0.62524170563442893       0.55946174351882372     
  0.62524525044170409       0.56010744021778414     
  0.62524923923151676       0.56075403532364865     
  0.62525367185156422       0.56140153017328043     
  0.62525854847315132       0.56204992621742389     
  0.62526386913033460       0.56269922486179225     
  0.62526963413842795       0.56334942761186302     
  0.62527584338083020       0.56400053582595655     
  0.62528249701604610       0.56465255096001099     
  0.62528959533504047       0.56530547451852187     
  0.62529713843412194       0.56595930794090132     
  0.62530512638078872       0.56661405265891096     
  0.62531355916631215       0.56726971008005989     
  0.62532243712128310       0.56792628173265358     
  0.62533176037017379       0.56858376907567632     
  0.62534152904716012       0.56924217357396389     
  0.62535174313616104       0.56990149664214251     
  0.62536240284335831       0.57056173977509728     
  0.62537350832237193       0.57122290445183976     
  0.62538505984599690       0.57188499219583033     
  0.62539705741820595       0.57254800443855458     
  0.62540950097385484       0.57321194258940589     
  0.62542239095535601       0.57387680823915521     
  0.62543572754803411       0.57454260289070369     
  0.62544951080117905       0.57520932800140534     
  0.62546374067519472       0.57587698499949869     
  0.62547841752677991       0.57654557545601726     
  0.62549354147623337       0.57721510086093286     
  0.62550911271119103       0.57788556273066083     
  0.62552513104109253       0.57855696244962418     
  0.62554159710253898       0.57922930169899189     
  0.62555851097016002       0.57990258196281630     
  0.62557587244390378       0.58057680462949202     
  0.62559368198392928       0.58125197132547957     
  0.62561193967725781       0.58192808354675185     
  0.62563064575590177       0.58260514284372267     
  0.62564980018668315       0.58328315067437975     
  0.62566940329022347       0.58396210862608522     
  0.62568945507618268       0.58464201817725103     
  0.62570995604518975       0.58532288098542384     
  0.62573090594296499       0.58600469843922398     
  0.62575230528524928       0.58668747220708994     
  0.62577415405847447       0.58737120376944640     
  0.62579645234562209       0.58805589464398611     
  0.62581920048075446       0.58874154644183518     
  0.62584239837982303       0.58942816062547010     
  0.62586604665466972       0.59011573891218660     
  0.62589014516948238       0.59080428275100871     
  0.62591469400347244       0.59149379367134680     
  0.62593969382693448       0.59218427342041735     
  0.62596514418012550       0.59287572333691141     
  0.62599104560213481       0.59356814512577438     
  0.62601739833640480       0.59426154038721446     
  0.62604420232896107       0.59495591061543673     
  0.62607145772259409       0.59565125737904967     
  0.62609916511678654       0.59634758241680497     
  0.62612732408064575       0.59704488709257997     
  0.62615593538554837       0.59774317321388470     
  0.62618499896015745       0.59844244228184240     
  0.62621451478469081       0.59914269581888757     
  0.62624448334633198       0.59984393553685833     
  0.62627490474005865       0.60054616300603103     
  0.62630577918336217       0.60124937984458926     
  0.62633710678493826       0.60195358763327111     
  0.62636888787447709       0.60265878803734929     
  0.62640112216567190       0.60336498249659998     
  0.62643381047073288       0.60407217286077486     
  0.62646695271911901       0.60478036065524887     
  0.62650054914944930       0.60548954752284068     
  0.62653459979390169       0.60619973503231961     
  0.62656910489745221       0.60691092483439779     
  0.62660406479162989       0.60762311861502738     
  0.62663947925273744       0.60833631785558018     
  0.62667534902638788       0.60905052440246643     
  0.62671167410410289       0.60976573982321547     
  0.62674845474024277       0.61048196578648783     
  0.62678569072359969       0.61119920378897885     
  0.62682338286397210       0.61191745571357736     
  0.62686153093079144       0.61263672305532102     
  0.62690013504773401       0.61335700744492594     
  0.62693919564782286       0.61407831063261420     
  0.62697871248880177       0.61480063411672337     
  0.62701868658211668       0.61552397987199980     
  0.62705911726565011       0.61624834924363603     
  0.62710000536462207       0.61697374414219552     
  0.62714135063751353       0.61770016607727640     
  0.62719144055796106       0.61843076639161076     
  0.62723384329501175       0.61915930529671903     
  0.62727670481489228       0.61988887679915150     
  0.62732002790028085       0.62061948357371777     
  0.62736381330719337       0.62135112752888577     
  0.62740806072166500       0.62208381016804060     
  0.62745277087260098       0.62281753339571466     
  0.62749794386283031       0.62355229888045294     
  0.62754358028340618       0.62428810848086302     
  0.62758968030721252       0.62502496389862272     
  0.62763624416084096       0.62576286685898230     
  0.62768327246615130       0.62650181924235770     
  0.62773076528796579       0.62724182271824014     
  0.62777872307094340       0.62798287910540940     
  0.62782714617687885       0.62872499019406647     
  0.62787603480939136       0.62946815771653641     
  0.62792538932153452       0.63021238346600716     
  0.62797521042625970       0.63095766937843489     
  0.62802549846824474       0.63170401725080993     
  0.62807625318243987       0.63245142864654869     
  0.62812747601830976       0.63319990579805774     
  0.62817916631521686       0.63394945012142401     
  0.62823132489843558       0.63470006361345588     
  0.62828395246736624       0.63545174822600281     
  0.62833704925481404       0.63620450573256360     
  0.62839061569062871       0.63695833798682788     
  0.62844465209740275       0.63771324680395969     
  0.62849915886172758       0.63846923402750733     
  0.62855413695934326       0.63922630173567629     
  0.62860958675094891       0.63998445176946983     
  0.62866550784467767       0.64074368567719742     
  0.62872190273784756       0.64150400614715175     
  0.62877876976246938       0.64226541423241823     
  0.62883611187973021       0.64302791281329108     
  0.62889392651766551       0.64379150259131701     
  0.62895221762063724       0.64455618684455140     
  0.62901098534508271       0.64532196736043257     
  0.62907022899200016       0.64608884559019353     
  0.62912994926457522       0.64685682354331420     
  0.62919014822364139       0.64762590377302476     
  0.62925082657214937       0.64839608829871953     
  0.62931198658526410       0.64916737977029626     
  0.62937362816558751       0.64993977989824336     
  0.62943575216352143       0.65071329077419149     
  0.62949835920086317       0.65148791440275555     
  0.62955978522777312       0.65226298647533798     
  0.62962323374553508       0.65303979019341418     
  0.62968715454513369       0.65381770751994783     
  0.62975155005670136       0.65459674118411604     
  0.62981642011662353       0.65537689287941459     
  0.62988176436928811       0.65615816422456641     
  0.62994758259576411       0.65694055689555442     
  0.63001387483958715       0.65772407267669153     
  0.63008063999438124       0.65850871289067714     
  0.63014787667536198       0.65929447874839053     
  0.63021558404303846       0.66008137168176328     
  0.63028375968044215       0.66086939248454157     
  0.63035240053677544       0.66165854169156568     
  0.63042150376347039       0.66244881991697846     
  0.63049106113914066       0.66324022558690676     
  0.63056106547922786       0.66403275753713498     
  0.63063150163849524       0.66482641134711984     
  0.63070235298861332       0.66562118196528208     
  0.63077358178506282       0.66641705568236254     
  0.63084514201107433       0.66721401533636870     
  0.63092022408426118       0.66801336930172739     
  0.63099337874578243       0.66881288914992043     
  0.63106710480506922       0.66961359914595930     
  0.63114148586248175       0.67041553560168687     
  0.63121682578231042       0.67121882562547897     
  0.63128941638777325       0.67202194411486083     
  0.63136624855433776       0.67282777156525353     
  0.63144102764114551       0.67363371606489086     
  0.63237605201217317       0.67479623517724097     
  0.63225685128254616       0.67552423813907980     
  0.63230772094897658       0.67632348914917795     
  0.63235901606482936       0.67712386162279403     
  0.63241237396980277       0.67792603725868417     
  0.63246566353832989       0.67872913407928714     
  0.63251991088816450       0.67953358022944688     
  0.63257620330605724       0.68033983131402165     
  0.63263248736812128       0.68114703470116122     
  0.63268975243771786       0.68195560475659311     
  0.63274899734451417       0.68276596171004300     
  0.63280832789815256       0.68357731655386123     
  0.63286861397883387       0.68439003514904528     
  0.63293085180766062       0.68520453805293358     
  0.63299322756881737       0.68602006725777664     
  0.63305658882446247       0.68683698058481335     
  0.63312182528682370       0.68765565524771421     
  0.63318729002720342       0.68847540086183245     
  0.63325454957610738       0.68929688005575729     
  0.63332208596347039       0.69011945522793927     
  0.63339136400272122       0.69094374758135779     
  0.63346097494870635       0.69176916422714907     
  0.63353230237130487       0.69259629343965445     
  0.63360400482016566       0.69342456949494324     
  0.63367737414560288       0.69425454311126522     
  0.63375179802499881       0.69508595740152668     
  0.63382666786267217       0.69591855587274054     
  0.63390313982249369       0.69675283339696148     
  0.63398066929622798       0.69758856101741085     
  0.63405924399197278       0.69842573623420301     
  0.63413885192305330       0.69926435665887177     
  0.63421949879814998       0.70010442746504820     
  0.63430119737168034       0.70094595686447425     
  0.63438394078203120       0.70178894467614561     
  0.63446812225024241       0.70263356270010346     
  0.63455332775409445       0.70347963609867481     
  0.63463953887377211       0.70432715967514203     
  0.63468980945607323       0.70516019859321599     
  0.63489053498731118       0.70605919900458580     
  0.63511341320999570       0.70696891297474107     
  0.63568017059624526       0.70802863914529279     
  0.63515222540467331       0.70861546442545598     
  0.63524128504105348       0.70947039759924602     
  0.63546385950750905       0.71038435397955912     
  0.63551561014123792       0.71204448940112819     
  0.63560908117071091       0.71290547378561619     
  0.63570353382524225       0.71376792526672594     
  0.63579905953382165       0.71463188651803033     
  0.63589546663988916       0.71549727658795792     
  0.63599320318322616       0.71636429425243153     
  0.63609176070693219       0.71723271988528781     
  0.63619236933589651       0.71810309587989296     
  0.63645744731820753       0.71987510187510440     
   3.1600808339808362        1.8321212230821862     
  0.63666795585911384       0.72162740122361257     
  0.63670744020918524       0.72247611310399984     
  0.63680583250837208       0.72335185586752693     
  0.63693656925574860       0.72424296795105980     
  0.63713102837923996       0.72599875486092880     
  0.63724754241274029       0.72688680174115372     
  0.63734608997153097       0.72776794545836265     
  0.63745783283112101       0.72865602647885996     
  0.63756513283156924       0.72954320849456289     
  0.63767377306854178       0.73043206534073657     
  0.63778386617472993       0.73132265068143631     
  0.63789455331174827       0.73221458412631857     
  0.63800551265643424       0.73310772386983647     
  0.63811676172006382       0.73400207949433516     
  0.63835117414989950       0.73495277301634565     
  0.63832990927990096       0.73578985567410815     
  0.63846812981388334       0.73669960056496941     
  0.63860213923255316       0.73760856942034769     
  0.63887512340761343       0.73858128571508330     
  0.63879396061655225       0.73939547927056959     
  0.63903230388038490       0.74120774613754525     
  0.63915431087575647       0.74211682240674537     
  0.63931853192539045       0.74304614368735389     
  0.63937943507974893       0.74392973689195974     
  0.63960618855857165       0.74488972727850289     
  0.63985858037386434       0.74586260337569499     
  0.63973671309377378       0.74666631075977352     
  0.63985772752621695       0.74758160545199526     
  0.63994800735558988       0.74848399058194648     
  0.64010039337553848       0.74941584104725900     
  0.64017945297232282       0.75031530132146962     
  0.64037103118068672       0.75126737137275224     
  0.64046306420717247       0.75217499639696672     
  0.64058223338750875       0.75309617221026159     
  0.64071306595595379       0.75402383234603998     
  0.64083456577995601       0.75494833637075909     
  0.64096072108797386       0.75587611423640966     
  0.64108735864788402       0.75680525019783562     
  0.64121410903315490       0.75773557584768647     
  0.64134114868688163       0.75866717431016384     
  0.64146482458465404       0.75959835697676092     
  0.64159390878108091       0.76053318386074809     
  0.64172305577603617       0.76146918564195432     
  0.64185254242598899       0.76240649238064462     
  0.64198240427786901       0.76334512254843245     
  0.64211268921612230       0.76428510043826792     
  0.64224343635230252       0.76522644636103465     
  0.64237467381962987       0.76616917559347353     
  0.64250642594779483       0.76711330169983216     
  0.64263870494543052       0.76805883263273877     
  0.64277152743936727       0.76900577844298579     
  0.64290489967701314       0.76995414435655540     
  0.64303882920916688       0.77090393622821884     
  0.64317331909811559       0.77185515782444991     
  0.64330837357952730       0.77280781347397731     
  0.64344399517578166       0.77376190671190193     
  0.64358018603090961       0.77471744090431383     
  0.64371694750860398       0.77567441905758949     
  0.64385428133599454       0.77663284435666513     
  0.64399218859555363       0.77759271968921717     
  0.64413067074996022       0.77855404812923368     
  0.64426972884042832       0.77951683255801063     
  0.64440936384971614       0.78048107583530446     
  0.64454957721915207       0.78144678104486909     
  0.64469036978325855       0.78241395098889521     
  0.64483146275014802       0.78338245529794159     
  0.64497343882773306       0.78435257377313505     
  0.64511599572454714       0.78532416502924740     
  0.64524248404587314       0.78628927446349328     
  0.64540256852514977       0.78727163996709026     
  0.64553070282845992       0.78823992061571579     
  0.64569181086693450       0.78922520061593615     
  0.64582138640545528       0.79019656514219383     
  0.64598339590336218       0.79118471052864536     
  0.64611444763913972       0.79215918612708291     
  0.64627733532592424       0.79315019498134753     
  0.64640988939910060       0.79412780474861944     
  0.64657363978189997       0.79512167886279861     
  0.64670771532147708       0.79610244263397290     
  0.64687231922900124       0.79709918684073344     
  0.64700793158523007       0.79808312272452331     
  0.64717338604361463       0.79908274486638020     
  0.64731054419278633       0.80006986796962143     
  0.64747685075863082       0.80107237811600718     
  0.64761556169798618       0.80206270265394808     
  0.64778272526464853       0.80306811254127131     
  0.64792299189709524       0.80406165079766134     
  0.64809101986407380       0.80506997343829523     
  0.64823284451126861       0.80606673746442814     
  0.64840174526625460       0.80707798641609685     
  0.64854512842319023       0.80807798741815717     
  0.64871491339889020       0.80909217779755815     
  0.64885985443660144       0.81009542647450949     
  0.64903053586632964       0.81111257386849289     
  0.64917703321705755       0.81211908049817305     
  0.64934862297064766       0.81313920039372989     
  0.64949667466255090       0.81414897509193651     
  0.64966918656850214       0.81517208402193153     
  0.64981879030965961       0.81618513678317095     
  0.64999223839791265       0.81721125146622353     
  0.65014339174339630       0.81822759224517960     
  0.65031779053526817       0.81925672973092301     
  0.65047049038265992       0.82027636819136873     
  0.65064585439924882       0.82130854561838817     
  0.65080009869429056       0.82233149197959898     
  0.65097644211853090       0.82336672640789144     
  0.65113222806703042       0.82439299055721804     
  0.65130956590059030       0.82543129954471461     
  0.65146689137455682       0.82646089173806447     
  0.65164523827625054       0.82750229276367460     
  0.65180410113247467       0.82853522328712037     
  0.65198347195347339       0.82957973401812657     
  0.65214387013808994       0.83061601324066103     
  0.65232427938942372       0.83166365126616171     
  0.65248621127099582       0.83270328980796449     
  0.65266767368584999       0.83375407292143255     
  0.65283113816959193       0.83479708171405986     
  0.65300312568817942       0.83584569680986975     
  0.65317715245685470       0.83689665238498678     
  0.65335192659482255       0.83794929888031366     
  0.65352736858921934       0.83900359888828724     
  0.65370346664378365       0.84005954921960979     
  0.65388022147191882       0.84111715302415213     
  0.65405763486242918       0.84217641400567744     
  0.65423570860036018       0.84323733587491267     
  0.65441444423408179       0.84429992223069616     
  0.65459384437566115       0.84536417722368107     
  0.65477391012502306       0.84643010424192777     
  0.65495464352160127       0.84749770716195227     
  0.65513604697321903       0.84856699005870972     
  0.65531812188990812       0.84963795650547547     
  0.65550087008437563       0.85071061029057082     
  0.65568429453347488       0.85178495581032498     
  0.65586839573982758       0.85286099619858058     
  0.65605317656315998       0.85393873581064628     
  0.65623863898732471       0.85501817856131745     
  0.65642478448849106       0.85609932811258671     
  0.65661161559342829       0.85718218867846097     
  0.65679913366775822       0.85826676388236889     
  0.65698734176175555       0.85935305822961516     
  0.65717624081904569       0.86044107514390977     
  0.65736583363339396       0.86153081901791251     
  0.65755612235261984       0.86262229391977618     
  0.65774710805147651       0.86371550336870384     
  0.65793879379589326       0.86481045193011052     
  0.65813118128224324       0.86590714346658770     
  0.65832427289611084       0.86700558221017865     
  0.65851807081934810       0.86810577229708197     
  0.65871257655201898       0.86920771751655734     
  0.65890779302773306       0.87031142241864790     
  0.65910372209335677       0.87141689099479569     
  0.65930036617702015       0.87252412755168618     
  0.65949772712619759       0.87363313610133986     
  0.65969580749549617       0.87474392103810872     
  0.65989460922190346       0.87585648644183112     
  0.66009413474071299       0.87697083666548115     
  0.66029438636016458       0.87808697600597241     
  0.66049536647764573       0.87920490881827495     
  0.66069707736814409       0.88032463940356520     
  0.66089952151238673       0.88144617218302923     
  0.66110270076212696       0.88256951125501559     
  0.66130661766466914       0.88369466109768813     
  0.66151127516336128       0.88482162641168416     
  0.66171667503388798       0.88595041128765162     
  0.66192282004480862       0.88708102035592651     
  0.66212971251638209       0.88821345801946183     
  0.66233735500280855       0.88934772881747537     
  0.66254574985872949       0.89048383719401247     
  0.66275489954844036       0.89162178766315803     
  0.66296480681635472       0.89276158490092072     
  0.66317547408918132       0.89390323342481492     
  0.66338690403285028       0.89504673789257638     
  0.66359909902598968       0.89619210281929063     
  0.66381206205933474       0.89733933306160885     
  0.66402579562994746       0.89848843322260308     
  0.66424030215888685       0.89963940787605023     
  0.66445558424215712       0.90079226170202675     
  0.66467164490378972       0.90194699962461056     
  0.66488848695237268       0.90310362646419495     
  0.66510611265542796       0.90426214676001382     
  0.66532452509418871       0.90542256550506250     
  0.66554372717478349       0.90658488761043676     
  0.66576372160659492       0.90774911789302315     
  0.66598451080317911       0.90891526102086095     
  0.66620609832763156       0.91008332230169542     
  0.66642848682404854       0.91125330655548420     
  0.66665167898950961       0.91242521864366388     
  0.66687567789297997       0.91359906364412513     
  0.66710048623298634       0.91477484644509566     
  0.66732610744866039       0.91595257235434846     
  0.66755254419550403       0.91713224626327128     
  0.66777979958715361       0.91831387332816061     
  0.66800787702591602       0.91949745887827983     
  0.66823677923315339       0.92068300788169477     
  0.66846650925135176       0.92187052549680681     
  0.66869702701377942       0.92305999304938724     
  0.66892842302183231       0.92425146407766090     
  0.66916065582744133       0.92544491919895489     
  0.66939372908417438       0.92664036396581739     
  0.66962764644999373       0.92783780394869042     
  0.66986241084429576       0.92903724432260226     
  0.67009802580971589       0.93023869062336384     
  0.67033449462391692       0.93144214825430138     
  0.67057182064256371       0.93264762267691004     
  0.67081000740858343       0.93385511947221578     
  0.67104905791469316       0.93506464392874222     
  0.67128897601123128       0.93627620182945948     
  0.67152976504738948       0.93748979869251203     
  0.67177142871293005       0.93870544024226010     
  0.67201397009179042       0.93992313187840737     
  0.67225739329592471       0.94114287959359300     
  0.67250170141425625       0.94236468882110569     
  0.67274689848599911       0.94358856554475001     
  0.67299298813175112       0.94481451552887685     
  0.67323997407154901       0.94604254460997339     
  0.67348785975108238       0.94727265848544662     
  0.67373664929044441       0.94850486325041727     
  0.67398634641493416       0.94973916479335097     
  0.67423695492491853       0.95097556906169545     
  0.67448847831439773       0.95221408184525269     
  0.67474092130303764       0.95345470964743284     
  0.67499428717997578       0.95469745817534823     
  0.67524858019756429       0.95594233370110571     
  0.67550380430100598       0.95718934233926833     
  0.67575996374944469       0.95843849040111229     
  0.67601706224623337       0.95968978389769777     
  0.67627510419116443       0.96094322925593090     
  0.67653409382300178       0.96219883282878282     
  0.67679403490479673       0.96345660071399664     
  0.67705493230037561       0.96471653965941329     
  0.67731678984582067       0.96597865584083631     
  0.67757961212134821       0.96724295588028453     
  0.67784340331468207       0.96850944619239887     
  0.67810816783018912       0.96977813333520646     
  0.67837391023444915       0.97104902397939719     
  0.67864063494173210       0.97232212472672097     
  0.67890834663907140       0.97359744235603429     
  0.67917704968368153       0.97487498347441148     
  0.67944674872765476       0.97615475487918757     
  0.67971744847311688       0.97743676341651908     
  0.67998915362093693       0.97872101595171146     
  0.68026186905576713       0.98000751947719700     
  0.68053559916183504       0.98129628071366914     
  0.68081034916394767       0.98258730689239437     
  0.68108612389901257       0.98388060503910624     
  0.68136292816785682       0.98517618217888780     
  0.68164076679126895       0.98647404536897954     
  0.68191964540662842       0.98777420216675060     
  0.68219956837067730       0.98907665939940725     
  0.68248054114578882       0.99038142456437539     
  0.68276256895374288       0.99168850503974082     
  0.68304565694629416       0.99299790818411693     
  0.68332981025073525       0.99430964136337963     
  0.68361503443243565       0.99562371222416046     
  0.68390133462190239       0.99694012817857514     
  0.68418871641344925       0.99825889693546677     
  0.68447718524329193       0.99958002613299024     
  0.68476674660588943        1.0009035234666648     
  0.68505740592709718        1.0022293966141773     
  0.68534916927239831        1.0035576536569293     
  0.68564204193854295        1.0048883022427020     
  0.68593602983258661        1.0062213504061286     
  0.68623113867824248        1.0075568060966280     
  0.68652737453550339        1.0088946774886811     
  0.68682474297292306        1.0102349724873230     
  0.68712325043699618        1.0115776995475769     
  0.68742290251311533        1.0129228666336361     
  0.68772370545189021        1.0142704821332185     
  0.68802566553145739        1.0156205544762598     
  0.68832878865000180        1.0169730918896205     
  0.68863308163071091        1.0183281031827853     
  0.68893855038409035        1.0196855966416518     
  0.68924520130152722        1.0210455808677410     
  0.68955304111170013        1.0224080646930509     
  0.68986207609287942        1.0237730567040759     
  0.69017231299952753        1.0251405658023205     
  0.69048375851058796        1.0265106008710121     
  0.69079641913333212        1.0278831707164500     
  0.69111030207012736        1.0292582845950122     
  0.69142541367668398        1.0306359512762293     
  0.69174176126261910        1.0320161801382794     
  0.69205935190109291        1.0333989804444148     
  0.69237819233224029        1.0347843612831600     
  0.69269828982925841        1.0361723320973761     
  0.69301965181907432        1.0375629024537427     
  0.69334228547428134        1.0389560817930010     
  0.69366619800486518        1.0403518796083295     
  0.69399139711792446        1.0417503057282658     
  0.69431789006188227        1.0431513697300796     
  0.69464568470425681        1.0445550816025546     
  0.69497478852010997        1.0459614511240316     
  0.69530520939850904        1.0473704883593331     
  0.69563695509665169        1.0487822033236835     
  0.69597003360654341        1.0501966062093731     
  0.69630445288016474        1.0516137072162961     
  0.69664022110829926        1.0530335167249509     
  0.69697734633354713        1.0544560450569072     
  0.69731583680258280        1.0558813026934954     
  0.69765570096194229        1.0573093002740048     
  0.69799694722739758        1.0587400484526741     
  0.69833958388018669        1.0601735578339002     
  0.69868361986725847        1.0616098394719542     
  0.69902906365689432        1.0630489041574558     
  0.69937592440864860        1.0644907631485860     
  0.69972421039457267        1.0659354271835850     
  0.70007393102413817        1.0673829077489807     
  0.70042509534781194        1.0688332161431773     
  0.70077771222199003        1.0702863635790467     
  0.70113179143168525        1.0717423618906343     
  0.70148734196119022        1.0732012224458471     
  0.70184437325087057        1.0746629569372732     
  0.70220289517240486        1.0761275773682852     
  0.70256291721307373        1.0775950955384173     
  0.70292444902791273        1.0790655233919459     
  0.70328750053010702        1.0805388730759391     
  0.70365208196972850        1.0820151569913095     
  0.70401820328023512        1.0834943873786269     
  0.70438587471837255        1.0849765767244024     
  0.70475510656862517        1.0864617375740309     
  0.70512590908121242        1.0879498824924274     
  0.70549829303718203        1.0894410244249839     
  0.70587226893728516        1.0909351761809021     
  0.70624784766536053        1.0924323508570009     
  0.70662504027683182        1.0939325617036688     
  0.70700385736824034        1.0954358217210232     
  0.70738431040175132        1.0969421445082772     
  0.70776641055759293        1.0984515435289348     
  0.70815016936531239        1.0999640325163629     
  0.70853559790702880        1.1014796249615415     
  0.70892270834081816        1.1029983350947736     
  0.70931151203203779        1.1045201766822961     
  0.70970202123908244        1.1060451641140125     
  0.71009424770513119        1.1075733114948609     
  0.71048820375704613        1.1091046333555510     
  0.71088390173159155        1.1106391442824020     
  0.71128135394214675        1.1121768588958616     
  0.71168057310240851        1.1137177921262393     
  0.71208157190774390        1.1152619589426251     
  0.71248436334371890        1.1168093745541561     
  0.71288896028905291        1.1183600541520071     
  0.71329537594644510        1.1199140131907410     
  0.71370362362614470        1.1214712672480229     
  0.71411371700328352        1.1230318321937580     
  0.71452566938680495        1.1245957237120894     
  0.71493949501965581        1.1261629581539518     
  0.71535520744310155        1.1277335514653983     
  0.71577282107727880        1.1293075202253908     
  0.71619234981316482        1.1308848807214529     
  0.71661380885914538        1.1324656501660131     
  0.71703721193585690        1.1340498448488279     
  0.71746257449919293        1.1356374822626374     
  0.71788991110512879        1.1372285793654455     
  0.71831923728841585        1.1388231538223650     
  0.71875056810002136        1.1404212230390742     
  0.71918391921410962        1.1420228048954733     
  0.71961930609097158        1.1436279171915347     
  0.72005674477802084        1.1452365781799665     
  0.72049625146776297        1.1468488062739690     
  0.72093784246689741        1.1484646200273434     
  0.72138153390337212        1.1500840379393811     
  0.72182734280107164        1.1517070791731832     
  0.72227528588463452        1.1533337627589264     
  0.72272537996483166        1.1549641078512494     
  0.72317764277199481        1.1565981342891591     
  0.72363209177227195        1.1582358618043225     
  0.72408874443536253        1.1598773102003377     
  0.72454761882553109        1.1615224997510014     
  0.72500873331242588        1.1631714510077980     
  0.72547210597589729        1.1648241843994818     
  0.72593775550609929        1.1664807208394858     
  0.72640570090223733        1.1681410815246445     
  0.72687596095665896        1.1698052875871108     
  0.72734855542274346        1.1714733608858081     
  0.72782350363289394        1.1731453230720290     
  0.72830082543518693        1.1748211962246902     
  0.72878054094826672        1.1765010026857556     
  0.72926267046655757        1.1781847649969168     
  0.72974723462180935        1.1798725060106947     
  0.73023425444663015        1.1815642489353553     
  0.73072375094323838        1.1832600170418739     
  0.73121574538423406        1.1849598338699057     
  0.73171025963826164        1.1866637234522290     
  0.73220731584964005        1.1883717100975439     
  0.73270693618201255        1.1900838182157114     
  0.73320914290809391        1.1918000723797801     
  0.73371395927755589        1.1935204979241254     
  0.73422140838141048        1.1952451201658691     
  0.73473151360024780        1.1969739647137878     
  0.73524429883871523        1.1987070576316874     
  0.73575978829082744        1.2004444252784183     
  0.73627800625169126        1.2021860941789240     
  0.73679897775862746        1.2039320914693237     
  0.73732272749947103        1.2056824441424960     
  0.73784928163582220        1.2074371803137320     
  0.73837866536029506        1.2091963275277338     
  0.73891090531599490        1.2109599144399130     
  0.73944602776007107        1.2127279695421254     
  0.73998405987710936        1.2145005220781337     
  0.74052502883391924        1.2162776013871122     
  0.74106896221611496        1.2180592372092893     
  0.74161588843222725        1.2198454599709698     
  0.74216583589291607        1.2216363002126043     
  0.74271883320194232        1.2234317887231552     
  0.74327491000178925        1.2252319571355175     
  0.74383409609464957        1.2270368373125207     
  0.74439642146457319        1.2288464613634829     
  0.74496191691243596        1.2306608620930943     
  0.74553061337345783        1.2324800725231722     
  0.74610254240237339        1.2343041262364878     
  0.74667773633716428        1.2361330574955063     
  0.74725622712594919        1.2379669004147316     
  0.74783804821167188        1.2398056902963437     
  0.74842323293033619        1.2416494624991516     
  0.74901181523503979        1.2434982529532723     
  0.74960382965429817        1.2453520981333575     
  0.75019931134030293        1.2472110350956989     
  0.75079829585747471        1.2490751013303050     
  0.75140081908741541        1.2509443346950890     
  0.75200691822916488        1.2528187741328072     
  0.75261663028428250        1.2546984585923391     
  0.75322999306717353        1.2565834277524064     
  0.75384704533146496        1.2584737221159945     
  0.75446782586366534        1.2603693823635516     
  0.75509237460956691        1.2622704501636570     
  0.75572073202760204        1.2641769677126273     
  0.75635293896151612        1.2660889776452935     
  0.75698903714689769        1.2680065234025890     
  0.75762906905742822        1.2699296491246108     
  0.75827307788957565        1.2718583996430666     
  0.75892110726857442        1.2737928202718138     
  0.75957320200629752        1.2757329573585969     
  0.76022940705024800        1.2776788575275781     
  0.76088976890676996        1.2796305687146323     
  0.76155433417936969        1.2815881391109409     
  0.76222315077765135        1.2835516180444466     
  0.76289626722100579        1.2855210554780805     
  0.76357373252876271        1.2874965019326514     
  0.76425559750257455        1.2894780094267451     
  0.76494191276932655        1.2914656300526985     
  0.76563273073517402        1.2934594174078851     
  0.76632810419883601        1.2954594255857361     
  0.76702808697065028        1.2974657096325166     
  0.76773273436775236        1.2994783259161804     
  0.76844210222071230        1.3014973314022682     
  0.76915624729653198        1.3035227839683405     
  0.76987522769972383        1.3055547427044170     
  0.77059910254831121        1.3075932676800053     
  0.77132793222687623        1.3096384201361233     
  0.77206177816926813        1.3116902623304993     
  0.77280070253145505        1.3137488573002694     
  0.77354476950153095        1.3158142698376247     
  0.77429404388654988        1.3178865654495269     
  0.77504859208010690        1.3199658110805683     
  0.77580848158832161        1.3220520747675688     
  0.77657378141241085        1.3241454259302234     
  0.77734456194412194        1.3262459353002201     
  0.77812089450987421        1.3283536745874174     
  0.77890285288292849        1.3304687176156134     
  0.77969051156023828        1.3325911390435998     
  0.78048394675599075        1.3347210151138940     
  0.78128323647552511        1.3368584237164325     
  0.78208845998196608        1.3390034439963947     
  0.78289969850607233        1.3411561568944745     
  0.78371703503430890        1.3433166449966574     
  0.78454055456436878        1.3454849927353831     
  0.78537034297143626        1.3476612855434063     
  0.78620648934094761        1.3498456116214115     
  0.78704908358886150        1.3520380601524824     
  0.78789821869827892        1.3542387230008233     
  0.78875398880048009        1.3564476932709257     
  0.78961649044935311        1.3586650662811506     
  0.79048582277054424        1.3608909396887063     
  0.79136208674782860        1.3631254129589396     
  0.79224538620384233        1.3653685881217110     
  0.79313582675486838        1.3676205689877667     
  0.79403351710861791        1.3698814621487228     
  0.79493856829803766        1.3721513764060913     
  0.79585109417139666        1.3744304231577971     
  0.79677121100670512        1.3767187161163732     
  0.79769903857800450        1.3790163721388775     
  0.79863469911272544        1.3813235104428911     
  0.79957831842238691        1.3836402534880496     
  0.80053002481859059        1.3859667261588346     
  0.80148995040296667        1.3883030567711323     
  0.80245823068371958        1.3906493767946286     
  0.80343500481675811        1.3930058210556451     
  0.80442041511015006        1.3953725273716628     
  0.80541460827159350        1.3977496375326792     
  0.80641773482437829        1.4001372968697159     
  0.80742994905493770        1.4025356542327785     
  0.80845141023170808        1.4049448629562318     
  0.80948228115659671        1.4073650797561794     
  0.81052273007557030        1.4097964662357585     
  0.81157292945829007        1.4122391879600031     
  0.81263305687772081        1.4146934151631796     
  0.81370329556347354        1.4171593232059863     
  0.81478383371419105        1.4196370920650843     
  0.81587486509790741        1.4221269068277034     
  0.81697658924029570        1.4246289578664326     
  0.81808921236055665        1.4271434416020226     
  0.81921294668238953        1.4296705599943720     
  0.82034801103398303        1.4322105210440450     
  0.82149463151611557        1.4347635393508176     
  0.82265304091883085        1.4373298356890876     
  0.82382348029587837        1.4399096382837921     
  0.82500619792682561        1.4425031820302217     
  0.82620145126426281        1.4451107100704457     
  0.82740950583213746        1.4477324729651198     
  0.82863063608666643        1.4503687294159953     
  0.82986512692421921        1.4530197475070328     
  0.83111327239782151        1.4556858037348639     
  0.83237537758317348        1.4583671845390245     
  0.83365175816657588        1.4610641860274229     
  0.83494274226973386        1.4637771154841284     
  0.83624866924596108        1.4665062904686170     
  0.83756989228882117        1.4692520409568708     
  0.83890677690248527        1.4720147081844561     
  0.84025970432175201        1.4747946474480358     
  0.84162907003268672        1.4775922269951418     
  0.84301528542322191        1.4804078294201315     
  0.84441877904992024        1.4832418527608835     
  0.84583999692681111        1.4860947108154718     
  0.84727940443901750        1.4889668347703457     
  0.84873748628000412        1.4918586732446257     
  0.85021474927520790        1.4947706946662285     
  0.85171172164144304        1.4977033867812772     
  0.85322895640828411        1.5006572595299126     
  0.85476703170297064        1.5036328453988959     
  0.85632655286597203        1.5066307012620390     
  0.85790815349051164        1.5096514093585780     
  0.85951249996766654        1.5126955811295757     
  0.86114028918794983        1.5157638555068189     
  0.86279225524843328        1.5188569045321356     
  0.86446916952470243        1.5219754335986819     
  0.86617184421784221        1.5251201845332358     
  0.86790113523125667        1.5282919381508058     
  0.86965794519172168        1.5314915169443526     
  0.87144322781760819        1.5347197888971267     
  0.87325799180816344        1.5379776709273125     
  0.87510330502436506        1.5412661325952866     
  0.87698029901030694        1.5445862001157533     
  0.87889017660384727        1.5479389629417242     
  0.88083421505504889        1.5513255766876946     
  0.88281377576974496        1.5547472715425319     
  0.88483030846708066        1.5582053561212252     
  0.88688536539659124        1.5617012296676949     
  0.88898060493989139        1.5652363855443390     
  0.89111780529973361        1.5688124231121181     
  0.89329887779357664        1.5724310593624571     
  0.89552587957851648        1.5760941401546469     
  0.89780103033619407        1.5798036548250911     
  0.90012672941063510        1.5835617512724562     
  0.90250557841283729        1.5873707557055394     
  0.90494040594627445        1.5912331942961497     
  0.90743429465435610        1.5951518169199868     
  0.90999061418248073        1.5991296260096606     
  0.91261306241201046        1.6031699125363505     
  0.91530570873957573        1.6072762939516125     
  0.91807304884763241        1.6114527620400612     
  0.92092007212419547        1.6157037417357172     
  0.92385233763515728        1.6200341575395016     
  0.92687607035007025        1.6244495174619304     
  0.92999827687310688        1.6289560139989239     
  0.93322689130608272        1.6335606512554353     
  0.93657095345483132        1.6382714002955832     
  0.94004083878477374        1.6430973993790190     
  0.94364854774774087        1.6480492059040230     
  0.94740808476175797        1.6531391261746413     
  0.95133595469810583        1.6583816472850321     
  0.95545184076394463        1.6637940262945738     
  0.95990119689508835        1.6695007337510019     
  0.96448842799636836        1.6753359622910886     
  0.96935797838262183        1.6814234613927326     
  0.97455833542302317        1.6878055280419288     
  0.98015353678520967        1.6945379594831300     
  0.98623119328980113        1.7016970039743189     
  0.99291675203494789        1.7093917118058592     
   1.0004012173948846        1.7177879278493262     
   1.0090020568576781        1.7271609786539730     
   1.0193239974734989        1.7380346985490387     
   1.0328399113802023        1.7516834021931040     
   1.0582160905643148        1.7755929222739186     
