  0.63118012557103476        1.3718412246683069     
  0.63110720591002534        1.3722496419356782     
  0.63103555436680925        1.3726591578026019     
  0.63096436031752734        1.3730692124538737     
  0.63089360715505205        1.3734798083968285     
  0.63082329473198351        1.3738909464230193     
  0.63075342294626524        1.3743026273203860     
  0.63068399179845103        1.3747148519035788     
  0.63061500117004776        1.3751276209584957     
  0.63054645106027207        1.3755409353019268     
  0.63047834129311742        1.3759547957076950     
  0.63041067186443289        1.3763692029945203     
  0.63034344276719667        1.3767841579807527     
  0.63027665387151821        1.3771996614552409     
  0.63021030513343079        1.3776157142302179     
  0.63014439650256182        1.3780323171169577     
  0.63007892787302289        1.3784494709140822     
  0.63001389928696261        1.3788671764589608     
  0.62994931059723869        1.3792854345417567     
  0.62988516177436216        1.3797042459844431     
  0.62982145277188872        1.3801236116052809     
  0.62975818351497037        1.3805435322167707     
  0.62969535397777932        1.3809640086451125     
  0.62963296409015235        1.3813850417062310     
  0.62957101378810565        1.3818066322190869     
  0.62950950306015752        1.3822287810172313     
  0.62944843182916754        1.3826514889183834     
  0.62938780003555017        1.3830747567463650     
  0.62932760765884610        1.3834985853361217     
  0.62926785463603740        1.3839229755127074     
  0.62920854093170586        1.3843479281098019     
  0.62914966652052762        1.3847734439647019     
  0.62909123130433742        1.3851995238972039     
  0.62903323521265997        1.3856261687358569     
  0.62897567834165369        1.3860533793532666     
  0.62891856050906836        1.3864811565504933     
  0.62886188179240476        1.3869095011986001     
  0.62880564205935086        1.3873384141141196     
  0.62874984130892964        1.3877678961500661     
  0.62869447951707624        1.3881979481540141     
  0.62863955659284620        1.3886285709575221     
  0.62858507255081686        1.3890597654212415     
  0.62853102735653421        1.3894915323937549     
  0.62847742095336712        1.3899238727194403     
  0.62842425332224239        1.3903567872538440     
  0.62837152440057475        1.3907902768422380     
  0.62831923423610936        1.3912243423602753     
  0.62826738270243265        1.3916589846386596     
  0.62821596986241812        1.3920942045600897     
  0.62816499558123307        1.3925300029554026     
  0.62811445993861159        1.3929663807144879     
  0.62806436284074463        1.3934033386813613     
  0.62801470433498008        1.3938408777398492     
  0.62796548426968013        1.3942789987214819     
  0.62791670271758748        1.3947177025197774     
  0.62786835969292587        1.3951569900125707     
  0.62782045509114226        1.3955968620479702     
  0.62777298892128119        1.3960373195063362     
  0.62772596116275403        1.3964783632606939     
  0.62767937179062483        1.3969199941844146     
  0.62763322083525330        1.3973622131669996     
  0.62758750819319065        1.3978050210631512     
  0.62754223393231490        1.3982484187757160     
  0.62749739802460625        1.3986924071818851     
  0.62745300038579088        1.3991369871459387     
  0.62740904107691708        1.3995821595727245     
  0.62736552010908819        1.4000279253541055     
  0.62732243741706539        1.4004742853631296     
  0.62727979296415481        1.4009212404823375     
  0.62723758679030028        1.4013687916161641     
  0.62719581893711096        1.4018169396702329     
  0.62715448929710127        1.4022656855112354     
  0.62711359793548960        1.4027150300551690     
  0.62707314480421217        1.4031649741872474     
  0.62703312996589122        1.4036155188250785     
  0.62699355331501883        1.4040666648410318     
  0.62695441500869875        1.4045184131817394     
  0.62691571485673581        1.4049707646982827     
  0.62687745300769149        1.4054237203386446     
  0.62683962937079740        1.4058772809837099     
  0.62680224406266716        1.4063314475747992     
  0.62676529694575356        1.4067862209830237     
  0.62672878813348942        1.4072416021519953     
  0.62669271763710865        1.4076975919965640     
  0.62665708536028597        1.4081541914041513     
  0.62662189135344448        1.4086114013049884     
  0.62658713571271607        1.4090692226420254     
  0.62655281838695076        1.4095276563186552     
  0.62651893935290059        1.4099867032486046     
  0.62648549867399506        1.4104463643707508     
  0.62645249635269984        1.4109066406078297     
  0.62641993238916516        1.4113675328837616     
  0.62638780675439110        1.4118290421159476     
  0.62635611965583537        1.4122911692892792     
  0.62632487090292177        1.4127539152768629     
  0.62629406061120785        1.4132172810425869     
  0.62626368875264038        1.4136812675085664     
  0.62623375539478365        1.4141458756265930     
  0.62620426059010137        1.4146111063447948     
  0.62617520429811468        1.4150769605867133     
  0.62614658657306732        1.4155434393049957     
  0.62611840744064129        1.4160105434447035     
  0.62609066684877535        1.4164782739306094     
  0.62606336493956893        1.4169466317448003     
  0.62603650172098879        1.4174156178307724     
  0.62601007717080326        1.4178852331263356     
  0.62598409145436007        1.4183554786244925     
  0.62595854442692256        1.4188263552293501     
  0.62593343615818919        1.4192978639109373     
  0.62590876680534913        1.4197700056635094     
  0.62588453638446140        1.4202427814415071     
  0.62586074476463371        1.4207161921603606     
  0.62583739208516487        1.4211902388160353     
  0.62581447851514838        1.4216649224114311     
  0.62579200387508394        1.4221402438506516     
  0.62576996833470921        1.4226162041436472     
  0.62574837198819622        1.4230928042761699     
  0.62572721476885551        1.4235700451898241     
  0.62570649666872724        1.4240479278466740     
  0.62568621802397795        1.4245264533092694     
  0.62566637854811391        1.4250056224569012     
  0.62564697838630534        1.4254854363034761     
  0.62562801774656329        1.4259658958771135     
  0.62560949651460085        1.4264470021131985     
  0.62559141483394287        1.4269287560276853     
  0.62557377268692294        1.4274111585877030     
  0.62555657016364996        1.4278942107956110     
  0.62553980734593861        1.4283779136514045     
  0.62552348420027948        1.4288622681230132     
  0.62550760093255531        1.4293472752517045     
  0.62549215746888132        1.4298329359947890     
  0.62547715391010550        1.4303192513665297     
  0.62546259043108188        1.4308062224020763     
  0.62544846689912659        1.4312938500463770     
  0.62543478350269166        1.4317821353451159     
  0.62542154026135088        1.4322710792910778     
  0.62540873726539870        1.4327606829020614     
  0.62539637459396735        1.4332509471930730     
  0.62538445234843854        1.4337418731875842     
  0.62537297045342088        1.4342334618574741     
  0.62536192920229039        1.4347257142891530     
  0.62535132864407295        1.4352186314920656     
  0.62534116862737787        1.4357122144206793     
  0.62533144929848750        1.4362064641234946     
  0.62532217079333574        1.4367013816428340     
  0.62531333325985461        1.4371969680267389     
  0.62530493672511578        1.4376932242881157     
  0.62529698129487643        1.4381901514672495     
  0.62528946696885068        1.4386877505725364     
  0.62528239387731033        1.4391860226553654     
  0.62527576214320413        1.4396849687644040     
  0.62526957174496345        1.4401845899060488     
  0.62526382291671545        1.4406848871689528     
  0.62525851560437795        1.4411858615507795     
  0.62525365002411826        1.4416875141387162     
  0.62524922617735823        1.4421898459507325     
  0.62524524413217175        1.4426928580311993     
  0.62524170414692626        1.4431965514830767     
  0.62523860614816706        1.4437009273055499     
  0.62523595033505153        1.4442059865897443     
  0.62523373662687265        1.4447117303365240     
  0.62523196544358406        1.4452181597091480     
  0.62523063661206357        1.4457252756788801     
  0.62522975033395123        1.4462330793466356     
  0.62522930671063148        1.4467415717762777     
  0.62522930576988822        1.4472507540126569     
  0.62522974770987283        1.4477606271567403     
  0.62523063267045509        1.4482711922898899     
  0.62523196072592291        1.4487824504756086     
  0.62523373176384933        1.4492944027218311     
  0.62523594624394774        1.4498070502218869     
  0.62523860417295718        1.4503203940164520     
  0.62524170563442893        1.4508344351817493     
  0.62524525044170409        1.4513491747081384     
  0.62524923923151676        1.4518646138549183     
  0.62525367185156422        1.4523807536141871     
  0.62525854847315132        1.4528975951011605     
  0.62526386913033460        1.4534151393806261     
  0.62526963413842795        1.4539333876128453     
  0.62527584338083020        1.4544523408145786     
  0.62528249701604610        1.4549720001031674     
  0.62528959533504047        1.4554923666330990     
  0.62529713843412194        1.4560134414954917     
  0.62530512638078872        1.4565352257786035     
  0.62531355916631215        1.4570577205480340     
  0.62532243712128310        1.4575809269832123     
  0.62533176037017379        1.4581048461897299     
  0.62534152904716012        1.4586294792839576     
  0.62535174313616104        1.4591548273343968     
  0.62536240284335831        1.4596808914878081     
  0.62537350832237193        1.4602076728693998     
  0.62538505984599690        1.4607351726473286     
  0.62539705741820595        1.4612633918998403     
  0.62540950097385484        1.4617923316912869     
  0.62542239095535601        1.4623219932571137     
  0.62543572754803411        1.4628523777354352     
  0.62544951080117905        1.4633834862292381     
  0.62546374067519472        1.4639153198169170     
  0.62547841752677991        1.4644478797130023     
  0.62549354147623337        1.4649811670435138     
  0.62550911271119103        1.4655151829662623     
  0.62552513104109253        1.4660499285117234     
  0.62554159710253898        1.4665854050015601     
  0.62555851097016002        1.4671216135442129     
  0.62557587244390378        1.4676585551764734     
  0.62559368198392928        1.4681962311672354     
  0.62561193967725781        1.4687346426395866     
  0.62563064575590177        1.4692737907809930     
  0.62564980018668315        1.4698136766850460     
  0.62566940329022347        1.4703543015770462     
  0.62568945507618268        1.4708956665649811     
  0.62570995604518975        1.4714377729388159     
  0.62573090594296499        1.4719806217133273     
  0.62575230528524928        1.4725242141976072     
  0.62577415405847447        1.4730685514912045     
  0.62579645234562209        1.4736136347492985     
  0.62581920048075446        1.4741594652117829     
  0.62584239837982303        1.4747060439653308     
  0.62586604665466972        1.4752533723583476     
  0.62589014516948238        1.4758014514511983     
  0.62591469400347244        1.4763502824128527     
  0.62593969382693448        1.4768998666118449     
  0.62596514418012550        1.4774502049960612     
  0.62599104560213481        1.4780012989173441     
  0.62601739833640480        1.4785531495787279     
  0.62604420232896107        1.4791057580957734     
  0.62607145772259409        1.4796591256676803     
  0.62609916511678654        1.4802132536489814     
  0.62612732408064575        1.4807681430073170     
  0.62615593538554837        1.4813237951931570     
  0.62618499896015745        1.4818802112945508     
  0.62621451478469081        1.4824373924657697     
  0.62624448334633198        1.4829953400401117     
  0.62627490474005865        1.4835540551855486     
  0.62630577918336217        1.4841135391393498     
  0.62633710678493826        1.4846737930916822     
  0.62636888787447709        1.4852348183223885     
  0.62640112216567190        1.4857966158745968     
  0.62643381047073288        1.4863591872321122     
  0.62646695271911901        1.4869225334921319     
  0.62650054914944930        1.4874866559226669     
  0.62653459979390169        1.4880515556935878     
  0.62656910489745221        1.4886172340710786     
  0.62660406479162989        1.4891836923411987     
  0.62663947925273744        1.4897509315792121     
  0.62667534902638788        1.4903189532628582     
  0.62671167410410289        1.4908877585227207     
  0.62674845474024277        1.4914573486450198     
  0.62678569072359969        1.4920277247170772     
  0.62682338286397210        1.4925988882533499     
  0.62686153093079144        1.4931708402966248     
  0.62690013504773401        1.4937435821079772     
  0.62693919564782286        1.4943171150374361     
  0.62697871248880177        1.4948914401536513     
  0.62701868658211668        1.4954665590716545     
  0.62705911726565011        1.4960424726492831     
  0.62710000536462207        1.4966191824736130     
  0.62714135063751353        1.4971966895767954     
  0.62719144055796106        1.4977795374618812     
  0.62723384329501175        1.4983587102914480     
  0.62727670481489228        1.4989386861076333     
  0.62732002790028085        1.4995194659386377     
  0.62736381330719337        1.5001010512549997     
  0.62740806072166500        1.5006834431797573     
  0.62745277087260098        1.5012666431779242     
  0.62749794386283031        1.5018506525134199     
  0.62754358028340618        1.5024354726110651     
  0.62758968030721252        1.5030211047605113     
  0.62763624416084096        1.5036075502732154     
  0.62768327246615130        1.5041948105906899     
  0.62773076528796579        1.5047828869745437     
  0.62777872307094340        1.5053717808122964     
  0.62782714617687885        1.5059614934685963     
  0.62787603480939136        1.5065520262557701     
  0.62792538932153452        1.5071433805373557     
  0.62797521042625970        1.5077355578014475     
  0.62802549846824474        1.5083285594127442     
  0.62807625318243987        1.5089223865372561     
  0.62812747601830976        1.5095170409128413     
  0.62817916631521686        1.5101125235766251     
  0.62823132489843558        1.5107088360628307     
  0.62828395246736624        1.5113059798668478     
  0.62833704925481404        1.5119039563278536     
  0.62839061569062871        1.5125027668542894     
  0.62844465209740275        1.5131024128199952     
  0.62849915886172758        1.5137028956205985     
  0.62855413695934326        1.5143042168553991     
  0.62860958675094891        1.5149063779153116     
  0.62866550784467767        1.5155093799376957     
  0.62872190273784756        1.5161132250325848     
  0.62877876976246938        1.5167179139171489     
  0.62883611187973021        1.5173234488604910     
  0.62889392651766551        1.5179298302619710     
  0.62895221762063724        1.5185370607395907     
  0.62901098534508271        1.5191451416136745     
  0.62907022899200016        1.5197540739155795     
  0.62912994926457522        1.5203638591681896     
  0.62919014822364139        1.5209744993170888     
  0.62925082657214937        1.5215859958873126     
  0.62931198658526410        1.5221983509036527     
  0.62937362816558751        1.5228115655880927     
  0.62943575216352143        1.5234256414873051     
  0.62949835920086317        1.5240405800591601     
  0.62955978522777312        1.5246559001127888     
  0.62962323374553508        1.5252725327102896     
  0.62968715454513369        1.5258900288619928     
  0.62975155005670136        1.5265083907199266     
  0.62981642011662353        1.5271276195534695     
  0.62988176436928811        1.5277477165671141     
  0.62994758259576411        1.5283686830148260     
  0.63001387483958715        1.5289905202440126     
  0.63008063999438124        1.5296132292063263     
  0.63014787667536198        1.5302368107583730     
  0.63021558404303846        1.5308612659478489     
  0.63028375968044215        1.5314865952779995     
  0.63035240053677544        1.5321127990333649     
  0.63042150376347039        1.5327398775689529     
  0.63049106113914066        1.5333678293775463     
  0.63056106547922786        1.5339966533078511     
  0.63063150163849524        1.5346263454467235     
  0.63070235298861332        1.5352569013557302     
  0.63077358178506282        1.5358883092463169     
  0.63084514201107433        1.5365205544399039     
  0.63092022408426118        1.5371547487145703     
  0.63099337874578243        1.5377889975149039     
  0.63106710480506922        1.5384241717988925     
  0.63114148586248175        1.5390603026082090     
  0.63121682578231042        1.5396974991097245     
  0.63128941638777325        1.5403344501644360     
  0.63136624855433776        1.5409736306484394     
  0.63144102764114551        1.5416128136898086     
  0.63237605201217317        1.5425582025886357     
  0.63225685128254616        1.5431302394423474     
  0.63230772094897658        1.5437633765247953     
  0.63235901606482936        1.5443973783665652     
  0.63241237396980277        1.5450328303540064     
  0.63246566353832989        1.5456689746657921     
  0.63251991088816450        1.5463061788814716     
  0.63257620330605724        1.5469448341571663     
  0.63263248736812128        1.5475842078913176     
  0.63268975243771786        1.5482246558219055     
  0.63274899734451417        1.5488665387027103     
  0.63280832789815256        1.5495091785997841     
  0.63286861397883387        1.5501528895734142     
  0.63293085180766062        1.5507980326556587     
  0.63299322756881737        1.5514439565487061     
  0.63305658882446247        1.5520909683966375     
  0.63312182528682370        1.5527393919927872     
  0.63318729002720342        1.5533886341362082     
  0.63325454957610738        1.5540392637643483     
  0.63332208596347039        1.5546907330193613     
  0.63339136400272122        1.5553435752503333     
  0.63346097494870635        1.5559972810117737     
  0.63353230237130487        1.5566523553531924     
  0.63360400482016566        1.5573083121732858     
  0.63367737414560288        1.5579656242553490     
  0.63375179802499881        1.5586240707474204     
  0.63382666786267217        1.5592834311502857     
  0.63390313982249369        1.5599441302624595     
  0.63398066929622798        1.5606059712298763     
  0.63405924399197278        1.5612689516843863     
  0.63413885192305330        1.5619330693582048     
  0.63421949879814998        1.5625983284733032     
  0.63430119737168034        1.5632647358618126     
  0.63438394078203120        1.5639322911463420     
  0.63446812225024241        1.5646011416369112     
  0.63455332775409445        1.5652711369653587     
  0.63463953887377211        1.5659422724455414     
  0.63468980945607323        1.5666007463903473     
  0.63489053498731118        1.5673159913765322     
  0.63511341320999570        1.5680402093246162     
  0.63568017059624526        1.5688931135455575     
  0.63515222540467331        1.5693398880978195     
  0.63524128504105348        1.5700167504959546     
  0.63546385950750905        1.5707443015454583     
  0.63551561014123792        1.5720546759268617     
  0.63560908117071091        1.5727363063829043     
  0.63570353382524225        1.5734190890321900     
  0.63579905953382165        1.5741030602793744     
  0.63589546663988916        1.5747881503920858     
  0.63599320318322616        1.5754745297849202     
  0.63609176070693219        1.5761620096730637     
  0.63619236933589651        1.5768510554447159     
  0.63645744731820753        1.5782556483921988     
   3.1600808339808362        2.3334454419669024     
  0.63666795585911384        1.5796428916127208     
  0.63670744020918524        1.5803127949958071     
  0.63680583250837208        1.5810057938008724     
  0.63693656925574860        1.5817118723744850     
  0.63713102837923996        1.5831010096384766     
  0.63724754241274029        1.5838040273056280     
  0.63734608997153097        1.5845012066791009     
  0.63745783283112101        1.5852041586206704     
  0.63756513283156924        1.5859061742727549     
  0.63767377306854178        1.5866095445573434     
  0.63778386617472993        1.5873142845786008     
  0.63789455331174827        1.5880200696928450     
  0.63800551265643424        1.5887267779777452     
  0.63811676172006382        1.5894344174255330     
  0.63835117414989950        1.5901902935971455     
  0.63832990927990096        1.5908478337216385     
  0.63846812981388334        1.5915690625100583     
  0.63860213923255316        1.5922887920248394     
  0.63887512340761343        1.5930630730517834     
  0.63879396061655225        1.5937012819955245     
  0.63903230388038490        1.5951350751062576     
  0.63915431087575647        1.5958543256091453     
  0.63931853192539045        1.5965908276631775     
  0.63937943507974893        1.5972879887246387     
  0.63960618855857165        1.5980504410267327     
  0.63985858037386434        1.5988240982202222     
  0.63973671309377378        1.5994523795157631     
  0.63985772752621695        1.6001762745577688     
  0.63994800735558988        1.6008868891206887     
  0.64010039337553848        1.6016268518145100     
  0.64017945297232282        1.6023343250743225     
  0.64037103118068672        1.6030917868171723     
  0.64046306420717247        1.6038085191821181     
  0.64058223338750875        1.6045367568125664     
  0.64071306595595379        1.6052704504305386     
  0.64083456577995601        1.6060013089534233     
  0.64096072108797386        1.6067348627724016     
  0.64108735864788402        1.6074694638121154     
  0.64121410903315490        1.6082049666221456     
  0.64134114868688163        1.6089414424298965     
  0.64146482458465404        1.6096774070893001     
  0.64159390878108091        1.6104164296245089     
  0.64172305577603617        1.6111563323628073     
  0.64185254242598899        1.6118972326997747     
  0.64198240427786901        1.6126391467567340     
  0.64211268921612230        1.6133820956951404     
  0.64224343635230252        1.6141260970647719     
  0.64237467381962987        1.6148711639652888     
  0.64250642594779483        1.6156173079593128     
  0.64263870494543052        1.6163645357038747     
  0.64277152743936727        1.6171128556472385     
  0.64290489967701314        1.6178622720448390     
  0.64303882920916688        1.6186127896846068     
  0.64317331909811559        1.6193644115426471     
  0.64330837357952730        1.6201171410757604     
  0.64344399517578166        1.6208709810518891     
  0.64358018603090961        1.6216259340905248     
  0.64371694750860398        1.6223820024999014     
  0.64385428133599454        1.6231391887401894     
  0.64399218859555363        1.6238974950146052     
  0.64413067074996022        1.6246569236855779     
  0.64426972884042832        1.6254174769487593     
  0.64440936384971614        1.6261791569806721     
  0.64454957721915207        1.6269419661490152     
  0.64469036978325855        1.6277059065790951     
  0.64483146275014802        1.6284708430562462     
  0.64497343882773306        1.6292370651249550     
  0.64511599572454714        1.6300044257364590     
  0.64524248404587314        1.6307654798857871     
  0.64540256852514977        1.6315425146756468     
  0.64553070282845992        1.6323064063895010     
  0.64569181086693450        1.6330852345578575     
  0.64582138640545528        1.6338518873205712     
  0.64598339590336218        1.6346325488480367     
  0.64611444763913972        1.6354019320883202     
  0.64627733532592424        1.6361844769314682     
  0.64640988939910060        1.6369565643717534     
  0.64657363978189997        1.6377410376986730     
  0.64670771532147708        1.6385158069505441     
  0.64687231922900124        1.6393022498614829     
  0.64700793158523007        1.6400796830535938     
  0.64717338604361463        1.6408681332393686     
  0.64731054419278633        1.6416482140114457     
  0.64747685075863082        1.6424387069894628     
  0.64761556169798618        1.6432214224421826     
  0.64778272526464853        1.6440139909308271     
  0.64792299189709524        1.6447993294634951     
  0.64809101986407380        1.6455940043153148     
  0.64823284451126861        1.6463819572223257     
  0.64840174526625460        1.6471787666556938     
  0.64854512842319023        1.6479693268030811     
  0.64871491339889020        1.6487682980712661     
  0.64885985443660144        1.6495614599028916     
  0.64903053586632964        1.6503626186362710     
  0.64917703321705755        1.6511583779477828     
  0.64934862297064766        1.6519617479676239     
  0.64949667466255090        1.6527601019326110     
  0.64966918656850214        1.6535657064282745     
  0.64981879030965961        1.6543666533993471     
  0.64999223839791265        1.6551745144216810     
  0.65014339174339630        1.6559780538319497     
  0.65031779053526817        1.6567881925876293     
  0.65047049038265992        1.6575943244966100     
  0.65064585439924882        1.6584067613773112     
  0.65080009869429056        1.6592154872905724     
  0.65097644211853090        1.6600302416343942     
  0.65113222806703042        1.6608415633860649     
  0.65130956590059030        1.6616586543299114     
  0.65146689137455682        1.6624725747589735     
  0.65164523827625054        1.6632920206656250     
  0.65180410113247467        1.6641085431576776     
  0.65198347195347339        1.6649303620137221     
  0.65214387013808994        1.6657494904872689     
  0.65232427938942372        1.6665736997321838     
  0.65248621127099582        1.6673954387587009     
  0.65266767368584999        1.6682220555522185     
  0.65283113816959193        1.6690464103592828     
  0.65300312568817942        1.6698738277448051     
  0.65317715245685470        1.6707024372217476     
  0.65335192659482255        1.6715323435408176     
  0.65352736858921934        1.6723635192644415     
  0.65370346664378365        1.6731959681466395     
  0.65388022147191882        1.6740296925740594     
  0.65405763486242918        1.6748646954805499     
  0.65423570860036018        1.6757009796786422     
  0.65441444423408179        1.6765385478865866     
  0.65459384437566115        1.6773774034009299     
  0.65477391012502306        1.6782175486336706     
  0.65495464352160127        1.6790589866542360     
  0.65513604697321903        1.6799017206123783     
  0.65531812188990812        1.6807457531351702     
  0.65550087008437563        1.6815910871567341     
  0.65568429453347488        1.6824377261673169     
  0.65586839573982758        1.6832856722989344     
  0.65605317656315998        1.6841349291252563     
  0.65623863898732471        1.6849854995482472     
  0.65642478448849106        1.6858373863206566     
  0.65661161559342829        1.6866905927674281     
  0.65679913366775822        1.6875451215390234     
  0.65698734176175555        1.6884009762560508     
  0.65717624081904569        1.6892581593294418     
  0.65736583363339396        1.6901166742959055     
  0.65755612235261984        1.6909765242120933     
  0.65774710805147651        1.6918377116642069     
  0.65793879379589326        1.6927002403235218     
  0.65813118128224324        1.6935641130261061     
  0.65832427289611084        1.6944293330770148     
  0.65851807081934810        1.6952959036261261     
  0.65871257655201898        1.6961638275056752     
  0.65890779302773306        1.6970331083234500     
  0.65910372209335677        1.6979037490461830     
  0.65930036617702015        1.6987757530239147     
  0.65949772712619759        1.6996491232750404     
  0.65969580749549617        1.7005238632227453     
  0.65989460922190346        1.7013999759396601     
  0.66009413474071299        1.7022774647986347     
  0.66029438636016458        1.7031563330822939     
  0.66049536647764573        1.7040365841370280     
  0.66069707736814409        1.7049182212497769     
  0.66089952151238673        1.7058012478259212     
  0.66110270076212696        1.7066856669505319     
  0.66130661766466914        1.7075714821014425     
  0.66151127516336128        1.7084586969220577     
  0.66171667503388798        1.7093473144615938     
  0.66192282004480862        1.7102373383370435     
  0.66212971251638209        1.7111287718928385     
  0.66233735500280855        1.7120216186261596     
  0.66254574985872949        1.7129158819283816     
  0.66275489954844036        1.7138115652648580     
  0.66296480681635472        1.7147086722435259     
  0.66317547408918132        1.7156072063088579     
  0.66338690403285028        1.7165071710492996     
  0.66359909902598968        1.7174085699060013     
  0.66381206205933474        1.7183114066485945     
  0.66402579562994746        1.7192156847800280     
  0.66424030215888685        1.7201214077978821     
  0.66445558424215712        1.7210285792973448     
  0.66467164490378972        1.7219372030885904     
  0.66488848695237268        1.7228472828654469     
  0.66510611265542796        1.7237588220702058     
  0.66532452509418871        1.7246718245828863     
  0.66554372717478349        1.7255862941700406     
  0.66576372160659492        1.7265022345182222     
  0.66598451080317911        1.7274196491822218     
  0.66620609832763156        1.7283385423128750     
  0.66642848682404854        1.7292589175642883     
  0.66665167898950961        1.7301807786649031     
  0.66687567789297997        1.7311041295344274     
  0.66710048623298634        1.7320289739019485     
  0.66732610744866039        1.7329553158925384     
  0.66755254419550403        1.7338831592192263     
  0.66777979958715361        1.7348125078652017     
  0.66800787702591602        1.7357433659493984     
  0.66823677923315339        1.7366757372499064     
  0.66846650925135176        1.7376096257405012     
  0.66869702701377942        1.7385450262137321     
  0.66892842302183231        1.7394819618596384     
  0.66916065582744133        1.7404204264025460     
  0.66939372908417438        1.7413604243273151     
  0.66962764644999373        1.7423019599250309     
  0.66986241084429576        1.7432450371373129     
  0.67009802580971589        1.7441896602515792     
  0.67033449462391692        1.7451358334117650     
  0.67057182064256371        1.7460835608207916     
  0.67081000740858343        1.7470328467834517     
  0.67104905791469316        1.7479836953327610     
  0.67128897601123128        1.7489361109604267     
  0.67152976504738948        1.7498900978906864     
  0.67177142871293005        1.7508456605460121     
  0.67201397009179042        1.7518028030437574     
  0.67225739329592471        1.7527615300483206     
  0.67250170141425625        1.7537218456892483     
  0.67274689848599911        1.7546837546165122     
  0.67299298813175112        1.7556472612527032     
  0.67323997407154901        1.7566123700945746     
  0.67348785975108238        1.7575790855080542     
  0.67373664929044441        1.7585474122190003     
  0.67398634641493416        1.7595173547472154     
  0.67423695492491853        1.7604889176731389     
  0.67448847831439773        1.7614621054307857     
  0.67474092130303764        1.7624369230956898     
  0.67499428717997578        1.7634133749980367     
  0.67524858019756429        1.7643914660062192     
  0.67550380430100598        1.7653712008192595     
  0.67575996374944469        1.7663525843159575     
  0.67601706224623337        1.7673356210974749     
  0.67627510419116443        1.7683203161448076     
  0.67653409382300178        1.7693066743520789     
  0.67679403490479673        1.7702947003888605     
  0.67705493230037561        1.7712843995080378     
  0.67731678984582067        1.7722757764266437     
  0.67757961212134821        1.7732688362776106     
  0.67784340331468207        1.7742635839893732     
  0.67810816783018912        1.7752600246227042     
  0.67837391023444915        1.7762581633297703     
  0.67864063494173210        1.7772580051945406     
  0.67890834663907140        1.7782595554572516     
  0.67917704968368153        1.7792628191970936     
  0.67944674872765476        1.7802678016644968     
  0.67971744847311688        1.7812745081427388     
  0.67998915362093693        1.7822829439275445     
  0.68026186905576713        1.7832931144231332     
  0.68053559916183504        1.7843050247865118     
  0.68081034916394767        1.7853186806307939     
  0.68108612389901257        1.7863340873671678     
  0.68136292816785682        1.7873512504106057     
  0.68164076679126895        1.7883701752010555     
  0.68191964540662842        1.7893908676131229     
  0.68219956837067730        1.7904133328611007     
  0.68248054114578882        1.7914375767679913     
  0.68276256895374288        1.7924636050265557     
  0.68304565694629416        1.7934914233137798     
  0.68332981025073525        1.7945210373099565     
  0.68361503443243565        1.7955524529371720     
  0.68390133462190239        1.7965856759007834     
  0.68418871641344925        1.7976207121692229     
  0.68447718524329193        1.7986575676364778     
  0.68476674660588943        1.7996962482454495     
  0.68505740592709718        1.8007367599179451     
  0.68534916927239831        1.8017791089256641     
  0.68564204193854295        1.8028233011459127     
  0.68593602983258661        1.8038693428027104     
  0.68623113867824248        1.8049172400307909     
  0.68652737453550339        1.8059669991597453     
  0.68682474297292306        1.8070186262744516     
  0.68712325043699618        1.8080721279422383     
  0.68742290251311533        1.8091275102842523     
  0.68772370545189021        1.8101847797994997     
  0.68802566553145739        1.8112439430083795     
  0.68832878865000180        1.8123050062498434     
  0.68863308163071091        1.8133679763701500     
  0.68893855038409035        1.8144328597416892     
  0.68924520130152722        1.8154996630201228     
  0.68955304111170013        1.8165683930488972     
  0.68986207609287942        1.8176390564484421     
  0.69017231299952753        1.8187116601144129     
  0.69048375851058796        1.8197862109142171     
  0.69079641913333212        1.8208627156450159     
  0.69111030207012736        1.8219411814906517     
  0.69142541367668398        1.8230216151991292     
  0.69174176126261910        1.8241040240510571     
  0.69205935190109291        1.8251884152099485     
  0.69237819233224029        1.8262747956854701     
  0.69269828982925841        1.8273631727932025     
  0.69301965181907432        1.8284535539427713     
  0.69334228547428134        1.8295459464275585     
  0.69366619800486518        1.8306403575843393     
  0.69399139711792446        1.8317367950330494     
  0.69431789006188227        1.8328352661643157     
  0.69464568470425681        1.8339357787248094     
  0.69497478852010997        1.8350383402651316     
  0.69530520939850904        1.8361429585826412     
  0.69563695509665169        1.8372496414204422     
  0.69597003360654341        1.8383583966700436     
  0.69630445288016474        1.8394692322205173     
  0.69664022110829926        1.8405821561107265     
  0.69697734633354713        1.8416971763199292     
  0.69731583680258280        1.8428143009601661     
  0.69765570096194229        1.8439335382706243     
  0.69799694722739758        1.8450548964948061     
  0.69833958388018669        1.8461783838270538     
  0.69868361986725847        1.8473040088433064     
  0.69902906365689432        1.8484317798790046     
  0.69937592440864860        1.8495617056694575     
  0.69972421039457267        1.8506937944897184     
  0.70007393102413817        1.8518280552592279     
  0.70042509534781194        1.8529644967172136     
  0.70077771222199003        1.8541031275261866     
  0.70113179143168525        1.8552439568762291     
  0.70148734196119022        1.8563869935409436     
  0.70184437325087057        1.8575322465733044     
  0.70220289517240486        1.8586797252800602     
  0.70256291721307373        1.8598294387820227     
  0.70292444902791273        1.8609813963197603     
  0.70328750053010702        1.8621356072985460     
  0.70365208196972850        1.8632920813302967     
  0.70401820328023512        1.8644508278784877     
  0.70438587471837255        1.8656118566123852     
  0.70475510656862517        1.8667751772401688     
  0.70512590908121242        1.8679407994784873     
  0.70549829303718203        1.8691087333608971     
  0.70587226893728516        1.8702789887915094     
  0.70624784766536053        1.8714515759141832     
  0.70662504027683182        1.8726265049915800     
  0.70700385736824034        1.8738037860629000     
  0.70738431040175132        1.8749834296733612     
  0.70776641055759293        1.8761654462361665     
  0.70815016936531239        1.8773498463879879     
  0.70853559790702880        1.8785366405467032     
  0.70892270834081816        1.8797258397545409     
  0.70931151203203779        1.8809174546403726     
  0.70970202123908244        1.8821114963608907     
  0.71009424770513119        1.8833079758134526     
  0.71048820375704613        1.8845069042520102     
  0.71088390173159155        1.8857082929632691     
  0.71128135394214675        1.8869121532530577     
  0.71168057310240851        1.8881184966803182     
  0.71208157190774390        1.8893273348239288     
  0.71248436334371890        1.8905386794562602     
  0.71288896028905291        1.8917525423214658     
  0.71329537594644510        1.8929689353778218     
  0.71370362362614470        1.8941878706745343     
  0.71411371700328352        1.8954093604972049     
  0.71452566938680495        1.8966334169599202     
  0.71493949501965581        1.8978600527335614     
  0.71535520744310155        1.8990892801277361     
  0.71577282107727880        1.9003211119817442     
  0.71619234981316482        1.9015555608699488     
  0.71661380885914538        1.9027926401418469     
  0.71703721193585690        1.9040323623448701     
  0.71746257449919293        1.9052747410419788     
  0.71788991110512879        1.9065197893199910     
  0.71831923728841585        1.9077675208569871     
  0.71875056810002136        1.9090179490926209     
  0.71918391921410962        1.9102710878572609     
  0.71961930609097158        1.9115269508971438     
  0.72005674477802084        1.9127855523282313     
  0.72049625146776297        1.9140469063854444     
  0.72093784246689741        1.9153110274074523     
  0.72138153390337212        1.9165779296721250     
  0.72182734280107164        1.9178476280046755     
  0.72227528588463452        1.9191201370983055     
  0.72272537996483166        1.9203954717382459     
  0.72317764277199481        1.9216736472713318     
  0.72363209177227195        1.9229546789340406     
  0.72408874443536253        1.9242385820091268     
  0.72454761882553109        1.9255253721599648     
  0.72500873331242588        1.9268150652650491     
  0.72547210597589729        1.9281076770814511     
  0.72593775550609929        1.9294032237594043     
  0.72640570090223733        1.9307017216683722     
  0.72687596095665896        1.9320031871044487     
  0.72734855542274346        1.9333076369590982     
  0.72782350363289394        1.9346150879269044     
  0.72830082543518693        1.9359255570465355     
  0.72878054094826672        1.9372390615568240     
  0.72926267046655757        1.9385556188452502     
  0.72974723462180935        1.9398752465406823     
  0.73023425444663015        1.9411979625502354     
  0.73072375094323838        1.9425237848127967     
  0.73121574538423406        1.9438527314732266     
  0.73171025963826164        1.9451848210690468     
  0.73220731584964005        1.9465200723463518     
  0.73270693618201255        1.9478585041145875     
  0.73320914290809391        1.9492001352986872     
  0.73371395927755589        1.9505449854402306     
  0.73422140838141048        1.9518930740403668     
  0.73473151360024780        1.9532444208235982     
  0.73524429883871523        1.9545990458715448     
  0.73575978829082744        1.9559569694882253     
  0.73627800625169126        1.9573182120923631     
  0.73679897775862746        1.9586827945897460     
  0.73732272749947103        1.9600507377401812     
  0.73784928163582220        1.9614220632185986     
  0.73837866536029506        1.9627967921923892     
  0.73891090531599490        1.9641749467359726     
  0.73944602776007107        1.9655565487559485     
  0.73998405987710936        1.9669416207619266     
  0.74052502883391924        1.9683301853136563     
  0.74106896221611496        1.9697222652782651     
  0.74161588843222725        1.9711178840667012     
  0.74216583589291607        1.9725170651539181     
  0.74271883320194232        1.9739198321935372     
  0.74327491000178925        1.9753262095132667     
  0.74383409609464957        1.9767362215991233     
  0.74439642146457319        1.9781498931116812     
  0.74496191691243596        1.9795672492597403     
  0.74553061337345783        1.9809883153984202     
  0.74610254240237339        1.9824131173181088     
  0.74667773633716428        1.9838416813396500     
  0.74725622712594919        1.9852740336259203     
  0.74783804821167188        1.9867102012942468     
  0.74842323293033619        1.9881502114707335     
  0.74901181523503979        1.9895940917212671     
  0.74960382965429817        1.9910418700266044     
  0.75019931134030293        1.9924935748124830     
  0.75079829585747471        1.9939492348259396     
  0.75140081908741541        1.9954088790799749     
  0.75200691822916488        1.9968725374489025     
  0.75261663028428250        1.9983402397684080     
  0.75322999306717353        1.9998120164402293     
  0.75384704533146496        2.0012878985058848     
  0.75446782586366534        2.0027679171097672     
  0.75509237460956691        2.0042521041722088     
  0.75572073202760204        2.0057404920039286     
  0.75635293896151612        2.0072331132329051     
  0.75698903714689769        2.0087300011079061     
  0.75762906905742822        2.0102311894077358     
  0.75827307788957565        2.0117367124341223     
  0.75892110726857442        2.0132466048372293     
  0.75957320200629752        2.0147609020716777     
  0.76022940705024800        2.0162796397667595     
  0.76088976890676996        2.0178028545844056     
  0.76155433417936969        2.0193305833402810     
  0.76222315077765135        2.0208628637349824     
  0.76289626722100579        2.0223997339349924     
  0.76357373252876271        2.0239412325095048     
  0.76425559750257455        2.0254873992046121     
  0.76494191276932655        2.0270382737644650     
  0.76563273073517402        2.0285938971140705     
  0.76632810419883601        2.0301543105217554     
  0.76702808697065028        2.0317195559770918     
  0.76773273436775236        2.0332896764917221     
  0.76844210222071230        2.0348647155001203     
  0.76915624729653198        2.0364447171185676     
  0.76987522769972383        2.0380297263902265     
  0.77059910254831121        2.0396197890904322     
  0.77132793222687623        2.0412149518833980     
  0.77206177816926813        2.0428152621922151     
  0.77280070253145505        2.0444207680022011     
  0.77354476950153095        2.0460315186614508     
  0.77429404388654988        2.0476475640211791     
  0.77504859208010690        2.0492689550297740     
  0.77580848158832161        2.0508957434452464     
  0.77657378141241085        2.0525279820719180     
  0.77734456194412194        2.0541657246991512     
  0.77812089450987421        2.0558090258254285     
  0.77890285288292849        2.0574579415872942     
  0.77969051156023828        2.0591125287059695     
  0.78048394675599075        2.0607728451002876     
  0.78128323647552511        2.0624389499352320     
  0.78208845998196608        2.0641109032965077     
  0.78289969850607233        2.0657887666315609     
  0.78371703503430890        2.0674726026212191     
  0.78454055456436878        2.0691624753416598     
  0.78537034297143626        2.0708584495685534     
  0.78620648934094761        2.0725605922199666     
  0.78704908358886150        2.0742689708900390     
  0.78789821869827892        2.0759836552357562     
  0.78875398880048009        2.0777047157940478     
  0.78961649044935311        2.0794322247738446     
  0.79048582277054424        2.0811662561527098     
  0.79136208674782860        2.0829068852387467     
  0.79224538620384233        2.0846541892838033     
  0.79313582675486838        2.0864082468381246     
  0.79403351710861791        2.0881691385619265     
  0.79493856829803766        2.0899369467526454     
  0.79585109417139666        2.0917117556559086     
  0.79677121100670512        2.0934936512291635     
  0.79769903857800450        2.0952827218113725     
  0.79863469911272544        2.0970790574786533     
  0.79957831842238691        2.0988827507543153     
  0.80053002481859059        2.1006938959380546     
  0.80148995040296667        2.1025125899170121     
  0.80245823068371958        2.1043389319317090     
  0.80343500481675811        2.1061730237336258     
  0.80442041511015006        2.1080149692800245     
  0.80541460827159350        2.1098648755224811     
  0.80641773482437829        2.1117228520468521     
  0.80742994905493770        2.1135890110468445     
  0.80845141023170808        2.1154634680966842     
  0.80948228115659671        2.1173463412472961     
  0.81052273007557030        2.1192377522349108     
  0.81157292945829007        2.1211378257212141     
  0.81263305687772081        2.1230466898537816     
  0.81370329556347354        2.1249644766236697     
  0.81478383371419105        2.1268913214395533     
  0.81587486509790741        2.1288273635149610     
  0.81697658924029570        2.1307727459950572     
  0.81808921236055665        2.1327276165571982     
  0.81921294668238953        2.1346921269849770     
  0.82034801103398303        2.1366664335565613     
  0.82149463151611557        2.1386506974780239     
  0.82265304091883085        2.1406450845226006     
  0.82382348029587837        2.1426497660403143     
  0.82500619792682561        2.1446649183090734     
  0.82620145126426281        2.1466907237828527     
  0.82740950583213746        2.1487273704024163     
  0.82863063608666643        2.1507750521542874     
  0.82986512692421921        2.1528339700416819     
  0.83111327239782151        2.1549043312806231     
  0.83237537758317348        2.1569863505001656     
  0.83365175816657588        2.1590802494935657     
  0.83494274226973386        2.1611862583955888     
  0.83624866924596108        2.1633046149276511     
  0.83756989228882117        2.1654355660788243     
  0.83890677690248527        2.1675793671421451     
  0.84025970432175201        2.1697362839170058     
  0.84162907003268672        2.1719065917791429     
  0.84301528542322191        2.1740905767520724     
  0.84441877904992024        2.1762885363358158     
  0.84583999692681111        2.1785007797091054     
  0.84727940443901750        2.1807276289738491     
  0.84873748628000412        2.1829694191333728     
  0.85021474927520790        2.1852264999235222     
  0.85171172164144304        2.1874992353561655     
  0.85322895640828411        2.1897880059369577     
  0.85476703170297064        2.1920932088699376     
  0.85632655286597203        2.1944152594376698     
  0.85790815349051164        2.1967545916918638     
  0.85951249996766654        2.1991116614024175     
  0.86114028918794983        2.2014869445979315     
  0.86279225524843328        2.2038809419107945     
  0.86446916952470243        2.2062941786468846     
  0.86617184421784221        2.2087272070968718     
  0.86790113523125667        2.2111806084154897     
  0.86965794519172168        2.2136549945951125     
  0.87144322781760819        2.2161510113107044     
  0.87325799180816344        2.2186693404556288     
  0.87510330502436506        2.2212107028669958     
  0.87698029901030694        2.2237758612697531     
  0.87889017660384727        2.2263656252230382     
  0.88083421505504889        2.2289808531548534     
  0.88281377576974496        2.2316224586883751     
  0.88483030846708066        2.2342914133457326     
  0.88688536539659124        2.2369887557735311     
  0.88898060493989139        2.2397155940800939     
  0.89111780529973361        2.2424731147077139     
  0.89329887779357664        2.2452625910497508     
  0.89552587957851648        2.2480853916866890     
  0.89780103033619407        2.2509429911848695     
  0.90012672941063510        2.2538369811754455     
  0.90250557841283729        2.2567690849690600     
  0.90494040594627445        2.2597411735292230     
  0.90743429465435610        2.2627552829258839     
  0.90999061418248073        2.2658136355996699     
  0.91261306241201046        2.2689186669606327     
  0.91530570873957573        2.2720730532621749     
  0.91807304884763241        2.2752797468692640     
  0.92092007212419547        2.2785420196679866     
  0.92385233763515728        2.2818635119083361     
  0.92687607035007025        2.2852482940629377     
  0.92999827687310688        2.2887009411607693     
  0.93322689130608272        2.2922266264420981     
  0.93657095345483132        2.2958312356693389     
  0.94004083878477374        2.2995215145845509     
  0.94364854774774087        2.3033052542698504     
  0.94740808476175797        2.3071915338186630     
  0.95133595469810583        2.3111910380034928     
  0.95545184076394463        2.3153164908347050     
  0.95990119689508835        2.3196645296644722     
  0.96448842799636836        2.3241036270512190     
  0.96935797838262183        2.3287294889163235     
  0.97455833542302317        2.3335732914199947     
  0.98015353678520967        2.3386761513910663     
  0.98623119328980113        2.3440942424551325     
  0.99291675203494789        2.3499078846880073     
   1.0004012173948846        2.3562391994555423     
   1.0090020568576781        2.3632908726632542     
   1.0193239974734989        2.3714484157158333     
   1.0328399113802023        2.3816492214192388     
   1.0582160905643148        2.3994012296231491     
