  0.74708279619485218       0.46889016723927462     
  0.74640000189554434       0.46839562321489492     
  0.74573298201666127       0.46791339582548624     
  0.74506539733409116       0.46743106783816657     
  0.74439714523322753       0.46694856841663546     
  0.74372822465669230       0.46646589775886899     
  0.74305863450711540       0.46598305602508094     
  0.74238837528166013       0.46550004454789817     
  0.74171744558173380       0.46501686327038988     
  0.74104584590499056       0.46453351352772876     
  0.74037357383623092       0.46404999452468254     
  0.73970062978987428       0.46356630754014000     
  0.73902701412385585       0.46308245381137780     
  0.73835272511749983       0.46259843305877635     
  0.73767776253632478       0.46211424609044555     
  0.73700212590426872       0.46162989354228762     
  0.73632581394394703       0.46114537546385986     
  0.73564882771796491       0.46066069361788187     
  0.73497116514696370       0.46017584747439100     
  0.73429282614903302       0.45969083796328086     
  0.73361381026317740       0.45920566574090810     
  0.73293411662514896       0.45872033116985683     
  0.73225374512691865       0.45823483516716990     
  0.73157269487532817       0.45774917808034915     
  0.73089096511006113       0.45726336035519433     
  0.73020855593870615       0.45677738307094257     
  0.72952546633024662       0.45629124648050584     
  0.72884169553127653       0.45580495104161894     
  0.72815724344235022       0.45531849768919869     
  0.72747210922060246       0.45483188681961201     
  0.72678629249334636       0.45434511917300247     
  0.72609979304628935       0.45385819560582724     
  0.72541260935886942       0.45337111603023289     
  0.72472474039819323       0.45288388071475016     
  0.72403618802108538       0.45239649202303689     
  0.72334694917695574       0.45190894876497745     
  0.72265702540154908       0.45142125307512232     
  0.72196641447623655       0.45093340437126561     
  0.72127511648233689       0.45044540373977865     
  0.72058313113815942       0.44995725200337250     
  0.71989045688219955       0.44946894906428675     
  0.71919709404309518       0.44898049619241109     
  0.71850304207178373       0.44849189402420664     
  0.71780829999403672       0.44800314289217580     
  0.71711286746820035       0.44751424358834163     
  0.71641674341501216       0.44702519637321636     
  0.71571992865179579       0.44653600287826672     
  0.71502242087672341       0.44604666248779734     
  0.71432422121241601       0.44555717705590303     
  0.71362532709524518       0.44506754578531138     
  0.71292573997129283       0.44457777076535243     
  0.71222545798570402       0.44408785171328030     
  0.71152448192111473       0.44359779024492602     
  0.71082280886134563       0.44310758531980848     
  0.71012044002445784       0.44261723887116527     
  0.70941737549250450       0.44212675201604951     
  0.70871361316093962       0.44163612430476251     
  0.70800915298459111       0.44114535676941019     
  0.70730399440243885       0.44065445007188453     
  0.70659813670895333       0.44016340477395399     
  0.70589158022945397       0.43967222217732532     
  0.70518432275128251       0.43918090176859437     
  0.70447636527869684       0.43868944534013038     
  0.70376770697120405       0.43819785336460571     
  0.70305834592726713       0.43770612555946831     
  0.70234828296092344       0.43721426358640281     
  0.70163751790035378       0.43672226840287670     
  0.70092604916982870       0.43623013996515964     
  0.70021387565143700       0.43573787856164042     
  0.69950099773689833       0.43524548555821574     
  0.69878741573533465       0.43475296226431026     
  0.69807312713147518       0.43426030797717186     
  0.69735813275042102       0.43376752437790378     
  0.69664243113995428       0.43327461152683722     
  0.69592602299947937       0.43278157101900233     
  0.69520890575938554       0.43228840212395814     
  0.69449108194731601       0.43179510774045071     
  0.69377254720706250       0.43130168587427142     
  0.69305330394227582       0.43080813933866657     
  0.69233334968680149       0.43031446748843899     
  0.69161268613564852       0.42982067263571033     
  0.69089130988754721       0.42932675347712818     
  0.69016922253151902       0.42883271225386388     
  0.68944642358740205       0.42833854973833085     
  0.68872291040713118       0.42784426517134738     
  0.68799868328638369       0.42734985988237478     
  0.68727374335114255       0.42685533578886004     
  0.68654808876603424       0.42636069271386751     
  0.68582171830265504       0.42586593091338970     
  0.68509463237266588       0.42537105180649398     
  0.68436683017283984       0.42487605595360695     
  0.68363831081108295       0.42438094385605429     
  0.68290907283209223       0.42388571561942162     
  0.68217911956913213       0.42339037472959345     
  0.68144844604791166       0.42289491881513336     
  0.68071705376768876       0.42239935007304497     
  0.67998494114247254       0.42190366852579780     
  0.67925210851464646       0.42140787555877646     
  0.67851855596141053       0.42091197236940514     
  0.67778428150370007       0.42041595871306381     
  0.67704928521822227       0.41991983579290865     
  0.67631356654069352       0.41942360436230824     
  0.67557712314660601       0.41892726394378382     
  0.67483995694197441       0.41843081703034551     
  0.67410206685495611       0.41793426402540784     
  0.67336345114143636       0.41743760486622600     
  0.67262411214491680       0.41694084235553269     
  0.67188404541102609       0.41644397453480331     
  0.67114325116170304       0.41594700272789437     
  0.67040173146412529       0.41544992954773929     
  0.66965948523996333       0.41495275540729809     
  0.66891650821060566       0.41445547848791670     
  0.66817280214429964       0.41395810119954363     
  0.66742836915752513       0.41346062619577867     
  0.66668320382028701       0.41296305086128099     
  0.66593730840239962       0.41246537796294541     
  0.66519068343347587       0.41196760904896745     
  0.66444332579677878       0.41146974313039120     
  0.66369523376543471       0.41097178019203112     
  0.66294641326566928       0.41047372554739531     
  0.66219685601006817       0.40997557461647915     
  0.66144656378833411       0.40947732983965079     
  0.66069553943195569       0.40897899437987195     
  0.65994377860457665       0.40848056641602243     
  0.65919128279584582       0.40798204818377326     
  0.65843804971868491       0.40748343929493519     
  0.65768407963209941       0.40698474113222100     
  0.65692937247548155       0.40648595485802186     
  0.65617392555189924       0.40598707980926285     
  0.65541774166630029       0.40548811913952426     
  0.65466081706034374       0.40498907145470220     
  0.65390315210231287       0.40448993822496920     
  0.65314474878014706       0.40399072203939129     
  0.65238560183343519       0.40349142047670716     
  0.65162571362531474       0.40299203639246722     
  0.65086508241165875       0.40249256980152198     
  0.65010370806677020       0.40199302184257618     
  0.64934159025489557       0.40149339350862584     
  0.64857872908977954       0.40099368610523700     
  0.64781512039683098       0.40049389798577190     
  0.64705076896043456       0.39999403367931102     
  0.64628567343654952       0.39949409349002246     
  0.64551982770052130       0.39899407444065671     
  0.64475323295699571       0.39849397860274927     
  0.64398588989618932       0.39799380769244092     
  0.64321779958875203       0.39749356368615263     
  0.64244895999599927       0.39699324642823297     
  0.64167937113857410       0.39649285717965743     
  0.64090903028910329       0.39599239531893565     
  0.64013793798300977       0.39549186246636853     
  0.63936609448816673       0.39499126005828217     
  0.63859349632594253       0.39449058696963701     
  0.63782014667487474       0.39398984663408215     
  0.63704604104870566       0.39348903724272627     
  0.63627118219290957       0.39298816193514718     
  0.63549556689198383       0.39248721977934747     
  0.63471919391889053       0.39198621120609656     
  0.63394206685271648       0.39148513992706824     
  0.63316418043998701       0.39098400362836772     
  0.63238553683548671       0.39048280505428862     
  0.63160613047821434       0.38998154169273724     
  0.63082596925103884       0.38948022019199235     
  0.63004504494860492       0.38897883624236329     
  0.62926335969785829       0.38847739257838337     
  0.62848091260207450       0.38797588987444637     
  0.62769770083282383       0.38747432749739935     
  0.62691372618771746       0.38697270795951361     
  0.62612898871130074       0.38647103258095200     
  0.62534348665180595       0.38596930146703462     
  0.62455721317853918       0.38546751128656997     
  0.62377017725214734       0.38496566941423710     
  0.62298237483652585       0.38446377441135848     
  0.62219380435649796       0.38396182651743133     
  0.62140445662499944       0.38345982082826269     
  0.62061434565869511       0.38295776813348725     
  0.61982346238888575       0.38245566360926830     
  0.61903180788517886       0.38195350929363975     
  0.61823937856999334       0.38145130409126948     
  0.61744617935289492       0.38094905263061984     
  0.61665220210297644       0.38044675075135814     
  0.61585744720064683       0.37994440003944657     
  0.61506191846730662       0.37944200439369979     
  0.61426561380411637       0.37893956372792925     
  0.61346853057334827       0.37843707759907413     
  0.61267066374012424       0.37793454396105952     
  0.61187201844558148       0.37743196760677644     
  0.61107259310896167       0.37692934881151419     
  0.61027238676954088       0.37642668827167425     
  0.60947139380727600       0.37592398356485041     
  0.60866961553951748       0.37542123692486040     
  0.60786705109281480       0.37491844911919114     
  0.60706370351524708       0.37441562353901775     
  0.60625956732566866       0.37391275786992512     
  0.60545463512136721       0.37340984852815984     
  0.60464891529611464       0.37290690248999220     
  0.60384240744867812       0.37240392084525015     
  0.60303510731438215       0.37190090211286092     
  0.60222700791790684       0.37139784301449424     
  0.60141811477073182       0.37089474860421479     
  0.60060842536792114       0.37039161858480485     
  0.59979793951655636       0.36988845420889893     
  0.59898664480561914       0.36938524860303418     
  0.59817455595702418       0.36888201295299361     
  0.59736166799249668       0.36837874532790299     
  0.59654796810809807       0.36787543861760946     
  0.59573346527972970       0.36737210018725436     
  0.59491815500350764       0.36686872844231855     
  0.59410203817027296       0.36636532537869787     
  0.59328510653461319       0.36586188693866734     
  0.59246736414332313       0.36535841721748846     
  0.59164880368975925       0.36485491279215776     
  0.59082943494782614       0.36435138155019475     
  0.59000924125497833       0.36384781388867365     
  0.58918823343499227       0.36334421839572206     
  0.58836640260969075       0.36284059062846274     
  0.58754374401520282       0.36233692888570301     
  0.58672026160240276       0.36183323721210503     
  0.58589594366899833       0.36132950933880092     
  0.58507080430499858       0.36082575599661992     
  0.58424482908845987       0.36032196913190512     
  0.58341801285772710       0.35981814681779345     
  0.58259037149435722       0.35931430095152039     
  0.58176187788791101       0.35881041517721718     
  0.58093254449584086       0.35830649916139423     
  0.58010236985388419       0.35780255340743594     
  0.57927134239217792       0.35729857180733970     
  0.57843945851549339       0.35679455349879979     
  0.57760673091000636       0.35629050828092557     
  0.57677313206464786       0.35578641963455560     
  0.57593868333600007       0.35528230304442271     
  0.57510336934161255       0.35477814994735135     
  0.57426717970711494       0.35427395508986687     
  0.57343012338983723       0.35376972584349864     
  0.57259219181925269       0.35326545813598731     
  0.57175338299663025       0.35276115219615961     
  0.57091368955653377       0.35225680476346999     
  0.57007311317898401       0.35175241848071492     
  0.56923163001917743       0.35124797938266317     
  0.56838926249410793       0.35074350362649537     
  0.56754599299140041       0.35023898131062364     
  0.56670181988636881       0.34973441296329244     
  0.56585673112103052       0.34922979234250684     
  0.56501072451927759       0.34872511963632508     
  0.56416380014391032       0.34822039648625125     
  0.56331593400164592       0.34771560896116604     
  0.56246714580823742       0.34721077146042423     
  0.56161741811438604       0.34670587430316946     
  0.56076674840276886       0.34620091750711057     
  0.55991511179141373       0.34569588664706824     
  0.55906253102009373       0.34519079807796232     
  0.55820897629259980       0.34468563422494292     
  0.55735443927771033       0.34418039142283663     
  0.55649892342715213       0.34367507359383653     
  0.55564239877768284       0.34316966315396374     
  0.55478489770456518       0.34266418267309784     
  0.55392636584349453       0.34215859889870109     
  0.55306682971477195       0.34165293065884011     
  0.55220625402705870       0.34114715703044418     
  0.55175823752333308       0.34090770954071331     
  0.55090526118730543       0.34040776079605711     
  0.55005165301924452       0.33990796191163714     
  0.54919729791368721       0.33940824294638633     
  0.54834221722816390       0.33890861893661056     
  0.54748638518723236       0.33840907479025517     
  0.54662982231045754       0.33790962498592275     
  0.54577252076834570       0.33741026591058110     
  0.54491449518179325       0.33691100825299636     
  0.54405574145156721       0.33641185075374602     
  0.54319625686089501       0.33591279306698929     
  0.54233605821620601       0.33541384723513584     
  0.54147513529320879       0.33491500811808733     
  0.54061349679560677       0.33441628258822853     
  0.53975114645506561       0.33391767437836495     
  0.53888808122625176       0.33341918289068856     
  0.53802430541595647       0.33292081218642261     
  0.53715983972298886       0.33242257673710002     
  0.53629468865928687       0.33192448068998581     
  0.53542882563349803       0.33142650853781358     
  0.53456230985082787       0.33092869902974487     
  0.53369509503284007       0.33043102419547027     
  0.53282720963525854       0.32993350330404148     
  0.53195867590108459       0.32943615166904300     
  0.53108949379774550       0.32893897049221515     
  0.53021967270424863       0.32844196691951028     
  0.52934921673410740       0.32794514475905062     
  0.52847813485995887       0.32744851084168025     
  0.52760646522704502       0.32695209036862621     
  0.52673421605826531       0.32645588963078853     
  0.52586135542494505       0.32595988968210060     
  0.52498801134003226       0.32546417189978516     
  0.52411407770978558       0.32496867085996750     
  0.52323971361450239       0.32447348720414038     
  0.52236476520165631       0.32397852550140327     
  0.52148944736090341       0.32348392125495334     
  0.52061376645834834       0.32298967914213311     
  0.51973767765655055       0.32249577185026795     
  0.51886121302407606       0.32200222028036574     
  0.51798450419519482       0.32150910692208046     
  0.51710758503486709       0.32101645358259101     
  0.51623060659493492       0.32052435452704686     
  0.51535357072784260       0.32003281104340686     
  0.51447653954904493       0.31954186186845118     
  0.51359956599912693       0.31905153984164347     
  0.51259837070056136       0.31848530919219187     
  0.51171045724878461       0.31798949491264661     
  0.51082157624982716       0.31749368715919235     
  0.50993182659695369       0.31699794924085600     
  0.50904117895253542       0.31650226447391078     
  0.50814958421324741       0.31600660405040087     
  0.50725700459571477       0.31551094620174147     
  0.50636342172765569       0.31501528118717842     
  0.50546874386771434       0.31451955390373848     
  0.50457285991361100       0.31402369741158648     
  0.50367569693336123       0.31352766844847424     
  0.50277708828200973       0.31303136587980845     
  0.50187683130469185       0.31253466647831352     
  0.50097472244082031       0.31203744688783125     
  0.50007026469645743       0.31153940239150957     
  0.49916299135348208       0.31104024800017699     
  0.49825201397767233       0.31053943834559955     
  0.49733632628308022       0.31003635683497838     
  0.49641369187642032       0.30952962938564305     
  0.49548143913888493       0.30901761567065972     
  0.49473180695789915       0.30861863073934515     
  0.49383754495540300       0.30813120300257846     
  0.49295054390418941       0.30764882141965710     
  0.49207933555115108       0.30717666565091689     
  0.49125528195793722       0.30673377038740901     
  0.49014106954208719       0.30611484242051740     
  0.48934275802148308       0.30568910654555459     
  0.48833167821096901       0.30513435228190217     
  0.41078957766797747       0.25992715863112714     
  0.41660685030026512       0.26324344348884632     
  0.41709551699624353       0.26357325309922669     
  0.41760492474340249       0.26391525521657416     
  0.41807772839131574       0.26423714301421242     
  0.41858971470601325       0.26458163711205440     
  0.41910512550657081       0.26492859626960069     
  0.41958249787941565       0.26525459594670703     
  0.42009989198215647       0.26560373473263776     
  0.42062051109251825       0.26595524091979666     
  0.42110333177723769       0.26628588583081303     
  0.42162578878010348       0.26663951251242024     
  0.42215327760210319       0.26699654567109948     
  0.42264174181733244       0.26733198578245027     
  0.42317133671627216       0.26769131812669772     
  0.42370561674860668       0.26805387868899461     
  0.42420172635661546       0.26839529391053402     
  0.42473898910449581       0.26876068042369128     
  0.42524016463078163       0.26910608243903306     
  0.42578310978720357       0.26947585146582187     
  0.42629103366189136       0.26982622228135811     
  0.42684123051154949       0.27020129500125667     
  0.42735596637340995       0.27055669747852695     
  0.42791442932754714       0.27093768205024527     
  0.42843869756182279       0.27129970170704637     
  0.42896568792032097       0.27166386287968819     
  0.42953877550719732       0.27205504262477975     
  0.43007935098073746       0.27242819634836701     
  0.43062493189313711       0.27280482881930879     
  0.43117736271555207       0.27318600898566731     
  0.43173908575631231       0.27357315432324852     
  0.43231134369408725       0.27396699558656867     
  0.43289514470502033       0.27436813156602052     
  0.43349379324389858       0.27477848748192563     
  0.43406694788181527       0.27517480192011418     
  0.43465862809177008       0.27558247040180828     
  0.43527647052850338       0.27600593904427140     
  0.44420511479473113       0.28126265167416847     
  0.42790305117386218       0.27189219851248553     
  0.41815675509949285       0.26639764200499466     
  0.39644784657678867       0.25429596851739311     
  0.42912715785052091       0.27279580301940082     
  0.42955075410654370       0.27310698735158417     
  0.41849028466431448       0.26685194608531476     
  0.43066702451546607       0.27395469028414238     
  0.43102023300487496       0.27422736730749703     
  0.43136567944088228       0.27449605435441521     
  0.43168537608516983       0.27475036173806616     
  0.43200918001357153       0.27500751144009072     
  0.43224226168571817       0.27521270713654167     
  0.43247521868410338       0.27541825259364405     
  0.43238613064904435       0.27543797857023705     
  0.45374492248893189       0.28808670605415898     
  0.37633559442908338        1.3368793505232914     
  0.42076457131781436       0.26904541364444451     
  0.43077294826994866       0.27486627769297389     
  0.43320827430034681       0.27634861085131968     
  0.44470469534937695       0.28312933534151807     
  0.42848719462826412       0.27384053108960105     
  0.42546931272907335       0.27217685807456049     
  0.42716860521510330       0.27322895345197429     
  0.42554405396720413       0.27236838617771303     
  0.42520167217350313       0.27224620130308885     
  0.42467295781736641       0.27201727476794990     
  0.42387211723931800       0.27163242042979013     
  0.42304073452876956       0.27123060489908185     
  0.42226618726924553       0.27086200117221443     
  0.42154049633955504       0.27052197166514769     
  0.40626053240965709       0.26191478458533235     
  0.42502498447130554       0.27267786077212258     
  0.41648155517850205       0.26785877230514288     
  0.41265317437664334       0.26575656004674059     
  0.45266041710222682       0.28909019842263772     
  0.41717993397922898       0.26848873784872512     
  0.41395439242172105       0.26680531942244545     
  0.41213802715128500       0.26585042360232947     
  0.43961060680448372       0.28179309482133857     
  0.41197156273753255       0.26591304586448333     
  0.44326338934202697       0.28410757841785861     
  0.45158535237540254       0.28912041861472115     
  0.40897893902551669       0.26445233923377071     
  0.40786888562118340       0.26390341595341921     
  0.42367269758671022       0.27301524908312069     
  0.40579048018038433       0.26288801447843113     
  0.41743057651330917       0.26959096839625779     
  0.40065472341766001       0.26015493239219784     
  0.40341706851691123       0.26179023053415557     
  0.40298150123501270       0.26162565321738263     
  0.40109066785041558       0.26064252714880870     
  0.40046620732888055       0.26037273339831651     
  0.39933879333248812       0.25982105261619753     
  0.39823599730695658       0.25928422527080569     
  0.39718853945582755       0.25877928095055847     
  0.39617146672842585       0.25829214030411773     
  0.39556403065411494       0.25803445174024864     
  0.39444905371352162       0.25749415786896446     
  0.39338196871764675       0.25698131013444364     
  0.39233920957973589       0.25648284441932800     
  0.39131607239287935       0.25599610777972426     
  0.39030706451728925       0.25551802004824353     
  0.38930788841314234       0.25504617457062290     
  0.38831553434414134       0.25457888747156054     
  0.38732750431410196       0.25411476413940565     
  0.38634256617173973       0.25365311617190289     
  0.38535914328970344       0.25319306643579065     
  0.38437668135204162       0.25273430656496115     
  0.38339453583512939       0.25227647924266378     
  0.38241249798511967       0.25181946922068060     
  0.38143026213244074       0.25136310805475598     
  0.38044768970950882       0.25090732009184158     
  0.37946468244210330       0.25045205215041089     
  0.37848121252302824       0.24999729005683158     
  0.37749722464674740       0.24954300454752368     
  0.37651272163360372       0.24908919844776889     
  0.37552767276964377       0.24863585612741165     
  0.37454208832567210       0.24818298454947357     
  0.37355598003118490       0.24773059144022830     
  0.37256932443517121       0.24727866521937697     
  0.37158214886171093       0.24682722217606948     
  0.37058052684694848       0.24636758819437263     
  0.36959321077333745       0.24591768374870770     
  0.36860571978879997       0.24546846512402101     
  0.36899124128630700       0.24577068313107242     
  0.36663704111196838       0.24457565913729337     
  0.36690410526195583       0.24481341163239181     
  0.36465695308653223       0.24367980811845061     
  0.36482295470700427       0.24386271127824810     
  0.36267460762344211       0.24278580918082973     
  0.36274976425956390       0.24291964056705617     
  0.36069009842854449       0.24189372837075834     
  0.36068336426087405       0.24198354596865088     
  0.35870355998648740       0.24100365268097781     
  0.35862279753180665       0.24105389346114425     
  0.35671513522797116       0.24011567246067930     
  0.35656714509307380       0.24013017354771252     
  0.35472481487129931       0.23922979479260215     
  0.35451576652326261       0.23921203035447153     
  0.35273268047859341       0.23834607527809076     
  0.35246795856937962       0.23829907696642588     
  0.35073873717595633       0.23746452776669119     
  0.35042323841513034       0.23739104750477630     
  0.34874306910470143       0.23658520823889506     
  0.34838107892882941       0.23648765442935954     
  0.34674573625796223       0.23570815915788443     
  0.34634111444111670       0.23558869857695314     
  0.34474674424277879       0.23483339361451294     
  0.34430295941862360       0.23469397180182475     
  0.34274612062485632       0.23396093631740042     
  0.34226630274155151       0.23380330715018113     
  0.34074395277650332       0.23309084345802972     
  0.34023091795203453       0.23291658387122952     
  0.33874026445521893       0.23222313715391782     
  0.33819655846028557       0.23203367159800523     
  0.33673509188789175       0.23135784599463707     
  0.33616301897271661       0.23115446284770494     
  0.33472846327038236       0.23049499413685820     
  0.33413014525079027       0.23027887796585866     
  0.33272044029766562       0.22963462325212936     
  0.33209775947399922       0.22940682557482978     
  0.33071106282455459       0.22877676330739188     
  0.33006577338787724       0.22853826212163042     
  0.32870037430520327       0.22792144597887545     
  0.32803405684384013       0.22767312253983629     
  0.32668841348637911       0.22706870033126153     
  0.32600252389108159       0.22681136546892558     
  0.32467522043239211       0.22621855598242668     
  0.32397110004218160       0.22595295595326312     
  0.32266085158201918       0.22537105094998677     
  0.32193972588939790       0.22509786724698760     
  0.32064534746932882       0.22452621477459678     
  0.31990833439340166       0.22424606896795846     
  0.31890081501366085       0.22382536418381457     
  0.31788760209674632       0.22340281099771059     
  0.31687155354537905       0.22297961805418232     
  0.31585542949610323       0.22255721760120342     
  0.31483925957752534       0.22213562224256883     
  0.31382307967739903       0.22171485117822501     
  0.31280688237360293       0.22129490115438227     
  0.31179066892662688       0.22087577346966664     
  0.31077444828755729       0.22045747337024343     
  0.30975819130752763       0.22003998649431153     
  0.30874192938035089       0.21962332968658907     
  0.30772565154956599       0.21920749792288199     
  0.30670934226375818       0.21879248391304582     
  0.30569302138757881       0.21837829853644289     
  0.30467669056680158       0.21796494327690830     
  0.30366031627739809       0.21755240167903953     
  0.30264395243460590       0.21714070202111499     
  0.30162756411722463       0.21672982708480504     
  0.30061115800159516       0.21631978102149660     
  0.29959475212959241       0.21591057370318609     
  0.29857833025970387       0.21550219753591021     
  0.29756191806541055       0.21509466628488530     
  0.29654548398937791       0.21468796459642064     
  0.29552906926969530       0.21428211412634962     
  0.29451265052074732       0.21387710366926635     
  0.29349623262771168       0.21347293644301107     
  0.29247984920107839       0.21306963011869717     
  0.29146347252055033       0.21266717134762117     
  0.29044712291881736       0.21226557112689090     
  0.28943079591169624       0.21186482786930996     
  0.28841449633081068       0.21146494471692026     
  0.28739824785878587       0.21106593425891948     
  0.28638203226782383       0.21066778799908900     
  0.28536586735765779       0.21027051559409232     
  0.28434975127907813       0.20987411678481044     
  0.28333370083270798       0.20947860067194324     
  0.28231771238581627       0.20908396610269900     
  0.28130180151603329       0.20869022154505268     
  0.28028596917410525       0.20829736812886609     
  0.27927022201225138       0.20790540985012826     
  0.27825456441691887       0.20751434956359030     
  0.27723900464509632       0.20712419204484139     
  0.27622354606933147       0.20673493963382825     
  0.27520820889517578       0.20634660301427230     
  0.27419299489357907       0.20595918369246852     
  0.27317789865201397       0.20557267965880976     
  0.27216294441254746       0.20518710356502862     
  0.27114813045042940       0.20480245518141257     
  0.27013346859667475       0.20441874100012217     
  0.26911896455969803       0.20403596446674407     
  0.26810462987092903       0.20365413189317216     
  0.26709047364415350       0.20327324838287100     
  0.26607649930754906       0.20289331624547599     
  0.26506271865635500       0.20251434189720779     
  0.26404913803270613       0.20213632906130141     
  0.26303577115324345       0.20175928506523652     
  0.26202261826586126       0.20138321063861939     
  0.26100969221069181       0.20100811267622504     
  0.25999700705276563       0.20063399863322517     
  0.25898457341661191       0.20026087426984535     
  0.25797239369011998       0.19988874134197879     
  0.25696047613417228       0.19951760447191411     
  0.25594884059088169       0.19914747387758214     
  0.25493748956180323       0.19877835133793381     
  0.25392643103219414       0.19841024131385190     
  0.25291567741753174       0.19804315039409803     
  0.25190524732583286       0.19767708813131399     
  0.25089513620055831       0.19731205288314144     
  0.24988536027330516       0.19694805306701738     
  0.24887593399231114       0.19658509619150796     
  0.24786686495024293       0.19622318645621109     
  0.24685816917504150       0.19586233211520215     
  0.24584984822219591       0.19550253445562776     
  0.24484192060839163       0.19514380291592376     
  0.24383439526450540       0.19478614229617747     
  0.24282727708017232       0.19442955548257984     
  0.24182058473824253       0.19407405194744903     
  0.24081433037469174       0.19371963799393924     
  0.23980856023470365       0.19336633286714816     
  0.23880319360349653       0.19301410524210749     
  0.23779831368836524       0.19266299202699538     
  0.23679391901890548       0.19231299294010346     
  0.23579001512211528       0.19196411114802145     
  0.23478662069499037       0.19161635602897559     
  0.23378374338448801       0.19126973170170020     
  0.23278139675602119       0.19092424509536485     
  0.23177959331131273       0.19057990261646582     
  0.23077834301598216       0.19023670947130958     
  0.22977766589986820       0.18989467559369133     
  0.22877756761807000       0.18955380413316514     
  0.22777806357159933       0.18921410283545864     
  0.22677916373025195       0.18887557687600187     
  0.22578088890764145       0.18853823650609361     
  0.22478324306744901       0.18820208406421648     
  0.22378624833943880       0.18786713040239672     
  0.22278991124884293       0.18753337904624098     
  0.22179424647561566       0.18720083734944246     
  0.22079926729636767       0.18686951198708199     
  0.21980499201987830       0.18653941196622209     
  0.21881142882972462       0.18621054157532416     
  0.21781859311828869       0.18588290846112765     
  0.21682649942353416       0.18555651985191596     
  0.21583516765868746       0.18523138545384099     
  0.21484459940668055       0.18490750648454946     
  0.21385481953438001       0.18458489494848981     
  0.21286583791781744       0.18426355587644688     
  0.21187767024386239       0.18394349699893578     
  0.21089032820430684       0.18362472419916395     
  0.20990383225078107       0.18330724737937892     
  0.20891819291288174       0.18299107186240726     
  0.20793342443265056       0.18267620469914825     
  0.20694954795076734       0.18236265607041291     
  0.20596656967661073       0.18205042932301643     
  0.20498451138302115       0.18173953493185510     
  0.20400338456953093       0.18142997865181587     
  0.20302320710324984       0.18112176915108519     
  0.20204399446355589       0.18081491399859237     
  0.20106576048501848       0.18050942001278117     
  0.20008852188057347       0.18020529532113447     
  0.19911229227857374       0.17990254664591426     
  0.19813709042546979       0.17960118302687786     
  0.19716293160458548       0.17930121192259996     
  0.19618983127997774       0.17900264088032569     
  0.19521780566365007       0.17870547778470569     
  0.19424686905036570       0.17840972964946064     
  0.19327704302666898       0.17811540677252721     
  0.19230833882312143       0.17782251478144978     
  0.19134077365972674       0.17753106201684399     
  0.19037436562967527       0.17724105719469718     
  0.18940913312869703       0.17695250915939070     
  0.18844508539724905       0.17666542267648158     
  0.18748224806299382       0.17637980983526116     
  0.18652063355058285       0.17609567680686031     
  0.18556025832676507       0.17581303159642531     
  0.18460114020983778       0.17553188280190737     
  0.18364329788900463       0.17525223940422668     
  0.18268674565968498       0.17497410844221795     
  0.18173150359661930       0.17469749952263369     
  0.18077758694490664       0.17442242010916717     
  0.17982501360934836       0.17414887885647942     
  0.17887380138128364       0.17387688436597962     
  0.17792396958089218       0.17360644591918925     
  0.17697553087813594       0.17333756987323429     
  0.17602850749749424       0.17307026680801765     
  0.17508291523987082       0.17280454446595622     
  0.17413877278930176       0.17254041187557789     
  0.17319609589905685       0.17227787679017562     
  0.17225490614172390       0.17201694951032084     
  0.17131521644188982       0.17175763656854720     
  0.17037704970463299       0.17149994887267828     
  0.16944042221459815       0.17124389443414781     
  0.16850535086804866       0.17098948155923363     
  0.16757185709775105       0.17073672052958780     
  0.16663995349534547       0.17048561780203039     
  0.16570966286008254       0.17023618428453288     
  0.16478100349853392       0.16998842892805843     
  0.16385399112037879       0.16974235958873396     
  0.16292864675369284       0.16949798643872591     
  0.16200498717850870       0.16925531782058736     
  0.16108303078945788       0.16901436280105606     
  0.16016279822510948       0.16877513141873024     
  0.15924430417179825       0.16853763117946632     
  0.15832757205574910       0.16830187335365807     
  0.15741261691633462       0.16806786563206094     
  0.15649945678923072       0.16783561702216732     
  0.15558811355427971       0.16760513818622749     
  0.15467860458047039       0.16737643787030163     
  0.15377094675452901       0.16714952465657859     
  0.15286515998190958       0.16692440843260700     
  0.15196126435036988       0.16670109917381151     
  0.15105927625002952       0.16647960531891012     
  0.15015921691897560       0.16625993738982686     
  0.14926110266402048       0.16604210383928356     
  0.14836495410403161       0.16582611498090624     
  0.14747078874574243       0.16561197983005480     
  0.14657862609473066       0.16539970828437667     
  0.14568848425322167       0.16518930967563406     
  0.14480038237221327       0.16498079380848485     
  0.14391433829019126       0.16477416996986943     
  0.14303037176661654       0.16456944828337070     
  0.14214850153758901       0.16436663847467642     
  0.14126874541942919       0.16416574992479033     
  0.14039112217691996       0.16396679244723331     
  0.13951565228603935       0.16376977659701383     
  0.13864235162938807       0.16357471106248189     
  0.13777124053578993       0.16338160641748770     
  0.13690233474830180       0.16319047138161713     
  0.13603565742910584       0.16300131777448582     
  0.13517122362583106       0.16281415410025518     
  0.13430905198109128       0.16262899040913345     
  0.13344916315896085       0.16244583761110526     
  0.13259157156971951       0.16226470409665461     
  0.13173629837232770       0.16208560108259318     
  0.13088336183889307       0.16190853862886076     
  0.13003277791832163       0.16173352591100604     
  0.12918456603245096       0.16156057357402534     
  0.12833874502113551       0.16138969206670215     
  0.12749533250185041       0.16122089139170098     
  0.12665434450939272       0.16105418097347723     
  0.12581580001181711       0.16088957148351293     
  0.12497971629524374       0.16072707295759908     
  0.12414611122831531       0.16056669573269977     
  0.12331500352959342       0.16040845054108788     
  0.12248640895583843       0.16025234698032226     
  0.12166034597969888       0.16009839581513671     
  0.12083683109308534       0.15994660706609568     
  0.12001588036433170       0.15979699065587710     
  0.11919751359750276       0.15964955806768136     
  0.11838174553541723       0.15950431881780699     
  0.11756859355663241       0.15936128356041529     
  0.11675807344143684       0.15922046237531040     
  0.11595020445309071       0.15908186679666864     
  0.11514499981537334       0.15894550603349350     
  0.11434247838274789       0.15881139160963173     
  0.11354265413881001       0.15867953318734848     
  0.11274554496881835       0.15854994205772013     
  0.11195116586152108       0.15842262844049657     
  0.11115953244959563       0.15829760289600983     
  0.11037066117115689       0.15817487637958527     
  0.10958456682702639       0.15805445929020948     
  0.10880126498664230       0.15793636241437115     
  0.10802077023934537       0.15782059624259481     
  0.10724309849063779       0.15770717186886712     
  0.10646826444711824       0.15759610000606289     
  0.10569628292688629       0.15748739150648192     
  0.10492716742563898       0.15738105680626047     
  0.10416093410052814       0.15727710746337203     
  0.10339759476304533       0.15717555345781384     
  0.10263716569130248       0.15707640659465444     
  0.10187965909041577       0.15697967720181213     
  0.10112509072219862       0.15688537708526207     
  0.10037347013930191       0.15679351577722062     
   9.9624815291007945E-002  0.15670410612794855     
   9.8879135877470006E-002  0.15661715793782804     
   9.8136446901367386E-002  0.15653268315120158     
   9.7396759137981778E-002  0.15645069221189351     
   9.6660086484629454E-002  0.15637119686804138     
   9.5926440446541167E-002  0.15629420807346919     
   9.5195834228032655E-002  0.15621973754146060     
   9.4468278946247958E-002  0.15614779632133513     
   9.3743785740131813E-002  0.15607839560052028     
   9.3022365925302053E-002  0.15601154675684575     
   9.2304032306189901E-002  0.15594726184375474     
   9.1588794264772663E-002  0.15588555177082541     
   9.0876663308988123E-002  0.15582642837799665     
   9.0167651176448052E-002  0.15576990370956623     
   8.9461766224305406E-002  0.15571598870200859     
   8.8759018806056203E-002  0.15566469518189280     
   8.8059419853140974E-002  0.15561603531006718     
   8.7362978470959543E-002  0.15557002072480772     
   8.6669703200355164E-002  0.15552666301032167     
   8.5979604536464582E-002  0.15548597460848701     
   8.5292691114417674E-002  0.15544796743056513     
   8.4608971047010068E-002  0.15541265335828128     
   8.3928453961854721E-002  0.15538004496882413     
   8.3251146393159434E-002  0.15535015388860896     
   8.2577057335777304E-002  0.15532299279646003     
   8.1906194390015508E-002  0.15529857402003452     
   8.1238564879081557E-002  0.15527690996188329     
   8.0574176232802247E-002  0.15525801323502811     
   7.9913035267866223E-002  0.15524189639852265     
   7.9255148107470225E-002  0.15522857194992234     
   7.8600521747103053E-002  0.15521805287209939     
   7.7949162905927474E-002  0.15521035222333016     
   7.7301076884613448E-002  0.15520548275070814     
   7.6656268826667845E-002  0.15520345734357702     
   7.6014744567813153E-002  0.15520428931861349     
   7.5376510303163002E-002  0.15520799230233204     
   7.4741569618635345E-002  0.15521457922073373     
   7.4109927474597853E-002  0.15522406368065556     
   7.3481588616111662E-002  0.15523645941105205     
   7.2856556827667354E-002  0.15525178002038786     
   7.2234835764048794E-002  0.15527003928885291     
   7.1616429541853890E-002  0.15529125136299851     
   7.1001340726547069E-002  0.15531543008871346     
   7.0389573794402444E-002  0.15534259017108260     
   6.9781129376261339E-002  0.15537274525357236     
   6.9176012060039843E-002  0.15540591054078359     
   6.8574222688025641E-002  0.15544210020880503     
   6.7975764234123381E-002  0.15548132939447357     
   6.7380637668719837E-002  0.15552361280561006     
   6.6788844931968239E-002  0.15556896572333104     
   6.6200387581785258E-002  0.15561740354796810     
   6.5615265654678942E-002  0.15566894144388260     
   6.5033480146484995E-002  0.15572359515642917     
   6.4455032344622590E-002  0.15578138077617096     
   6.3879921525024433E-002  0.15584231402166554     
   6.3308147498836592E-002  0.15590641106904429     
   6.2739710502653603E-002  0.15597368850416149     
   6.2174609459834565E-002  0.15604416277898606     
   6.1612843941147709E-002  0.15611785084903304     
   6.1054412798571517E-002  0.15619476973421062     
   6.0499313846802440E-002  0.15627493644423884     
   5.9947546891936113E-002  0.15635836890849744     
   5.9399108886671735E-002  0.15644508448920005     
   5.8853998123193717E-002  0.15653510129204945     
   5.8312212334733965E-002  0.15662843756945516     
   5.7773748874521677E-002  0.15672511179406146     
   5.7238604650669343E-002  0.15682514265138120     
   5.6706776629675472E-002  0.15692854919012242     
   5.6178262091936160E-002  0.15703535090178231     
   5.5653056322201334E-002  0.15714556705837729     
   5.5131156192875605E-002  0.15725921777051191     
   5.4612557765091205E-002  0.15737632327433304     
   5.4097256178539721E-002  0.15749690394232832     
   5.3585247596731958E-002  0.15762098082379206     
   5.3076526795360908E-002  0.15774857497593298     
   5.2571088629828254E-002  0.15787970789637518     
   5.2068928296947169E-002  0.15801440159038346     
   5.1570040319986042E-002  0.15815267830729141     
   5.1074418877544429E-002  0.15829456063759353     
   5.0582057915505588E-002  0.15844007156089290     
   5.0092951743765518E-002  0.15858923460849195     
   4.9607093555430019E-002  0.15874207348181499     
   4.9124477566603993E-002  0.15889861263209007     
   4.8645096224686490E-002  0.15905887653328288     
   4.8168943127871296E-002  0.15922289046361279     
   4.7696010719405248E-002  0.15939067991455902     
   4.7226291663135002E-002  0.15956227096235148     
   4.6759779040336985E-002  0.15973769031499035     
   4.6296464082954132E-002  0.15991696477736222     
   4.5836339757475704E-002  0.16010012214500252     
   4.5379397280815068E-002  0.16028719035839914     
   4.4925628636834691E-002  0.16047819813693870     
   4.4475025526921196E-002  0.16067317473353721     
   4.4027578582401347E-002  0.16087214977625242     
   4.3583279087449391E-002  0.16107515368029235     
   4.3142118314144377E-002  0.16128221750679270     
   4.2704086877957258E-002  0.16149337283260201     
   4.2269175358668733E-002  0.16170865191759679     
   4.1837373917803247E-002  0.16192808763192804     
   4.1408672724204218E-002  0.16215171357506583     
   4.0983062459091751E-002  0.16237956418497418     
   4.0560532388483277E-002  0.16261167436951413     
   4.0141072554733571E-002  0.16284807997710213     
   3.9724672385908794E-002  0.16308881753379861     
   3.9311321423098865E-002  0.16333392440703573     
   3.8901008866296619E-002  0.16358343875081105     
   3.8493723742395229E-002  0.16383739955312293     
   3.8089455597515996E-002  0.16409584678306666     
   3.7688192486210775E-002  0.16435882106680913     
   3.7289923396038732E-002  0.16462636414348927     
   3.6894636937756319E-002  0.16489851865254790     
   3.6502321324434435E-002  0.16517532816947436     
   3.6112965119159783E-002  0.16545683735003183     
   3.5726556399844248E-002  0.16574309183390692     
   3.5343083086646937E-002  0.16603413832620045     
   3.4962532733921317E-002  0.16633002461458110     
   3.4584893902185096E-002  0.16663079976384482     
   3.4210153480607852E-002  0.16693651381300567     
   3.3838299566019969E-002  0.16724721818605595     
   3.3469318930266410E-002  0.16756296540978860     
   3.3103199299899147E-002  0.16788380943096098     
   3.2739927958071319E-002  0.16820980548070089     
   3.2379491701347497E-002  0.16854101013588785     
   3.2021877686795659E-002  0.16887748144395279     
   3.1667072460980987E-002  0.16921927887627367     
   3.1315063145588080E-002  0.16956646348131549     
   3.0965836155076767E-002  0.16991909782230022     
   3.0619378115496705E-002  0.17027724612208162     
   3.0275675419409634E-002  0.17064097426648217     
   2.9934714711515150E-002  0.17101034989862837     
   2.9596481946201722E-002  0.17138544242813564     
   2.9260963496585114E-002  0.17176632315396417     
   2.8928145178375261E-002  0.17215306528394336     
   2.8598013358378697E-002  0.17254574404044340     
   2.8270553860580534E-002  0.17294443669220985     
   2.7945752472794062E-002  0.17334922266968167     
   2.7623594805415059E-002  0.17376018361742879     
   2.7304066835040552E-002  0.17417740347818142     
   2.6987153979138669E-002  0.17460096859436119     
   2.6672841699163032E-002  0.17503096778870045     
   2.6361115669256762E-002  0.17546749244963050     
   2.6051960911090362E-002  0.17591063665877449     
   2.5745363093678367E-002  0.17636049724575814     
   2.5441307159067027E-002  0.17681717395947397     
   2.5139778422922747E-002  0.17728076952785390     
   2.4840762027141361E-002  0.17775138979732830     
   2.4544242714201858E-002  0.17822914390407682     
   2.4250205481288346E-002  0.17871414434103305     
   2.3958635282387571E-002  0.17920650710861255     
   2.3669517071693597E-002  0.17970635186540321     
   2.3382835341210568E-002  0.18021380215258409     
   2.3098574784844516E-002  0.18072898547666047     
   2.2816720036606300E-002  0.18125203348719027     
   2.2537255471293326E-002  0.18178308222777798     
   2.2260165749941968E-002  0.18232227221045846     
   2.1985435046079194E-002  0.18286974877821430     
   2.1713047887185505E-002  0.18342566213658323     
   2.1442988224885041E-002  0.18399016781060720     
   2.1175240297481607E-002  0.18456342666540820     
   2.0909788367225967E-002  0.18514560522626267     
   2.0646616131293219E-002  0.18573687613125672     
   2.0385707683110869E-002  0.18633741813308680     
   2.0127046756528558E-002  0.18694741662987460     
   1.9870617237277101E-002  0.18756706383960034     
   1.9616402503624387E-002  0.18819655937806268     
   1.9364386348035702E-002  0.18883611029619346     
   1.9114551980804174E-002  0.18948593185099072     
   1.8866883111854343E-002  0.19014624749250053     
   1.8621362659240959E-002  0.19081728986735580     
   1.8377973831726790E-002  0.19149930084666092     
   1.8136699723971438E-002  0.19219253220071325     
   1.7897523146774640E-002  0.19289724624197463     
   1.7660426942771899E-002  0.19361371628406737     
   1.7425393592069960E-002  0.19434222748194580     
   1.7192405706093556E-002  0.19508307724544027     
   1.6961445363922373E-002  0.19583657638837002     
   1.6732494918614057E-002  0.19660304941901779     
   1.6505536193324566E-002  0.19738283592407724     
   1.6280550968258180E-002  0.19817629120336400     
   1.6057520776729357E-002  0.19898378740238240     
   1.5836427164505892E-002  0.19980571441200831     
   1.5617250781673460E-002  0.20064248181942848     
   1.5399972883000537E-002  0.20149451894937051     
   1.5184573816290499E-002  0.20236227755848499     
   1.4971033838424226E-002  0.20324623269405018     
   1.4759332834144292E-002  0.20414688462535641     
   1.4549450348336499E-002  0.20506476067459944     
   1.4341365642830069E-002  0.20600041716597381     
   1.4135057461662466E-002  0.20695444191190610     
   1.3930504057624431E-002  0.20792745666733889     
   1.3727683223497912E-002  0.20892011977961919     
   1.3526572375986177E-002  0.20993312909880360     
   1.3327147941549097E-002  0.21096722607727761     
   1.3129386099387810E-002  0.21202319851797502     
   1.2933261969716444E-002  0.21310188577790348     
   1.2738750397158719E-002  0.21420418223665563     
   1.2545824545425003E-002  0.21533104460093411     
   1.2354457233006533E-002  0.21648349566094982     
   1.2164620159243163E-002  0.21766263197044283     
   1.1976283602153791E-002  0.21886963180524988     
   1.1789416585786907E-002  0.22010576330090251     
   1.1603986584570373E-002  0.22137239453440161     
   1.1419959587858785E-002  0.22267100431194295     
   1.1237299606537359E-002  0.22400319570254676     
   1.1055968385411945E-002  0.22537071114247528     
   1.0875925372805928E-002  0.22677544929625321     
   1.0697127400571568E-002  0.22821948526661873     
   1.0519527890689667E-002  0.22970509537467682     
   1.0343076838661197E-002  0.23123478418522395     
   1.0167720182347965E-002  0.23281131794749535     
   9.9933987958138702E-003  0.23443776544237993     
   9.8200480716009852E-003  0.23611754493121032     
   9.6475967955116562E-003  0.23785448284029764     
   9.4759660502812225E-003  0.23965288468616860     
   9.3050675161979700E-003  0.24151762400364080     
   9.1348018518950438E-003  0.24345425161920359     
   8.9650560472796410E-003  0.24546913586682562     
   8.7957006448530824E-003  0.24756963976141572     
   8.6265856892993441E-003  0.24976435249175707     
   8.4575357392393316E-003  0.25206339313993587     
   8.2883420690737005E-003  0.25447882388917847     
   8.1138189887666433E-003  0.25709057075367381     
   7.9431439474766229E-003  0.25979619204913112     
   7.7712992357755134E-003  0.26267575009871691     
   7.5977650654414416E-003  0.26575884871214162     
   7.4218530691180359E-003  0.26908456290626842     
   7.2426178789433832E-003  0.27270631913658100     
   7.0586992656786725E-003  0.27670056959367573     
   6.8680140682378576E-003  0.28118364686111263     
   6.6670768813334282E-003  0.28634878832821947     
   6.4492003854686557E-003  0.29256387681237633     
   6.1979819873445134E-003  0.30072465360203521     
   5.8152400694533981E-003  0.31609115950492639     
