   7747.1826094026592        1.7226174936891665     
   6167.9885987061962        1.7491757415565596     
   4958.4073276127892        1.7748901876021193     
   4022.3147559458994        1.7998001047939318     
   3291.2382997579111        1.8239340482933697     
   2715.2754989030259        1.8473201976090612     
   2257.7150982194148        1.8699863243241186     
   1891.3056593747140        1.8919597609259453     
   1595.6421849962637        1.9132673629611625     
   1355.3183476654915        1.9339354808652007     
   1158.6086911729037        1.9539899212534459     
   996.52032853885248        1.9734559174656023     
   862.10495234069174        1.9923581031157822     
   749.95574438750475        2.0107204833621162     
   655.83653393149541        2.0285664133082495     
   576.40644689252088        2.0459185794961727     
   509.01421254942557        2.0627989390947277     
   451.54201500239060        2.0792288921485138     
   402.28967285915076        2.0952289958513228     
   359.88349464430542        2.1108191544747577     
   323.20789715975803        2.1260185641611753     
   291.35211961432856        2.1408457160314249     
   263.56885007865191        2.1553184051253007     
   239.24191263715835        2.1694537359986912     
   217.86086975233047        2.1832681337062700     
   199.00095823966117        2.1967773590581197     
   182.30717874285349        2.2099965162207993     
   167.48157710314860        2.2229400754878679     
   154.27307525579312        2.2356218809747577     
   142.46925422601922        2.2480551784173386     
   131.88973660076837        2.2602526209983123     
   122.38078193485349        2.2722262994035334     
   113.81090087715810        2.2839877509938442     
   106.06724720977566        2.2955479838174586     
   99.052657482610101        2.3069174939363850     
   92.682785731100338        2.3181069424292571     
   86.885672534838591        2.3291247741153853     
   81.597886461144839        2.3399803191386317     
   76.764269252164169        2.3506823786764546     
   72.336697917609158        2.3612391636909318     
   68.273005215028135        2.3716584796105669     
   64.536147164955651        2.3819477409392906     
   61.093496164185666        2.3921139936477136     
   57.916246582117260        2.4021639246719539     
   54.972077615983913        2.4121290412599383     
   52.251910791110262        2.4219673636495425     
   49.728924568972808        2.4317076744251702     
   47.385209962051832        2.4413554081070212     
   45.204778892654403        2.4509157152165448     
   43.173329213393025        2.4603934751356458     
   41.278041810900469        2.4697933082014694     
   39.507404932888953        2.4791195873140759     
   37.851061698592623        2.4883764492721099     
   36.299677497099331        2.4975678055074346     
   34.844824420375510        2.5066973522379481     
   33.478880266875187        2.5157685804518026     
   32.194940128199462        2.5247847855411312     
   30.986738911199506        2.5337490760037880     
   29.848583149736491        2.5426643824585993     
   28.775291061477301        2.5515334654857122     
   27.762139554039127        2.5603589240354090     
   26.804817489404879        2.5691432025974659     
   25.899384238608498        2.5778885986292059     
   25.042232952003850        2.5865972693710146     
   24.230057934242282        2.5952712382526819     
   23.459825590993432        2.6039124011910659     
   22.728748586260593        2.6125225319019485     
   22.034262482235217        2.6211032908076208     
   21.374005500757836        2.6296562248748128     
   21.567276514333262        2.6259077332423817     
   20.147647355268749        2.6466840734036228     
   19.577649228444169        2.6551620463297221     
   19.034125670916165        2.6636171955564594     
   18.515468697235061        2.6720508605483224     
   18.020197260527567        2.6804641319904241     
   17.546933338507120        2.6888581050832228     
   17.094388191289205        2.6972340043399732     
   16.661350002199448        2.7055933264446610     
   16.246664947973841        2.7139381864878218     
   15.849210657482342        2.7222719486578852     
   15.467854534897333        2.7306004062839202     
   15.101379206961081        2.7389341285449289     
   14.753831298354305        2.7471411956475498     
   14.417456033714471        2.7554078888635605     
   14.094212450397489        2.7636641554906198     
   13.783323261799744        2.7719136900113397     
   13.484072141488134        2.7801597718159994     
   13.198361460637425        2.7883194486294065     
   12.921447869388304        2.7965314703184849     
   12.655964067144057        2.8046872235571065     
   12.399355324968123        2.8128612243958524     
   11.678424968098314        2.8375232675226294     
   11.453698567692298        2.8457741504478751     
   9.1781938874134852        2.9649604564306289     
   10.358951351568559        2.8929036323777662     
   9.6088909261807203        2.9344431470561876     
   10.732623594723433        2.8698934450656215     
   8.5750284708184825        3.0019130306255555     
   9.6450335766327520        2.9272947846073381     
   11.033409367166263        2.8492316058747140     
   8.7988689968393796        2.9789760803005247     
   10.830800555688434        2.8533525257237242     
   11.622866081961659        2.8130939320065647     
   8.7497317791232980        2.9738366636391591     
   8.6037568288115249        2.9830772923482534     
   8.3613462781413048        3.0004427259383908     
   8.3768528418736832        2.9973405488776361     
   8.2581947708631240        3.0052551305591275     
   8.1418896818878199        3.0132377470522305     
   8.0311101219514196        3.0210052467741706     
   7.9223074736577805        3.0288506905514048     
   7.8165170248145843        3.0366750527548403     
   7.7136350152304916        3.0444768365449644     
   7.6136854104642051        3.0522443805509192     
   7.5161970201910755        3.0600124723159956     
   7.4212146983200142        3.0677681080381385     
   7.3286862518552409        3.0755075012776918     
   7.2385321559073663        3.0832298374351748     
   7.1506689302532109        3.0909350771301485     
   7.0650156844786975        3.0986232984461579     
   6.9810476726546300        3.1063452824152673     
   6.8997647698924220        3.1139799488122821     
   6.8204040276705298        3.1216047797240569     
   6.7429273986437437        3.1292167154871873     
   6.6672865598918118        3.1368140462383662     
   6.5934304802196069        3.1443955850868672     
   6.5213069402926545        3.1519605227801630     
   6.4508640768669787        3.1595082526038509     
   6.3820507822976369        3.1670383279126213     
   6.3148172896300796        3.1745503852228403     
   6.2491151965883542        3.1820441379305988     
   6.1848977314018425        3.1895193326636697     
   6.1221197040167858        3.1969757477878598     
   6.0607374909890348        3.2044131866574985     
   6.0007090779402503        3.2118314612597163     
   5.9419939515131421        3.2192303984978734     
   5.8845530801311012        3.2266098331500510     
   5.8283488620205297        3.2339696059253122     
   5.7733450540539373        3.2413095651081871     
   5.7195067341649093        3.2486295630253483     
   5.6668002396786958        3.2559294569018746     
   5.6151931175461618        3.2632091081362034     
   5.5646540709542993        3.2704683826537244     
   5.5151529125448127        3.2777071505210960     
   5.4666605198359921        3.2849252855420019     
   5.4191487885640734        3.2921226656486589     
   5.3725905930501252        3.2992991723707705     
   5.3269597421276664        3.3064546915418367     
   5.2822309445770159        3.3135891125258139     
   5.2383797691729370        3.3207023288633675     
   5.1953826124682578        3.3277942377036638     
   5.1532166635543390        3.3348647401881446     
   5.1118598731787763        3.3419137412494959     
   5.0712909230899248        3.3489411496691046     
   5.0314891975041824        3.3559468779726149     
   4.9924347552105264        3.3629308424746700     
   4.9541083029633235        3.3698929633168113     
   4.9164911708580110        3.3768331643213556     
   4.8795652880772682        3.3837513730145505     
   4.8433131599219559        3.3906475206009494     
   4.8077178459366632        3.3975215419162157     
   4.7727629388178991        3.4043733754235315     
   4.7384325446277238        3.4112029631118874     
   4.7047112633702532        3.4180102505197754     
   4.6715841707460521        3.4247951866710515     
   4.6390368006870304        3.4315577240087500     
   4.6070551284039816        3.4382978183916690     
   4.5756255543373134        3.4450154290399055     
   4.5447348888494679        3.4517105184613577     
   4.5143703373731414        3.4583830524294914     
   4.4845194862949986        3.4650329999281220     
   4.4551702893469107        3.4716603331173967     
   4.4263110546498368        3.4782650272738422     
   4.3979304323810311        3.4848470606997535     
   4.3700174024902800        3.4914064147717245     
   4.3425612636071014        3.4979430737754207     
   4.3155516216816903        3.5044570249621283     
   4.2889783797406249        3.5109482583967977     
   4.2628317274644818        3.5174167669933118     
   4.2371021315958020        3.5238625464153652     
   4.2117803265664904        3.5302855950283121     
   4.1868573054560452        3.5366859138632263     
   4.1623243113860227        3.5430635065536258     
   4.1381728291962565        3.5494183792889555     
   4.1143945774284294        3.5557505407737420     
   4.0909815006971204        3.5620600021586002     
   4.0679257622866105        3.5683467769941695     
   4.0452197370104779        3.5746108811923318     
   4.0228560044143684        3.5808523329605428     
   4.0008273421628155        3.5870711527627996     
   3.9791267196975495        3.5932673632717540     
   3.9577472921496972        3.5994409893144530     
   3.9366823944854374        3.6055920578147882     
   3.9159255357962208        3.6117205977637892     
   3.8954703938666122        3.6178266401637016     
   3.8753108099352742        3.6239102179739042     
   3.8554407836045801        3.6299713660739434     
   3.8358544679624123        3.6360101212151599     
   3.8165461648842416        3.6420265219708052     
   3.7975103204894225        3.6480206086917617     
   3.7787415207484165        3.6539924234672978     
   3.7602344872807199        3.6599420100713842     
   3.7419840732627137        3.6658694139252050     
   3.7239852594905742        3.6717746820553741     
   3.7062331505883619        3.6776578630489061     
   3.6887229713483412        3.6835190070084467     
   3.6714500631843481        3.6893581655134660     
   3.6544098807045096        3.6951753915834415     
   3.6375979884302292        3.7009707396279228     
   3.6210100575951905        3.7067442654116061     
   3.6046418630402908        3.7124960260257867     
   3.5884892802813475        3.7182260798280993     
   3.5725482825886927        3.7239344864238433     
   3.5568149382245120        3.7296213066188013     
   3.5412854077573801        3.7352866023794520     
   3.5259559414231996        3.7409304368147560     
   3.5108228766612375        3.7465528741144394     
   3.4958826356278689        3.7521539795393024     
   3.4811317228883931        3.7577338193631329     
   3.4665116290333362        3.7633094562686606     
   3.4521317437368704        3.7688460756938480     
   3.4379292589859607        3.7743625525935425     
   3.4239029271984851        3.7798580194975391     
   3.4100495984578827        3.7853325629189758     
   3.3963662292596304        3.7907862530714178     
   3.3828498385643244        3.7962191638313620     
   3.3694975160718039        3.8016313673162241     
   3.3563064109098288        3.8070229390459933     
   3.3432737382423987        3.8123939533764033     
   3.3303967735129345        3.8177444857111875     
   3.3176728510033326        3.8230746123809740     
   3.3050993623806608        3.8283844105770846     
   3.2926737572409737        3.8336739571698759     
   3.2803935382966301        3.8389433305481675     
   3.2682562618802002        3.8441926095678456     
   3.2562595377498269        3.8494218727646725     
   3.2444010242970092        3.8546312004053371     
   3.2326784314913950        3.8598206719342674     
   3.2210895162533726        3.8649903679624198     
   3.2096320816872859        3.8701403699846084     
   3.1983039783224840        3.8752707588876176     
   3.1871030999910612        3.8803816167321932     
   3.1760273847672962        3.8854730254844969     
   3.1650748130774313        3.8905450674838380     
   3.1542434060110751        3.8955978258222088     
   3.1435312261729873        3.9006313831592796     
   3.1329363746451429        3.9056458229624265     
   3.1224569906546193        3.9106412291540522     
   3.1120912512759329        3.9156176856184972     
   3.1018373711363667        3.9205752758285386     
   3.0916935981992544        3.9255140849660961     
   3.0816582179242626        3.9304341966347973     
   3.0717295478826054        3.9353356958488535     
   3.0619059390984646        3.9402186675736361     
   3.0521857755750221        3.9450831965159168     
   3.0425674724502927        3.9499293678102276     
   3.0330494757601043        3.9547572666944730     
   3.0236302616822548        3.9595669784855252     
   3.0143083360755196        3.9643585884102390     
   3.0050822336546692        3.9691321816701772     
   2.9959505164783859        3.9738878440537704     
   2.9869117746847675        3.9786256609192057     
   2.9779646253736596        3.9833457175259568     
   2.9691077107504742        3.9880480999391299     
   2.9603397002028142        3.9927328930534736     
   2.9516592867448090        3.9974001827542294     
   2.9430651887970742        4.0020500541976567     
   2.9345561480542570        4.0066825929502254     
   2.9261309295062072        4.0112978845896352     
   2.9177883218473304        4.0158960139501074     
   2.9095271353281005        4.0204770663832887     
   2.9013462019096163        4.0250411272475297     
   2.8932443755418440        4.0295882813157000     
   2.8852205307298537        4.0341186134906728     
   2.8772735618793108        4.0386322089740831     
   2.8694023845356260        4.0431291519205121     
   2.8616059324998280        4.0476095273659336     
   2.8538831600023773        4.0520734191458425     
   2.8462330388326889        4.0565209118571115     
   2.8386545593508741        4.0609520897294331     
   2.8311467304319868        4.0653670363084125     
   2.8237085778295454        4.0697658355012898     
   2.8163391446273445        4.0741485708652529     
   2.8090374907933242        4.0785153256939424     
   2.8018026922990025        4.0828661834361917     
   2.7946338422390999        4.0872012264529358     
   2.7875300481626595        4.0915205379798589     
   2.7804904338878846        4.0958242003152501     
   2.7735141379686712        4.1001122958299856     
   2.7666003140031776        4.1043849064422613     
   2.7597481297777553        4.1086421140644136     
   2.7529567673405828        4.1128840003099514     
   2.7462254227872314        4.1171106463837264     
   2.7395533056533212        4.1213221333803078     
   2.7329396389599134        4.1255185419864944     
   2.7263836584298700        4.1296999529424880     
   2.7198846127355925        4.1338664465745465     
   2.7134417636663279        4.1380181023855851     
   2.7070543843853150        4.1421550004347427     
   2.7007217605773173        4.1462772200398552     
   2.6944431896540988        4.1503848402936212     
   2.6882179803696826        4.1544779401877232     
   2.6820454532236910        4.1585565980358314     
   2.6759249393329547        4.1626208922966406     
   2.6698557811687933        4.1666709006855971     
   2.6638373316663677        4.1707067008101522     
   2.6578689540598699        4.1747283701084639     
   2.6519500220101846        4.1787359855576049     
   2.6460799194949036        4.1827296235558604     
   2.6402580395311066        4.1867093609838886     
   2.6344837860420696        4.1906752732001591     
   2.6287565710866883        4.1946274365508929     
   2.6230758171927322        4.1985659259231918     
   2.6174409554208169        4.2024908164449455     
   2.6118514256056216        4.2064021830930596     
   2.6063066768398939        4.2103001000428169     
   2.6008061668046589        4.2141846411540120     
   2.5953493612599718        4.2180558803171539     
   2.5899357344803109        4.2219138908723313     
   2.5845647689303695        4.2257587457565080     
   2.5792359550351991        4.2295905175953967     
   2.5739487908357850        4.2334092788907816     
   2.5687027825011413        4.2372151013519064     
   2.5634974433803119        4.2410080567194912     
   2.5583322944085345        4.2447882162071391     
   2.5532068636773402        4.2485556507976607     
   2.5481206866354427        4.2523104308927451     
   2.5430733053813901        4.2560526269269001     
   2.5380642692941584        4.2597823085566766     
   2.5330931342206249        4.2634995453928450     
   2.5281594628222788        4.2672044064999497     
   2.5232628243312876        4.2708969605245173     
   2.5184027939758584        4.2745772761936118     
   2.5135789536784281        4.2782454214335246     
   2.5087908915924264        4.2819014637449113     
   2.5040382015341396        4.2855454707081861     
   2.4993204835124998        4.2891775092792015     
   2.4946373434879492        4.2927976459479913     
   2.4899883929347477        4.2964059470982203     
   2.4853732490279907        4.3000024786893549     
   2.4807915347195584        4.3035873060631200     
   2.4762428780039061        4.3071604946659177     
   2.4717269126817252        4.3107221090561056     
   2.4672432775009558        4.3142722138068041     
   2.4627916163685004        4.3178108731273195     
   2.4583715785078364        4.3213381506064499     
   2.4539828178786327        4.3248541097650230     
   2.4496249936411716        4.3283588134228967     
   2.4452977693832598        4.3318523245046610     
   2.4410008137337056        4.3353347052228433     
   2.4367337999037746        4.3388060175252221     
   2.4324964057741454        4.3422663228957221     
   2.4282883134861777        4.3457156827429326     
   2.4241092097716237        4.3491541579331869     
   2.4199587857532054        4.3525818089289103     
   2.4158367367325684        4.3559986959544128     
   2.4117427622696206        4.3594048788229509     
   2.4076765660778747        4.3628004169697672     
   2.4036378558515570        4.3661853695926460     
   2.3996263434151981        4.3695597953694421     
   2.3956417443855234        4.3729237528098306     
   2.3916837783475082        4.3762772999491073     
   2.3877537143093317        4.3796185585934921     
   2.3838481618298890        4.3829514809655867     
   2.3799684322378836        4.3862741565371888     
   2.3761142514955775        4.3895866505472760     
   2.3722853576999325        4.3928890191818901     
   2.3684814923279260        4.3961813184334462     
   2.3647024002161037        4.3994636040621611     
   2.3609478297777158        4.4027359312562178     
   2.3572175325995448        4.4059983550714463     
   2.3535112636128939        4.4092509301531333     
   2.3498287809778557        4.4124937108082509     
   2.3461698460298539        4.4157267510163027     
   2.3425342233266560        4.4189501043021027     
   2.3389216803454880        4.4221638240652696     
   2.3353319877129857        4.4253679632169742     
   2.3317649189735157        4.4285625744276844     
   2.3282202506381635        4.4317477099940454     
   2.3246977621579821        4.4349234218224929     
   2.3211972357004016        4.4380897616590502     
   2.3177184563428450        4.4412467807832048     
   2.3142612118703574        4.4443945302110031     
   2.3108252927866966        4.4475330606351546     
   2.3074104923144034        4.4506624223604199     
   2.3040166062471585        4.4537826654515449     
   2.3006434329953001        4.4568938396221007     
   2.2972907734868442        4.4599959943108010     
   2.2939584312170380        4.4630891785647453     
   2.2906462121207642        4.4661734411625851     
   2.2873539245822636        4.4692488305530409     
   2.2840813793540407        4.4723153949093923     
   2.2808283895829367        4.4753731820568419     
   2.2775947706857980        4.4784222395862319     
   2.2743803404837393        4.4814626146250998     
   2.2711849188874993        4.4844943542262605     
   2.2680083282354295        4.4875175048591203     
   2.2648503928668982        4.4905321129455951     
   2.2617109393873984        4.4935382244596864     
   2.2585897964583599        4.4965358851712125     
   2.2554867949482182        4.4995251403903316     
   2.2524017675863561        4.5025060354182305     
   2.2493345493497849        4.5054786149542876     
   2.2462849771148354        4.5084429235439085     
   2.2432528896930504        4.5113990055048374     
   2.2402381279064016        4.5143469047621423     
   2.2372405344448878        4.5172866650207721     
   2.2342599539289378        4.5202183296358154     
   2.2312962328196737        4.5231419417061485     
   2.2283492193589369        4.5260575441189799     
   2.2254187636889089        4.5289651793452226     
   2.2225047176590875        4.5318648896767328     
   2.2196069348945029        4.5347567171021499     
   2.2167252707088316        4.5376407033858914     
   2.2138595822415392        4.5405168898385622     
   2.2110097281728338        4.5433853177013708     
   2.2081755688792026        4.5462460278874532     
   2.2053569663865247        4.5490990610100113     
   2.2025537843623977        4.5519444573599648     
   2.1997658879789466        4.5547822570897365     
   2.1969931440094075        4.5576125000286840     
   2.1942354208175403        4.5604352256609708     
   2.1914925881881953        4.5632504733623254     
   2.1887645174372778        4.5660582822029738     
   2.1860510814468697        4.5688586908485798     
   2.1833521544498300        4.5716517378725516     
   2.1806676121510842        4.5744374615393149     
   2.1779973316201979        4.5772158999406960     
   2.1753411914443852        4.5799870907215672     
   2.1726990714668806        4.5827510714681887     
   2.1700708529405079        4.5855078794365767     
   2.1674564184635745        4.5882575516259516     
   2.1648556519399822        4.5910001248115524     
   2.1622684385623829        4.5937356355490291     
   2.1596946648682915        4.5964641200529694     
   2.1571342185485616        4.5991856144798522     
   2.1545869886619045        4.6019001545573710     
   2.1520528654616617        4.6046077758385957     
   2.1495317404008256        4.6073085136626473     
   2.1470235061110250        4.6100024031722509     
   2.1445280564466533        4.6126894792110473     
   2.1420452864434942        4.6153697763675323     
   2.1395750922353374        4.6180433290905869     
   2.1371173711271632        4.6207101715409493     
   2.1346720215483876        4.6233703376482076     
   2.1322389429965050        4.6260238611794620     
   2.1298180361322712        4.6286707755578771     
   2.1274092026312545        4.6313111140868752     
   2.1250123452077538        4.6339449098918415     
   2.1226273677437768        4.6365721956764068     
   2.1202541750347756        4.6391930041302807     
   2.1178926729255130        4.6418073676791138     
   2.1155427683337065        4.6444153184239596     
   2.1132043690828688        4.6470168884034733     
   2.1108773840573951        4.6496121093070961     
   2.1085617230156242        4.6522010127769473     
   2.1062572967833018        4.6547836300537888     
   2.1039640170299867        4.6573599923434745     
   2.1016817964621519        4.6599301304618299     
   2.0994105485609222        4.6624940752720807     
   2.0971501878561587        4.6650518571895017     
   2.0949006297146116        4.6676035065268593     
   2.0926617903503999        4.6701490534623415     
   2.0904335869396036        4.6726885278194530     
   2.0882159374392053        4.6752219593650919     
   2.0860087606948730        4.6777493776035453     
   2.0838119763770764        4.6802708118699732     
   2.0816255050032422        4.6827862912760496     
   2.0794492679146228        4.6852958447296622     
   2.0772831872180610        4.6877995010247995     
   2.0751271858534652        4.6902972887055210     
   2.0729811875396140        4.6927892361423940     
   2.0708451168083633        4.6952753714557183     
   2.0687188988782323        4.6977557227294024     
   2.0666024598173096        4.7002303176981215     
   2.0644957263824684        4.7026991840226255     
   2.0623986261095291        4.7051623491124230     
   2.0603110872334240        4.7076198402529235     
   2.0582330387097967        4.7100716845530579     
   2.0561644102402004        4.7125179088872446     
   2.0541051322023325        4.7149585399959557     
   2.0520551356900638        4.7173936044146476     
   2.0500143524570968        4.7198231285483896     
   2.0479827149889216        4.7222471385328006     
   2.0459601563422742        4.7246656605157149     
   2.0439466103599742        4.7270787202448634     
   2.0419420114350331        4.7294863434869345     
   2.0399462946475766        4.7318885557705954     
   2.0379593957336928        4.7342853824183226     
   2.0359812510324522        4.7366768486408137     
   2.0340117975378873        4.7390629794247188     
   2.0320509727792837        4.7414437997399261     
   2.0300987150088008        4.7438193341832742     
   2.0281549629777644        4.7461896073782404     
   2.0262196561235504        4.7485546436111798     
   2.0242927343634554        4.7509144672151322     
   2.0223741382975375        4.7532691021694129     
   2.0204638090242151        4.7556185724345328     
   2.0185616882532114        4.7579629017302816     
   2.0166677182029220        4.7603021137184403     
   2.0147818417071024        4.7626362317846596     
   2.0129040021048956        4.7649652792452821     
   2.0110341432663281        4.7672892792760324     
   2.0091722096322253        4.7696082548325744     
   2.0073181461488399        4.7719222287641978     
   2.0054718982630639        4.7742312238085205     
   2.0036334119795893        4.7765352624740371     
   2.0018026337693748        4.7788343672077058     
   1.9999795106308362        4.7811285602590878     
   1.9981639900528685        4.7834178637490536     
   1.9963560200121115        4.7857022996641305     
   1.9945555489825442        4.7879818898224809     
   1.9927625258807369        4.7902566559782782     
   1.9909769001820856        4.7925266195749971     
   1.9891986217057951        4.7947918021705993     
   1.9874276408326965        4.7970522249865910     
   1.9856639083783507        4.7993079091553206     
   1.9839073755943344        4.8015588757081673     
   1.9821579941737353        4.8038051455558071     
   1.9804157162990295        4.8060467393776314     
   1.9786804945202818        4.8082836778660063     
   1.9769522818912204        4.8105159814348726     
   1.9752310318280271        4.8127436705028943     
   1.9735166982172201        4.8149667652591805     
   1.9718092353523138        4.8171852857912247     
   1.9701085979183137        4.8193992521000713     
   1.9684147410348727        4.8216086840078036     
   1.9667276202133921        4.8238136012387098     
   1.9650471913626271        4.8260140233945927     
   1.9633734107985872        4.8282099699277587     
   1.9617062352129273        4.8304014602021770     
   1.9600456216969924        4.8325885134305757     
   1.9583915277103836        4.8347711487318525     
   1.9567439110891511        4.8369493851094241     
   1.9551027300771164        4.8391232413759981     
   1.9534679432475552        4.8412927363107467     
   1.9518395095397523        4.8434578885742763     
   1.9502173882816360        4.8456187166506570     
   1.9486015391438458        4.8477752389422273     
   1.9469919221410030        4.8499274737571083     
   1.9453884976810032        4.8520754391938397     
   1.9437912264417674        4.8542191534031538     
   1.9422000695002062        4.8563586343011389     
   1.9406149882735646        4.8584938996844915     
   1.9390359444748007        4.8606249673286852     
   1.9374629001819259        4.8627518548236033     
   1.9358958177856715        4.8648745796821435     
   1.9343346600176026        4.8669931592729938     
   1.9327793898916983        4.8691076109399658     
   1.9312299707775225        4.8712179518358036     
   1.9296863663382604        4.8733241990540872     
   1.9281485405589092        4.8754263695552869     
   1.9266164577306566        4.8775244801981481     
   1.9250900824269315        4.8796185477857605     
   1.9235693795521851        4.8817085889527032     
   1.9220543142806494        4.8837946202898035     
   1.9205448521159250        4.8858766582089332     
   1.9190409588037280        4.8879547191347106     
   1.9175426004235583        4.8900288192837564     
   1.9160497433179937        4.8920989748274817     
   1.9145623541244723        4.8941652018078994     
   1.9130803997320172        4.8962275162312912     
   1.9116038473186328        4.8982859339796745     
   1.9101326643573249        4.9003404707875262     
   1.9086668185753100        4.9023911423344977     
   1.9072062779620880        4.9044379642132103     
   1.9057510107697462        4.9064809519284118     
   1.9043009855225934        4.9085201208697748     
   1.9028561709983758        4.9105554863478504     
   1.9014165362384130        4.9125870635640521     
   1.8999820505349181        4.9146148676362911     
   1.8985526834239217        4.9166389136109734     
   1.8971284047014743        4.9186592164155192     
   1.8957091843967755        4.9206757909210150     
   1.8942949928002082        4.9226886518692048     
   1.8928858004299940        4.9246978139442268     
   1.8914815780381651        4.9267032917549400     
   1.8900822966348978        4.9287050997732713     
   1.8886879274451041        4.9307032524294208     
   1.8872984419297330        4.9326977640590774     
   1.8859138117812448        4.9346886489056487     
   1.8845340089244385        4.9366759211179945     
   1.8831590054891787        4.9386595948059782     
   1.8817887738633052        4.9406396839141440     
   1.8804232866075061        4.9426162024151896     
   1.8790625165386097        4.9445891641105444     
   1.8777064366811349        4.9465585827396232     
   1.8763550202590695        4.9485244719946246     
   1.8750082407134074        4.9504868454756865     
   1.8736660717105638        4.9524457166644007     
   1.8723284871052497        4.9544010990083978     
   1.8709954609689960        4.9563530058528107     
   1.8696669675666784        4.9583014504844938     
   1.8683429813674044        4.9602464461093874     
   1.8670234770459830        4.9621880058382937     
   1.8657084294706461        4.9641261427195769     
   1.8643978136945853        4.9660608697478565     
   1.8630916049899082        4.9679921997821186     
   1.8617897787987177        4.9699201456609794     
   1.8604923107453317        4.9718447201646603     
   1.8591991766836220        4.9737659358999551     
   1.8579103525974858        4.9756838055393935     
   1.8566258146943282        4.9775983415840610     
   1.8553455393538554        4.9795095564892105     
   1.8540695031328323        4.9814174626500423     
   1.8527976827691335        4.9833220723812826     
   1.8515300551757856        4.9852233979382596     
   1.8502665974404258        4.9871214515027269     
   1.8490072868342791        4.9890162451684255     
   1.8477521007910971        4.9909077909809145     
   1.8465010169157019        4.9927961009174817     
   1.8452540129876915        4.9946811868729579     
   1.8440110669461534        4.9965630606946787     
   1.8427721569030777        4.9984417341437615     
   1.8415372611299927        5.0003172189304506     
   1.8403063580602799        5.0021895266952718     
   1.8390794262935810        5.0040586690040225     
   1.8378564445775667        5.0059246573865543     
   1.8366373918377095        5.0077875032565906     
   1.8354222471372803        5.0096472180144422     
   1.8342109897064502        5.0115038129615153     
   1.8330035989152429        5.0133572993766986     
   1.8318000542995463        5.0152076884390482     
   1.8306003355457139        5.0170549912648239     
   1.8294044224792696        5.0188992189374417     
   1.8282121502829356        5.0207407524093144     
   1.8270237897763382        5.0225788607994666     
   1.8258391749570302        5.0244139276222164     
   1.8246582866153991        5.0262459629468985     
   1.8234811053045337        5.0280749775499816     
   1.8223076117222416        5.0299009821387779     
   1.8211377867112633        5.0317239873520201     
   1.8199716112321420        5.0335440038206869     
   1.8188090664216838        5.0353610420189252     
   1.8176501335165749        5.0371751124570299     
   1.8164947939021598        5.0389862255517031     
   1.8153430291102879        5.0407943916318514     
   1.8141948207793077        5.0425996210347490     
   1.8130501506883934        5.0444019240196383     
   1.8119090007673511        5.0462013107319779     
   1.8107713530399125        5.0479977913584566     
   1.8096371896854730        5.0497913759560422     
   1.8085064930019361        5.0515820745476576     
   1.8073792453998592        5.0533698971353918     
   1.8062554294298130        5.0551548536273412     
   1.8051350277599636        5.0569369538927100     
   1.8040180231861755        5.0587162077349586     
   1.8029043986100373        5.0604926249412792     
   1.8017941370609893        5.0622662152285773     
   1.8006872217061158        5.0640369882118090     
   1.7995836358018922        5.0658049535282021     
   1.7984833627306418        5.0675701207420865     
   1.7973863859941659        5.0693324993553839     
   1.7962926892200428        5.0710920987897694     
   1.7952022561158372        5.0728489285087344     
   1.7941150705353766        5.0746029978337077     
   1.7930311164250636        5.0763543160901845     
   1.7919503778570050        5.0781028925117679     
   1.7908728389990951        5.0798487363246014     
   1.7897984841242520        5.0815918567119107     
   1.7887272976450255        5.0833322627261648     
   1.7876592640397322        5.0850699634838490     
   1.7865943679107650        5.0868049680016290     
   1.7855325939745281        5.0885372852275452     
   1.7844739270341083        5.0902669241091711     
   1.7834183520147342        5.0919938934969027     
   1.7823658539249139        5.0937182022456717     
   1.7813164178870946        5.0954398591308019     
   1.7802700291128870        5.0971588729152320     
   1.7792266729321446        5.0988752522626646     
   1.7781863347521660        5.1005890058531476     
   1.7771490000965273        5.1023001422712078     
   1.7761146545664526        5.1040086701092857     
   1.7750832838847552        5.1057145978498806     
   1.7740548738457615        5.1074179339939043     
   1.7730294103557991        5.1091186869532113     
   1.7720068793938628        5.1108168651560337     
   1.7709872670685143        5.1125124768835644     
   1.7699705595349762        5.1142055305054015     
   1.7689567430801485        5.1158960342336046     
   1.7679458040510696        5.1175839963252159     
   1.7669377289095605        5.1192694249263759     
   1.7659325041851262        5.1209523282019802     
   1.7649301165136906        5.1226327142259951     
   1.7639305526026157        5.1243105910761413     
   1.7629337992577634        5.1259859667582734     
   1.7619398433817060        5.1276588492063802     
   1.7609486719313747        5.1293292464064724     
   1.7599602719686807        5.1309971662450771     
   1.7589746306395249        5.1326626165695242     
   1.7579917351769145        5.1343256051789830     
   1.7570115728806623        5.1359861398774829     
   1.7560341311458776        5.1376442283931265     
   1.7550593974470985        5.1392998784220758     
   1.7540873593407085        5.1409530976178139     
   1.7531180044528647        5.1426038936267222     
   1.7521513205032191        5.1442522740139793     
   1.7511872952788619        5.1458982463436360     
   1.7502259166537855        5.1475418181149495     
   1.7492671725697193        5.1491829968187997     
   1.7483110510564432        5.1508217898768436     
   1.7473575402114159        5.1524582046988838     
   1.7464066282171047        5.1540922486314589     
   1.7454583033109718        5.1557239290429191     
   1.7445125538305586        5.1573532531890001     
   1.7435693681678275        5.1589802283506163     
   1.7426287348000307        5.1606048617341553     
   1.7416906422705334        5.1622271605321828     
   1.7407550791934996        5.1638471319039123     
   1.7398220342550725        5.1654647829737925     
   1.7388914962136788        5.1670801208271122     
   1.7379634539067701        5.1686931524889488     
   1.7370378962345394        5.1703038849702567     
   1.7361148121520182        5.1719123252926078     
   1.7351941907066959        5.1735184803720191     
   1.7342760209979364        5.1751223571394060     
   1.7333602921978695        5.1767239624769363     
   1.7324469935497158        5.1783233032212515     
   1.7315361143517434        5.1799203862121139     
   1.7306276439841837        5.1815152182055160     
   1.7297215718769059        5.1831078059768370     
   1.7288178875357345        5.1846981562308674     
   1.7279165805265608        5.1862862756594490     
   1.7270176404773889        5.1878721709240381     
   1.7261210570839565        5.1894558486410469     
   1.7252268201034535        5.1910373154028626     
   1.7243349193473234        5.1926165777934941     
   1.7234453446985591        5.1941936423376696     
   1.7225580861111316        5.1957685154997275     
   1.7216731335702953        5.1973412038041946     
   1.7207904771466034        5.1989117136697258     
   1.7199101069709553        5.2004800514837708     
   1.7190320132159784        5.2020462236575016     
   1.7181561861305488        5.2036102365211026     
   1.7172826160072745        5.2051720964201307     
   1.7164112932107085        5.2067318096289981     
   1.7155422081587914        5.2082893824053382     
   1.7146753513193249        5.2098448210013011     
   1.7138107132228235        5.2113981316230493     
   1.7129482844649291        5.2129493204193604     
   1.7120880556820466        5.2144983935586380     
   1.7112300175723432        5.2160453571617831     
   1.7103741608886334        5.2175902173222903     
   1.7095204764410086        5.2191329801005191     
   1.7086689550972245        5.2206736515135148     
   1.7078195877652682        5.2222122375981659     
   1.7069723654197806        5.2237487443207646     
   1.7061272790842743        5.2252831776327806     
   1.7052843198260712        5.2268155434889483     
   1.7044434787864562        5.2283458477451212     
   1.7036047471337632        5.2298740963129484     
   1.7027681161077004        5.2314002950110865     
   1.7019335769856030        5.2329244496767640     
   1.7011011211012736        5.2344465661009805     
   1.7002707398402943        5.2359666500464357     
   1.6994424246364679        5.2374847072528725     
   1.6986161669676114        5.2390007434537154     
   1.6977919583761540        5.2405147643072905     
   1.6969697904250536        5.2420267755367469     
   1.6961496547600754        5.2435367827309900     
   1.6953315430592975        5.2450447915033962     
   1.6945154470375150        5.2465508074777762     
   1.6937013584780476        5.2480548361867942     
   1.6928892691948449        5.2495568831913797     
   1.6920791710519956        5.2510569540137721     
   1.6912710559701636        5.2525550541238388     
   1.6904649159047960        5.2540511889989840     
   1.6896607428684747        5.2555453640594916     
   1.6888585288980436        5.2570375847665938     
   1.6880582660989589        5.2585278564842231     
   1.6872599466065668        5.2600161845990980     
   1.6864635626075488        5.2615025744524662     
   1.6856691063293259        5.2629870313737328     
   1.6848765700495942        5.2644695606459688     
   1.6840859460738575        5.2659501675820639     
   1.6832972267728104        5.2674288573987038     
   1.6825104045357757        5.2689056353693680     
   1.6817254718206740        5.2703805066593334     
   1.6809424211034893        5.2718534764898699     
   1.6801612449178003        5.2733245500096722     
   1.6793819358292796        5.2747937323748708     
   1.6786044864581242        5.2762610286770970     
   1.6778288894486113        5.2777264440407023     
   1.6770551374950049        5.2791899835388083     
   1.6762832233319760        5.2806516522210387     
   1.6755131397357186        5.2821114551128430     
   1.6747448795164688        5.2835693972355111     
   1.6739784355294896        5.2850254835722161     
   1.6732138006629351        5.2864797191060857     
   1.6724509678534873        5.2879321087661433     
   1.6716899300701744        5.2893826574817275     
   1.6709306803209616        5.2908313701619587     
   1.6701732116513563        5.2922782516955786     
   1.6694175171459187        5.2937233069469540     
   1.6686635899292970        5.2951665407515556     
   1.6679114231638030        5.2966079579245511     
   1.6671610100402501        5.2980475632889030     
   1.6664123437978484        5.2994853616092001     
   1.6656654177027943        5.3009213576616316     
   1.6649202250644024        5.3023555561803217     
   1.6641767592218308        5.3037879619010084     
   1.6634350135612228        5.3052185795016342     
   1.6626949814941498        5.3066474136740860     
   1.6619566564656998        5.3080744690987345     
   1.6612200319672614        5.3094997503974479     
   1.6604851015146826        5.3109232622086751     
   1.6597518586645506        5.3123450091311923     
   1.6590202970054564        5.3137649957517281     
   1.6582904101600731        5.3151832266386885     
   1.6575621917846679        5.3165997063449133     
   1.6568356355683063        5.3180144394049540     
   1.6561107352400544        5.3194274303132563     
   1.6553874845574634        5.3208386835616377     
   1.6546658773055567        5.3222482036433050     
   1.6539459073104390        5.3236559950046880     
   1.6532275684314048        5.3250620620701525     
   1.6525108545464553        5.3264664092953513     
   1.6517957595880413        5.3278690410397083     
   1.6510822775003282        5.3292699617130008     
   1.6503704022727888        5.3306691756634930     
   1.6496601279164431        5.3320666872528024     
   1.6489514484809655        5.3334625008023266     
   1.6482443580410153        5.3348566206341559     
   1.6475388507084718        5.3362490510321248     
   1.6468349206197324        5.3376397962845310     
   1.6461325619457825        5.3390288606466498     
   1.6454317688875895        5.3404162483598139     
   1.6447325356742926        5.3418019636516973     
   1.6440348565644287        5.3431860107367211     
   1.6433387258504359        5.3445683937974433     
   1.6426441378460717        5.3459491170264331     
   1.6419510869023877        5.3473281845737599     
   1.6412595673992612        5.3487056005721154     
   1.6405695737410599        5.3500813691528046     
   1.6398811003630138        5.3514554944242239     
   1.6391941417252056        5.3528279804895647     
   1.6385086923203920        5.3541988314217370     
   1.6378247466688853        5.3555680512791906     
   1.6371422993187075        5.3569356441057998     
   1.6364613448440331        5.3583016139324799     
   1.6357818778497761        5.3596659647661884     
   1.6351038929642461        5.3610287006088289     
   1.6344273848458024        5.3623898254406237     
   1.6337523481791589        5.3637493432238195     
   1.6330787776707050        5.3651072579280337     
   1.6324066680667537        5.3664635734561070     
   1.6317360141276001        5.3678182937444268     
   1.6310668106395190        5.3691714227111049     
   1.6303990524279861        5.3705229642149224     
   1.6297327343305610        5.3718729221491497     
   1.6290678512175580        5.3732213003657154     
   1.6284043979840930        5.3745681027065011     
   1.6277423695452509        5.3759133330168947     
   1.6270817608527439        5.3772569950871461     
   1.6264225668723911        5.3785990927334701     
   1.6257647826044839        5.3799396297219966     
   1.6251084030621046        5.3812786098481169     
   1.6244534232942278        5.3826160368526246     
   1.6237998383749221        5.3839519144598098     
   1.6231476433886907        5.3852862464294819     
   1.6224968334589187        5.3866190364549968     
   1.6218474037276105        5.3879502882330623     
   1.6211993493606096        5.3892800054503027     
   1.6205526655443800        5.3906081917867397     
   1.6199073474953836        5.3919348508877256     
   1.6192633904519573        5.3932599863889417     
   1.6186207896697795        5.3945836019350146     
   1.6179795404342086        5.3959057011328166     
   1.6173396380516394        5.3972262875820540     
   1.6167010778524349        5.3985453648658872     
   1.6160638551849309        5.3998629365704831     
   1.6154279654250285        5.4011790062509331     
   1.6147934039745977        5.4024935774345391     
   1.6141601662460661        5.4038066536798208     
   1.6135282476827180        5.4051182385016396     
   1.6128976437499880        5.4064283353961997     
   1.6122683499302983        5.4077369478702764     
   1.6116403617311412        5.4090440794012000     
   1.6110136746855561        5.4103497334406780     
   1.6103882843362425        5.4116539134722803     
   1.6097641862604526        5.4129566229143702     
   1.6091413760474829        5.4142578652094597     
   1.6085198493144255        5.4155576437621136     
   1.6078996016942479        5.4168559619822840     
   1.6072806288397024        5.4181528232711855     
   1.6066629264293975        5.4194482309989498     
   1.6060464901653380        5.4207421885115590     
   1.6054313157558067        5.4220346991976580     
   1.6048173989426182        5.4233257663818950     
   1.6042047354856419        5.4246153933851478     
   1.6035933211612157        5.4259035835310563     
   1.6029831517632065        5.4271903401393926     
   1.6023742231154277        5.4284756664778158     
   1.6017665310527336        5.4297595658377791     
   1.6011600714273464        5.4310420415057203     
   1.6005548401269549        5.4323230966949057     
   1.5999508330355003        5.4336027346950218     
   1.5993480460740845        5.4348809587166205     
   1.5987464751767280        5.4361577719810166     
   1.5981461162918000        5.4374331777161302     
   1.5975469654004755        5.4387071790850259     
   1.5969490184878026        5.4399797792958537     
   1.5963522715614527        5.4412509815301808     
   1.5957567206513026        5.4425207889454459     
   1.5951623618058364        5.4437892046844638     
   1.5945691910882629        5.4450562318959319     
   1.5939772045821863        5.4463218737057773     
   1.5933863983872170        5.4475861332381204     
   1.5927967686237687        5.4488490135949288     
   1.5922083114287982        5.4501105178730516     
   1.5916210229576861        5.4513706491553329     
   1.5910348993804124        5.4526294105248923     
   1.5904499368913656        5.4538868050288620     
   1.5898661316948568        5.4551428357308378     
   1.5892834800160553        5.4563975056717116     
   1.5887019780991516        5.4576508178743772     
   1.5881216222032879        5.4589027753592312     
   1.5875424086012604        5.4601533811495377     
   1.5869643335904968        5.4614026382285292     
   1.5863873934798498        5.4626505495894833     
   1.5858115845964713        5.4638971182082656     
   1.5852369032864166        5.4651423470435372     
   1.5846633459041339        5.4663862390750602     
   1.5840909088311492        5.4676287972294944     
   1.5835195884591813        5.4688700244482220     
   1.5829493812011659        5.4701099236432817     
   1.5823802834752929        5.4713484977586280     
   1.5818122917306972        5.4725857496704648     
   1.5812454024217082        5.4738216822872108     
   1.5806796120215665        5.4750562984955202     
   1.5801149170218800        5.4762896011609996     
   1.5795513139282407        5.4775215931469790     
   1.5789887992575919        5.4787522773249622     
   1.5784273695474924        5.4799816565335817     
   1.5778670213536317        5.4812097335931860     
   1.5773077512383715        5.4824365113494862     
   1.5767495557878264        5.4836619926022871     
   1.5761924316013998        5.4848861801500792     
   1.5756363752843638        5.4861090768210365     
   1.5750813834687225        5.4873306853837800     
   1.5745274528011437        5.4885510085998366     
   1.5739745799339071        5.4897700492580555     
   1.5734227615410015        5.4909878101098304     
   1.5728719943084744        5.4922042939079585     
   1.5723222749407828        5.4934195033798616     
   1.5717736001498961        5.4946334412724624     
   1.5712259666719237        5.4958461102842362     
   1.5706793712473974        5.4970575131441004     
   1.5701338106374085        5.4982676525460610     
   1.5695892816150154        5.4994765311859499     
   1.5690457809679283        5.5006841517451441     
   1.5685033054959612        5.5018905169055419     
   1.5679618520167751        5.5030956293245605     
   1.5674214173576917        5.5042994916665267     
   1.5668819983625106        5.5055021065765786     
   1.5663435918884701        5.5067034766933123     
   1.5658061948117652        5.5079036046206120     
   1.5652698040055648        5.5091024930264227     
   1.5647344163744503        5.5103001444940647     
   1.5642000288255342        5.5114965616419820     
   1.5636666382881184        5.5126917470454444     
   1.5631342416952057        5.5138857033083042     
   1.5626028359987523        5.5150784330036426     
   1.5620724181649106        5.5162699386914760     
   1.5615429851661657        5.5174602229500671     
   1.5610145339973232        5.5186492883105451     
   1.5604870616580411        5.5198371373304145     
   1.5599605651644273        5.5210237725415077     
   1.5594350415441907        5.5222091964736713     
   1.5589104878379754        5.5233934116476959     
   1.5583869011054612        5.5245764205463441     
   1.5578642784062366        5.5257582257008195     
   1.5573426168189963        5.5269388296040152     
   1.5568219134387500        5.5281182347250208     
   1.5563021653647080        5.5292964435579179     
   1.5557833697152423        5.5304734585612625     
   1.5552655236175017        5.5316492821993339     
   1.5547486242136497        5.5328239169155538     
   1.5542326686527541        5.5339973651683412     
   1.5537176541008584        5.5351696293861794     
   1.5532035777314179        5.5363407120086734     
   1.5526904367363297        5.5375106154409259     
   1.5521782283109213        5.5386793421147456     
   1.5516669496725464        5.5398468944103207     
   1.5511565980381445        5.5410132747529239     
   1.5506471706477787        5.5421784855086127     
   1.5501386647428586        5.5433425290816931     
   1.5496310775840416        5.5445054078343965     
   1.5491244064421799        5.5456671241272941     
   1.5486186485957134        5.5468276803285734     
   1.5481138013377447        5.5479870787849732     
   1.5476098619718610        5.5491453218399061     
   1.5471068278097722        5.5503024118407183     
