   2.1482256663175869        5.2296108138132276     
   2.1813709547674818        5.1882133456467683     
   2.2149656621086442        5.1473044152933127     
   2.2490220343960559        5.1068860957087834     
   2.2835495839728681        5.0669555399966733     
   2.3185579450024201        5.0275097322026392     
   2.3540568780839202        4.9885455014516378     
   2.3900562769599221        4.9500595382708870     
   2.4265661725676271        4.9120484059474627     
   2.4635967412484145        4.8745085570619047     
   2.5011583076684607        4.8374363414323556     
   2.5392613509560293        4.8008280180146325     
   2.5779165109335835        4.7646797660631179     
   2.6171345918130187        4.7289876921450826     
   2.6569265673775924        4.6937478386444429     
   2.6973035858495686        4.6589561912641857     
   2.7382769496372865        4.6246086549250123     
   2.7798582274466117        4.5907011933290924     
   2.8220590752661749        4.5572296065123910     
   2.8648913926504811        4.5241897249645051     
   2.9083672670340563        4.4915773397095240     
   2.9524989852766526        4.4593882157682021     
   2.9972990394852479        4.4276180980263007     
   3.0427801297452950        4.3962627132594996     
   3.0889551684004384        4.3653177737267184     
   3.1358372856463856        4.3347789818797295     
   3.1834398301209355        4.3046420295280363     
   3.2317763769219043        4.2749026047000962     
   3.2808607269061216        4.2455563892160209     
   3.3307069164528649        4.2165990667950783     
   3.3813292149587850        4.1880263186443187     
   3.4327421352644647        4.1598338317256491     
   3.4849604327136565        4.1320172957299670     
   3.5379991121333654        4.1045724075946453     
   3.5918734313193976        4.0774948724888640     
   3.6465992748461007        4.0507807275760399     
   3.7021916866783333        4.0244250545540217     
   3.7586670888983966        3.9984239288392858     
   3.8160417787579215        3.9727730900917484     
   3.8743323442971707        3.9474683072863286     
   3.9335556530172417        3.9225053660855114     
   3.9937288554944508        3.8978800692099225     
   4.0548693935139788        3.8735882402467032     
   4.1169950019313104        3.8496257223372004     
   4.1801207762834167        3.8259862097977795     
   4.2442707754474647        3.8026698567095560     
   4.3094608523469971        3.7796704715807570     
   4.3757099685815977        3.7569839893272947     
   4.4430374057184254        3.7346063701087995     
   4.5114627708980874        3.7125336002585589     
   4.5810060024168315        3.6907616930784393     
   4.6516873754153885        3.6692866895945162     
   4.7235275077697612        3.6481046593338395     
   4.7965473660277951        3.6272117010166300     
   4.8707682714003875        3.6066039431746071     
   4.9462119059875844        3.5862775448084734     
   5.0229003191444255        3.5662286960184186     
   5.1008559337464021        3.5464536184663435     
   5.1801015528715615        3.5269485659812014     
   5.2606603662868689        3.5077098249419580     
   5.3425559574248300        3.4887337148386814     
   5.4258123101480242        3.4700165886058940     
   5.5104538158787388        3.4515548330581085     
   5.5965052807552338        3.4333448692345923     
   5.6839919328971140        3.4153831527025709     
   5.7729394298939960        3.3976661738774214     
   5.8633738662189598        3.3801904582068376     
   5.9553217820987872        3.3629525669730116     
   6.0488101696198147        3.3459490966269541     
   6.1399873879505620        3.3273689485219338     
   6.2405185565620762        3.3126319454654238     
   6.3387950640136559        3.2963117226953162     
   6.4387246301718530        3.2802126330102777     
   6.5403367408238422        3.2643315012332925     
   6.6436613132506039        3.2486651546848626     
   6.7487287999280987        3.2332104657029372     
   6.8555702267319898        3.2179643627577597     
   6.9642172299648157        3.2029238397477449     
   7.0747021337610994        3.1880859800335712     
   7.1870580716897408        3.1734479947358327     
   7.3013191885167243        3.1590072869820638     
   7.4175209958530459        3.1447615660487864     
   7.5356653359847519        3.1306959671624730     
   7.6558346269002993        3.1168253340887486     
   7.7780457159840228        3.1031398827754133     
   7.9023358585944825        3.0896372296511720     
   8.0287455460349406        3.0763158874969321     
   8.1572815213177261        3.0631628102429560     
   8.2880239876079749        3.0501896502356263     
   8.4209882288900442        3.0373859235282179     
   8.5562233775102925        3.0247522442016743     
   8.9759529474395929        2.9878439194855622     
   9.1206663820513754        2.9758608762626739     
   9.5636618662574158        2.9391246565892994     
   9.7248336582236306        2.9295038950153187     
   9.8804054312800051        2.9177534639491984     
   10.041518912640434        2.9069150168466451     
   10.194010839279558        2.8932718250728593     
   10.370519445609988        2.8852524601638194     
   10.535689788657342        2.8737374223729915     
   10.881107325845383        2.8527284530070851     
   11.058675967744696        2.8425174535902462     
   11.229358956967216        2.8301353592193297     
   11.803881488940144        2.8037879212986514     
   11.996938961687240        2.7941170413178700     
   12.192037071552974        2.7842958355791052     
   12.393634484658547        2.7752490171635413     
   12.597013403275241        2.7659672933333437     
   12.803884404692150        2.7567972606575957     
   13.014350827424551        2.7477454661037966     
   13.228431501111427        2.7388014062158361     
   13.446205930815943        2.7299664902177851     
   13.667744302550309        2.7212399943894070     
   13.893101715766058        2.7126181944226637     
   14.122347896353071        2.7040999475525815     
   14.355552500482061        2.6956838822078963     
   14.592785382819873        2.6873684618715363     
   14.834117248702560        2.6791521080268907     
   15.079619950677936        2.6710332513879393     
   15.329366596834040        2.6630103470547626     
   15.583428788439447        2.6550814283798720     
   15.841890351130957        2.6472463020901151     
   16.104821893392867        2.6395024602771318     
   16.372302455113285        2.6318485652895882     
   16.644412092410445        2.6242832417211823     
   16.921232193313280        2.6168051238261625     
   17.202845508710038        2.6094128571218311     
   17.489336220322620        2.6021051049918751     
   17.780789961417863        2.5948805479941690     
   18.077293863651423        2.5877378867140410     
   18.378936575859104        2.5806758404970043     
   18.685808305909809        2.5736931492481010     
   18.998000844524128        2.5667885726375550     
   19.315607593202763        2.5599608898195760     
   19.638723599885580        2.5532089000494409     
   19.967445583010193        2.5465314217356383     
   20.301871964111207        2.5399272925215892     
   20.642102898699843        2.5333953690681894     
   20.988240305348508        2.5269345265635295     
   21.340387899039325        2.5205436586770777     
   21.698651222262139        2.5142216771807155     
   22.063137677887038        2.5079675117145928     
   22.433956561790428        2.5017801094635415     
   22.811219096755202        2.4956584349138895     
   23.195038466980819        2.4896014696117290     
   23.585529852621896        2.4836082118628666     
   23.982810465674980        2.4776776765119291     
   24.386999585514545        2.4718088946246692     
   24.798218596283821        2.4660009132957219     
   25.216591023748311        2.4602527953410194     
   25.642242573876505        2.4545636190971378     
   26.075301171237832        2.4489324781408586     
   26.515896998627849        2.4433584810633415     
   26.964162537144603        2.4378407512238307     
   27.420232607142502        2.4323784265212050     
   27.884244409767518        2.4269706591555722     
   28.356337569207273        2.4216166153914545     
   28.836654175912933        2.4163154753425227     
   29.325338830392777        2.4110664327426643     
   29.822538687839330        2.4058686947248105     
   30.328403503571572        2.4007214816044438     
   30.843085679223499        2.3956240266613329     
   31.366740309889153        2.3905755759345326     
   31.899525231932209        2.3855753880071022     
   32.441601071764239        2.3806227338027628     
   32.993131295490564        2.3757168963852391     
   33.554282259354274        2.3708571707544435     
   34.125223261141350        2.3660428636501818     
   34.706126592533700        2.3612732933608163     
   35.297167592314963        2.3565477895293867     
   35.898524700573802        2.3518656929659851     
   36.510379513829285        2.3472263554601591     
   37.132916841191850        2.3426291395995782     
   37.766324761562387        2.3380734185936052     
   38.410794681622818        2.3335585760857938     
   39.066521395218679        2.3290840059908713     
   39.733703143418452        2.3246491123115915     
   40.412541676006228        2.3202533089795985     
   41.103242313733382        2.3158960196794620     
   41.806014011926507        2.3115766776894806     
   42.521069425134371        2.3072947257195913     
   43.248624972896657        2.3030496157502807     
   43.988900906748370        2.2988408088774239     
   44.742121378373959        2.2946677751572460     
   45.508514508969391        2.2905299934534744     
   46.288312459899949        2.2864269512898820     
   47.081751504567237        2.2823581447026773     
   47.889072101542332        2.2783230780946058     
   48.710518969061432        2.2743212640942017     
   49.546341160791236        2.2703522234145721     
   50.396792142961829        2.2664154847153135     
   51.262129872895102        2.2625105844675777     
   52.142616878941432        2.2586370668216498     
   53.038520341769882        2.2547944834736335     
   53.950112177176926        2.2509823935373170     
   54.877669120367806        2.2472003634179263     
   55.821472811698754        2.2434479666862615     
   56.781809883973338        2.2397247839559662     
   57.758972051310089        2.2360304027633791     
   58.753256199571538        2.2323644174484896     
   59.764964478396976        2.2287264290375450     
   60.794404394923376        2.2251160451293699     
   61.841888909124897        2.2215328797816265     
   62.907736530869961        2.2179765533996418     
   63.992271418719845        2.2144466926274684     
   65.095823480495511        2.2109429302409698     
   66.218728475613901        2.2074649050418684     
   67.361328119247659        2.2040122617535651     
   68.523970188391942        2.2005846509202982     
   69.707008629770826        2.1971817288062980     
   70.910803669644267        2.1938031572959531     
   72.135721925698746        2.1904486037995028     
   73.382136520778289        2.1871177411555691     
   74.650427198754116        2.1838102475386711     
   75.940980442437365        2.1805258063675552     
   77.254189593510517        2.1772641062126925     
   78.590454974779888        2.1740248407104685     
   79.950184014392732        2.1708077084727990     
   81.333791372485791        2.1676124130041754     
   82.741707370760494        2.1644388771639878     
   84.174347548474643        2.1612864476650215     
   85.632150653407820        2.1581548903832775     
   87.115565684074426        2.1550440334252712     
   88.625045404844656        2.1519536026096793     
   90.161050661696507        2.1488833292031879     
   91.724050470511372        2.1458329484811398     
   93.314522188688642        2.1428022002686071     
   94.932951637572657        2.1397908282617393     
   96.579833276465280        2.1367985804868344     
   98.255670345498345        2.1338252089766137     
   99.960975021701429        2.1308704696949241     
   101.69626857846103        2.1279341224758155     
   103.46208155525893        2.1250159311144539     
   105.25895391023244        2.1221156630411775     
   107.08743519581054        2.1192330894192128     
   108.94808473286588        2.1163679851400987     
   110.84147177305761        2.1135201285327412     
   112.76817569113155        2.1106893015962842     
   114.72878615295913        2.1078752897030015     
   116.72390329977539        2.1050778815595064     
   118.75413794550246        2.1022968693393329     
   120.82011175423057        2.0995320483964823     
   122.92245744262948        2.0967832173687984     
   125.06181897348849        2.0940501780605727     
   127.23885175273439        2.0913327353319646     
   129.45422284311968        2.0886306972051139     
   131.70861116085686        2.0859438746286703     
   134.00270769160812        2.0832720815042141     
   136.33721570699643        2.0806151346561292     
   138.71285098952848        2.0779728538680931     
   141.13034203468129        2.0753450615203315     
   143.59043030757664        2.0727315829870268     
   146.09387044805752        2.0701322462036185     
   148.64143051679446        2.0675468817858826     
   151.23389223813274        2.0649753230312604     
   153.87205123591590        2.0624174057653319     
   156.55671728563601        2.0598729683572441     
   159.28871456556530        2.0573418516597042     
   162.06888191605850        2.0548238989976739     
   164.89807309962109        2.0523189561071189     
   167.77715706162877        2.0498268710276770     
   170.70701821040615        2.0473474941774144     
   173.68855668998958        2.0448806782737003     
   176.72268865126554        2.0424262781835432     
   179.81034655831090        2.0399841511272636     
   182.95247945529772        2.0375541563634698     
   186.15005328239346        2.0351361553806564     
   189.40405116295977        2.0327300117022014     
   192.71547371563932        2.0303355909133409     
   196.08533937385644        2.0279527607021284     
   199.51468469014750        2.0255813906830857     
   203.00456466406126        2.0232213524140930     
   206.55605307978581        2.0208725194470682     
   210.17024283113034        2.0185347671930312     
   213.84824626051932        2.0162079728739069     
   217.59119552410752        2.0138920156613334     
   221.40024291896586        2.0115867763984432     
   225.27656127087280        2.0092921378307476     
   229.22134427322356        2.0070079843274460     
   233.23580687587616        2.0047342020011487     
   237.32118566772922        2.0024706787038391     
   241.47873924957833        2.0002173038842295     
   245.70974863468624        1.9979739686265172     
   250.01551765019272        1.9957405656333260     
   254.39737333606465        1.9935169891330504     
   258.85666637976351        1.9913031350125987     
   263.39477150591523        1.9890989005392468     
   268.01308793604289        1.9869041845716693     
   272.71303980793323        1.9847188873979569     
   277.49607663061590        1.9825429107863695     
   282.36367372721571        1.9803761578882408     
   287.31733270402270        1.9782185332733351     
   292.35858191876383        1.9760699428985646     
   297.48897695428894        1.9739302940580890     
   302.71010110995383        1.9717994953962812     
   308.02356588750871        1.9696774568267297     
   313.43101150368284        1.9675640895697724     
   318.93410741044369        1.9654593061758041     
   324.53455279104350        1.9633630203427643     
   330.23407711499300        1.9612751470448817     
   336.03444067013703        1.9591956024576955     
   341.93743510863715        1.9571243039132222     
   347.94488402154730        1.9550611699633758     
   354.05864348883330        1.9530061202444815     
   360.28060268136153        1.9509590755802548     
   366.61268443746707        1.9489199578821439     
   373.05684586311514        1.9468886901264888     
   379.61507895424637        1.9448651963908650     
   386.28941122067795        1.9428494018379203     
   393.08190629435120        1.9408412325671041     
   399.99466462688639        1.9388406158579621     
   407.02982407963657        1.9368474798204838     
   414.18956066018916        1.9348617537092272     
   421.47608915478281        1.9328833676713086     
   428.89166383279814        1.9309122527888742     
   436.43857917174626        1.9289483411514292     
   444.11917056103840        1.9269915657725396     
   451.93581502127330        1.9250418605251396     
   459.89093196791464        1.9230991602133127     
   467.98698396240638        1.9211634005289839     
   476.22647748205401        1.9192345180329358     
   484.61196369640157        1.9173124501076151     
   493.14603928997491        1.9153971350392223     
   501.83134724708435        1.9134885118908067     
   510.67057769895064        1.9115865205662892     
   519.66646875509116        1.9096911017543203     
   528.82180737369833        1.9078021969631780     
   538.13943021278169        1.9059197484283616     
   547.62222454786615        1.9040436992058747     
   557.27312914958077        1.9021739930634123     
   567.09513522320651        1.9003105745352902     
   577.09128734116723        1.8984533888930331     
   587.26468437641097        1.8966023820668707     
   597.61848050943490        1.8947575007536555     
   608.15588620227084        1.8929186923556267     
   618.88016918201083        1.8910859048995654     
   629.79465549449696        1.8892590871200432     
   640.90273054259126        1.8874381884334914     
   652.20784012902232        1.8856231588733898     
   663.71349155025439        1.8838139491221901     
   675.42325470740468        1.8820105105326279     
   687.34076319089172        1.8802127950201974     
   699.46971546393354        1.8784207551776519     
   711.81387598485526        1.8766343441615545     
   724.37707639789653        1.8748535157134341     
   737.16321675469430        1.8730782242021529     
   750.17626670525431        1.8713084245312190     
   763.42026677733861        1.8695440722178713     
   776.89932960079420        1.8677851232771550     
   790.61764124031879        1.8660315343197622     
   804.57946248647147        1.8642832624885695     
   818.78913020236996        1.8625402654742020     
   833.25105865970806        1.8608025014509582     
   847.96974095423286        1.8590699291395560     
   862.94975040635438        1.8573425077771830     
   878.19574198454779        1.8556201970847594     
   893.71245377863886        1.8539029572871386     
   909.50470848283430        1.8521907490970722     
   925.57741490310013        1.8504835336956227     
   941.93556951185076        1.8487812727536330     
   958.58425799690463        1.8470839283860716     
   975.52865687604287        1.8453914631815060     
   992.77416764786255        1.8437040860633256     
   1010.3258896057331        1.8420212666183939     
   1028.1894129756263        1.8403432170213616     
   1046.3702939735942        1.8386699013788850     
   1064.8741881994538        1.8370012844825852     
   1083.7068522626589        1.8353373315262269     
   1102.8741455884763        1.8336780080986677     
   1122.3820322879812        1.8320232802283416     
   1142.2365829937380        1.8303731143146647     
   1162.4439767907127        1.8287274771631621     
   1183.0105031482260        1.8270863359652332     
   1203.9425638970210        1.8254496582951953     
   1225.2466752511075        1.8238174121210844     
   1246.9294698249364        1.8221895657543050     
   1268.9976987488565        1.8205660878925130     
   1291.4582337695449        1.8189469475837310     
   1314.3180694188115        1.8173321142357564     
   1337.5843252162508        1.8157215576175250     
   1361.2642478800346        1.8141152478182239     
   1385.3652136377989        1.8125131552887885     
   1409.8947305209363        1.8109152508048405     
   1434.8604407338701        1.8093215054752512     
   1460.2701230601174        1.8077318907425641     
   1486.1316952915840        1.8061463783588476     
   1512.4532167310297        1.8045649403987121     
   1539.2428907147305        1.8029875492419531     
   1566.5090672054837        1.8014141775862988     
   1594.2602454038638        1.7998447984268231     
   1622.5050764278308        1.7982793850607441     
   1651.2523660224535        1.7967179110719858     
   1680.5110773435897        1.7951603503439248     
   1710.2903337560676        1.7936066770335686     
   1740.5994217355685        1.7920568656028526     
   1771.4477937348656        1.7905108907582401     
   1802.8450712312631        1.7889687275242350     
   1834.8010476688316        1.7874303511543281     
   1867.3256916037924        1.7858957371934527     
   1900.4291498002431        1.7843648614350285     
   1934.1217504607525        1.7828376999547060     
   1968.4140064073281        1.7813142290435058     
   2003.3166184797280        1.7797944252890816     
   2038.8404788280204        1.7782782655041234     
   2074.9966743609439        1.7767657267436552     
   2111.7964902496419        1.7752567863152335     
   2149.2514134555886        1.7737514217559880     
   2187.3731363664256        1.7722496108477488     
   2226.1735604597106        1.7707513316008090     
   2265.6648000369482        1.7692565622425880     
   2305.8591860769779        1.7677652812471512     
   2346.7692700696534        1.7662774672951118     
   2388.4078279943419        1.7647930992929879     
   2430.7878643184840        1.7633121563535199     
   2473.9226161422057        1.7618346178303692     
   2517.8255572855878        1.7603604632575189     
   2562.5104025854102        1.7588896723872514     
   2607.9911122025264        1.7574222251798899     
   2654.2818960217433        1.7559581018042036     
   2701.3972180931687        1.7544972826133582     
   2749.3518012198692        1.7530397481652205     
   2798.1606315966442        1.7515854792212477     
   2847.8389634814275        1.7501344567140784     
   2898.4023240449196        1.7486866617749353     
   2949.8665182734039        1.7472420757382645     
   3002.2476338818065        1.7458006801006622     
   3055.5620464309745        1.7443624565494775     
   3109.8264244495799        1.7429273869399469     
   3165.0577347495905        1.7414954533300349     
   3221.2732476784440        1.7400666379263778     
   3278.4905426258961        1.7386409231198809     
   3336.7275135427626        1.7372182914728425     
   3396.0023745683579        1.7357987257118932     
   3456.3336657704303        1.7343822087273089     
   3517.7402590152174        1.7329687235854900     
   3580.2413638367052        1.7315582534889444     
   3643.8565335943736        1.7301507818265889     
   3708.6056715637687        1.7287462921366743     
   3774.5090372125287        1.7273447681076173     
   3841.5872525873515        1.7259461935779867     
   3909.8613088368129        1.7245505525456242     
   3979.3525728175746        1.7231578291613268     
   4050.0827937934914        1.7217680077119375     
   4122.0741103316313        1.7203810726369428     
   4195.3490572680894        1.7189970085212412     
   4269.9305727837755        1.7176158000824759     
   4345.8420056994601        1.7162374321957192     
   4423.1071227558750        1.7148618898593559     
   4501.7501161307155        1.7134891582042429     
   4581.7956111466274        1.7121192225230055     
   4663.2686738919610        1.7107520682136885     
   4746.1948192107411        1.7093876808121853     
   4830.6000187763184        1.7080260460004306     
   4916.5107091788259        1.7066671495683161     
   5003.9538003677735        1.7053109774503676     
   5092.9566840239540        1.7039575156847804     
   5183.5472423355104        1.7026067504593163     
   5275.7538566460398        1.7012586680610087     
   5369.6054165477271        1.6999132549219098     
   5465.1313288129086        1.6985704975597888     
   5562.3615268788544        1.6972303826438400     
   5661.3264801375917        1.6958928969450846     
   5762.0572035621972        1.6945580273409173     
   5864.5852675915348        1.6932257608439798     
   5968.9428079498475        1.6918960845595186     
   6075.1625358815490        1.6905689857129744     
   6183.2777484252356        1.6892444516355336     
   6293.3223389482346        1.6879224697712829     
   6405.3308078263253        1.6866030276720581     
   6519.3382732850951        1.6852861129848731     
   6635.3804825546358        1.6839717134705379     
   6753.4938231039205        1.6826598169904661     
   6873.7153341642970        1.6813504115159572     
   6996.0827183082865        1.6800434851001509     
   7120.6343535116703        1.6787390259173600     
   7247.4093051154541        1.6774370222254855     
   7376.4473382582501        1.6761374623898058     
   7507.7889303465545        1.6748403348632102     
   7641.4752838654522        1.6735456281936540     
   7777.5483394280745        1.6722533310327485     
   7916.0507889238515        1.6709634321148847     
   8057.0260890802019        1.6696759202749081     
   8200.5184750953104        1.6683907844290573     
   8346.5729747172481        1.6671080135977934     
   8495.2354222645317        1.6658275968654410     
   8646.5524733782768        1.6645495234357792     
   8800.5716194522483        1.6632737825716004     
   8957.3412028280600        1.6620003636335281     
   9116.9104320169845        1.6607292560704348     
   9279.3293971809308        1.6594604494080953     
   9444.6490860368194        1.6581939332643256     
   9612.9213997779498        1.6569296973163867     
   9784.1991697754274        1.6556677313548971     
   9958.5361739137261        1.6544080252222000     
   10135.987153883385        1.6531505688644699     
   10316.607832156817        1.6518953522786011     
   10500.454929926242        1.6506423655671434     
   10687.586184715303        1.6493915988881445     
   10878.060368828194        1.6481430424884114     
   11071.937307743279        1.6468966866761838     
   11269.277899208300        1.6456525218504261     
   11470.144132305892        1.6444105384739853     
   11674.599107066784        1.6431707270779965     
   11882.707054512557        1.6419330782765265     
   12094.533356836555        1.6406975827497445     
   12310.144568038379        1.6394642312406713     
   12529.608435104630        1.6382330145751551     
   12752.993919230414        1.6370039236363729     
   12980.371217732860        1.6357769493807515     
   13211.811786188300        1.6345520828313795     
   13447.388361010944        1.6333293150772819     
   13687.174982465100        1.6321086372760449     
   13931.247017956586        1.6308900406404461     
   14179.681186129123        1.6296735164706755     
   14432.555580627850        1.6284590560971903     
   14689.949695290667        1.6272466509395600     
   14951.944449000719        1.6260362924739138     
   15218.622211270585        1.6248279722336880     
   15490.066828300682        1.6236216818118170     
   15766.363649617471        1.6224174128741773     
   16047.599554756069        1.6212151571278934     
   16333.862981087224        1.6200149063584324     
   16625.243951420212        1.6188166523928016     
   16921.834102746503        1.6176203871276693     
   17223.726715087214        1.6164261025161915     
   17531.016740909137        1.6152337905605998     
   17843.800835309350        1.6140434433271449     
   18162.177386464504        1.6128550529350005     
   18486.246546755592        1.6116686115573116     
   18816.110264483657        1.6104841114248267     
   19151.872316036613        1.6093015448191890     
   19493.638338781850        1.6081209040789817     
   19841.515864374956        1.6069421815910321     
   20195.614352819965        1.6057653697946237     
   20556.045227217004        1.6045904611911923     
   20922.921908729480        1.6034174483220633     
   21296.359852594909        1.6022463237794164     
   21676.476584739317        1.6010770802130248     
   22063.391738809820        1.5999097103189588     
   22457.227094024787        1.5987442068400941     
   22858.106613900502        1.5975805625802741     
   23266.156484990963        1.5964187703702974     
   23681.505157340682        1.5952588231054492     
   24104.283384886327        1.5941007137281666     
   24534.624266667590        1.5929444352176081     
   24972.663289235148        1.5917899806092457     
   25418.538369298509        1.5906373429799816     
   25872.389897515728        1.5894865154576303     
   26334.360782644915        1.5883374912038706     
   26804.596497123694        1.5871902634362847     
   27283.245122840599        1.5860448254119157     
   27770.457398112845        1.5849011704341753     
   28266.386765347110        1.5837592918500587     
   28771.189419480259        1.5826191830433705     
   29285.024357690687        1.5814808374501355     
   29808.053429385749        1.5803442485398629     
   30340.441387774714        1.5792094098342295     
   30882.355941573980        1.5780763148834325     
   31433.967808551035        1.5769449572902978     
   31995.450769250994        1.5758153306937561     
   32566.981722147855        1.5746874287759842     
   33148.740739410045        1.5735612452509742     
   33740.911124155617        1.5724367738768299     
   34343.679468509617        1.5713140084565456     
   34957.235712480011        1.5701929428285721     
   35581.773204094839        1.5690735708671495     
   36217.488760655098        1.5679558864840966     
   36864.582731143775        1.5668398836327706     
   37523.259059529380        1.5657255563021455     
   38193.725349422326        1.5646128985202048     
   38876.192929742610        1.5635019043509353     
   39570.876921606723        1.5623925678930946     
   40277.996306540343        1.5612848832838553     
   40997.773995687283        1.5601788446933429     
   41730.436900600333        1.5590744463322663     
   42476.216004853122        1.5579716824422678     
   43235.346437248954        1.5568705472982660     
   44008.067546528924        1.5557710352170568     
   44794.622976792300        1.5546731405432093     
   45595.260744890853        1.5535768576572708     
   46410.233318921710        1.5524821809734233     
   47239.797698261718        1.5513891049416049     
   48084.215494699973        1.5502976240384314     
   48943.753015837792        1.5492077327845255     
   49818.681348640457        1.5481194257183708     
   50709.276446125812        1.5470326974223860     
   51615.819214351199        1.5459475425088818     
   52538.595601294677        1.5448639556169652     
   53477.896687666922        1.5437819314193155     
   54434.018779219550        1.5427014646244686     
   55407.263500242996        1.5416225499657878     
   56397.937889494773        1.5405451822118768     
   57406.354497153225        1.5394693561572834     
   58432.831484057620        1.5383950666283204     
   59477.692722522843        1.5373223084829257     
   60541.267898870195        1.5362510766080602     
   61623.892617744626        1.5351813659158915     
   62725.908508956854        1.5341131713561933     
   63847.663335144469        1.5330464879011332     
   64989.511102081378        1.5319813105482079     
   66151.812171593367        1.5309176343373170     
   67334.933374418455        1.5298554543188787     
   68539.248127706975        1.5287947655830318     
   69765.136552734009        1.5277355632445779     
   71012.985595480568        1.5266778424454128     
   72283.189149256199        1.5256215983540584     
   73576.148179607524        1.5245668261668837     
   74892.270851270121        1.5235135211050821     
   76231.972657876133        1.5224616784213443     
   77595.676553198413        1.5214112933902977     
   78983.813085464586        1.5203623613134565     
   80396.820533898310        1.5193148775201561     
   81835.145047428188        1.5182688373630406     
   83299.240786336042        1.5172242362220458     
   84789.570066135799        1.5161810695023445     
   86306.603504018916        1.5151393326320866     
   87850.820168336475        1.5140990210672773     
   89422.707730096721        1.5130601302848143     
   91022.762618152439        1.5120226557921668     
   92651.490175935774        1.5109865931158892     
   94309.404822131954        1.5099519378090787     
   95997.030213451304        1.5089186854457159     
   97714.899411097300        1.5078868316273559     
   99463.555049552437        1.5068563719789603     
   101243.54950846753        1.5058273021460860     
   103055.44212234342        1.5047995744939031     
   104899.81117870453        1.5037732714989085     
   106777.23643245288        1.5027483453814703     
   108688.31102938474        1.5017247918987227     
   110633.63876718545        1.5007026068107694     
   112613.83428829942        1.4996817859005978     
   114629.52327504972        1.4986623249762738     
   116681.34264721190        1.4976442198593680     
   118769.94076575444        1.4966274664073460     
   120895.97763641983        1.4956120604866119     
   123060.12512040939        1.4945979979897634     
   125263.06714754675        1.4935852748356608     
   127505.49993202947        1.4925738869548699     
   129788.13219435274        1.4915638303027445     
   132111.68538634584        1.4905551008614011     
   134476.89391860212        1.4895476946231629     
   136884.50539517924        1.4885416076100644     
   139335.28084967553        1.4875368358611940     
   141829.99498656322        1.4865333754317558     
   144369.43642787199        1.4855312224025892     
   146954.40796268656        1.4845303728724124     
   149585.72680230558        1.4835308229623863     
   152264.22483860425        1.4825325688067474     
   154990.74890896323        1.4815356065626217     
   157766.16106539479        1.4805399324136048     
   160591.33884618475        1.4795455425515649     
   163467.17555587881        1.4785524331913509     
   166394.58054848688        1.4775606005680213     
   169374.47951631257        1.4765700409389264     
   172407.81478201554        1.4755807505687739     
   175495.54560022213        1.4745927257521263     
   178638.64845991725        1.4736059627955342     
   181838.11739568866        1.4726204580289006     
   185094.96430206989        1.4716362077959175     
   188410.21925486016        1.4706532084556738     
   191784.93084002152        1.4696714563978768     
   195220.16648292949        1.4686909480148169     
   198717.01278983837        1.4677116797223151     
   202276.57589256082        1.4667336479575441     
   205899.98179818547        1.4657568491687341     
   209588.37674827615        1.4647812798280930     
   213342.92758083454        1.4638069364181607     
   217164.82210220219        1.4628338154424700     
   221055.26946310519        1.4618619134183792     
   225015.50054380624        1.4608912268857419     
   229046.76834289150        1.4599217523937740     
   233150.34837718992        1.4589534865149791     
   237327.53908442627        1.4579864258304054     
   241579.66223840960        1.4570205669481178     
   245908.06336528997        1.4560559064820855     
   250314.11217360166        1.4550924410695618     
   254799.20298658815        1.4541301673557496     
   259364.75518855779        1.4531690820148648     
   264012.21367047395        1.4522091817208951     
   268743.04929400480        1.4512504631773693     
   273558.75935409742        1.4502929230923427     
   278460.86805818178        1.4493365581988600     
   283450.92700679187        1.4483813652367230     
   288530.51568931236        1.4474273409684153     
   293701.24198274943        1.4464744821645044     
   298964.74266468117        1.4455227856155330     
   304322.68393280619        1.4445722481303269     
   309776.76193114102        1.4436228665218431     
   315328.70329228137        1.4426746376244723     
   320980.26568436221        1.4417275582870470     
   326733.23836982728        1.4407816253751278     
   332589.44277166977        1.4398368357618887     
   338550.73305463692        1.4388931863401000     
   344618.99671288516        1.4379506740163011     
   350796.15516964218        1.4370092957113438     
   357084.16438658314        1.4360690483565366     
   363485.01548706868        1.4351299289015673     
   370000.73538678361        1.4341919343069063     
   376633.38743903651        1.4332550615494823     
   383385.07208860270        1.4323193076163692     
   390257.92754100537        1.4313846695124941     
   397254.13043976674        1.4304511442529648     
   404375.89655981393        1.4295187288700963     
   411625.48150818335        1.4285874204018123     
   419005.18144539866        1.4276572159085563     
   426517.33381056145        1.4267281124576574     
   434164.31806690106        1.4258001071334179     
   441948.55645598524        1.4248731970309483     
   449872.51476766315        1.4239473792573745     
   457938.70312401600        1.4230226509333939     
   466149.67677675473        1.4220990091926593     
   474508.03692024777        1.4211764511850384     
   483016.43151596462        1.4202549740700936     
   491677.55613296456        1.4193345750146262     
   500494.15480935044        1.4184152512069825     
   509469.02091897477        1.4174969998415288     
   518604.99806198903        1.4165798181270255     
   527904.98096825567        1.4156637032857533     
   537371.91641534877        1.4147486525482929     
   547008.80416844180        1.4138346631626395     
   556818.69792961830        1.4129217323834582     
   566804.70631164731        1.4120098574806774     
   576969.99382450350        1.4110990357356024     
   587317.78188061062        1.4101892644396805     
   597851.34981989604        1.4092805408974194     
   608574.03595176642        1.4083728624254874     
   619489.23861408187        1.4074662263478896     
   630600.41725700547        1.4065606300045417     
   641911.09354226408        1.4056560707500809     
   653424.85245579481        1.4047525459389996     
   665145.34345678578        1.4038500529466627     
   677076.28163365694        1.4029485891599445     
   689221.44888125663        1.4020481519695080     
   701584.69510992221        1.4011487387840980     
   714169.93946299236        1.4002503470174319     
   726981.17156844982        1.3993529740997699     
   740022.45280339243        1.3984566174700919     
   753297.91758474649        1.3975612745754238     
   766811.77468643989        1.3966669428760901     
   780568.30857787654        1.3957736198461743     
   794571.88078102481        1.3948813029642944     
   808826.93126185809        1.3939899897223038     
   823337.97984019120        1.3930996776219426     
   838109.62762814714        1.3922103641771792     
   853146.55849200196        1.3913220469122183     
   868453.54053908912        1.3904347233576506     
   884035.42763886100        1.3895483910585926     
   899897.16096263903        1.3886630475686275     
   916043.77055394638        1.3877786904486160     
   932480.37693481077        1.3868953172770822     
   949212.19272320194        1.3860129256336786     
   966244.52430107980        1.3851315131149178     
   983582.77349403000        1.3842510773225227     
   1001232.4392933027        1.3833716158696390     
   1019199.1196044983        1.3824931263805724     
   1037488.5130256963        1.3816156064877989     
   1056106.4206593486        1.3807390538315174     
   1075058.7479634108        1.3798634660677545     
   1094351.5066156944        1.3789888408503825     
   1113990.8164459157        1.3781151758569623     
   1133982.9073658539        1.3772424687676865     
   1154334.1213521340        1.3763707172675408     
   1175050.9144746333        1.3754999190598880     
   1196139.8589367208        1.3746300718504219     
   1217607.6451719385        1.3737611733547821     
   1239461.0839761640        1.3728932213029919     
   1261707.1086644002        1.3720262134285095     
   1284352.7772862019        1.3711601474793766     
   1307405.2748568512        1.3702950212030460     
   1330871.9156616295        1.3694308323664739     
   1354760.1455662991        1.3685675787387490     
   1379077.5443950314        1.3677052581008793     
   1403831.8283375327        1.3668438682414297     
   1429030.8524073137        1.3659834069600203     
   1454682.6129317328        1.3651238720587748     
   1480795.2501118004        1.3642652613574762     
   1507377.0505915049        1.3634075726742623     
   1534436.4501174265        1.3625508038471665     
   1561982.0361983343        1.3616949527119426     
   1590022.5508573188        1.3608400171200583     
   1618566.8933998330        1.3599859949267972     
   1647624.1232574268        1.3591328840017556     
   1677203.4628542480        1.3582806822153513     
   1707314.3005554220        1.3574293874505785     
   1737966.1936484990        1.3565789975980647     
   1769168.8713867371        1.3557295105578240     
   1800932.2380792832        1.3548809242348914     
   1833266.3762503841        1.3540332365452097     
   1866181.5498403499        1.3531864454099969     
   1899688.2074800828        1.3523405487619651     
   1933796.9858079271        1.3514955445393375     
   1968518.7128584126        1.3506514306887116     
   2003864.4115067960        1.3498082051641414     
   2039845.3029777547        1.3489658659277091     
   2076472.8104179001        1.3481244109504533     
   2113758.5625295248        1.3472838382111967     
   2151714.3972657877        1.3464441456929681     
   2190352.3656109865        1.3456053313911467     
   2229684.7354018320        1.3447673933045381     
   2269723.9952433710        1.3439303294425107     
   2310482.8584745340        1.3430941378193353     
   2351974.2672273088        1.3422588164617169     
   2394211.3965286287        1.3414243633986105     
   2437207.6585026667        1.3405907766665173     
   2480976.7066475404        1.3397580543136138     
   2525532.4401654224        1.3389261943909911     
   2570889.0083996668        1.3380951949597935     
   2617060.8153311936        1.3372650540870936     
   2664062.5241656746        1.3364357698471345     
   2711909.0620019985        1.3356073403217190     
   2760615.6245809863        1.3347797635987433     
   2810197.6811312363        1.3339530377763680     
   2860670.9792823736        1.3331271609575102     
   2912051.5500779394        1.3323021312499224     
   2964355.7130911332        1.3314779467719284     
   3017600.0816127481        1.3306546056488355     
   3071801.5679267813        1.3298321060071323     
   3126977.3887298224        1.3290104459899379     
   3183145.0705685909        1.3281896237379036     
   3240322.4554573558        1.3273696374053929     
   3298527.7065290264        1.3265504851480294     
   3357779.3138418123        1.3257321651325886     
   3418096.1002460653        1.3249146755287997     
   3479497.2273950186        1.3240980145164170     
   3542002.2018302255        1.3232821802790917     
   3605630.8812031848        1.3224671710085252     
   3670403.4805964013        1.3216529849037169     
   3736340.5789526957        1.3208396201682826     
   3803463.1256343997        1.3200270750128740     
   3871792.4470973047        1.3192153476562138     
   3941350.2536660600        1.3184044363197680     
   4012158.6464696839        1.3175943392353957     
   4084240.1244662423        1.3167850546407482     
   4157617.5916033601        1.3159765807780113     
   4232314.3641206035        1.3151689158967752     
   4308354.1779643157        1.3143620582508251     
   4385761.1963608582        1.3135560061026219     
   4464560.0175028201        1.3127507577204811     
   4544775.6823836304        1.3119463113788776     
   4626433.6827678429        1.3111426653571743     
   4709559.9693214195        1.3103398179430030     
   4794180.9598598750        1.3095377674275208     
   4880323.5477785310        1.3087365121100936     
   4968015.1106052902        1.3079360502948263     
   5057283.5187190678        1.3071363802903688     
   5148157.1442517154        1.3063375004164419     
   5240664.8700877409        1.3055394089941927     
   5334836.0990741821        1.3047421043491587     
   5430700.7634196887        1.3039455848195336     
   5528289.3341752486        1.3031498487430069     
   5627632.8309762115        1.3023548944657417     
   5728762.8319123313        1.3015607203397546     
   5831711.4835733408        1.3007673247199867     
   5936511.5113249188        1.2999747059724578     
   6043196.2296864679        1.2991828624637836     
   6151799.5529858656        1.2983917925706208     
   6262356.0061155213        1.2976014946694576     
   6374900.7355835531        1.2968119671479283     
   6489469.5206848178        1.2960232083992962     
   6606098.7848661570        1.2952352168160348     
   6724825.6073945276        1.2944479908028597     
   6845687.7351229712        1.2936615287673372     
   6968723.5945316087        1.2928758291230427     
   7093972.3039548639        1.2920908902868367     
   7221473.6860732138        1.2913067106842695     
   7351268.2805794645        1.2905232887456202     
   7483397.3570813099        1.2897406229036856     
   7617902.9282830460        1.2889587115996730     
   7754827.7633480784        1.2881775532791140     
   7894215.4015354002        1.2873971463935456     
   8036110.1660509873        1.2866174893971327     
   8180557.1782026533        1.2858385807520563     
   8327602.3717686310        1.2850604189270165     
   8477292.5075901020        1.2842830023905607     
   8629675.1885334924        1.2835063296209235     
   8784798.8746230416        1.2827303991004715     
   8942712.8984800577        1.2819552093154927     
   9103467.4810546320        1.2811807587580126     
   9267113.7476421744        1.2804070459276429     
   9433703.7441159841        1.2796340693234143     
   9603290.4535933565        1.2788618274551042     
   9775927.8132478558        1.2780903188333854     
   9951670.7315546032        1.2773195419775667     
   10130575.105736924        1.2765494954088497     
   10312697.839599373        1.2757801776530713     
   10498096.861684013        1.2750115872434320     
   10686831.143723791        1.2742437227193992     
   10878960.719368301        1.2734765826186618     
   11074546.703420723        1.2727101654897579     
   11273651.311257716        1.2719444698850910     
   11476337.878652221        1.2711794943604433     
   11682670.881957209        1.2704152374749444     
   11892715.958708324        1.2696516977969086     
   12106539.928472593        1.2688888738960118     
   12324210.814159844        1.2681267643451399     
   12545797.863792123        1.2673653677295460     
   12771371.572390396        1.2666046826278672     
   13001003.704642255        1.2658447076324963     
   13234767.317652548        1.2650854413370136     
   13472736.784239652        1.2643268823374665     
   13714987.816736288        1.2635690292413235     
   13961597.490971221        1.2628118806531725     
   14212644.270935213        1.2620554351841073     
   14468208.033794172        1.2612996914517878     
   14728370.095322944        1.2605446480778828     
   14993213.235818297        1.2597903036874898     
   15262821.726503296        1.2590366569106308     
   15537281.356372617        1.2582837063807835     
   15816679.459569685        1.2575314507373421     
   16101104.943202503        1.2567798886235761     
   16390648.315692769        1.2560290186872372     
   16685401.715606308        1.2552788395788836     
   16985458.941092309        1.2545293499569203     
   17290915.479684852        1.2537805484799729     
   17601868.538826127        1.2530324338131089     
   17918417.076837648        1.2522850046263572     
   18240661.834442187        1.2515382595928199     
   18568705.366873130        1.2507921973882514     
   18902652.076649491        1.2500468166964458     
   19242608.246762741        1.2493021162025124     
   19588682.074614264        1.2485580945964558     
   19940983.706523221        1.2478147505738488     
   20299625.272755098        1.2470720828302340     
   20664720.923420534        1.2463300900704384     
   21036386.864736822        1.2455887710001974     
   21414741.396176137        1.2448481243320646     
   21799904.948040254        1.2441081487769441     
   22192000.120087381        1.2433688430573833     
   22591151.720398374        1.2426302058945202     
   22997486.805293195        1.2418922360150748     
   23411134.719834045        1.2411549321507005     
   23832227.139040258        1.2404182930364329     
   24260898.109848864        1.2396823174093736     
   24697284.093926270        1.2389470040123149     
   25141524.011192594        1.2382123515940611     
   25593759.283988599        1.2374783589028922     
   26054133.882332869        1.2367450246945764     
   26522794.369753394        1.2360123477283924     
   26999889.949930977        1.2352803267628449     
   27485572.514497366        1.2345489605658930     
   27979996.691355731        1.2338182479092930     
   28483319.893883716        1.2330881875639212     
   28995702.371316928        1.2323587783079946     
   29517307.259745307        1.2316300189222515     
   30048300.634203784        1.2309019081927226     
   30588851.561524853        1.2301744449061160     
   31139132.154448096        1.2294476278576243     
   31699317.626263872        1.2287214558409407     
   32269586.346904017        1.2279959276567518     
   32850119.899727385        1.2272710421086344     
   33441103.139439575        1.2265467980033642     
   34042724.251047209        1.2258231941508757     
   34655174.809948154        1.2251002293668103     
   35278649.842903219        1.2243779024678079     
   35913347.890361302        1.2236562122758874     
   36559471.069735445        1.2229351576166758     
   37217225.139921121        1.2222147373211261     
   37886819.566645719        1.2214949502163548     
   38568467.589770563        1.2207757951418279     
   39262386.290852763        1.2200572709344710     
   39968796.662741564        1.2193393764400284     
   40687923.679721460        1.2186221105021748     
   41419996.369554810        1.2179054719712779     
   42165247.886462256        1.2171894597019712     
   42923915.585333005        1.2164740725485059     
   43696241.097734891        1.2157593093733583     
   44482470.408698589        1.2150451690387711     
   45282853.935353398        1.2143316504116051     
   46097646.606757626        1.2136187523618840     
   46927107.945240371        1.2129064737633108     
   47771502.149280697        1.2121948134955396     
   48631098.177468330        1.2114837704359698     
   49506169.834621757        1.2107733434680297     
   50396995.859135829        1.2100635314809416     
   51303860.011613198        1.2093543333626333     
   52227051.165736184        1.2086457480081858     
   53166863.400185898        1.2079377743140836     
   54123596.092602454        1.2072304111815280     
   55097554.014918216        1.2065236575124167     
   56089047.430806659        1.2058175122142392     
   57098392.194454767        1.2051119741953797     
   58125909.851611331        1.2044070423710869     
   59171927.741786972        1.2037027156552642     
   60236779.103161506        1.2029989929702909     
   61320803.178343676        1.2022958732355837     
   62424345.323195741        1.2015933553794598     
   63547757.116473287        1.2008914383282581     
   64691396.472467065        1.2001901210154764     
   65855627.754959978        1.1994894023770497     
   67040821.893398866        1.1987892813498939     
   68247356.501463920        1.1980897568759008     
   69475615.997439772        1.1973908278997987     
   70725991.726766348        1.1966924933673619     
