   1.7226174936891665        6.9121533480721364     
   1.7491757415565596        6.8262230851134653     
   1.7748901876021193        6.7421710916341855     
   1.7998001047939318        6.6599529938508120     
   1.8239340482933697        6.5795230238815776     
   1.8473201976090612        6.5008363629677932     
   1.8699863243241186        6.4238491600171734     
   1.8919597609259453        6.3485185483091593     
   1.9132673629611625        6.2748026577252141     
   1.9339354808652007        6.2026606261990285     
   1.9539899212534459        6.1320526048482868     
   1.9734559174656023        6.0629397616032001     
   1.9923581031157822        5.9952842813308633     
   2.0107204833621162        5.9290493612933499     
   2.0285664133082495        5.8641992042642519     
   2.0459185794961727        5.8006990083323178     
   2.0627989390947277        5.7385149423842048     
   2.0792288921485138        5.6776142038054402     
   2.0952289958513228        5.6179648245740239     
   2.1108191544747577        5.5595358551235652     
   2.1260185641611753        5.5022972286365306     
   2.1408457160314249        5.4462197630074218     
   2.1553184051253007        5.3912751378561339     
   2.1694537359986912        5.3374358696863764     
   2.1832681337062700        5.2846752870562170     
   2.1967773590581197        5.2329675060126153     
   2.2099965162207993        5.1822874037109887     
   2.2229400754878679        5.1326105946205729     
   2.2356218809747577        5.0839134042518062     
   2.2480551784173386        5.0361728463639706     
   2.2602526209983123        4.9893665971577512     
   2.2722262994035334        4.9434729735363607     
   2.2839877509938442        4.8984709090785765     
   2.2955479838174586        4.8543399326071119     
   2.3069174939363850        4.8110601466368514     
   2.3181069424292571        4.7686122836428133     
   2.3291247741153853        4.7269772303378774     
   2.3399803191386317        4.6861370491977592     
   2.3506823786764546        4.6460738029761721     
   2.3612391636909318        4.6067701679855979     
   2.3716584796105669        4.5682092820762641     
   2.3819477409392906        4.5303747282506857     
   2.3921139936477136        4.4932505194835661     
   2.4021639246719539        4.4568210837463482     
   2.4121290412599383        4.4210543252281447     
   2.4219673636495425        4.3859682534138793     
   2.4317076744251702        4.3515324963340678     
   2.4413554081070212        4.3177329967513440     
   2.4509157152165448        4.2845560469461050     
   2.4603934751356458        4.2519882774332487     
   2.4697933082014694        4.2200166461832627     
   2.4791195873140759        4.1886284283200661     
   2.4883764492721099        4.1578112062619805     
   2.4975678055074346        4.1275528602953688     
   2.5066973522379481        4.0978415595653566     
   2.5157685804518026        4.0686657534375748     
   2.5247847855411312        4.0400141632139155     
   2.5337490760037880        4.0118757742387707     
   2.5426643824585993        3.9842398282760096     
   2.5515334654857122        3.9570958162723224     
   2.5603589240354090        3.9304334713192919     
   2.5691432025974659        3.9042427619925286     
   2.5778885986292059        3.8785138858927368     
   2.5865972693710146        3.8532372634732210     
   2.5952712382526819        3.8284035321190943     
   2.6039124011910659        3.8040035404421557     
   2.6125225319019485        3.7800283428958812     
   2.6211032908076208        3.7564691940528920     
   2.6296562248748128        3.7333175443355002     
   2.6259077332423817        3.7124832139087705     
   2.6466840734036228        3.6882035189507620     
   2.6551620463297221        3.6662249177848629     
   2.6636171955564594        3.6446214996055097     
   2.6720508605483224        3.6233855867248210     
   2.6804641319904241        3.6025096891959816     
   2.6888581050832228        3.5819864676042648     
   2.6972340043399732        3.5618087073015423     
   2.7055933264446610        3.5419692874916704     
   2.7139381864878218        3.5224611104312120     
   2.7222719486578852        3.5032769709651310     
   2.7306004062839202        3.4844093094634090     
   2.7389341285449289        3.4658497111022544     
   2.7471411956475498        3.4476147531377719     
   2.7554078888635605        3.4296672670153479     
   2.7636641554906198        3.4120127310231037     
   2.7719136900113397        3.3946448822435924     
   2.7801597718159994        3.3775588172540711     
   2.7883194486294065        3.3607585158996782     
   2.7965314703184849        3.3442187497811160     
   2.8046872235571065        3.3279536622908967     
   2.8128612243958524        3.3119421792919139     
   2.8375232675226294        3.2653710369830113     
   2.8457741504478751        3.2503203049434832     
   2.9649604564306289        3.1827932825493548     
   2.8929036323777662        3.1891013165696398     
   2.9344431470561876        3.1669568415114959     
   2.8698934450656215        3.1704758969277913     
   3.0019130306255555        3.1260303394460740     
   2.9272947846073381        3.1342020045215366     
   2.8492316058747140        3.1402707134080892     
   2.9789760803005247        3.0886051007215376     
   2.8533525257237242        3.1065054312252562     
   2.8130939320065647        3.1031973943218718     
   2.9738366636391591        3.0391139591022469     
   2.9830772923482534        3.0272005987776338     
   3.0004427259383908        3.0134477562737034     
   2.9973405488776361        3.0048955868070291     
   3.0052551305591275        2.9937914444569493     
   3.0132377470522305        2.9828268358832730     
   3.0210052467741706        2.9720660577077656     
   3.0288506905514048        2.9614360941739397     
   3.0366750527548403        2.9509578636933287     
   3.0444768365449644        2.9406299464704446     
   3.0522443805509192        2.9304492128441209     
   3.0600124723159956        2.9204067404589855     
   3.0677681080381385        2.9105026965440439     
   3.0755075012776918        2.9007352398213682     
   3.0832298374351748        2.8911019199959416     
   3.0909350771301485        2.8816001729876581     
   3.0986232984461579        2.8722274663613607     
   3.1063452824152673        2.8629718756395164     
   3.1139799488122821        2.8538539323578567     
   3.1216047797240569        2.8448562471069874     
   3.1292167154871873        2.8359772127042238     
   3.1368140462383662        2.8272149428681357     
   3.1443955850868672        2.8185674822534623     
   3.1519605227801630        2.8100328365715237     
   3.1595082526038509        2.8016090128732962     
   3.1670383279126213        2.7932940266517914     
   3.1745503852228403        2.7850859189159456     
   3.1820441379305988        2.7769827556377673     
   3.1895193326636697        2.7689826372489335     
   3.1969757477878598        2.7610836975824449     
   3.2044131866574985        2.7532841043463154     
   3.2118314612597163        2.7455820622288822     
   3.2192303984978734        2.7379758102954290     
   3.2266098331500510        2.7304636228627590     
   3.2339696059253122        2.7230438091527178     
   3.2413095651081871        2.7157147120343383     
   3.2486295630253483        2.7084747081612353     
   3.2559294569018746        2.7013222069910396     
   3.2632091081362034        2.6942556502523547     
   3.2704683826537244        2.6872735111381276     
   3.2777071505210960        2.6803742937245318     
   3.2849252855420019        2.6735565324035253     
   3.2921226656486589        2.6668187911305896     
   3.2992991723707705        2.6601596629195274     
   3.3064546915418367        2.6535777690410614     
   3.3135891125258139        2.6470717586081998     
   3.3207023288633675        2.6406403078143890     
   3.3277942377036638        2.6342821194951878     
   3.3348647401881446        2.6279959224561353     
   3.3419137412494959        2.6217804709648962     
   3.3489411496691046        2.6156345441871149     
   3.3559468779726149        2.6095569456757821     
   3.3629308424746700        2.6035465028335536     
   3.3698929633168113        2.5976020663866133     
   3.3768331643213556        2.5917225099177217     
   3.3837513730145505        2.5859067293652713     
   3.3906475206009494        2.5801536425454028     
   3.3975215419162157        2.5744621886895906     
   3.4043733754235315        2.5688313279803081     
   3.4112029631118874        2.5632600411224820     
   3.4180102505197754        2.5577473288910149     
   3.4247951866710515        2.5522922117108147     
   3.4315577240087500        2.5468937292460914     
   3.4382978183916690        2.5415509399823542     
   3.4450154290399055        2.5362629208301950     
   3.4517105184613577        2.5310287667426019     
   3.4583830524294914        2.5258475903272410     
   3.4650329999281220        2.5207185214756178     
   3.4716603331173967        2.5156407069943141     
   3.4782650272738422        2.5106133102515340     
   3.4848470606997535        2.5056355108384820     
   3.4914064147717245        2.5007065042027539     
   3.4979430737754207        2.4958255013442665     
   3.5044570249621283        2.4909917284611911     
   3.5109482583967977        2.4862044266566969     
   3.5174167669933118        2.4814628516043098     
   3.5238625464153652        2.4767662732549902     
   3.5302855950283121        2.4721139755375701     
   3.5366859138632263        2.4675052560624073     
   3.5430635065536258        2.4629394258389770     
   3.5494183792889555        2.4584158089948964     
   3.5557505407737420        2.4539337424999661     
   3.5620600021586002        2.4494925759034163     
   3.5683467769941695        2.4450916710710833     
   3.5746108811923318        2.4407304019265794     
   3.5808523329605428        2.4364081542049529     
   3.5870711527627996        2.4321243252051348     
   3.5932673632717540        2.4278783235499710     
   3.5994409893144530        2.4236695689533692     
   3.6055920578147882        2.4194974919934067     
   3.6117205977637892        2.4153615338833316     
   3.6178266401637016        2.4112611462543989     
   3.6239102179739042        2.4071957909430499     
   3.6299713660739434        2.4031649397785690     
   3.6360101212151599        2.3991680743782013     
   3.6420265219708052        2.3952046859474807     
   3.6480206086917617        2.3912742750833504     
   3.6539924234672978        2.3873763515805422     
   3.6599420100713842        2.3835104342460425     
   3.6658694139252050        2.3796760507134160     
   3.6717746820553741        2.3758727372624984     
   3.6776578630489061        2.3721000386438891     
   3.6835190070084467        2.3683575079074770     
   3.6893581655134660        2.3646447062330784     
   3.6951753915834415        2.3609612027645404     
   3.7009707396279228        2.3573065744508641     
   3.7067442654116061        2.3536804058870930     
   3.7124960260257867        2.3500822891570796     
   3.7182260798280993        2.3465118236879667     
   3.7239344864238433        2.3429686160973553     
   3.7296213066188013        2.3394522800510882     
   3.7352866023794520        2.3359624361224256     
   3.7409304368147560        2.3324987116488822     
   3.7465528741144394        2.3290607406033694     
   3.7521539795393024        2.3256481634549604     
   3.7577338193631329        2.3222606270452206     
   3.7633094562686606        2.3188965560074482     
   3.7688460756938480        2.3155582381733675     
   3.7743625525935425        2.3122437190856782     
   3.7798580194975391        2.3089528939081139     
   3.7853325629189758        2.3056854366684005     
   3.7907862530714178        2.3024410301925622     
   3.7962191638313620        2.2992193621341390     
   3.8016313673162241        2.2960201262098097     
   3.8070229390459933        2.2928430207834318     
   3.8123939533764033        2.2896877499065722     
   3.8177444857111875        2.2865540226591614     
   3.8230746123809740        2.2834415530577425     
   3.8283844105770846        2.2803500599716107     
   3.8336739571698759        2.2772792673347269     
   3.8389433305481675        2.2742289035478565     
   3.8441926095678456        2.2711987016810955     
   3.8494218727646725        2.2681883995491661     
   3.8546312004053371        2.2651977391148241     
   3.8598206719342674        2.2622264670347771     
   3.8649903679624198        2.2592743340707018     
   3.8701403699846084        2.2563410950622864     
   3.8752707588876176        2.2534265092305401     
   3.8803816167321932        2.2505303396325744     
   3.8854730254844969        2.2476523534056669     
   3.8905450674838380        2.2447923215657370     
   3.8955978258222088        2.2419500188255412     
   3.9006313831592796        2.2391252238308299     
   3.9056458229624265        2.2363177187459393     
   3.9106412291540522        2.2335272892982538     
   3.9156176856184972        2.2307537248003824     
   3.9205752758285386        2.2279968182064884     
   3.9255140849660961        2.2252563654633151     
   3.9304341966347973        2.2225321663107755     
   3.9353356958488535        2.2198240234424484     
   3.9402186675736361        2.2171317428013850     
   3.9450831965159168        2.2144551335861080     
   3.9499293678102276        2.2117940079964415     
   3.9547572666944730        2.2091481812695211     
   3.9595669784855252        2.2065174716129663     
   3.9643585884102390        2.2039017001954431     
   3.9691321816701772        2.2013006910661255     
   3.9738878440537704        2.1987142709503908     
   3.9786256609192057        2.1961422694452000     
   3.9833457175259568        2.1935845188817531     
   3.9880480999391299        2.1910408540471824     
   3.9927328930534736        2.1885111126282997     
   3.9974001827542294        2.1859951346094775     
   4.0020500541976567        2.1834927626691192     
   4.0066825929502254        2.1810038418300470     
   4.0112978845896352        2.1785282195244990     
   4.0158960139501074        2.1760657457220685     
   4.0204770663832887        2.1736162725797423     
   4.0250411272475297        2.1711796545161706     
   4.0295882813157000        2.1687557483245254     
   4.0341186134906728        2.1663444129395755     
   4.0386322089740831        2.1639455093580020     
   4.0431291519205121        2.1615589009372989     
   4.0476095273659336        2.1591844528658064     
   4.0520734191458425        2.1568220326474710     
   4.0565209118571115        2.1544715095683764     
   4.0609520897294331        2.1521327549482727     
   4.0653670363084125        2.1498056421708687     
   4.0697658355012898        2.1474900464000228     
   4.0741485708652529        2.1451858447030663     
   4.0785153256939424        2.1428929160121841     
   4.0828661834361917        2.1406111409748942     
   4.0872012264529358        2.1383404022347152     
   4.0915205379798589        2.1360805839014230     
   4.0958242003152501        2.1338315719809180     
   4.1001122958299856        2.1315932540824125     
   4.1043849064422613        2.1293655195270702     
   4.1086421140644136        2.1271482591919582     
   4.1128840003099514        2.1249413655723481     
   4.1171106463837264        2.1227447327620892     
   4.1213221333803078        2.1205582563596765     
   4.1255185419864944        2.1183818335133755     
   4.1296999529424880        2.1162153627768596     
   4.1338664465745465        2.1140587442016052     
   4.1380181023855851        2.1119118794048477     
   4.1421550004347427        2.1097746712122278     
   4.1462772200398552        2.1076470239424263     
   4.1503848402936212        2.1055288432642207     
   4.1544779401877232        2.1034200361320972     
   4.1585565980358314        2.1013205109160280     
   4.1626208922966406        2.0992301771622395     
   4.1666709006855971        2.0971489457999026     
   4.1707067008101522        2.0950767289602150     
   4.1747283701084639        2.0930134399588507     
   4.1787359855576049        2.0909589933621038     
   4.1827296235558604        2.0889133049842781     
   4.1867093609838886        2.0868762916047610     
   4.1906752732001591        2.0848478714526659     
   4.1946274365508929        2.0828279635503240     
   4.1985659259231918        2.0808164883185523     
   4.2024908164449455        2.0788133671189217     
   4.2064021830930596        2.0768185223392464     
   4.2103001000428169        2.0748318775409986     
   4.2141846411540120        2.0728533573161001     
   4.2180558803171539        2.0708828871779259     
   4.2219138908723313        2.0689203936991345     
   4.2257587457565080        2.0669658044501014     
   4.2295905175953967        2.0650190479648804     
   4.2334092788907816        2.0630800536711176     
   4.2372151013519064        2.0611487520476262     
   4.2410080567194912        2.0592250743990435     
   4.2447882162071391        2.0573089529833988     
   4.2485556507976607        2.0554003209186678     
   4.2523104308927451        2.0534991122578008     
   4.2560526269269001        2.0516052618215337     
   4.2597823085566766        2.0497187053852248     
   4.2634995453928450        2.0478393794825522     
   4.2672044064999497        2.0459672215176243     
   4.2708969605245173        2.0441021697184452     
   4.2745772761936118        2.0422441629983696     
   4.2782454214335246        2.0403931411660228     
   4.2819014637449113        2.0385490448185095     
   4.2855454707081861        2.0367118152001829     
   4.2891775092792015        2.0348813943666175     
   4.2927976459479913        2.0330577251387996     
   4.2964059470982203        2.0312407509943680     
   4.3000024786893549        2.0294304161372319     
   4.3035873060631200        2.0276266655385848     
   4.3071604946659177        2.0258294447435783     
   4.3107221090561056        2.0240387001026878     
   4.3142722138068041        2.0222543785490901     
   4.3178108731273195        2.0204764276651241     
   4.3213381506064499        2.0187047957518143     
   4.3248541097650230        2.0169394316723932     
   4.3283588134228967        2.0151802850029532     
   4.3318523245046610        2.0134273058217866     
   4.3353347052228433        2.0116804449025238     
   4.3388060175252221        2.0099396535961525     
   4.3422663228957221        2.0082048838699471     
   4.3457156827429326        2.0064760881977568     
   4.3491541579331869        2.0047532196749138     
   4.3525818089289103        2.0030362319718433     
   4.3559986959544128        2.0013250792823443     
   4.3594048788229509        1.9996197163618099     
   4.3628004169697672        1.9979200985080687     
   4.3661853695926460        1.9962261815228066     
   4.3695597953694421        1.9945379217670161     
   4.3729237528098306        1.9928552760734590     
   4.3762772999491073        1.9911782018102653     
   4.3796185585934921        1.9895071072685941     
   4.3829514809655867        1.9878410452248911     
   4.3862741565371888        1.9861804307363355     
   4.3895866505472760        1.9845252220491325     
   4.3928890191818901        1.9828753789760936     
   4.3961813184334462        1.9812308617597623     
   4.3994636040621611        1.9795916310686719     
   4.4027359312562178        1.9779576480801935     
   4.4059983550714463        1.9763288743607965     
   4.4092509301531333        1.9747052719327234     
   4.4124937108082509        1.9730868032456854     
   4.4157267510163027        1.9714734311714772     
   4.4189501043021027        1.9698651190293845     
   4.4221638240652696        1.9682618304976209     
   4.4253679632169742        1.9666635296973956     
   4.4285625744276844        1.9650701811285467     
   4.4317477099940454        1.9634817496936403     
   4.4349234218224929        1.9618982007006607     
   4.4380897616590502        1.9603194997965407     
   4.4412467807832048        1.9587456130418284     
   4.4443945302110031        1.9571765068518121     
   4.4475330606351546        1.9556121480101010     
   4.4506624223604199        1.9540525036773242     
   4.4537826654515449        1.9524975413491632     
   4.4568938396221007        1.9509472288823706     
   4.4599959943108010        1.9494015344677575     
   4.4630891785647453        1.9478604266568778     
   4.4661734411625851        1.9463238743264615     
   4.4692488305530409        1.9447918466900893     
   4.4723153949093923        1.9432643132774945     
   4.4753731820568419        1.9417412439533477     
   4.4784222395862319        1.9402226088802630     
   4.4814626146250998        1.9387083785746508     
   4.4844943542262605        1.9371985238032605     
   4.4875175048591203        1.9356930157121801     
   4.4905321129455951        1.9341918256796222     
   4.4935382244596864        1.9326949254212098     
   4.4965358851712125        1.9312022869207168     
   4.4995251403903316        1.9297138824920277     
   4.5025060354182305        1.9282296846614746     
   4.5054786149542876        1.9267496663150792     
   4.5084429235439085        1.9252738005782333     
   4.5113990055048374        1.9238020608386941     
   4.5143469047621423        1.9223344207773836     
   4.5172866650207721        1.9208708543248079     
   4.5202183296358154        1.9194113356908191     
   4.5231419417061485        1.9179558393380471     
   4.5260575441189799        1.9165043399653681     
   4.5289651793452226        1.9150568125600542     
   4.5318648896767328        1.9136132323314057     
   4.5347567171021499        1.9121735747436586     
   4.5376407033858914        1.9107378154876049     
   4.5405168898385622        1.9093059305405027     
   4.5433853177013708        1.9078778960631220     
   4.5462460278874532        1.9064536884658643     
   4.5490990610100113        1.9050332843956337     
   4.5519444573599648        1.9036166607390832     
   4.5547822570897365        1.9022037945770069     
   4.5576125000286840        1.9007946632262482     
   4.5604352256609708        1.8993892442402689     
   4.5632504733623254        1.8979875153510752     
   4.5660582822029738        1.8965894545173814     
   4.5688586908485798        1.8951950399414139     
   4.5716517378725516        1.8938042499925567     
   4.5744374615393149        1.8924170632597441     
   4.5772158999406960        1.8910334585140207     
   4.5799870907215672        1.8896534147735082     
   4.5827510714681887        1.8882769112062139     
   4.5855078794365767        1.8869039271956012     
   4.5882575516259516        1.8855344423200560     
   4.5910001248115524        1.8841684363416817     
   4.5937356355490291        1.8828058892051525     
   4.5964641200529694        1.8814467810639659     
   4.5991856144798522        1.8800910922090668     
   4.6019001545573710        1.8787388031596584     
   4.6046077758385957        1.8773898945982348     
   4.6073085136626473        1.8760443473763186     
   4.6100024031722509        1.8747021425118715     
   4.6126894792110473        1.8733632612098288     
   4.6153697763675323        1.8720276848511943     
   4.6180433290905869        1.8706953949630518     
   4.6207101715409493        1.8693663732520385     
   4.6233703376482076        1.8680406015899551     
   4.6260238611794620        1.8667180619950614     
   4.6286707755578771        1.8653987366746687     
   4.6313111140868752        1.8640826079685344     
   4.6339449098918415        1.8627696583626954     
   4.6365721956764068        1.8614598705464167     
   4.6391930041302807        1.8601532273110852     
   4.6418073676791138        1.8588497116099778     
   4.6444153184239596        1.8575493065728170     
   4.6470168884034733        1.8562519954391510     
   4.6496121093070961        1.8549577616267534     
   4.6522010127769473        1.8536665886573180     
   4.6547836300537888        1.8523784602411237     
   4.6573599923434745        1.8510933601867934     
   4.6599301304618299        1.8498112724857201     
   4.6624940752720807        1.8485321812051538     
   4.6650518571895017        1.8472560706078147     
   4.6676035065268593        1.8459829250649300     
   4.6701490534623415        1.8447127290642109     
   4.6726885278194530        1.8434454672622891     
   4.6752219593650919        1.8421811244101096     
   4.6777493776035453        1.8409196854030943     
   4.6802708118699732        1.8396611352558190     
   4.6827862912760496        1.8384054591159118     
   4.6852958447296622        1.8371526422563254     
   4.6877995010247995        1.8359026700532317     
   4.6902972887055210        1.8346555280191641     
   4.6927892361423940        1.8334112017816417     
   4.6952753714557183        1.8321696771012508     
   4.6977557227294024        1.8309309398196334     
   4.7002303176981215        1.8296949759334371     
   4.7026991840226255        1.8284617715266174     
   4.7051623491124230        1.8272313128133373     
   4.7076198402529235        1.8260035861049482     
   4.7100716845530579        1.8247785778224710     
   4.7125179088872446        1.8235562745118570     
   4.7149585399959557        1.8223366628127882     
   4.7173936044146476        1.8211197294824648     
   4.7198231285483896        1.8199054613704917     
   4.7222471385328006        1.8186938454552743     
   4.7246656605157149        1.8174848687740883     
   4.7270787202448634        1.8162785185225694     
   4.7294863434869345        1.8150747819497330     
   4.7318885557705954        1.8138736464241210     
   4.7342853824183226        1.8126750994207108     
   4.7366768486408137        1.8114791284998601     
   4.7390629794247188        1.8102857213342920     
   4.7414437997399261        1.8090948656543169     
   4.7438193341832742        1.8079065493393911     
   4.7461896073782404        1.8067207603151092     
   4.7485546436111798        1.8055374866428207     
   4.7509144672151322        1.8043567164263128     
   4.7532691021694129        1.8031784379090408     
   4.7556185724345328        1.8020026393887836     
   4.7579629017302816        1.8008293092742151     
   4.7603021137184403        1.7996584360383290     
   4.7626362317846596        1.7984900082707072     
   4.7649652792452821        1.7973240146289200     
   4.7672892792760324        1.7961604438507570     
   4.7696082548325744        1.7949992847767344     
   4.7719222287641978        1.7938405263215298     
   4.7742312238085205        1.7926841574717709     
   4.7765352624740371        1.7915301673176192     
   4.7788343672077058        1.7903785450100536     
   4.7811285602590878        1.7892292797913241     
   4.7834178637490536        1.7880823609807368     
   4.7857022996641305        1.7869377779746460     
   4.7879818898224809        1.7857955202528510     
   4.7902566559782782        1.7846555773542496     
   4.7925266195749971        1.7835179389349096     
   4.7947918021705993        1.7823825946660565     
   4.7970522249865910        1.7812495343408741     
   4.7993079091553206        1.7801187478155340     
   4.8015588757081673        1.7789902250112732     
   4.8038051455558071        1.7778639559187990     
   4.8060467393776314        1.7767399306233140     
   4.8082836778660063        1.7756181392472248     
   4.8105159814348726        1.7744985720178883     
   4.8127436705028943        1.7733812192006053     
   4.8149667652591805        1.7722660711524523     
   4.8171852857912247        1.7711531182944344     
   4.8193992521000713        1.7700423511033776     
   4.8216086840078036        1.7689337601364064     
   4.8238136012387098        1.7678273360110017     
   4.8260140233945927        1.7667230694089533     
   4.8282099699277587        1.7656209510830476     
   4.8304014602021770        1.7645209718433357     
   4.8325885134305757        1.7634231225705097     
   4.8347711487318525        1.7623273942006832     
   4.8369493851094241        1.7612337777323686     
   4.8391232413759981        1.7601422642433491     
   4.8412927363107467        1.7590528448526166     
   4.8434578885742763        1.7579655107401451     
   4.8456187166506570        1.7568802531593151     
   4.8477752389422273        1.7557970634165974     
   4.8499274737571083        1.7547159328721689     
   4.8520754391938397        1.7536368529671085     
   4.8542191534031538        1.7525598151615820     
   4.8563586343011389        1.7514848110027492     
   4.8584938996844915        1.7504118320948023     
   4.8606249673286852        1.7493408700790225     
   4.8627518548236033        1.7482719166698866     
   4.8648745796821435        1.7472049636292495     
   4.8669931592729938        1.7461400027828069     
   4.8691076109399658        1.7450770259905588     
   4.8712179518358036        1.7440160251862515     
   4.8733241990540872        1.7429569923470241     
   4.8754263695552869        1.7418999195083391     
   4.8775244801981481        1.7408447987575386     
   4.8796185477857605        1.7397916222228667     
   4.8817085889527032        1.7387403820999796     
   4.8837946202898035        1.7376910706206210     
   4.8858766582089332        1.7366436800855474     
   4.8879547191347106        1.7355982028204393     
   4.8900288192837564        1.7345546312235527     
   4.8920989748274817        1.7335129577317661     
   4.8941652018078994        1.7324731748367888     
   4.8962275162312912        1.7314352750640567     
   4.8982859339796745        1.7303992509940853     
   4.9003404707875262        1.7293650952656143     
   4.9023911423344977        1.7283328005568044     
   4.9044379642132103        1.7273023595886510     
   4.9064809519284118        1.7262737651271804     
   4.9085201208697748        1.7252470099900157     
   4.9105554863478504        1.7242220870367659     
   4.9125870635640521        1.7231989891755721     
   4.9146148676362911        1.7221777093575872     
   4.9166389136109734        1.7211582405741293     
   4.9186592164155192        1.7201405758658552     
   4.9206757909210150        1.7191247083103127     
   4.9226886518692048        1.7181106310370813     
   4.9246978139442268        1.7170983372114275     
   4.9267032917549400        1.7160878200376777     
   4.9287050997732713        1.7150790727746137     
   4.9307032524294208        1.7140720887112937     
   4.9326977640590774        1.7130668611810993     
   4.9346886489056487        1.7120633835589780     
   4.9366759211179945        1.7110616492636603     
   4.9386595948059782        1.7100616517429541     
   4.9406396839141440        1.7090633845043997     
   4.9426162024151896        1.7080668410684845     
   4.9445891641105444        1.7070720150162000     
   4.9465585827396232        1.7060788999629621     
   4.9485244719946246        1.7050874895546118     
   4.9504868454756865        1.7040977774781929     
   4.9524457166644007        1.7031097574675020     
   4.9544010990083978        1.7021234232833318     
   4.9563530058528107        1.7011387687304120     
   4.9583014504844938        1.7001557876441717     
   4.9602464461093874        1.6991744738987211     
   4.9621880058382937        1.6981948214080176     
   4.9641261427195769        1.6972168241200651     
   4.9660608697478565        1.6962404760122192     
   4.9679921997821186        1.6952657711118642     
   4.9699201456609794        1.6942927034696049     
   4.9718447201646603        1.6933212671659901     
   4.9737659358999551        1.6923514563402828     
   4.9756838055393935        1.6913832651341449     
   4.9775983415840610        1.6904166877453120     
   4.9795095564892105        1.6894517183995716     
   4.9814174626500423        1.6884883513544358     
   4.9833220723812826        1.6875265809011069     
   4.9852233979382596        1.6865664013634323     
   4.9871214515027269        1.6856078070963310     
   4.9890162451684255        1.6846507924937209     
   4.9909077909809145        1.6836953519754072     
   4.9927961009174817        1.6827414799936671     
   4.9946811868729579        1.6817891710357262     
   4.9965630606946787        1.6808384196158328     
   4.9984417341437615        1.6798892202830589     
   5.0003172189304506        1.6789415676155341     
   5.0021895266952718        1.6779954562205495     
   5.0040586690040225        1.6770508807395588     
   5.0059246573865543        1.6761078358372699     
   5.0077875032565906        1.6751663162196957     
   5.0096472180144422        1.6742263166121549     
   5.0115038129615153        1.6732878317754165     
   5.0133572993766986        1.6723508564921330     
   5.0152076884390482        1.6714153855818257     
   5.0170549912648239        1.6704814138924036     
   5.0188992189374417        1.6695489362947225     
   5.0207407524093144        1.6686178610994469     
   5.0225788607994666        1.6676883567967646     
   5.0244139276222164        1.6667603312957708     
   5.0262459629468985        1.6658337796644422     
   5.0280749775499816        1.6649086969138345     
   5.0299009821387779        1.6639850780838774     
   5.0317239873520201        1.6630629182452832     
   5.0335440038206869        1.6621422124822116     
   5.0353610420189252        1.6612229559293032     
   5.0371751124570299        1.6603051437258707     
   5.0389862255517031        1.6593887710454029     
   5.0407943916318514        1.6584738330957296     
   5.0425996210347490        1.6575603250944853     
   5.0444019240196383        1.6566482422909117     
   5.0462013107319779        1.6557375799716998     
   5.0479977913584566        1.6548283334284861     
   5.0497913759560422        1.6539204979944315     
   5.0515820745476576        1.6530140690228450     
   5.0533698971353918        1.6521090418835556     
   5.0551548536273412        1.6512054119811443     
   5.0569369538927100        1.6503031747407979     
   5.0587162077349586        1.6494023256156849     
   5.0604926249412792        1.6485028600729275     
   5.0622662152285773        1.6476047736087209     
   5.0640369882118090        1.6467080617548591     
   5.0658049535282021        1.6458127200484247     
   5.0675701207420865        1.6449187440559090     
   5.0693324993553839        1.6440261293690765     
   5.0710920987897694        1.6431348716095171     
   5.0728489285087344        1.6422449664009455     
   5.0746029978337077        1.6413564094101778     
   5.0763543160901845        1.6404691963150513     
   5.0781028925117679        1.6395833228246244     
   5.0798487363246014        1.6386987846620931     
   5.0815918567119107        1.6378155775692851     
   5.0833322627261648        1.6369336973308106     
   5.0850699634838490        1.6360531397266584     
   5.0868049680016290        1.6351739005696198     
   5.0885372852275452        1.6342959756996958     
   5.0902669241091711        1.6334193609671925     
   5.0919938934969027        1.6325440522553740     
   5.0937182022456717        1.6316700454564441     
   5.0954398591308019        1.6307973364909611     
   5.0971588729152320        1.6299259212934740     
   5.0988752522626646        1.6290557958301404     
   5.1005890058531476        1.6281869560741633     
   5.1023001422712078        1.6273193980308736     
   5.1040086701092857        1.6264531177123989     
   5.1057145978498806        1.6255881111679740     
   5.1074179339939043        1.6247243744503612     
   5.1091186869532113        1.6238619036435882     
   5.1108168651560337        1.6230006948371158     
   5.1125124768835644        1.6221407441637341     
   5.1142055305054015        1.6212820477457024     
   5.1158960342336046        1.6204246017503827     
   5.1175839963252159        1.6195684023443360     
   5.1192694249263759        1.6187134457289867     
   5.1209523282019802        1.6178597281105156     
   5.1226327142259951        1.6170072457255089     
   5.1243105910761413        1.6161559948179476     
   5.1259859667582734        1.6153059716579650     
   5.1276588492063802        1.6144571725406118     
   5.1293292464064724        1.6136095937589425     
   5.1309971662450771        1.6127632316366081     
   5.1326626165695242        1.6119180825151689     
   5.1343256051789830        1.6110741427565896     
   5.1359861398774829        1.6102314087296694     
   5.1376442283931265        1.6093898768293469     
   5.1392998784220758        1.6085495434668355     
   5.1409530976178139        1.6077104050712037     
   5.1426038936267222        1.6068724580820537     
   5.1442522740139793        1.6060356989647495     
   5.1458982463436360        1.6052001241948091     
   5.1475418181149495        1.6043657302699514     
   5.1491829968187997        1.6035325136981664     
   5.1508217898768436        1.6027004710114838     
   5.1524582046988838        1.6018695987527489     
   5.1540922486314589        1.6010398934874148     
   5.1557239290429191        1.6002113517838223     
   5.1573532531890001        1.5993839702433734     
   5.1589802283506163        1.5985577454710842     
   5.1606048617341553        1.5977326740957285     
   5.1622271605321828        1.5969087527575558     
   5.1638471319039123        1.5960859781116177     
   5.1654647829737925        1.5952643468290697     
   5.1670801208271122        1.5944438555976432     
   5.1686931524889488        1.5936245011262211     
   5.1703038849702567        1.5928062801343030     
   5.1719123252926078        1.5919891893470344     
   5.1735184803720191        1.5911732255206443     
   5.1751223571394060        1.5903583854156573     
   5.1767239624769363        1.5895446658106684     
   5.1783233032212515        1.5887320635023681     
   5.1799203862121139        1.5879205752941288     
   5.1815152182055160        1.5871101980147213     
   5.1831078059768370        1.5863009284971017     
   5.1846981562308674        1.5854927635958742     
   5.1862862756594490        1.5846857001773673     
   5.1878721709240381        1.5838797351207525     
   5.1894558486410469        1.5830748653221418     
   5.1910373154028626        1.5822710876912260     
   5.1926165777934941        1.5814683991457366     
   5.1941936423376696        1.5806667966241159     
   5.1957685154997275        1.5798662770852312     
   5.1973412038041946        1.5790668374810923     
   5.1989117136697258        1.5782684747946090     
   5.2004800514837708        1.5774711860223707     
   5.2020462236575016        1.5766749681621888     
   5.2036102365211026        1.5758798182371696     
   5.2051720964201307        1.5750857332733506     
   5.2067318096289981        1.5742927103197040     
   5.2082893824053382        1.5735007464350712     
   5.2098448210013011        1.5727098386863256     
   5.2113981316230493        1.5719199841574540     
   5.2129493204193604        1.5711311799513807     
   5.2144983935586380        1.5703434231731488     
   5.2160453571617831        1.5695567109450872     
   5.2175902173222903        1.5687710404014870     
   5.2191329801005191        1.5679864086915618     
   5.2206736515135148        1.5672028129787725     
   5.2222122375981659        1.5664202504300340     
   5.2237487443207646        1.5656387182334357     
   5.2252831776327806        1.5648582135864433     
   5.2268155434889483        1.5640787336927828     
   5.2283458477451212        1.5633002757831671     
   5.2298740963129484        1.5625228370834150     
   5.2314002950110865        1.5617464148446774     
   5.2329244496767640        1.5609710063211444     
   5.2344465661009805        1.5601966087823065     
   5.2359666500464357        1.5594232195110318     
   5.2374847072528725        1.5586508358001270     
   5.2390007434537154        1.5578794549504349     
   5.2405147643072905        1.5571090742850804     
   5.2420267755367469        1.5563396911184504     
   5.2435367827309900        1.5555713028011338     
   5.2450447915033962        1.5548039066835337     
   5.2465508074777762        1.5540375001191902     
   5.2480548361867942        1.5532720804885716     
   5.2495568831913797        1.5525076451710058     
   5.2510569540137721        1.5517441915593615     
   5.2525550541238388        1.5509817170652132     
   5.2540511889989840        1.5502202191024574     
   5.2555453640594916        1.5494596951046045     
   5.2570375847665938        1.5487001425003744     
   5.2585278564842231        1.5479415587464733     
   5.2600161845990980        1.5471839412995392     
   5.2615025744524662        1.5464272876317318     
   5.2629870313737328        1.5456715952236544     
   5.2644695606459688        1.5449168615707816     
   5.2659501675820639        1.5441630841679921     
   5.2674288573987038        1.5434102605365254     
   5.2689056353693680        1.5426583881899520     
   5.2703805066593334        1.5419074646719122     
   5.2718534764898699        1.5411574875178673     
   5.2733245500096722        1.5404084542854415     
   5.2747937323748708        1.5396603625349286     
   5.2762610286770970        1.5389132098468921     
   5.2777264440407023        1.5381669937988955     
   5.2791899835388083        1.5374217119856657     
   5.2806516522210387        1.5366773620114444     
   5.2821114551128430        1.5359339414915985     
   5.2835693972355111        1.5351914480466751     
   5.2850254835722161        1.5344498793112682     
   5.2864797191060857        1.5337092329246884     
   5.2879321087661433        1.5329695065428268     
   5.2893826574817275        1.5322306978262561     
   5.2908313701619587        1.5314928044458711     
   5.2922782516955786        1.5307558240810630     
   5.2937233069469540        1.5300197544215197     
   5.2951665407515556        1.5292845931681891     
   5.2966079579245511        1.5285503380312726     
   5.2980475632889030        1.5278169867240092     
   5.2994853616092001        1.5270845369772563     
   5.3009213576616316        1.5263529865236087     
   5.3023555561803217        1.5256223331100291     
   5.3037879619010084        1.5248925744877180     
   5.3052185795016342        1.5241637084254147     
   5.3066474136740860        1.5234357326925130     
   5.3080744690987345        1.5227086450665341     
   5.3094997503974479        1.5219824433417710     
   5.3109232622086751        1.5212571253136820     
   5.3123450091311923        1.5205326887909818     
   5.3137649957517281        1.5198091315891906     
   5.3151832266386885        1.5190864515323605     
   5.3165997063449133        1.5183646464530123     
   5.3180144394049540        1.5176437141912940     
   5.3194274303132563        1.5169236526010839     
   5.3208386835616377        1.5162044595407629     
   5.3222482036433050        1.5154861328730331     
   5.3236559950046880        1.5147686704752996     
   5.3250620620701525        1.5140520702336824     
   5.3264664092953513        1.5133363300320475     
   5.3278690410397083        1.5126214477797708     
   5.3292699617130008        1.5119074213785113     
   5.3306691756634930        1.5111942487490753     
   5.3320666872528024        1.5104819278121311     
   5.3334625008023266        1.5097704565026380     
   5.3348566206341559        1.5090598327582232     
   5.3362490510321248        1.5083500545297606     
   5.3376397962845310        1.5076411197713240     
   5.3390288606466498        1.5069330264478278     
   5.3404162483598139        1.5062257725321013     
   5.3418019636516973        1.5055193560030415     
   5.3431860107367211        1.5048137748470163     
   5.3445683937974433        1.5041090270615118     
   5.3459491170264331        1.5034051106451356     
   5.3473281845737599        1.5027020236106199     
   5.3487056005721154        1.5019997639779821     
   5.3500813691528046        1.5012983297712954     
   5.3514554944242239        1.5005977190240876     
   5.3528279804895647        1.4998979297739963     
   5.3541988314217370        1.4991989600700357     
   5.3555680512791906        1.4985008079679796     
   5.3569356441057998        1.4978034715307675     
   5.3583016139324799        1.4971069488272541     
   5.3596659647661884        1.4964112379364116     
   5.3610287006088289        1.4957163369406878     
   5.3623898254406237        1.4950222439327998     
   5.3637493432238195        1.4943289570113034     
   5.3651072579280337        1.4936364742782891     
   5.3664635734561070        1.4929447938529952     
   5.3678182937444268        1.4922539138523718     
   5.3691714227111049        1.4915638323994567     
   5.3705229642149224        1.4908745476349132     
   5.3718729221491497        1.4901860576954360     
   5.3732213003657154        1.4894983607298193     
   5.3745681027065011        1.4888114548932647     
   5.3759133330168947        1.4881253383431690     
   5.3772569950871461        1.4874400092529674     
   5.3785990927334701        1.4867554657939079     
   5.3799396297219966        1.4860717061516246     
   5.3812786098481169        1.4853887285085567     
   5.3826160368526246        1.4847065310630279     
   5.3839519144598098        1.4840251120203216     
   5.3852862464294819        1.4833444695811904     
   5.3866190364549968        1.4826646019645418     
   5.3879502882330623        1.4819855073916304     
   5.3892800054503027        1.4813071840901253     
   5.3906081917867397        1.4806296302914330     
   5.3919348508877256        1.4799528442387093     
   5.3932599863889417        1.4792768241801686     
   5.3945836019350146        1.4786015683655476     
   5.3959057011328166        1.4779270750561948     
   5.3972262875820540        1.4772533425180900     
   5.3985453648658872        1.4765803690244845     
   5.3998629365704831        1.4759081528508202     
   5.4011790062509331        1.4752366922829365     
   5.4024935774345391        1.4745659856155957     
   5.4038066536798208        1.4738960311401763     
   5.4051182385016396        1.4732268271614228     
   5.4064283353961997        1.4725583719898467     
   5.4077369478702764        1.4718906639384239     
   5.4090440794012000        1.4712237013284526     
   5.4103497334406780        1.4705574824907917     
   5.4116539134722803        1.4698920057524512     
   5.4129566229143702        1.4692272694571096     
   5.4142578652094597        1.4685632719467252     
   5.4155576437621136        1.4679000115749674     
   5.4168559619822840        1.4672374866968705     
   5.4181528232711855        1.4665756956724796     
   5.4194482309989498        1.4659146368718730     
   5.4207421885115590        1.4652543086732990     
   5.4220346991976580        1.4645947094489400     
   5.4233257663818950        1.4639358375875595     
   5.4246153933851478        1.4632776914819035     
   5.4259035835310563        1.4626202695274453     
   5.4271903401393926        1.4619635701230591     
   5.4284756664778158        1.4613075916815434     
   5.4297595658377791        1.4606523326143643     
   5.4310420415057203        1.4599977913365185     
   5.4323230966949057        1.4593439662817302     
   5.4336027346950218        1.4586908558700369     
   5.4348809587166205        1.4580384585418467     
   5.4361577719810166        1.4573867727378622     
   5.4374331777161302        1.4567357969003385     
   5.4387071790850259        1.4560855294883992     
   5.4399797792958537        1.4554359689540806     
   5.4412509815301808        1.4547871137580797     
   5.4425207889454459        1.4541389623695411     
   5.4437892046844638        1.4534915132628441     
   5.4450562318959319        1.4528447649148051     
   5.4463218737057773        1.4521987158090612     
   5.4475861332381204        1.4515533644327672     
   5.4488490135949288        1.4509087092806210     
   5.4501105178730516        1.4502647488512785     
   5.4513706491553329        1.4496214816491446     
   5.4526294105248923        1.4489789061811016     
   5.4538868050288620        1.4483370209647521     
   5.4551428357308378        1.4476958245163825     
   5.4563975056717116        1.4470553153603816     
   5.4576508178743772        1.4464154920275778     
   5.4589027753592312        1.4457763530518721     
   5.4601533811495377        1.4451378969691198     
   5.4614026382285292        1.4445001223268255     
   5.4626505495894833        1.4438630276726800     
   5.4638971182082656        1.4432266115604238     
   5.4651423470435372        1.4425908725507508     
   5.4663862390750602        1.4419558092022158     
   5.4676287972294944        1.4413214200872171     
   5.4688700244482220        1.4406877037773946     
   5.4701099236432817        1.4400546588539480     
   5.4713484977586280        1.4394222838928246     
   5.4725857496704648        1.4387905774878806     
   5.4738216822872108        1.4381595382281933     
   5.4750562984955202        1.4375291647103012     
   5.4762896011609996        1.4368994555372896     
   5.4775215931469790        1.4362704093156877     
   5.4787522773249622        1.4356420246528452     
   5.4799816565335817        1.4350143001648556     
   5.4812097335931860        1.4343872344751278     
   5.4824365113494862        1.4337608262039592     
   5.4836619926022871        1.4331350739831394     
   5.4848861801500792        1.4325099764479152     
   5.4861090768210365        1.4318855322296584     
   5.4873306853837800        1.4312617399744303     
   5.4885510085998366        1.4306385983325722     
   5.4897700492580555        1.4300161059508394     
   5.4909878101098304        1.4293942614864292     
   5.4922042939079585        1.4287730635986675     
   5.4934195033798616        1.4281525109544042     
   5.4946334412724624        1.4275326022189916     
   5.4958461102842362        1.4269133360705579     
   5.4970575131441004        1.4262947111826179     
   5.4982676525460610        1.4256767262388121     
   5.4994765311859499        1.4250593799250071     
   5.5006841517451441        1.4244426709316897     
   5.5018905169055419        1.4238265979519267     
   5.5030956293245605        1.4232111596866830     
   5.5042994916665267        1.4225963548369616     
   5.5055021065765786        1.4219821821106677     
   5.5067034766933123        1.4213686402197279     
   5.5079036046206120        1.4207557278844538     
   5.5091024930264227        1.4201434438149576     
   5.5103001444940647        1.4195317867413824     
   5.5114965616419820        1.4189207553879641     
   5.5126917470454444        1.4183103484912867     
   5.5138857033083042        1.4177005647831380     
   5.5150784330036426        1.4170914030046033     
   5.5162699386914760        1.4164828619019338     
   5.5174602229500671        1.4158749402191453     
   5.5186492883105451        1.4152676367126040     
   5.5198371373304145        1.4146609501356535     
   5.5210237725415077        1.4140548792485905     
   5.5222091964736713        1.4134494228146823     
   5.5233934116476959        1.4128445796014830     
   5.5245764205463441        1.4122403483858765     
   5.5257582257008195        1.4116367279377129     
   5.5269388296040152        1.4110337170362346     
   5.5281182347250208        1.4104313144682994     
   5.5292964435579179        1.4098295190171368     
   5.5304734585612625        1.4092283294761279     
   5.5316492821993339        1.4086277446392388     
   5.5328239169155538        1.4080277633068257     
   5.5339973651683412        1.4074283842783828     
   5.5351696293861794        1.4068296063615995     
   5.5363407120086734        1.4062314283638107     
   5.5375106154409259        1.4056338491019520     
   5.5386793421147456        1.4050368673891720     
   5.5398468944103207        1.4044404820515572     
   5.5410132747529239        1.4038446919078549     
   5.5421784855086127        1.4032494957908701     
   5.5433425290816931        1.4026548925279199     
   5.5445054078343965        1.4020608809567836     
   5.5456671241272941        1.4014674599179089     
   5.5468276803285734        1.4008746282517106     
   5.5479870787849732        1.4002823848052670     
   5.5491453218399061        1.3996907284286102     
   5.5503024118407183        1.3990996579724095     
