   2.1482256663175869        5.2134856903920648     
   2.1813709547674818        5.1759781062309429     
   2.2149656621086442        5.1389131950815035     
   2.2490220343960559        5.1022932422473941     
   2.2835495839728681        5.0661174149485255     
   2.3185579450024201        5.0303845861574015     
   2.3540568780839202        4.9950933557208890     
   2.3900562769599221        4.9602420720128730     
   2.4265661725676271        4.9258288499225955     
   2.4635967412484145        4.8918515912599689     
   2.5011583076684607        4.8583079994364828     
   2.5392613509560293        4.8251955959211879     
   2.5779165109335835        4.7925117357066984     
   2.6171345918130187        4.7602536198142111     
   2.6569265673775924        4.7284183082014755     
   2.6973035858495686        4.6970027316276397     
   2.7382769496372865        4.6660036840455170     
   2.7798582274466117        4.6354179127615396     
   2.8220590752661749        4.6052419926611226     
   2.8648913926504811        4.5754724457442144     
   2.9083672670340563        4.5461057066911099     
   2.9524989852766526        4.5171381356261691     
   2.9972990394852479        4.4885660265043548     
   3.0427801297452950        4.4603856129667667     
   3.0889551684004384        4.4325930748441902     
   3.1358372856463856        4.4051845450539382     
   3.1834398301209355        4.3781561130269058     
   3.2317763769219043        4.3515038323867863     
   3.2808607269061216        4.3252237230086656     
   3.3307069164528649        4.2993117789968167     
   3.3813292149587850        4.2737639691948894     
   3.4327421352644647        4.2485762448746272     
   3.4849604327136565        4.2237445406946872     
   3.5379991121333654        4.1992647798722622     
   3.5918734313193976        4.1751328771483118     
   3.6465992748461007        4.1513449284002721     
   3.7021916866783333        4.1278964677229304     
   3.7586670888983966        4.1047835971888471     
   3.8160417787579215        4.0820022197625834     
   3.8743323442971707        4.0595482519398729     
   3.9335556530172417        4.0374176181613182     
   3.9937288554944508        4.0156062525418026     
   4.0548693935139788        3.9941101024831398     
   4.1169950019313104        3.9729251292333885     
   4.1801207762834167        3.9520461250518686     
   4.2442707754474647        3.9314714168501670     
   4.3094608523469971        3.9111958701568015     
   4.3757099685815977        3.8912155208553054     
   4.4430374057184254        3.8715264272870389     
   4.5114627708980874        3.8521246716345936     
   4.5810060024168315        3.8330063611634411     
   4.6516873754153885        3.8141676293807469     
   4.7235275077697612        3.7956046371495376     
   4.7965473660277951        3.7773135737005581     
   4.8707682714003875        3.7592906575510234     
   4.9462119059875844        3.7415321373983828     
   5.0229003191444255        3.7240342929537098     
   5.1008559337464021        3.7067934356358307     
   5.1801015528715615        3.6898059093082436     
   5.2606603662868689        3.6730680908503519     
   5.3425559574248300        3.6565763907963467     
   5.4258123101480242        3.6403272538094811     
   5.5104538158787388        3.6243171591842231     
   5.5965052807552338        3.6085426212666993     
   5.6839919328971140        3.5930001898236643     
   5.7729394298939960        3.5776864503951664     
   5.8633738662189598        3.5625980245441919     
   5.9553217820987872        3.5477315704400585     
   6.0488101696198147        3.5330837825718371     
   6.1399873879505620        3.5176408529517125     
   6.2405185565620762        3.5044311479497892     
   6.3387950640136559        3.4904199189247440     
   6.4387246301718530        3.4766144863888275     
   6.5403367408238422        3.4630117549715473     
   6.6436613132506039        3.4496086493617266     
   6.7487287999280987        3.4364021362595882     
   6.8555702267319898        3.4233892306215878     
   6.9642172299648157        3.4105670007273003     
   7.0747021337610994        3.3979325815548385     
   7.1870580716897408        3.3854831960231042     
   7.3013191885167243        3.3732161905475340     
   7.4175209958530459        3.3611290981839046     
   7.5356653359847519        3.3492125240706772     
   7.6558346269002993        3.3374734782041395     
   7.7780457159840228        3.3259054195018631     
   7.9023358585944825        3.3145059016876406     
   8.0287455460349406        3.3032730016190488     
   8.1572815213177261        3.2921982020207032     
   8.2880239876079749        3.2812871536279049     
   8.4209882288900442        3.2705328076494387     
   8.5562233775102925        3.2599345378380304     
   8.9759529474395929        3.2290505670784446     
   9.1206663820513754        3.2190499007569326     
   9.5636618662574158        3.1888999798880033     
   9.7248336582236306        3.1804794277239621     
   9.8804054312800051        3.1708670481448484     
   10.041518912640434        3.1618341215843384     
   10.194010839279558        3.1512123280217796     
   10.370519445609988        3.1439172958879760     
   10.535689788657342        3.1346283688353118     
   10.881107325845383        3.1173636580074842     
   11.058675967744696        3.1089665097843144     
   11.229358956967216        3.0993432524932465     
   11.803881488940144        3.0770327629439844     
   11.996938961687240        3.0691563084711060     
   12.192037071552974        3.0612305791294108     
   12.393634484658547        3.0537957873191388     
   12.597013403275241        3.0462608844454571     
   12.803884404692150        3.0388279647005487     
   13.014350827424551        3.0315002068999357     
   13.228431501111427        3.0242708404627878     
   13.446205930815943        3.0171400679692377     
   13.667744302550309        3.0101068320844702     
   13.893101715766058        3.0031684112105816     
   14.122347896353071        2.9963234991256167     
   14.355552500482061        2.9895707178370374     
   14.592785382819873        2.9829085989198916     
   14.834117248702560        2.9763356575617066     
   15.079619950677936        2.9698504232495870     
   15.329366596834040        2.9634514488289141     
   15.583428788439447        2.9571373146724249     
   15.841890351130957        2.9509067845339247     
   16.104821893392867        2.9447582266380841     
   16.372302455113285        2.9386903444919645     
   16.644412092410445        2.9327018307609145     
   16.921232193313280        2.9267913933555811     
   17.202845508710038        2.9209577558590594     
   17.489336220322620        2.9151996610634749     
   17.780789961417863        2.9095158702531783     
   18.077293863651423        2.9039051646581227     
   18.378936575859104        2.8983663445000740     
   18.685808305909809        2.8928982298844002     
   18.998000844524128        2.8874996601719314     
   19.315607593202763        2.8821694936683651     
   19.638723599885580        2.8769066078540537     
   19.967445583010193        2.8717098986955691     
   20.301871964111207        2.8665782805700561     
   20.642102898699843        2.8615106860188053     
   20.988240305348508        2.8565060653400751     
   21.340387899039325        2.8515633864502821     
   21.698651222262139        2.8466816345482835     
   22.063137677887038        2.8418598118694329     
   22.433956561790428        2.8370969373868800     
   22.811219096755202        2.8323920465634922     
   23.195038466980819        2.8277441911058117     
   23.585529852621896        2.8231524386854936     
   23.982810465674980        2.8186158727083956     
   24.386999585514545        2.8141335920289081     
   24.798218596283821        2.8097047107391062     
   25.216591023748311        2.8053283578915829     
   25.642242573876505        2.8010036772870031     
   26.075301171237832        2.7967298272153798     
   26.515896998627849        2.7925059802315584     
   26.964162537144603        2.7883313229196514     
   27.420232607142502        2.7842050556694815     
   27.884244409767518        2.7801263924483282     
   28.356337569207273        2.7760945605750220     
   28.836654175912933        2.7721088005080778     
   29.325338830392777        2.7681683656269742     
   29.822538687839330        2.7642725220192594     
   30.328403503571572        2.7604205482717394     
   30.843085679223499        2.7566117352617772     
   31.366740309889153        2.7528453859577322     
   31.899525231932209        2.7491208152144262     
   32.441601071764239        2.7454373495769131     
   32.993131295490564        2.7417943270870428     
   33.554282259354274        2.7381910970892243     
   34.125223261141350        2.7346270200418599     
   34.706126592533700        2.7311014673328282     
   35.297167592314963        2.7276138210945620     
   35.898524700573802        2.7241634740239480     
   36.510379513829285        2.7207498292033092     
   37.132916841191850        2.7173722999261951     
   37.766324761562387        2.7140303095271707     
   38.410794681622818        2.7107232912059671     
   39.066521395218679        2.7074506878673539     
   39.733703143418452        2.7042119519499117     
   40.412541676006228        2.7010065452702285     
   41.103242313733382        2.6978339388579422     
   41.806014011926507        2.6946936128018177     
   42.521069425134371        2.6915850560950387     
   43.248624972896657        2.6885077664820245     
   43.988900906748370        2.6854612503097326     
   44.742121378373959        2.6824450223799374     
   45.508514508969391        2.6794586058037204     
   46.288312459899949        2.6765015318600813     
   47.081751504567237        2.6735733398553299     
   47.889072101542332        2.6706735769843530     
   48.710518969061432        2.6678017981958222     
   49.546341160791236        2.6649575660579616     
   50.396792142961829        2.6621404506270059     
   51.262129872895102        2.6593500293183627     
   52.142616878941432        2.6565858867800878     
   53.038520341769882        2.6538476147665877     
   53.950112177176926        2.6511348120162310     
   54.877669120367806        2.6484470841308463     
   55.821472811698754        2.6457840434561852     
   56.781809883973338        2.6431453089650323     
   57.758972051310089        2.6405305061425737     
   58.753256199571538        2.6379392668731554     
   59.764964478396976        2.6353712293287312     
   60.794404394923376        2.6328260378602506     
   61.841888909124897        2.6303033428896727     
   62.907736530869961        2.6278028008042180     
   63.992271418719845        2.6253240738526049     
   65.095823480495511        2.6228668300431837     
   66.218728475613901        2.6204307430432485     
   67.361328119247659        2.6180154920800986     
   68.523970188391942        2.6156207618446778     
   69.707008629770826        2.6132462423958689     
   70.910803669644267        2.6108916290659545     
   72.135721925698746        2.6085566223700392     
   73.382136520778289        2.6062409279141159     
   74.650427198754116        2.6039442563067250     
   75.940980442437365        2.6016663230716701     
   77.254189593510517        2.5994068485607578     
   78.590454974779888        2.5971655578711617     
   79.950184014392732        2.5949421807605204     
   81.333791372485791        2.5927364515670757     
   82.741707370760494        2.5905479363587753     
   84.174347548474643        2.5883767671725253     
   85.632150653407820        2.5862224131702978     
   87.115565684074426        2.5840846899246643     
   88.625045404844656        2.5819633528924362     
   90.161050661696507        2.5798581623461794     
   91.724050470511372        2.5777688824071214     
   93.314522188688642        2.5756952813518024     
   94.932951637572657        2.5736371311719135     
   96.579833276465280        2.5715942078307812     
   98.255670345498345        2.5695662910414345     
   99.960975021701429        2.5675531641966294     
   101.69626857846103        2.5655546143091694     
   103.46208155525893        2.5635704320441843     
   105.25895391023244        2.5616004114976589     
   107.08743519581054        2.5596443502342936     
   108.94808473286588        2.5577020492631823     
   110.84147177305761        2.5557733128384887     
   112.76817569113155        2.5538579485814785     
   114.72878615295913        2.5519557672780522     
   116.72390329977539        2.5500665828349929     
   118.75413794550246        2.5481902123415021     
   120.82011175423057        2.5463264758744217     
   122.92245744262948        2.5444751965427597     
   125.06181897348849        2.5426362003969998     
   127.23885175273439        2.5408093163429575     
   129.45422284311968        2.5389943761892413     
   131.70861116085686        2.5371912144847864     
   134.00270769160812        2.5353996685181315     
   136.33721570699643        2.5336195782816766     
   138.71285098952848        2.5318507864779241     
   141.13034203468129        2.5300931382795664     
   143.59043030757664        2.5283464815584544     
   146.09387044805752        2.5266106666032400     
   148.64143051679446        2.5248855461775692     
   151.23389223813274        2.5231709755054905     
   153.87205123591590        2.5214668121622084     
   156.55671728563601        2.5197729160690008     
   159.28871456556530        2.5180891494418502     
   162.06888191605850        2.5164153767704773     
   164.89807309962109        2.5147514647667619     
   167.77715706162877        2.5130972822850022     
   170.70701821040615        2.5114527003548335     
   173.68855668998958        2.5098175921193144     
   176.72268865126554        2.5081918327295698     
   179.81034655831090        2.5065752994583974     
   182.95247945529772        2.5049678714928740     
   186.15005328239346        2.5033694300410465     
   189.40405116295977        2.5017798581994155     
   192.71547371563932        2.5001990409578023     
   196.08533937385644        2.4986268652134775     
   199.51468469014750        2.4970632196506286     
   203.00456466406126        2.4955079947401284     
   206.55605307978581        2.4939610827597081     
   210.17024283113034        2.4924223777000822     
   213.84824626051932        2.4908917752246102     
   217.59119552410752        2.4893691727450840     
   221.40024291896586        2.4878544692392541     
   225.27656127087280        2.4863475653841434     
   229.22134427322356        2.4848483633737741     
   233.23580687587616        2.4833567669835226     
   237.32118566772922        2.4818726815588801     
   241.47873924957833        2.4803960139172698     
   245.70974863468624        2.4789266723636456     
   250.01551765019272        2.4774645666707293     
   254.39737333606465        2.4760096080131069     
   258.85666637976351        2.4745617090411427     
   263.39477150591523        2.4731207836998208     
   268.01308793604289        2.4716867473517841     
   272.71303980793323        2.4702595166687917     
   277.49607663061590        2.4688390096551780     
   282.36367372721571        2.4674251455799663     
   287.31733270402270        2.4660178449912875     
   292.35858191876383        2.4646170296894301     
   297.48897695428894        2.4632226226886407     
   302.71010110995383        2.4618345482178867     
   308.02356588750871        2.4604527316635982     
   313.43101150368284        2.4590770995861408     
   318.93410741044369        2.4577075797274417     
   324.53455279104350        2.4563441008909797     
   330.23407711499300        2.4549865930151489     
   336.03444067013703        2.4536349871205130     
   341.93743510863715        2.4522892152752473     
   347.94488402154730        2.4509492106289530     
   354.05864348883330        2.4496149073217928     
   360.28060268136153        2.4482862405430703     
   366.61268443746707        2.4469631464631081     
   373.05684586311514        2.4456455622133801     
   379.61507895424637        2.4443334259035732     
   386.28941122067795        2.4430266766062458     
   393.08190629435120        2.4417252542584027     
   399.99466462688639        2.4404290998087710     
   407.02982407963657        2.4391381549936355     
   414.18956066018916        2.4378523625285435     
   421.47608915478281        2.4365716659455168     
   428.89166383279814        2.4352960096147553     
   436.43857917174626        2.4340253387852497     
   444.11917056103840        2.4327595995277655     
   451.93581502127330        2.4314987386899971     
   459.89093196791464        2.4302427039366852     
   467.98698396240638        2.4289914437183673     
   476.22647748205401        2.4277449072549659     
   484.61196369640157        2.4265030445019677     
   493.14603928997491        2.4252658061977157     
   501.83134724708435        2.4240331437798321     
   510.67057769895064        2.4228050094212090     
   519.66646875509116        2.4215813559909427     
   528.82180737369833        2.4203621370722654     
   538.13943021278169        2.4191473069009373     
   547.62222454786615        2.4179368204198104     
   557.27312914958077        2.4167306332070613     
   567.09513522320651        2.4155287015070654     
   577.09128734116723        2.4143309822083823     
   587.26468437641097        2.4131374327909856     
   597.61848050943490        2.4119480113906131     
   608.15588620227084        2.4107626767571859     
   618.88016918201083        2.4095813882005244     
   629.79465549449696        2.4084041056395002     
   640.90273054259126        2.4072307895827594     
   652.20784012902232        2.4060614010846928     
   663.71349155025439        2.4048959017626448     
   675.42325470740468        2.4037342538072917     
   687.34076319089172        2.4025764199120716     
   699.46971546393354        2.4014223633424470     
   711.81387598485526        2.4002720478616824     
   724.37707639789653        2.3991254377414402     
   737.16321675469430        2.3979824977856641     
   750.17626670525431        2.3968431932696732     
   763.42026677733861        2.3957074899874842     
   776.89932960079420        2.3945753541759731     
   790.61764124031879        2.3934467525742518     
   804.57946248647147        2.3923216523811739     
   818.78913020236996        2.3912000212627618     
   833.25105865970806        2.3900818273094653     
   847.96974095423286        2.3889670390732491     
   862.94975040635438        2.3878556255467496     
   878.19574198454779        2.3867475561403104     
   893.71245377863886        2.3856428006923136     
   909.50470848283430        2.3845413294572664     
   925.57741490310013        2.3834431130911069     
   941.93556951185076        2.3823481226627838     
   958.58425799690463        2.3812563296235627     
   975.52865687604287        2.3801677058233714     
   992.77416764786255        2.3790823792017752     
   1010.3258896057331        2.3780000096216174     
   1028.1894129756263        2.3769207272729744     
   1046.3702939735942        2.3758445053240966     
   1064.8741881994538        2.3747713174866654     
   1083.7068522626589        2.3737011378148858     
   1102.8741455884763        2.3726339406993890     
   1122.3820322879812        2.3715697008936707     
   1142.2365829937380        2.3705083934690565     
   1162.4439767907127        2.3694499938352003     
   1183.0105031482260        2.3683944777258090     
   1203.9425638970210        2.3673418211952164     
   1225.2466752511075        2.3662920006235915     
   1246.9294698249364        2.3652449926836212     
   1268.9976987488565        2.3642007743661635     
   1291.4582337695449        2.3631593229560379     
   1314.3180694188115        2.3621206160367150     
   1337.5843252162508        2.3610846314895957     
   1361.2642478800346        2.3600513474668281     
   1385.3652136377989        2.3590207424163729     
   1409.8947305209363        2.3579927950569708     
   1434.8604407338701        2.3569674843824533     
   1460.2701230601174        2.3559447896608336     
   1486.1316952915840        2.3549246904174108     
   1512.4532167310297        2.3539071664421773     
   1539.2428907147305        2.3528921977774147     
   1566.5090672054837        2.3518797647247154     
   1594.2602454038638        2.3508698478307641     
   1622.5050764278308        2.3498624278891036     
   1651.2523660224535        2.3488574859294511     
   1680.5110773435897        2.3478550032246570     
   1710.2903337560676        2.3468549612731184     
   1740.5994217355685        2.3458573418177955     
   1771.4477937348656        2.3448621268066909     
   1802.8450712312631        2.3438692984387215     
   1834.8010476688316        2.3428788391058486     
   1867.3256916037924        2.3418907314322706     
   1900.4291498002431        2.3409049582456776     
   1934.1217504607525        2.3399215025981914     
   1968.4140064073281        2.3389403477226418     
   2003.3166184797280        2.3379614770836294     
   2038.8404788280204        2.3369848743309332     
   2074.9966743609439        2.3360105233096742     
   2111.7964902496419        2.3350384080660920     
   2149.2514134555886        2.3340685128319278     
   2187.3731363664256        2.3331008220334639     
   2226.1735604597106        2.3321353202802722     
   2265.6648000369482        2.3311719923571550     
   2305.8591860769779        2.3302108232423882     
   2346.7692700696534        2.3292517980812697     
   2388.4078279943419        2.3282949021978085     
   2430.7878643184840        2.3273401210814240     
   2473.9226161422057        2.3263874404083911     
   2517.8255572855878        2.3254368460025714     
   2562.5104025854102        2.3244883238588141     
   2607.9911122025264        2.3235418601358582     
   2654.2818960217433        2.3225974411560317     
   2701.3972180931687        2.3216550533890796     
   2749.3518012198692        2.3207146834646322     
   2798.1606315966442        2.3197763181708546     
   2847.8389634814275        2.3188399444331655     
   2898.4023240449196        2.3179055493311504     
   2949.8665182734039        2.3169731201009922     
   3002.2476338818065        2.3160426441085860     
   3055.5620464309745        2.3151141088672822     
   3109.8264244495799        2.3141875020228673     
   3165.0577347495905        2.3132628113751359     
   3221.2732476784440        2.3123400248429484     
   3278.4905426258961        2.3114191304863314     
   3336.7275135427626        2.3105001164979257     
   3396.0023745683579        2.3095829711978366     
   3456.3336657704303        2.3086676830328372     
   3517.7402590152174        2.3077542405837819     
   3580.2413638367052        2.3068426325396261     
   3643.8565335943736        2.3059328477291223     
   3708.6056715637687        2.3050248750966116     
   3774.5090372125287        2.3041187037022235     
   3841.5872525873515        2.3032143227213600     
   3909.8613088368129        2.3023117214502262     
   3979.3525728175746        2.3014108893012302     
   4050.0827937934914        2.3005118157918076     
   4122.0741103316313        2.2996144905547773     
   4195.3490572680894        2.2987189033331985     
   4269.9305727837755        2.2978250439719181     
   4345.8420056994601        2.2969329024329954     
   4423.1071227558750        2.2960424687735639     
   4501.7501161307155        2.2951537331512046     
   4581.7956111466274        2.2942666858425698     
   4663.2686738919610        2.2933813172067126     
   4746.1948192107411        2.2924976177057683     
   4830.6000187763184        2.2916155779096887     
   4916.5107091788259        2.2907351884715155     
   5003.9538003677735        2.2898564401508597     
   5092.9566840239540        2.2889793237868905     
   5183.5472423355104        2.2881038303278594     
   5275.7538566460398        2.2872299507982450     
   5369.6054165477271        2.2863576763281386     
   5465.1313288129086        2.2854869981145121     
   5562.3615268788544        2.2846179074635060     
   5661.3264801375917        2.2837503957580423     
   5762.0572035621972        2.2828844544605973     
   5864.5852675915348        2.2820200751315296     
   5968.9428079498475        2.2811572494012866     
   6075.1625358815490        2.2802959689879940     
   6183.2777484252356        2.2794362256878684     
   6293.3223389482346        2.2785780113797331     
   6405.3308078263253        2.2777213180212330     
   6519.3382732850951        2.2768661376406034     
   6635.3804825546358        2.2760124623485805     
   6753.4938231039205        2.2751602843294796     
   6873.7153341642970        2.2743095958471433     
   6996.0827183082865        2.2734603892264356     
   7120.6343535116703        2.2726126568786285     
   7247.4093051154541        2.2717663912767940     
   7376.4473382582501        2.2709215849711342     
   7507.7889303465545        2.2700782305757481     
   7641.4752838654522        2.2692363207735569     
   7777.5483394280745        2.2683958483214965     
   7916.0507889238515        2.2675568060368780     
   8057.0260890802019        2.2667191868087269     
   8200.5184750953104        2.2658829835851066     
   8346.5729747172481        2.2650481893879086     
   8495.2354222645317        2.2642147972864102     
   8646.5524733782768        2.2633828004332708     
   8800.5716194522483        2.2625521920250673     
   8957.3412028280600        2.2617229653274200     
   9116.9104320169845        2.2608951136684712     
   9279.3293971809308        2.2600686304315887     
   9444.6490860368194        2.2592435090649237     
   9612.9213997779498        2.2584197430600903     
   9784.1991697754274        2.2575973259870814     
   9958.5361739137261        2.2567762514541378     
   10135.987153883385        2.2559565131413608     
   10316.607832156817        2.2551381047662189     
   10500.454929926242        2.2543210201189798     
   10687.586184715303        2.2535052530300526     
   10878.060368828194        2.2526907973915766     
   11071.937307743279        2.2518776471393638     
   11269.277899208300        2.2510657962718836     
   11470.144132305892        2.2502552388329073     
   11674.599107066784        2.2494459689138830     
   11882.707054512557        2.2486379806636747     
   12094.533356836555        2.2478312682773347     
   12310.144568038379        2.2470258259940183     
   12529.608435104630        2.2462216481097341     
   12752.993919230414        2.2454187289607317     
   12980.371217732860        2.2446170629337576     
   13211.811786188300        2.2438166444617536     
   13447.388361010944        2.2430174680230750     
   13687.174982465100        2.2422195281433845     
   13931.247017956586        2.2414228193866110     
   14179.681186129123        2.2406273363760696     
   14432.555580627850        2.2398330737569703     
   14689.949695290667        2.2390400262347536     
   14951.944449000719        2.2382481885537788     
   15218.622211270585        2.2374575554978504     
   15490.066828300682        2.2366681218913711     
   15766.363649617471        2.2358798826080903     
   16047.599554756069        2.2350928325505217     
   16333.862981087224        2.2343069666738655     
   16625.243951420212        2.2335222799620444     
   16921.834102746503        2.2327387674459440     
   17223.726715087214        2.2319564241947250     
   17531.016740909137        2.2311752453109683     
   17843.800835309350        2.2303952259404003     
   18162.177386464504        2.2296163612644668     
   18486.246546755592        2.2288386465010634     
   18816.110264483657        2.2280620769068031     
   19151.872316036613        2.2272866477725817     
   19493.638338781850        2.2265123544275256     
   19841.515864374956        2.2257391922330800     
   20195.614352819965        2.2249671565859575     
   20556.045227217004        2.2241962429242825     
   20922.921908729480        2.2234264467129217     
   21296.359852594909        2.2226577634507878     
   21676.476584739317        2.2218901886749718     
   22063.391738809820        2.2211237179535797     
   22457.227094024787        2.2203583468857628     
   22858.106613900502        2.2195940711110658     
   23266.156484990963        2.2188308862871553     
   23681.505157340682        2.2180687881142025     
   24104.283384886327        2.2173077723236352     
   24534.624266667590        2.2165478346712764     
   24972.663289235148        2.2157889709499434     
   25418.538369298509        2.2150311769798687     
   25872.389897515728        2.2142744486148538     
   26334.360782644915        2.2135187817308610     
   26804.596497123694        2.2127641722406945     
   27283.245122840599        2.2120106160829711     
   27770.457398112845        2.2112581092268204     
   28266.386765347110        2.2105066476697082     
   28771.189419480259        2.2097562274334077     
   29285.024357690687        2.2090068445736439     
   29808.053429385749        2.2082584951680153     
   30340.441387774714        2.2075111753282157     
   30882.355941573980        2.2067648811843963     
   31433.967808551035        2.2060196089009749     
   31995.450769250994        2.2052753546658623     
   32566.981722147855        2.2045321146949992     
   33148.740739410045        2.2037898852248587     
   33740.911124155617        2.2030486625206311     
   34343.679468509617        2.2023084428764355     
   34957.235712480011        2.2015692226093613     
   35581.773204094839        2.2008309980595757     
   36217.488760655098        2.2000937655913937     
   36864.582731143775        2.1993575215959709     
   37523.259059529380        2.1986222624873260     
   38193.725349422326        2.1978879847046002     
   38876.192929742610        2.1971546847100369     
   39570.876921606723        2.1964223589881438     
   40277.996306540343        2.1956910040480073     
   40997.773995687283        2.1949606164198618     
   41730.436900600333        2.1942311926598790     
   42476.216004853122        2.1935027293439626     
   43235.346437248954        2.1927752230692370     
   44008.067546528924        2.1920486704596156     
   44794.622976792300        2.1913230681565641     
   45595.260744890853        2.1905984128244858     
   46410.233318921710        2.1898747011491912     
   47239.797698261718        2.1891519298391851     
   48084.215494699973        2.1884300956197467     
   48943.753015837792        2.1877091952443988     
   49818.681348640457        2.1869892254774750     
   50709.276446125812        2.1862701831114815     
   51615.819214351199        2.1855520649577356     
   52538.595601294677        2.1848348678443021     
   53477.896687666922        2.1841185886205485     
   54434.018779219550        2.1834032241585000     
   55407.263500242996        2.1826887713456724     
   56397.937889494773        2.1819752270918511     
   57406.354497153225        2.1812625883230599     
   58432.831484057620        2.1805508519851826     
   59477.692722522843        2.1798400150441131     
   60541.267898870195        2.1791300744838753     
   61623.892617744626        2.1784210273041289     
   62725.908508956854        2.1777128705283153     
   63847.663335144469        2.1770056011937697     
   64989.511102081378        2.1762992163533599     
   66151.812171593367        2.1755937130870393     
   67334.933374418455        2.1748890884806142     
   68539.248127706975        2.1741853396450765     
   69765.136552734009        2.1734824637066836     
   71012.985595480568        2.1727804578084964     
   72283.189149256199        2.1720793191100976     
   73576.148179607524        2.1713790447883938     
   74892.270851270121        2.1706796320356143     
   76231.972657876133        2.1699810780636843     
   77595.676553198413        2.1692833800980416     
   78983.813085464586        2.1685865353805953     
   80396.820533898310        2.1678905411707348     
   81835.145047428188        2.1671953947420164     
   83299.240786336042        2.1665010933849809     
   84789.570066135799        2.1658076344056880     
   86306.603504018916        2.1651150151243272     
   87850.820168336475        2.1644232328783595     
   89422.707730096721        2.1637322850178689     
   91022.762618152439        2.1630421689121277     
   92651.490175935774        2.1623528819418034     
   94309.404822131954        2.1616644215039820     
   95997.030213451304        2.1609767850084505     
   97714.899411097300        2.1602899698821396     
   99463.555049552437        2.1596039735661958     
   101243.54950846753        2.1589187935143066     
   103055.44212234342        2.1582343946288742     
   104899.81117870453        2.1575508396377363     
   106777.23643245288        2.1568680933479949     
   108688.31102938474        2.1561861532823166     
   110633.63876718545        2.1555050169643732     
   112613.83428829942        2.1548246819318280     
   114629.52327504972        2.1541451457378451     
   116681.34264721190        2.1534664059432256     
   118769.94076575444        2.1527884601315521     
   120895.97763641983        2.1521113058910011     
   123060.12512040939        2.1514349408259488     
   125263.06714754675        2.1507593625571211     
   127505.49993202947        2.1500845687116708     
   129788.13219435274        2.1494105569320894     
   132111.68538634584        2.1487373248774011     
   134476.89391860212        2.1480648702122047     
   136884.50539517924        2.1473931906196455     
   139335.28084967553        2.1467222837929798     
   141829.99498656322        2.1460521474349590     
   144369.43642787199        2.1453827792641338     
   146954.40796268656        2.1447141770098352     
   149585.72680230558        2.1440463384149977     
   152264.22483860425        2.1433792612300930     
   154990.74890896323        2.1427129432195642     
   157766.16106539479        2.1420473821643391     
   160591.33884618475        2.1413825758495300     
   163467.17555587881        2.1407185220743878     
   166394.58054848688        2.1400552186504043     
   169374.47951631257        2.1393926634026670     
   172407.81478201554        2.1387308541600420     
   175495.54560022213        2.1380697887699474     
   178638.64845991725        2.1374094650866731     
   181838.11739568866        2.1367498809787717     
   185094.96430206989        2.1360910343228743     
   188410.21925486016        2.1354329230045832     
   191784.93084002152        2.1347755449287611     
   195220.16648292949        2.1341188980007484     
   198717.01278983837        2.1334629801403748     
   202276.57589256082        2.1328077892805539     
   205899.98179818547        2.1321533233603223     
   209588.37674827615        2.1314995803335099     
   213342.92758083454        2.1308465581597082     
   217164.82210220219        2.1301942548112422     
   221055.26946310519        2.1295426682685408     
   225015.50054380624        2.1288917965257936     
   229046.76834289150        2.1282416375822546     
   233150.34837718992        2.1275921894516250     
   237327.53908442627        2.1269434501519977     
   241579.66223840960        2.1262954177185005     
   245908.06336528997        2.1256480901887951     
   250314.11217360166        2.1250014656151324     
   254799.20298658815        2.1243555420537570     
   259364.75518855779        2.1237103175792598     
   264012.21367047395        2.1230657902647243     
   268743.04929400480        2.1224219582019828     
   273558.75935409742        2.1217788194846601     
   278460.86805818178        2.1211363722219305     
   283450.92700679187        2.1204946145263071     
   288530.51568931236        2.1198535445243474     
   293701.24198274943        2.1192131603468187     
   298964.74266468117        2.1185734601367820     
   304322.68393280619        2.1179344420482975     
   309776.76193114102        2.1172961042370462     
   315328.70329228137        2.1166584448719976     
   320980.26568436221        2.1160214621305764     
   326733.23836982728        2.1153851542002733     
   332589.44277166977        2.1147495192725057     
   338550.73305463692        2.1141145555507928     
   344618.99671288516        2.1134802612466475     
   350796.15516964218        2.1128466345800732     
   357084.16438658314        2.1122136737769486     
   363485.01548706868        2.1115813770743985     
   370000.73538678361        2.1109497427155879     
   376633.38743903651        2.1103187689536194     
   383385.07208860270        2.1096884540473320     
   390257.92754100537        2.1090587962663734     
   397254.13043976674        2.1084297938861014     
   404375.89655981393        2.1078014451923881     
   411625.48150818335        2.1071737484736701     
   419005.18144539866        2.1065467020325004     
   426517.33381056145        2.1059203041749024     
   434164.31806690106        2.1052945532171718     
   441948.55645598524        2.1046694474818124     
   449872.51476766315        2.1040449852983789     
   457938.70312401600        2.1034211650042760     
   466149.67677675473        2.1027979849447109     
   474508.03692024777        2.1021754434746303     
   483016.43151596462        2.1015535389544451     
   491677.55613296456        2.1009322697483439     
   500494.15480935044        2.1003116342339334     
   509469.02091897477        2.0996916307918121     
   518604.99806198903        2.0990722578111720     
   527904.98096825567        2.0984535136893374     
   537371.91641534877        2.0978353968279957     
   547008.80416844180        2.0972179056396221     
   556818.69792961830        2.0966010385401526     
   566804.70631164731        2.0959847939546536     
   576969.99382450350        2.0953691703148820     
   587317.78188061062        2.0947541660583391     
   597851.34981989604        2.0941397796303516     
   608574.03595176642        2.0935260094832921     
   619489.23861408187        2.0929128540735702     
   630600.41725700547        2.0923003118672283     
   641911.09354226408        2.0916883813392224     
   653424.85245579481        2.0910770609633547     
   665145.34345678578        2.0904663492265660     
   677076.28163365694        2.0898562446224673     
   689221.44888125663        2.0892467456462236     
   701584.69510992221        2.0886378508042402     
   714169.93946299236        2.0880295586052435     
   726981.17156844982        2.0874218675680991     
   740022.45280339243        2.0868147762166092     
   753297.91758474649        2.0862082830790136     
   766811.77468643989        2.0856023866914608     
   780568.30857787654        2.0849970855984838     
   794571.88078102481        2.0843923783466858     
   808826.93126185809        2.0837882634906046     
   823337.97984019120        2.0831847395905059     
   838109.62762814714        2.0825818052139384     
   853146.55849200196        2.0819794589343554     
   868453.54053908912        2.0813776993286255     
   884035.42763886100        2.0807765249824532     
   899897.16096263903        2.0801759344863431     
   916043.77055394638        2.0795759264346221     
   932480.37693481077        2.0789764994328070     
   949212.19272320194        2.0783776520860715     
   966244.52430107980        2.0777793830101854     
   983582.77349403000        2.0771816908233607     
   1001232.4392933027        2.0765845741507034     
   1019199.1196044983        2.0759880316239330     
   1037488.5130256963        2.0753920618792803     
   1056106.4206593486        2.0747966635573931     
   1075058.7479634108        2.0742018353086165     
   1094351.5066156944        2.0736075757810011     
   1113990.8164459157        2.0730138836376604     
   1133982.9073658539        2.0724207575425759     
   1154334.1213521340        2.0718281961621012     
   1175050.9144746333        2.0712361981741174     
   1196139.8589367208        2.0706447622572060     
   1217607.6451719385        2.0700538870957108     
   1239461.0839761640        2.0694635713828973     
   1261707.1086644002        2.0688738138134894     
   1284352.7772862019        2.0682846130911541     
   1307405.2748568512        2.0676959679182882     
   1330871.9156616295        2.0671078770096298     
   1354760.1455662991        2.0665203390804927     
   1379077.5443950314        2.0659333528533943     
   1403831.8283375327        2.0653469170551255     
   1429030.8524073137        2.0647610304190693     
   1454682.6129317328        2.0641756916794649     
   1480795.2501118004        2.0635908995817052     
   1507377.0505915049        2.0630066528691158     
   1534436.4501174265        2.0624229502978149     
   1561982.0361983343        2.0618397906213990     
   1590022.5508573188        2.0612571726033062     
   1618566.8933998330        2.0606750950087691     
   1647624.1232574268        2.0600935566118599     
   1677203.4628542480        2.0595125561864003     
   1707314.3005554220        2.0589320925138721     
   1737966.1936484990        2.0583521643801435     
   1769168.8713867371        2.0577727705766771     
   1800932.2380792832        2.0571939098974319     
   1833266.3762503841        2.0566155811430176     
   1866181.5498403499        2.0560377831167687     
   1899688.2074800828        2.0554605146291047     
   1933796.9858079271        2.0548837744932458     
   1968518.7128584126        2.0543075615274340     
   2003864.4115067960        2.0537318745540531     
   2039845.3029777547        2.0531567124002912     
   2076472.8104179001        2.0525820738984617     
   2113758.5625295248        2.0520079578855053     
   2151714.3972657877        2.0514343632003795     
   2190352.3656109865        2.0508612886896445     
   2229684.7354018320        2.0502887332014441     
   2269723.9952433710        2.0497166955903121     
   2310482.8584745340        2.0491451747133360     
   2351974.2672273088        2.0485741694352932     
   2394211.3965286287        2.0480036786217228     
   2437207.6585026667        2.0474337011424719     
   2480976.7066475404        2.0468642358746898     
   2525532.4401654224        2.0462952816966724     
   2570889.0083996668        2.0457268374927864     
   2617060.8153311936        2.0451589021506948     
   2664062.5241656746        2.0445914745622518     
   2711909.0620019985        2.0440245536236223     
   2760615.6245809863        2.0434581382344108     
   2810197.6811312363        2.0428922273004897     
   2860670.9792823736        2.0423268197301949     
   2912051.5500779394        2.0417619144344394     
   2964355.7130911332        2.0411975103306159     
   3017600.0816127481        2.0406336063401134     
   3071801.5679267813        2.0400702013844079     
   3126977.3887298224        2.0395072943956505     
   3183145.0705685909        2.0389448843034597     
   3240322.4554573558        2.0383829700462068     
   3298527.7065290264        2.0378215505623101     
   3357779.3138418123        2.0372606247971379     
   3418096.1002460653        2.0367001916973639     
   3479497.2273950186        2.0361402502157508     
   3542002.2018302255        2.0355807993070263     
   3605630.8812031848        2.0350218379307434     
   3670403.4805964013        2.0344633650506974     
   3736340.5789526957        2.0339053796331057     
   3803463.1256343997        2.0333478806484213     
   3871792.4470973047        2.0327908670718102     
   3941350.2536660600        2.0322343378795789     
   4012158.6464696839        2.0316782920545529     
   4084240.1244662423        2.0311227285827744     
   4157617.5916033601        2.0305676464527367     
   4232314.3641206035        2.0300130446572675     
   4308354.1779643157        2.0294589221913473     
   4385761.1963608582        2.0289052780553560     
   4464560.0175028201        2.0283521112528580     
   4544775.6823836304        2.0277994207910535     
   4626433.6827678429        2.0272472056797479     
   4709559.9693214195        2.0266954649338285     
   4794180.9598598750        2.0261441975697849     
   4880323.5477785310        2.0255934026092319     
   4968015.1106052902        2.0250430790762333     
   5057283.5187190678        2.0244932259973902     
   5148157.1442517154        2.0239438424062124     
   5240664.8700877409        2.0233949273365162     
   5334836.0990741821        2.0228464798244783     
   5430700.7634196887        2.0222984989143140     
   5528289.3341752486        2.0217509836492411     
   5627632.8309762115        2.0212039330776594     
   5728762.8319123313        2.0206573462513107     
   5831711.4835733408        2.0201112222232829     
   5936511.5113249188        2.0195655600537190     
   6043196.2296864679        2.0190203588024325     
   6151799.5529858656        2.0184756175355814     
   6262356.0061155213        2.0179313353185044     
   6374900.7355835531        2.0173875112236113     
   6489469.5206848178        2.0168441443265084     
   6606098.7848661570        2.0163012337017245     
   6724825.6073945276        2.0157587784314512     
   6845687.7351229712        2.0152167775993033     
   6968723.5945316087        2.0146752302923963     
   7093972.3039548639        2.0141341355994387     
   7221473.6860732138        2.0135934926145995     
   7351268.2805794645        2.0130533004345845     
   7483397.3570813099        2.0125135581572766     
   7617902.9282830460        2.0119742648857351     
   7754827.7633480784        2.0114354197253528     
   7894215.4015354002        2.0108970217851030     
   8036110.1660509873        2.0103590701751397     
   8180557.1782026533        2.0098215640105264     
   8327602.3717686310        2.0092845024102277     
   8477292.5075901020        2.0087478844925224     
   8629675.1885334924        2.0082117093817970     
   8784798.8746230416        2.0076759762045593     
   8942712.8984800577        2.0071406840896300     
   9103467.4810546320        2.0066058321690248     
   9267113.7476421744        2.0060714195795302     
   9433703.7441159841        2.0055374454568757     
   9603290.4535933565        2.0050039089435763     
   9775927.8132478558        2.0044708091823518     
   9951670.7315546032        2.0039381453211105     
   10130575.105736924        2.0034059165086475     
   10312697.839599373        2.0028741218962987     
   10498096.861684013        2.0023427606399009     
   10686831.143723791        2.0018118318991371     
   10878960.719368301        2.0012813348317806     
   11074546.703420723        2.0007512686026589     
   11273651.311257716        2.0002216323785706     
   11476337.878652221        1.9996924253281871     
   11682670.881957209        1.9991636466219040     
   11892715.958708324        1.9986352954359168     
   12106539.928472593        1.9981073709467592     
   12324210.814159844        1.9975798723327054     
   12545797.863792123        1.9970527987800006     
   12771371.572390396        1.9965261494697013     
   13001003.704642255        1.9959999235919468     
   13234767.317652548        1.9954741203370938     
   13472736.784239652        1.9949487388966445     
   13714987.816736288        1.9944237784694576     
   13961597.490971221        1.9938992382519278     
   14212644.270935213        1.9933751174443497     
   14468208.033794172        1.9928514152510495     
   14728370.095322944        1.9923281308785867     
   14993213.235818297        1.9918052635354320     
   15262821.726503296        1.9912828124328352     
   15537281.356372617        1.9907607767839222     
   15816679.459569685        1.9902391558055021     
   16101104.943202503        1.9897179487163879     
   16390648.315692769        1.9891971547381466     
   16685401.715606308        1.9886767730936052     
   16985458.941092309        1.9881568030106380     
   17290915.479684852        1.9876372437166667     
   17601868.538826127        1.9871180944431526     
   17918417.076837648        1.9865993544244058     
   18240661.834442187        1.9860810228963872     
   18568705.366873130        1.9855630990964037     
   18902652.076649491        1.9850455822668360     
   19242608.246762741        1.9845284716504228     
   19588682.074614264        1.9840117664928527     
   19940983.706523221        1.9834954660431374     
   20299625.272755098        1.9829795695497936     
   20664720.923420534        1.9824640762673202     
   21036386.864736822        1.9819489854502323     
   21414741.396176137        1.9814342963573883     
   21799904.948040254        1.9809200082460148     
   22192000.120087381        1.9804061203808705     
   22591151.720398374        1.9798926320252701     
   22997486.805293195        1.9793795424459719     
   23411134.719834045        1.9788668509125693     
   23832227.139040258        1.9783545566966341     
   24260898.109848864        1.9778426590706109     
   24697284.093926270        1.9773311573104886     
   25141524.011192594        1.9768200506958702     
   25593759.283988599        1.9763093385055970     
   26054133.882332869        1.9757990200232225     
   26522794.369753394        1.9752890945342685     
   26999889.949930977        1.9747795613232113     
   27485572.514497366        1.9742704196806407     
   27979996.691355731        1.9737616688993835     
   28483319.893883716        1.9732533082711274     
   28995702.371316928        1.9727453370922345     
   29517307.259745307        1.9722377546603245     
   30048300.634203784        1.9717305602762658     
   30588851.561524853        1.9712237532409345     
   31139132.154448096        1.9707173328606717     
   31699317.626263872        1.9702112984402818     
   32269586.346904017        1.9697056492889924     
   32850119.899727385        1.9692003847176420     
   33441103.139439575        1.9686955040387766     
   34042724.251047209        1.9681910065667136     
   34655174.809948154        1.9676868916193193     
   35278649.842903219        1.9671831585147215     
   35913347.890361302        1.9666798065742881     
   36559471.069735445        1.9661768351215176     
   37217225.139921121        1.9656742434831336     
   37886819.566645719        1.9651720309828156     
   38568467.589770563        1.9646701969523215     
   39262386.290852763        1.9641687407212916     
   39968796.662741564        1.9636676616249962     
   40687923.679721460        1.9631669589968852     
   41419996.369554810        1.9626666321746473     
   42165247.886462256        1.9621666804984788     
   42923915.585333005        1.9616671033079074     
   43696241.097734891        1.9611678999477167     
   44482470.408698589        1.9606690697622298     
   45282853.935353398        1.9601706120984235     
   46097646.606757626        1.9596725263051176     
   46927107.945240371        1.9591748117333461     
   47771502.149280697        1.9586774677377545     
   48631098.177468330        1.9581804936710638     
   49506169.834621757        1.9576838888897965     
   50396995.859135829        1.9571876527540735     
   51303860.011613198        1.9566917846226972     
   52227051.165736184        1.9561962838590943     
   53166863.400185898        1.9557011498272461     
   54123596.092602454        1.9552063818939449     
   55097554.014918216        1.9547119794261789     
   56089047.430806659        1.9542179417943544     
   57098392.194454767        1.9537242683691676     
   58125909.851611331        1.9532309585256371     
   59171927.741786972        1.9527380116374309     
   60236779.103161506        1.9522454270838103     
   61320803.178343676        1.9517532042415551     
   62424345.323195741        1.9512613424932048     
   63547757.116473287        1.9507698412196151     
   64691396.472467065        1.9502786998061019     
   65855627.754959978        1.9497879176395339     
   67040821.893398866        1.9492974941067986     
   68247356.501463920        1.9488074285980499     
   69475615.997439772        1.9483177205049882     
   70725991.726766348        1.9478283692196769     
