           1  -3.6014324224821963       -8.0445306568076358E-002
           2  -3.5413598067350045       -8.0311393630442485E-002
           3  -3.4822568301965764       -8.0148737374997392E-002
           4  -3.4240857929732962       -7.9957089312973739E-002
           5  -3.3668250181008688       -7.9737434190052525E-002
           6  -3.3104528310183312       -7.9490705628438629E-002
           7  -3.2549475942452952       -7.9217788012039048E-002
           8  -3.2002877505216940       -7.8919519113871850E-002
           9  -3.1464518702084701       -7.8596692936890200E-002
          10  -3.0934186941545789       -7.8250062345164295E-002
          11  -3.0411671817396853       -7.7880342005032244E-002
          12  -2.9896765536285130       -7.7488211116249150E-002
          13  -2.9389263315522483       -7.7074316032090362E-002
          14  -2.8888963783636399       -7.6639273011193332E-002
          15  -2.8395669320103991       -7.6183670680423088E-002
          16  -2.7909186367946632       -7.5708072488227529E-002
          17  -2.7429325859719431       -7.5213019649682966E-002
          18  -2.6955902548066644       -7.4699025698858890E-002
          19  -2.6488737205648243       -7.4166601485613270E-002
          20  -2.6027654511957210       -7.3616226100419180E-002
          21  -2.5572484426746493       -7.3048367881581200E-002
          22  -2.5123061993848128       -7.2463481327055934E-002
          23  -2.4679227366477288       -7.1862008374997455E-002
          24  -2.4240825832489934       -7.1244379686685733E-002
          25  -2.3807707797008510       -7.0611015728772042E-002
          26  -2.3379728726687525       -6.9962327632382415E-002
          27  -2.2956749127637388       -6.9298718250337288E-002
          28  -2.2538634427114137       -6.8620582680236186E-002
          29  -2.2125254931521212       -6.7928309170057766E-002
          30  -2.1716485662635017       -6.7222279372318727E-002
          31  -2.1312206314386724       -6.6502869194963843E-002
          32  -2.0912301061726013       -6.5770448856925068E-002
          33  -2.0516658490545154       -6.5025383540809667E-002
          34  -2.0125171433402071       -6.4268033525258783E-002
          35  -1.9737736843826361       -6.3498754484609510E-002
          36  -1.9354251406323701       -6.2717875925649924E-002
          37  -1.8974626590973385       -6.1925793459419509E-002
          38  -1.8598769663354655       -6.1122816178393435E-002
          39  -1.8226591446324312       -6.0309289952324097E-002
          40  -1.7858007446176840       -5.9485549854443764E-002
          41  -1.7492936487050372       -5.8651927136965210E-002
          42  -1.7131300596292314       -5.7808749360971134E-002
          43  -1.6773024833688024       -5.6956340209381562E-002
          44  -1.6418037213479801       -5.6095019718565453E-002
          45  -1.6066029825681822       -5.5225420694851923E-002
          46  -1.5717387944547299       -5.4347176943911002E-002
          47  -1.5371831973738135       -5.3460952930909134E-002
          48  -1.5029300191043458       -5.2567052805775560E-002
          49  -1.4689733222986401       -5.1665776852843681E-002
          50  -1.4353073941547367       -5.0757421454302509E-002
          51  -1.4019267366848274       -4.9842279061089290E-002
          52  -1.3688260573707185       -4.8920638162811780E-002
          53  -1.3360002600260226       -4.7992783249324322E-002
          54  -1.3034444361433908       -4.7058994778038876E-002
          55  -1.2711538567192915       -4.6119549147055849E-002
          56  -1.2391239642050436       -4.5174718659362956E-002
          57  -1.2073503647289523       -4.4224771485604109E-002
          58  -1.1758288211222037       -4.3269971649969818E-002
          59  -1.1445552456341701       -4.2310578989862346E-002
          60  -1.1135256936902778       -4.1346849150853071E-002
          61  -1.0827363570875257       -4.0379033546002585E-002
          62  -1.0521835583085981       -3.9407379354304162E-002
          63  -1.0218637445655261       -3.8432129497965928E-002
          64 -0.99177348238352059       -3.7453522634070424E-002
          65 -0.96190945255282656       -3.6471793154792653E-002
          66 -0.93226844514805585       -3.5487171180853316E-002
          67 -0.90284735549519146       -3.4499882588660657E-002
          68 -0.87364317650026468       -3.3510148870638634E-002
          69 -0.84465300002691002       -3.2518187383960839E-002
          70 -0.82842366581986215       -3.2068622039950867E-002
          71 -0.78730368484949420       -3.0528438545931902E-002
          72 -0.75893871127325241       -2.9531043743820984E-002
          73 -0.73077716592586217       -2.8532255946543739E-002
          74 -0.70281629403344359       -2.7532259060662589E-002
          75 -0.67505357242561037       -2.6531239853864186E-002
          76 -0.64748645810608074       -2.5529376761841860E-002
          77 -0.62011225221957011       -2.4526834052699176E-002
          78 -0.59292793952469125       -2.3523754934774654E-002
          79 -0.56592979995440862       -2.2520244873193818E-002
          80 -0.53911269316001598       -2.1516340944989221E-002
          81 -0.51246870989867566       -2.0511954309791136E-002
          82 -0.48598447440805931       -1.9506755958838440E-002
          83 -0.45980510674103231       -1.8507598928203972E-002
          84 -0.43372291916831940       -1.7505161238391853E-002
          85 -0.40781387117726242       -1.6503207948240561E-002
          86 -0.38207246553855922       -1.5501699259311774E-002
          87 -0.35649431573034007       -1.4500526467196906E-002
          88 -0.33116854943563634       -1.3504408627775355E-002
          89 -0.30594010002654098       -1.2506119132552840E-002
          90 -0.28093063278269881       -1.1511331505127842E-002
          91 -0.25605239976651617       -1.0516522239793158E-002
          92 -0.18215023706914002       -7.5314788805624922E-003
          93 -0.15777231664244934       -6.5375052648701804E-003
          94   3.1384113268494426E-002   1.2928554551501215E-003
          95  -4.4534389542062111E-002  -1.8568801023342019E-003
          96   2.0317037634281308E-002   8.4515868156342933E-004
          97  -4.5142367092584963E-002  -1.8991652262485559E-003
          98  0.13240836999485667        5.4943787384087450E-003
          99   5.1320773695468294E-002   2.1554214730823418E-003
         100  -2.9969556530340613E-002  -1.2753261270663785E-003
         101  0.15442167829766229        6.4969297333741238E-003
         102   1.3284224112521677E-002   5.6969189177502599E-004
         103  -2.0923781869535921E-002  -9.0482409182524037E-004
         104  0.20884370281901055        8.9070855337154420E-003
         105  0.23222553258090325        9.9173190990216042E-003
         106  0.26579107916678968        1.1353807058406939E-002
         107  0.27331385394157914        1.1708087824283453E-002
         108  0.29466910546536090        1.2640408426372041E-002
         109  0.31599533156451104        1.3573591580357647E-002
         110  0.33693468406181942        1.4492385638831706E-002
         111  0.35786023632285613        1.5412465039218670E-002
         112  0.37864753708198695        1.6328507974664230E-002
         113  0.39929522263223582        1.7240496669959970E-002
         114  0.41979158468950051        1.8147501405978428E-002
         115  0.44018102835762568        1.9051565579943031E-002
         116  0.46044839693930656        1.9951945806587545E-002
         117  0.48059017592848574        2.0848408361479276E-002
         118  0.50060660973687987        2.1740886135708237E-002
         119  0.52049891704014339        2.2629357672872885E-002
         120  0.54026845498668541        2.3513810532115986E-002
         121  0.55998106100256739        2.4397283913742740E-002
         122  0.57948384944567322        2.5272524478092695E-002
         123  0.59887676900440301        2.6144116100807580E-002
         124  0.61815710240493660        2.7011879534218242E-002
         125  0.63732386645826800        2.7875710665783870E-002
         126  0.65637673280031683        2.8735536121720529E-002
         127  0.67531584504930176        2.9591305081581698E-002
         128  0.69414159312974844        3.0442979600505904E-002
         129  0.71285456068684627        3.1290532095324064E-002
         130  0.73145542560883769        3.2133941036741387E-002
         131  0.74994495319130550        3.2973190480212189E-002
         132  0.76832393923607523        3.3808267600004438E-002
         133  0.78659320866449300        3.4639162519103817E-002
         134  0.80475360703167753        3.5465867871448786E-002
         135  0.82280597900500618        3.6288377844972963E-002
         136  0.84075117694060753        3.7106688468893534E-002
         137  0.85859005163788371        3.7920797176401067E-002
         138  0.87632344982259469        3.8730702651914140E-002
         139  0.89395221644096523        3.9536404875313291E-002
         140  0.91147718997880389        4.0337904888009479E-002
         141  0.92889920366269874        4.1135204799149339E-002
         142  0.94621908452964776        4.1928307709328205E-002
         143  0.96343765395618430        4.2717217693335030E-002
         144  0.98055572718010564        4.3501939744876150E-002
         145  0.99757411280285102        4.4282479721144075E-002
         146   1.0144936133672964        4.5058844332788173E-002
         147   1.0313150246905867        4.5831041083378210E-002
         148   1.0480391368745825        4.6599078279327966E-002
         149   1.0646667333151829        4.7362964958143294E-002
         150   1.0811985916389315        4.8122710896653764E-002
         151   1.0976354829942130        4.8878326552942664E-002
         152   1.1139781726385112        4.9629823061505540E-002
         153   1.1302274197335929        5.0377212197298515E-002
         154   1.1463839774954256        5.1120506354731976E-002
         155   1.1624485931252737        5.1859718518525888E-002
         156   1.1784220079461694        5.2594862243553031E-002
         157   1.1943049575347879        5.3325951635164515E-002
         158   1.2100981716014230        5.4053001319977145E-002
         159   1.2258023741046267        5.4776026426760716E-002
         160   1.2414182833006433        5.5495042565322006E-002
         161   1.2569466117650616        5.6210065804853659E-002
         162   1.2723880664765657        5.6921112655368145E-002
         163   1.2877433487661032        5.7628200044318234E-002
         164   1.3030131544409793        5.8331345300773219E-002
         165   1.3181981737888329        5.9030566135347851E-002
         166   1.3332990915800271        5.9725880620588701E-002
         167   1.3483165871576070        6.0417307175406609E-002
         168   1.3632513344580650        6.1104864547237625E-002
         169   1.3781040020062287        6.1788571793681690E-002
         170   1.3928752529820467        6.2468448267500420E-002
         171   1.4075657452422301        6.3144513600303043E-002
         172   1.4221761313723258        6.3816787687883458E-002
         173   1.4367070587025801        6.4485290674622053E-002
         174   1.4511591692823322        6.5150042936628516E-002
         175   1.4655331000476983        6.5811065073060782E-002
         176   1.4798294826926417        6.6468377886041985E-002
         177   1.4940489438483637        6.7122002373277034E-002
         178   1.5081921049730691        6.7771959709541640E-002
         179   1.5222595825023797        6.8418271238940953E-002
         180   1.5362519878124419        6.9060958460117394E-002
         181   1.5501699272540594        6.9700043014654156E-002
         182   1.5640140022041051        7.0335546676522309E-002
         183   1.5777848090780651        7.0967491340377276E-002
         184   1.5914829393663570        7.1595899011121400E-002
         185   1.6051089796780813        7.2220791794114891E-002
         186   1.6186635117451285        7.2842191884157970E-002
         187   1.6321471124580951        7.3460121556049085E-002
         188   1.6455603539120760        7.4074603155868779E-002
         189   1.6589038034142745        7.4685659091039636E-002
         190   1.6721780235286665        7.5293311822182130E-002
         191   1.6853835721077364        7.5897583854730222E-002
         192   1.6985210023146600        7.6498497730476789E-002
         193   1.7115908626403855        7.7096076019191884E-002
         194   1.7245936969594242        7.7690341312036892E-002
         195   1.7375300445480026        7.8281316213764551E-002
         196   1.7504004401042963        7.8869023335268462E-002
         197   1.7632054137919706        7.9453485287288572E-002
         198   1.7759454912673578        8.0034724673732072E-002
         199   1.7886211937032688        8.0612764085094213E-002
         200   1.8012330378205479        8.1187626092423582E-002
         201   1.8137815359257206        8.1759333241739451E-002
         202   1.8262671959274761        8.2327908047866938E-002
         203   1.8386905213754834        8.2893372989337522E-002
         204   1.8510520114921374        8.3455750503226511E-002
         205   1.8633521611992265        8.4015062980010491E-002
         206   1.8755914611437612        8.4571332758580642E-002
         207   1.8877703977318616        8.5124582121759218E-002
         208   1.8998894531643924        8.5674833292081587E-002
         209   1.9119491054531199        8.6222108426995625E-002
         210   1.9239498284575602        8.6766429615052765E-002
         211   1.9358920919298648        8.7307818872566667E-002
         212   1.9477763615139025        8.7846298138683387E-002
         213   1.9596030988024238        8.8381889272853620E-002
         214   1.9713727613529826        8.8914614050870977E-002
         215   1.9830858027135234        8.9444494161435628E-002
         216   1.9947426724776112        8.9971551204015565E-002
         217   2.0063438162770244        9.0495806684438573E-002
         218   2.0178896758475395        9.1017282013441836E-002
         219   2.0293806890247343        9.1535998502671134E-002
         220   2.0408387098550715        9.2053435534575900E-002
         221   2.0522201116533685        9.2566640546396961E-002
         222   2.0635492655446295        9.3077204429741656E-002
         223   2.0748252584365039        9.3585092472145970E-002
         224   2.0860485306526222        9.4090326500680721E-002
         225   2.0972194952274670        9.4592927101173618E-002
         226   2.1083385655885101        9.5092914906262482E-002
         227   2.1194061479089550        9.5590310293289793E-002
         228   2.1304226485395334        9.6085133669044254E-002
         229   2.1413884675628281        9.6577405217823653E-002
         230   2.1523040020096209        9.7067145024030133E-002
         231   2.1631696457690519        9.7554373064590028E-002
         232   2.1739857895633117        9.8039109206991437E-002
         233   2.1847528193008250        9.8521373143598989E-002
         234   2.1954711188066933        9.9001184492493177E-002
         235   2.2061410683515650        9.9478562741657228E-002
         236   2.2167630436150181        9.9953527205080661E-002
         237   2.2273374186673061       0.10042609713634576     
         238   2.2378645623824611       0.10089629158853075     
         239   2.2483448413463654       0.10136412952473961     
         240   2.2587786195194139       0.10182962980173649     
         241   2.2691662561479746       0.10229281109041288     
         242   2.2795081083887503       0.10275369197324302     
         243   2.2898045295374230       0.10321229087568007     
         244   2.3000558697611964       0.10366862609272376     
         245   2.3102624767079125       0.10412271580994403     
         246   2.3204246938430941       0.10457457804025161     
         247   2.3305428623150863       0.10502423069192668     
         248   2.3406173204654297       0.10547169155038594     
         249   2.3506484032129031       0.10591697825199065     
         250   2.3606364415251164       0.10636010826537667     
         251   2.3705817655707113       0.10680109900646517     
         252   2.3804847000045526       0.10723996766258681     
         253   2.3903455683254555       0.10767673135383360     
         254   2.4001646908450760       0.10811140705588862     
         255   2.4099423844100487       0.10854401158974580     
         256   2.4196789634611826       0.10897456165961428     
         257   2.4293747395913541       0.10940307383629255     
         258   2.4390300215797653       0.10982956455743276     
         259   2.4486451151774680       0.11025405011873612     
         260   2.4582203232612900       0.11067654667948856     
         261   2.4677559467451902       0.11109707029549165     
         262   2.4772522831732378       0.11151563686642296     
         263   2.4867096272345539       0.11193226215433461     
         264   2.4961282721096265       0.11234696183340054     
         265   2.5055085066634124       0.11275975138478511     
         266   2.5148506186126616       0.11317064621409134     
         267   2.5241548920706314       0.11357966155989807     
         268   2.5334216092457975       0.11398681255611676     
         269   2.5426510498955599       0.11439211421221529     
         270   2.5518434902886211       0.11479558137312695     
         271   2.5609992050494830       0.11519722878840355     
         272   2.5701184664728620       0.11559707108604877     
         273   2.5792015436931761       0.11599512274195867     
         274   2.5882487037662631       0.11639139811909072     
         275   2.5972602119461965       0.11678591147790485     
         276   2.6062363297721762       0.11717867690580430     
         277   2.6151773178953475       0.11756970842069281     
         278   2.6240834331034013       0.11795901986159496     
         279   2.6329549311942322       0.11834662499416426     
         280   2.6417920653690485       0.11873253745181156     
         281   2.6505950858190679       0.11911677071970361     
         282   2.6593642412577183       0.11949933819226555     
         283   2.6680997779407876       0.11988025313555362     
         284   2.6768019398035880       0.12025952869365231     
         285   2.6854709691105625       0.12063717791160222     
         286   2.6941071046835763       0.12101321367142814     
         287   2.7027105847762685       0.12138764879607056     
         288   2.7112816444732006       0.12176049595559801     
         289   2.7198205171890879       0.12213176772114087     
         290   2.7283274339290848       0.12250147653878374     
         291   2.7368026239781762       0.12286963475354851     
         292   2.7452463144839854       0.12323625459583587     
         293   2.7536587303444930       0.12360134817604562     
         294   2.7620400946580372       0.12396492750184196     
         295   2.7703906283203215       0.12432700446365130     
         296   2.7787105507171765       0.12468759085940251     
         297   2.7870000790759013       0.12504669837176863     
         298   2.7952594278979084       0.12540433854698829     
         299   2.8034888109783949       0.12576052286947359     
         300   2.8116884395565629       0.12611526269324980     
         301   2.8198585230828899       0.12646856927166006     
         302   2.8279992694271399       0.12682045376332374     
         303   2.8361108840584355       0.12717092720450740     
         304   2.8441935712717097       0.12752000055203183     
         305   2.8522475329120343       0.12786768463832932     
         306   2.8602729693213638       0.12821399020608748     
         307   2.8682700792797062       0.12855892790485157     
         308   2.8762390595891278       0.12890250827794292     
         309   2.8841801049360285       0.12924474175706502     
         310   2.8920934094484783       0.12958563871777384     
         311   2.8999791637994976       0.12992520937724805     
         312   2.9078375588889926       0.13026346392493382     
         313   2.9156687822859757       0.13060041239680009     
         314   2.9234730207403574       0.13093606476453967     
         315   2.9312504596229227       0.13127043091551416     
         316   2.9390012819932192       0.13160352062101355     
         317   2.9467256693319475       0.13193534356181358     
         318   2.9544238020658078       0.13226590934654325     
         319   2.9620958587304993       0.13259522748332442     
         320   2.9697420162110526       0.13292330738789726     
         321   2.9773624498865550       0.13325015838952936     
         322   2.9849573339287008       0.13357578974100459     
         323   2.9925268403329426       0.13390021058528534     
         324   3.0000711401460340       0.13422342999895331     
         325   3.0075904026627023       0.13454545696462317     
         326   3.0150847958752913       0.13486630038608327     
         327   3.0225544859784805       0.13518596907183777     
         328   3.0299996382818115       0.13550447176752156     
         329   3.0374204160376332       0.13582181711448804     
         330   3.0448169815295674       0.13613801368871359     
         331   3.0521894953540696       0.13645306997598006     
         332   3.0595381166217313       0.13676699437876128     
         333   3.0668630037032161       0.13707979524288927     
         334   3.0741643129506344       0.13739148081303165     
         335   3.0814421992607057       0.13770205925292434     
         336   3.0886968168324271       0.13801153867195737     
         337   3.0959283181452872       0.13831992708917928     
         338   3.1031368542037501       0.13862723244347874     
         339   3.1103225750781296       0.13893346261127926     
         340   3.1174856294561080       0.13923862539184428     
         341   3.1246261643643503       0.13954272849820670     
         342   3.1317443262412041       0.13984577959437461     
         343   3.1388402595002134       0.14014778624514879     
         344   3.1459141078536774       0.14044875596408435     
         345   3.1529660137822439       0.14074869619280372     
         346   3.1599961181586873       0.14104761429058676     
         347   3.1670045610778548       0.14134551756224401     
         348   3.1739914809341960       0.14164241322663074     
         349   3.1809570156154257       0.14193830845809252     
         350   3.1879013013187207       0.14223321034623426     
         351   3.1948244732109230       0.14252712591862204     
         352   3.2017266651512371       0.14282006213180232     
         353   3.2086080102740304       0.14311202589099903     
         354   3.2154686403074870       0.14340302402788740     
         355   3.2223086857875911       0.14369306330752840     
         356   3.2291282763158455       0.14398215043747564     
         357   3.2359275403101950       0.14427029206003583     
         358   3.2427066050672484       0.14455749475426805     
         359   3.2494655969704227       0.14484376504345287     
         360   3.2562046410928227       0.14512910938138956     
         361   3.2629238617178813       0.14541353417138003     
         362   3.2696233818985898       0.14569704575050135     
         363   3.2763004361169230       0.14597953578366152     
         364   3.2829609535593569       0.14626124118790207     
         365   3.2896021217327749       0.14654205141271426     
         366   3.2962240715246125       0.14682197319504908     
         367   3.3028269207346304       0.14710101257642760     
         368   3.3094107863929212       0.14737917555090529     
         369   3.3159757847145785       0.14765646806215482     
         370   3.3225220306052723       0.14793289598791137     
         371   3.3290496383157611       0.14820846516137287     
         372   3.3355587210396371       0.14848318135874727     
         373   3.3420493910298532       0.14875705030271469     
         374   3.3485217596179710       0.14903007766361753     
         375   3.3549759370361962       0.14930226905398447     
         376   3.3614120329080088       0.14957363004474855     
         377   3.3678301557212973       0.14984416614785800     
         378   3.3742304131992826       0.15011388282961224     
         379   3.3806129121110806       0.15038278550352402     
         380   3.3869777582527365       0.15065087953080036     
         381   3.3933250567956237       0.15091817023169485     
         382   3.3996549118365280       0.15118466287086418     
         383   3.4059674267089304       0.15145036266797085     
         384   3.4122627038948812       0.15171527479510161     
         385   3.4185408449396615       0.15197940437392932     
         386   3.4248019506745790       0.15224275648329400     
         387   3.4310461210586838       0.15250533615474371     
         388   3.4372734552960185       0.15276714837563077     
         389   3.4434840516713030       0.15302819808483958     
         390   3.4496780077341862       0.15328849017849500     
         391   3.4558554202149283       0.15354802950780133     
         392   3.4620163851134769       0.15380682088178288     
         393   3.4681609975899557       0.15406486906420858     
         394   3.4742893521450577       0.15432217877949883     
         395   3.4804015422827503       0.15457875470205940     
         396   3.4864976610920770       0.15483460147528794     
         397   3.4925778004941086       0.15508972368758478     
         398   3.4986420520489787       0.15534412589833480     
         399   3.5046905063584650       0.15559781261896077     
         400   3.5107232534372228       0.15585078832526511     
         401   3.5167403823376451       0.15610305744533637     
         402   3.5227419818203751       0.15635462438139180     
         403   3.5287281394807164       0.15660549348174024     
         404   3.5346989424214925       0.15685566906264281     
         405   3.5406544771374446       0.15710515540513104     
         406   3.5465948292857079       0.15735395674742536     
         407   3.5525200839397617       0.15760207729336795     
         408   3.5584303254018272       0.15784952120645723     
         409   3.5643256373466805       0.15809629261516012     
         410   3.5702061028912171       0.15834239561448138     
         411   3.5760718042943247       0.15858783425741496     
         412   3.5819228233131168       0.15883261256566650     
         413   3.5877592410214376       0.15907673452508453     
         414   3.5935811379321003       0.15932020408846270     
         415   3.5993885936587207       0.15956302516590215     
         416   3.6051816874902785       0.15980520164273138     
         417   3.6109604980091548       0.16004673736808517     
         418   3.6167251031380081       0.16028763615591934     
         419   3.6224755801111170       0.16052790178447740     
         420   3.6282120057454281       0.16076753800532151     
         421   3.6339344561748641       0.16100654853506269     
         422   3.6396430068190808       0.16124493705371012     
         423   3.6453377327378917       0.16148270721715763     
         424   3.6510187083387238       0.16171986264765703     
         425   3.6566860072391569       0.16195640692925517     
         426   3.6623397027283486       0.16219234362288448     
         427   3.6679798674485520       0.16242767625656596     
         428   3.6736065736018988       0.16266240833201095     
         429   3.6792198925470228       0.16289654331162851     
         430   3.6848198953753517       0.16313008463734757     
         431   3.6904066525117880       0.16336303571790101     
         432   3.6959802338277168       0.16359539993284988     
         433   3.7015407086908039       0.16382718063381363     
         434   3.7070881459733398       0.16405838114520277     
         435   3.7126226138775116       0.16428900475881614     
         436   3.7181441803552926       0.16451905474706230     
         437   3.7236529125611604       0.16474853434593495     
         438   3.7291488772314421       0.16497744676726134     
         439   3.7346321406305787       0.16520579519677225     
         440   3.7401027685763397       0.16543358279544185     
         441   3.7455608262916611       0.16566081269454935     
         442   3.7510063784721139       0.16588748799818287     
         443   3.7564394894578785       0.16611361178881223     
         444   3.7618602230181466       0.16633918712043583     
         445   3.7672686424345061       0.16656421702126289     
         446   3.7726648106095486       0.16678870449783689     
         447   3.7780487897940072       0.16701265252563680     
         448   3.7834206419272989       0.16723606406075975     
         449   3.7887804285475051       0.16745894203673961     
         450   3.7941282104359657       0.16768128935356863     
         451   3.7994640482225162       0.16790310889690341     
         452   3.8047880020167524       0.16812440352644487     
         453   3.8101001313194698       0.16834517607356236     
         454   3.8154004954131628       0.16856542935338492     
         455   3.8206891529402904       0.16878516615172412     
         456   3.8259661623510191       0.16900438923933203     
         457   3.8312315813808717       0.16922310135548635     
         458   3.8364854675952458       0.16944130522534762     
         459   3.8417278778651140       0.16965900354336894     
         460   3.8469588690165519       0.16987619899399720     
         461   3.8521784970982669       0.17009289422881713     
         462   3.8573868178962845       0.17030909188253229     
         463   3.8625838868871378       0.17052479457181446     
         464   3.8677697589123423       0.17074000488514907     
         465   3.8729444886230757       0.17095472539678225     
         466   3.8781081301765674       0.17116895865757487     
         467   3.8832607373743859       0.17138270719891624     
         468   3.8884023635850284       0.17159597353098333     
         469   3.8935330617741766       0.17180876014333490     
         470   3.8986528846396036       0.17202106950944529     
         471   3.9037618844093229       0.17223290408047509     
         472   3.9088601129575555       0.17244426628875509     
         473   3.9139476216935747       0.17265515854481750     
         474   3.9190244618769334       0.17286558324687240     
         475   3.9240906841578833       0.17307554276694148     
         476   3.9291463389855248       0.17328503946332940     
         477   3.9341914763454460       0.17349407567274389     
         478   3.9392261459520812       0.17370265371640148     
         479   3.9442503971690681       0.17391077589729198     
         480   3.9492642789254897       0.17411844449842784     
         481   3.9542678398696389       0.17432566178662068     
         482   3.9592611282570864       0.17453243000991581     
         483   3.9642441920712863       0.17473875140108497     
         484   3.9692170788123287       0.17494462817121814     
         485   3.9741798359184659       0.17515006252285126     
         486   3.9791325101540380       0.17535505663126072     
         487   3.9840751482345040       0.17555961266323328     
         488   3.9890077964439943       0.17576373276639101     
         489   3.9939305006844470       0.17596741906966917     
         490   3.9988433066173790       0.17617067368852091     
         491   4.0037462594971078       0.17637349871977470     
         492   4.0086394044810270       0.17657589625049219     
         493   4.0135227860978793       0.17677786834286868     
         494   4.0183964488482955       0.17697941705195808     
         495   4.0232604366603013       0.17718054440905595     
         496   4.0281147934627954       0.17738125243965763     
         497   4.0329595625897214       0.17758154314531671     
         498   4.0377947872815456       0.17778141851857931     
         499   4.0426205103537427       0.17798088053336203     
         500   4.0474367744707207       0.17817993115318531     
         501   4.0522436218214866       0.17837857232130272     
         502   4.0570410944276363       0.17857680597053038     
         503   4.0618292340409736       0.17877463401958194     
         504   4.0666080820224551       0.17897205836984353     
         505   4.0713776795133256       0.17916908091067851     
         506   4.0761380674306329       0.17936570351903658     
         507   4.0808892862890911       0.17956192805445292     
         508   4.0856313764534065       0.17975775636661684     
         509   4.0903643779380552       0.17995319028919488     
         510   4.0950883305076031       0.18014823164309224     
         511   4.0998032736703678       0.18034288223654604     
         512   4.1045092466285160       0.18053714386309494     
         513   4.1092062884346703       0.18073101830702054     
         514   4.1138944376242117       0.18092450733173404     
         515   4.1185737328489003       0.18111761269929305     
         516   4.1232442122079975       0.18131033615022618     
         517   4.1279059136152663       0.18150267941455134     
         518   4.1325588747822248       0.18169464421135473     
         519   4.1372031331902095       0.18188623224815803     
         520   4.1418387259262515       0.18207744521571101     
         521   4.1464656900467034       0.18226828479936774     
         522   4.1510840621450518       0.18245875266585010     
         523   4.1556938787716948       0.18264885047591317     
         524   4.1602951760902531       0.18283857987426178     
         525   4.1648879900631695       0.18302794249520771     
         526   4.1694723564792566       0.18321693996310495     
         527   4.1740483108146806       0.18340557388871170     
         528   4.1786158883537858       0.18359384587279814     
         529   4.1831751241537960       0.18378175750472581     
         530   4.1877260530059903       0.18396931036177078     
         531   4.1922687095246545       0.18415650601171674     
         532   4.1968031280565210       0.18434334601016911     
         533   4.2013293427660638       0.18452983190296202     
         534   4.2058473876038107       0.18471596522558764     
         535   4.2103572961931279       0.18490174749961552     
         536   4.2148591020670203       0.18508718023998449     
         537   4.2193528385412851       0.18527226495113291     
         538   4.2238385386282848       0.18545700312421332     
         539   4.2283162351798200       0.18564139624213549     
         540   4.2327859608665230       0.18582544577827065     
         541   4.2372477480089890       0.18600915319168898     
         542   4.2417016289666245       0.18619251993889296     
         543   4.2461476357121137       0.18637554746127538     
         544   4.2505858000021846       0.18655823718958864     
         545   4.2550161535253981       0.18674059054937020     
         546   4.2594387276566312       0.18692260895297252     
         547   4.2638535536202502       0.18710429380461724     
         548   4.2682606623898227       0.18728564649752988     
         549   4.2726600848668754       0.18746666841921655     
         550   4.2770518516332547       0.18764736094411916     
         551   4.2814359931474701       0.18782772543976023     
         552   4.2858125396362148       0.18800776326306279     
         553   4.2901815211405712       0.18818747576212580     
         554   4.2945429675855875       0.18836686427821592     
         555   4.2988969086116429       0.18854593014096555     
         556   4.3032433737615161       0.18872467467344256     
         557   4.3075823922797873       0.18890309918682080     
         558   4.3119139933965771       0.18908120498871339     
         559   4.3162382060024278       0.18925899337313856     
         560   4.3205550588874742       0.18943646562816818     
         561   4.3248645806190611       0.18961362303202689     
         562   4.3291667996810244       0.18979046685732825     
         563   4.3334617443410890       0.18996699836721254     
         564   4.3377494426178620       0.19014321881428975     
         565   4.3420299224181704       0.19031912944516582     
         566   4.3463032114899711       0.19049473149821372     
         567   4.3505693374220327       0.19067002620435236     
         568   4.3548283276024060       0.19084501478566285     
         569   4.3590802092730483       0.19101969845697742     
         570   4.3633250094852194       0.19119407842445524     
         571   4.3675627551383940       0.19136815588701372     
         572   4.3717934729970667       0.19154193203670067     
         573   4.3760171896229796       0.19171540805672205     
         574   4.3802339314657628       0.19188858512421536     
         575   4.3844437247555401       0.19206146440699268     
         576   4.3886465956115988       0.19223404706701475     
         577   4.3928425700141087       0.19240633425920262     
         578   4.3970316737134629       0.19257832712919187     
         579   4.4012139323723423       0.19275002681716291     
         580   4.4053893714875656       0.19292143445600463     
         581   4.4095580163937873       0.19309255117097379     
         582   4.4137198922596035       0.19326337808004634     
         583   4.4178750241709466       0.19343391629592510     
         584   4.4220234369438414       0.19360416692118809     
         585   4.4261651554110610       0.19377413105588914     
         586   4.4303002041278452       0.19394380978983916     
         587   4.4344286075323103       0.19411320420670686     
         588   4.4385503899701204       0.19428231538507967     
         589   4.4426655756254378       0.19445114439620692     
         590   4.4467741884838023       0.19461969230323861     
         591   4.4508762524578778       0.19478796016467204     
         592   4.4549717912839268       0.19495594903166547     
         593   4.4590608285901912       0.19512365994943348     
         594   4.4631433878626110       0.19529109395713107     
         595   4.4672194924229807       0.19545825208636725     
         596   4.4712891654786349       0.19562513536351611     
         597   4.4753524301359313       0.19579174480936645     
         598   4.4794093092776350       0.19595808143608062     
         599   4.4834598257351646       0.19612414625209729     
         600   4.4875040022330337       0.19628994026033864     
         601   4.4915418612158833       0.19645546445351592     
         602   4.4955734252059871       0.19662071982435014     
         603   4.4995987164506861       0.19678570735532475     
         604   4.5036177571090290       0.19695042802424556     
         605   4.5076305692299732       0.19711488280366574     
         606   4.5116371747239237       0.19727907265966538     
         607   4.5156375953928727       0.19744299855356529     
         608   4.5196318529106785       0.19760666144033046     
         609   4.5236199687996361       0.19777006226888094     
         610   4.5276019644926633       0.19793320198321407     
         611   4.5315778613020248       0.19809608152195635     
         612   4.5355476803980332       0.19825870181747574     
         613   4.5395114428623922       0.19842106379767488     
         614   4.5434691696302387       0.19858316838408241     
         615   4.5474208815418615       0.19874501649375809     
         616   4.5513665993173502       0.19890660903793078     
         617   4.5553063435468619       0.19906794692243990     
         618   4.5592401347493743       0.19922903104906675     
         619   4.5631679932535709       0.19938986231207423     
         620   4.5670899393508044       0.19955044160303093     
         621   4.5710059931685523       0.19971076980645242     
         622   4.5749161747828495       0.19987084780384778     
         623   4.5788205041050363       0.20003067647008210     
         624   4.5827190009357484       0.20019025667479573     
         625   4.5866116850103076       0.20034958928419044     
         626   4.5904991170459857       0.20050868916158660     
         627   4.5943802315171283       0.20066752904502749     
         628   4.5982555927924489       0.20082612395512234     
         629   4.6021252190793085       0.20098447468237968     
         630   4.6059891295752102       0.20114258206853375     
         631   4.6098473433593909       0.20130044695005855     
         632   4.6136998793920077       0.20145807015844008     
         633   4.6175467566080384       0.20161545252252200     
         634   4.6213879936916715       0.20177259486234878     
         635   4.6252236093677785       0.20192949799758342     
         636   4.6290536222053067       0.20208616274145541     
         637   4.6328780506275553       0.20224258990172750     
         638   4.6366969130560225       0.20239878028408320     
         639   4.6405102277807160       0.20255473468903817     
         640   4.6443180129085606       0.20271045391012166     
         641   4.6481202865926781       0.20286593874070658     
         642   4.6519170667777265       0.20302118996648932     
         643   4.6557083713456331       0.20317620836999550     
         644   4.6594942181310905       0.20333099473033212     
         645   4.6632746248162791       0.20348554982119316     
         646   4.6670496090108777       0.20363987441242015     
         647   4.6708191882123273       0.20379396926936977     
         648   4.6745833798812102       0.20394783515427539     
         649   4.6783422013598370       0.20410147282498414     
         650   4.6820956698238172       0.20425488303297135     
         651   4.6858438024702593       0.20440806652865318     
         652   4.6895866163738633       0.20456102405771937     
         653   4.6933241285023355       0.20471375636106703     
         654   4.6970563556920331       0.20486626417472920     
         655   4.7007833148282154       0.20501854823436272     
         656   4.7045050225713947       0.20517060926791020     
         657   4.7082214955762502       0.20532244800187804     
         658   4.7119327503466124       0.20547406515672995     
         659   4.7156388033637651       0.20562546145133931     
         660   4.7193396710327766       0.20577663760046105     
         661   4.7230353695501535       0.20592759431204266     
         662   4.7267259151966483       0.20607833229484696     
         663   4.7304113240923487       0.20622885225153409     
         664   4.7340916122421728       0.20637915488044367     
         665   4.7377667956387102       0.20652924087795910     
         666   4.7414368901180506       0.20667911093504587     
         667   4.7451019115108366       0.20682876574071729     
         668   4.7487618755184240       0.20697820597940320     
         669   4.7524167978107803       0.20712743233313935     
         670   4.7560666938988412       0.20727644547814039     
         671   4.7597115793069245       0.20742524608981894     
         672   4.7633514694052916       0.20757383483798897     
         673   4.7669863795652976       0.20772221239093769     
         674   4.7706163249814644       0.20787037941110187     
         675   4.7742413208669818       0.20801833655986757     
         676   4.7778613822897054       0.20816608449342722     
         677   4.7814765243315289       0.20831362386703178     
         678   4.7850867618446227       0.20846095532844400     
         679   4.7886921098009170       0.20860807952721849     
         680   4.7922925829279750       0.20875499710517875     
         681   4.7958881960099893       0.20890170870428237     
         682   4.7994789636535478       0.20904821496039050     
         683   4.8030649004850750       0.20919451650880783     
         684   4.8066460209826500       0.20934061397937720     
         685   4.8102223396216681       0.20948650800070912     
         686   4.8137938707586789       0.20963219919689813     
         687   4.8173606286338666       0.20977768818775688     
         688   4.8209226275541708       0.20992297559370021     
         689   4.8244798816680738       0.21006806202943418     
         690   4.8280324050566534       0.21021294810687019     
         691   4.8315802117176743       0.21035763443441446     
         692   4.8351233156482012       0.21050212161925685     
         693   4.8386617307208990       0.21064641026396647     
         694   4.8421954707513351       0.21079050096853491     
         695   4.8457245494818633       0.21093439432974259     
         696   4.8492489806348313       0.21107809094272811     
         697   4.8527687778021686       0.21122159139778640     
         698   4.8562839545643177       0.21136489628404087     
         699   4.8597945243958076       0.21150800618648669     
         700   4.8633005007492169       0.21165092168832844     
         701   4.8668018969646489       0.21179364336874906     
         702   4.8702987263559017       0.21193617180512003     
         703   4.8737910021322719       0.21207850757086399     
         704   4.8772787375274138       0.21222065123888667     
         705   4.8807619455977242       0.21236260337621804     
         706   4.8842406394278939       0.21250436454981791     
         707   4.8877148319827715       0.21264593532211196     
         708   4.8911845361976685       0.21278731625383651     
         709   4.8946497649497198       0.21292850790290752     
         710   4.8981105310548871       0.21306951082466608     
         711   4.9015668472629068       0.21321032557168351     
         712   4.9050187262239886       0.21335095269274884     
         713   4.9084661805593024       0.21349139273477880     
         714   4.9119092228977612       0.21363164624403153     
         715   4.9153478657013219       0.21377171376113369     
         716   4.9187821214470029       0.21391159582626118     
         717   4.9222120025293075       0.21405129297609538     
         718   4.9256375212683139       0.21419080574466021     
         719   4.9290586899788549       0.21433013466466555     
         720   4.9324755208433615       0.21446928026418632     
         721   4.9358880260650579       0.21460824307118642     
         722   4.9392962177341895       0.21474702360930653     
         723   4.9427001079122297       0.21488562240074005     
         724   4.9460997086086085       0.21502403996514330     
         725   4.9494950317577437       0.21516227681916922     
         726   4.9528860892489979       0.21530033347748745     
         727   4.9562728929531206       0.21543821045325107     
         728   4.9596554546429301       0.21557590825598272     
         729   4.9630337859944982       0.21571342739190991     
         730   4.9664078987657696       0.21585076836825223     
         731   4.9697778045491203       0.21598793168711250     
         732   4.9731435148820218       0.21612491784811860     
         733   4.9765050413310083       0.21626172735070837     
         734   4.9798623953333454       0.21639836069013807     
         735   4.9832155883421816       0.21653481836100363     
         736   4.9865646316967247       0.21667110085413066     
         737   4.9899095367041504       0.21680720865851777     
         738   4.9932503146561160       0.21694314226186018     
         739   4.9965869767679543       0.21707890214906200     
         740   4.9999195341621903       0.21721448880156302     
         741   5.0032479979839373       0.21734990270061116     
         742   5.0065723792998602       0.21748514432449717     
         743   5.0098926891285700       0.21762021414925847     
         744   5.0132089384317595       0.21775511264886793     
         745   5.0165211381009414       0.21788984029433545     
         746   5.0198292990483475       0.21802439755643510     
         747   5.0231334320749799       0.21815878490223151     
         748   5.0264335479527222       0.21829300279709107     
         749   5.0297296574510879       0.21842705170560972     
         750   5.0330217711853793       0.21856093208730432     
         751   5.0363098998475033       0.21869464440318875     
         752   5.0395940539834152       0.21882818910925517     
         753   5.0428742441606564       0.21896156666160049     
         754   5.0461504808707476       0.21909477751322282     
         755   5.0494227745558344       0.21922782211522307     
         756   5.0526911356179181       0.21936070091671978     
         757   5.0559555744432050       0.21949341436574699     
         758   5.0592161012981940       0.21962596290635306     
         759   5.0624727265406975       0.21975834698403318     
         760   5.0657254603208859       0.21989056703838727     
         761   5.0689743128196394       0.22002262350887047     
         762   5.0722192942268025       0.22015451683422693     
         763   5.0754604145896574       0.22028624744905967     
         764   5.0786976839911020       0.22041781578791841     
         765   5.0819311124512403       0.22054922228288776     
         766   5.0851607099041578       0.22068046736336289     
         767   5.0883864862898429       0.22081155145768738     
         768   5.0916084514563096       0.22094247499153097     
         769   5.0948266153079329       0.22107323839093729     
         770   5.0980409875955655       0.22120384207734389     
         771   5.1012515780998928       0.22133428647228959     
         772   5.1044583965265122       0.22146457199449188     
         773   5.1076614525578199       0.22159469906152651     
         774   5.1108607558006200       0.22172466808802982     
         775   5.1140563159011041       0.22185447948916392     
         776   5.1172481423550256       0.22198413367539205     
         777   5.1204362447376903       0.22211363105844306     
         778   5.1236206324562108       0.22224297204512622     
         779   5.1268013149966700       0.22237215704347379     
         780   5.1299783017298379       0.22250118645795203     
         781   5.1331516020323233       0.22263006069226643     
         782   5.1363212251787758       0.22275878014714667     
         783   5.1394871804868156       0.22288734522333709     
         784   5.1426494771919309       0.22301575631908621     
         785   5.1458081244891236       0.22314401383072280     
         786   5.1489631315309348       0.22327211815289560     
         787   5.1521145074591983       0.22340006967928261     
         788   5.1552622613525383       0.22352786880129649     
         789   5.1584064022838536       0.22365551590945776     
         790   5.1615469392404743       0.22378301139147183     
         791   5.1646838812039633       0.22391035563408845     
         792   5.1678172371210973       0.22403754902287121     
         793   5.1709470159016684       0.22416459194140081     
         794   5.1740732264144844       0.22429148477165306     
         795   5.1771958774798739       0.22441822789380517     
         796   5.1803149778822029       0.22454482168647028     
         797   5.1834305364122235       0.22467126652762337     
         798   5.1865425617684515       0.22479756279245500     
         799   5.1896510626611159       0.22492371085556240     
         800   5.1927560477327450       0.22504971108939475     
         801   5.1958575256229560       0.22517556386560678     
         802   5.1989555048793452       0.22530126955293417     
         803   5.2020499940663765       0.22542682851983464     
         804   5.2051410017254467       0.22555224113364769     
         805   5.2082285363049845       0.22567750775859396     
         806   5.2113126062741371       0.22580262875895007     
         807   5.2143932200370271       0.22592760449668070     
         808   5.2174703859752452       0.22605243533251151     
         809   5.2205441124379055       0.22617712162573866     
         810   5.2236144077453925       0.22630166373449434     
         811   5.2266812801865257       0.22642606201526494     
         812   5.2297447379849755       0.22655031682249982     
         813   5.2328047893556189       0.22667442850969621     
         814   5.2358614425105463       0.22679839742968610     
         815   5.2389147055870380       0.22692222393292427     
         816   5.2419645866847064       0.22704590836820993     
         817   5.2450110939453252       0.22716945108489739     
         818   5.2480542353614732       0.22729285242804487     
         819   5.2510940189970565       0.22741611274369911     
         820   5.2541304528182291       0.22753923237515172     
         821   5.2571635448080656       0.22766221166542788     
         822   5.2601933028830565       0.22778505095536117     
         823   5.2632197349572092       0.22790775058494628     
         824   5.2662428488822384       0.22803031089224746     
         825   5.2692626525123156       0.22815273221483157     
         826   5.2722791536477871       0.22827501488827728     
         827   5.2752923600622861       0.22839715924697535     
         828   5.2783022795065442       0.22851916562419960     
         829   5.2813089197050873       0.22864103435186900     
         830   5.2843122883316846       0.22876276576040233     
         831   5.2873123930699748       0.22888436017952873     
         832   5.2903092415351916       0.22900581793699226     
         833   5.2933028413131087       0.22912713935927176     
         834   5.2962931999821716       0.22924832477189794     
         835   5.2992803250828944       0.22936937449918560     
         836   5.3022642241434044       0.22949028886435618     
         837   5.3052449046419961       0.22961106818898980     
         838   5.3082223740311534       0.22973171279353943     
         839   5.3111966397369796       0.22985222299725017     
         840   5.3141677091626267       0.22997259911812717     
         841   5.3171355896705332       0.23009284147292153     
         842   5.3201002886114450       0.23021295037716216     
         843   5.3230618132997281       0.23033292614549028     
         844   5.3260201710185937       0.23045276909075119     
         845   5.3289753690578143       0.23057247952576132     
         846   5.3319274146034648       0.23069205776010460     
         847   5.3348763148869409       0.23081150410413231     
         848   5.3378220771096627       0.23093081886672984     
         849   5.3407647083785728       0.23105000235413575     
         850   5.3437042158489154       0.23116905487318684     
         851   5.3466406066101326       0.23128797672859047     
         852   5.3495738877323644       0.23140676822420092     
         853   5.3525040662870795       0.23152542966321921     
         854   5.3554311492589077       0.23164396134631682     
         855   5.3583551436679251       0.23176236357463686     
         856   5.3612760564545825       0.23188063664672320     
         857   5.3641938946000636       0.23199878086164860     
         858   5.3671086649990283       0.23211679651594297     
         859   5.3700203745180932       0.23223468390508994     
         860   5.3729290300729584       0.23235244332493554     
         861   5.3758346384759514       0.23247007506869632     
         862   5.3787372065408121       0.23258757942885566     
         863   5.3816367410616781       0.23270495669721880     
         864   5.3845332488197366       0.23282220716448210     
         865   5.3874267365404371       0.23293933111986487     
         866   5.3903172109303412       0.23305632885137539     
         867   5.3932046787062164       0.23317320064691804     
         868   5.3960891465242966       0.23328994679247339     
         869   5.3989706210263329       0.23340656757313605     
         870   5.4018491088254361       0.23352306327292460     
         871   5.4047246165363800       0.23363943417542110     
         872   5.4075971507226974       0.23375568056248808     
         873   5.4104667179030033       0.23387180271442887     
         874   5.4133333246392894       0.23398780091211746     
         875   5.4161969774237289       0.23410367543446231     
         876   5.4190576827181305       0.23421942655890460     
         877   5.4219154469954427       0.23433505456298320     
         878   5.4247702766818877       0.23445055972245710     
         879   5.4276221781607505       0.23456594231173300     
         880   5.4304711578600600       0.23468120260584380     
         881   5.4333172221068500       0.23479634087685808     
         882   5.4361603772605402       0.23491135739724012     
         883   5.4390006296196498       0.23502625243761255     
         884   5.4418379854881778       0.23514102626823608     
         885   5.4446724511532567       0.23525567915845169     
         886   5.4475040328520405       0.23537021137617353     
         887   5.4503327367815375       0.23548462318772012     
         888   5.4531585691999753       0.23559891486059525     
         889   5.4559815362657096       0.23571308665932378     
         890   5.4588016441286520       0.23582713884800421     
         891   5.4616188989388776       0.23594107169023681     
         892   5.4644333068375452       0.23605488544892506     
         893   5.4672448738846109       0.23616858038461830     
         894   5.4700536061719349       0.23628215675835307     
         895   5.4728595097809043       0.23639561483033722     
         896   5.4756625906791063       0.23650895485769663     
         897   5.4784628549471943       0.23662217709991484     
         898   5.4812603085416010       0.23673528181297288     
         899   5.4840549574332060       0.23684826925291391     
         900   5.4868468075996315       0.23696113967553201     
         901   5.4896358649167114       0.23707389333374485     
         902   5.4924221353257909       0.23718653048155636     
         903   5.4952056247250152       0.23729905137162488     
         904   5.4979863389726873       0.23741145625533022     
         905   5.5007642839026119       0.23752374538294196     
         906   5.5035394653534686       0.23763591900458936     
         907   5.5063118891271436       0.23774797736893838     
         908   5.5090815610202197       0.23785992072434459     
         909   5.5118484867920614       0.23797174931774423     
         910   5.5146126721912569       0.23808346339550690     
         911   5.5173741229426296       0.23819506320302919     
         912   5.5201328447686597       0.23830654898527648     
         913   5.5228888433337850       0.23841792098546977     
         914   5.5256421243253113       0.23852917944691976     
         915   5.5283926933924246       0.23864032461168705     
         916   5.5311405561547611       0.23875135672084591     
         917   5.5338857182252763       0.23886227601487553     
         918   5.5366281852177783       0.23897308273375106     
         919   5.5393679626832419       0.23908377711583029     
         920   5.5421050561852816       0.23919435939937328     
         921   5.5448394712576334       0.23930482982129408     
         922   5.5475712134054129       0.23941518861778777     
         923   5.5503002881628980       0.23952543602522258     
         924   5.5530267009811380       0.23963557227759491     
         925   5.5557504573307996       0.23974559760906455     
         926   5.5584715626357939       0.23985551225248791     
         927   5.5611900223644479       0.23996531644098207     
         928   5.5639058418808069       0.24007501040527890     
         929   5.5666190265943722       0.24018459437659390     
         930   5.5693295818791304       0.24029406858502700     
         931   5.5720375130747914       0.24040343325948710     
         932   5.5747428255147478       0.24051268862842834     
         933   5.5774455245414014       0.24062183492012679     
         934   5.5801456154457512       0.24073087236120783     
         935   5.5828431034879769       0.24083980117742421     
         936   5.5855379939636922       0.24094862159494479     
         937   5.5882302920969327       0.24105733383779437     
         938   5.5909200031069197       0.24116593812960252     
         939   5.5936071322548546       0.24127443469479593     
         940   5.5962916847093789       0.24138282375504749     
         941   5.5989736656258531       0.24149110553152564     
         942   5.6016530801984779       0.24159928024597610     
         943   5.6043299335619530       0.24170734811832340     
         944   5.6070042308503938       0.24181530936818385     
         945   5.6096759771575835       0.24192316421397164     
         946   5.6123451776034692       0.24203091287423195     
         947   5.6150118372325499       0.24213855556558395     
         948   5.6176759611326652       0.24224609250517526     
         949   5.6203375543366763       0.24235352390864096     
         950   5.6229966218767755       0.24246084999128170     
         951   5.6256531687620761       0.24256807096747401     
         952   5.6283071999989236       0.24267518705116586     
         953   5.6309587205544949       0.24278219845522031     
         954   5.6336077354039107       0.24288910539218733     
         955   5.6362542494906540       0.24299590807364702     
         956   5.6388982677458097       0.24310260671068207     
         957   5.6415397950463859       0.24320920151260905     
         958   5.6441788363622392       0.24331569269062836     
         959   5.6468153965337802       0.24342208045274649     
         960   5.6494494804522777       0.24352836500764763     
         961   5.6520810929405867       0.24363454656233552     
         962   5.6547102388627870       0.24374062532415497     
         963   5.6573369230340482       0.24384660149927972     
         964   5.6599611502470726       0.24395247529300157     
         965   5.6625829253199802       0.24405824691076283     
         966   5.6652022529975330       0.24416391655617042     
         967   5.6678191380609935       0.24426948443322960     
         968   5.6704335852516525       0.24437495074476701     
         969   5.6730455993047588       0.24448031569321405     
         970   5.6756551849392443       0.24458557948026982     
         971   5.6782623468152069       0.24469074230593346     
         972   5.6808670896626099       0.24479580437164472     
         973   5.6834694181517964       0.24490076587706033     
         974   5.6860693369142696       0.24500562702066953     
         975   5.6886668506175981       0.24511038800144336     
         976   5.6912619638731083       0.24521504901692648     
         977   5.6938546812983439       0.24531961026438642     
         978   5.6964450074771422       0.24542407194002891     
         979   5.6990329470134693       0.24552843424021953     
         980   5.7016185044643342       0.24563269736002136     
         981   5.7042016844010401       0.24573686149443574     
         982   5.7067824913400536       0.24584092683700876     
         983   5.7093609298365342       0.24594489358184868     
         984   5.7119370043652449       0.24604876192096103     
         985   5.7145107194666478       0.24615253204755527     
         986   5.7170820795896322       0.24625620415236726     
         987   5.7196510892389005       0.24635977842730217     
         988   5.7222177528528269       0.24646325506233513     
         989   5.7247820748653790       0.24656663424710423     
         990   5.7273440597201750       0.24666991617121070     
         991   5.7299037118256431       0.24677310102308603     
         992   5.7324610355831078       0.24687618899083308     
         993   5.7350160353982478       0.24697918026228605     
