           1   1.2180213862267970        1.7764261250703053      -0.55840473884350827     
           2   1.2024441911991042        1.7448132368484968      -0.54236904564939259     
           3   1.1871052849622654        1.7139032306461390      -0.52679794568387361     
           4   1.1720022645644339        1.6836791481129785      -0.51167688354854457     
           5   1.1571325997101611        1.6541247889683106      -0.49699218925814947     
           6   1.1424937312008896        1.6252242337296356      -0.48273050252874605     
           7   1.1280830748703736        1.5969618552472116      -0.46887878037683794     
           8   1.1138980253129589        1.5693223285088227      -0.45542430319586380     
           9   1.0999359593239317        1.5422906396457241      -0.44235468032179237     
          10   1.0861942392020190        1.5158520927812029      -0.42965785357918396     
          11   1.0726702157450827        1.4899923164185920      -0.41732210067350928     
          12   1.0593612311167364        1.4646972677836363      -0.40533603666689988     
          13   1.0462646215295779        1.4399532356269305      -0.39368861409735256     
          14   1.0333777197178127        1.4157468420662818      -0.38236912234846909     
          15   1.0206978572769470        1.3920650427507297      -0.37136718547378278     
          16   1.0082223668481940        1.3688951257487709      -0.36067275890057693     
          17  0.99594858312798240        1.3462247128345906      -0.35027612970660815     
          18  0.98387384903750941        1.3240417488599685      -0.34016789982245910     
          19  0.97199551075279955        1.3023344917613675      -0.33033898100856796     
          20  0.96031092433217724        1.2810915324430729      -0.32078060811089570     
          21  0.94881745568613729        1.2603017668824783      -0.31148431119634101     
          22  0.93751248214127114        1.2399543960343158      -0.30244191389304464     
          23  0.92639339380374419        1.2200389185391216      -0.29364552473537742     
          24  0.91545759479677102        1.2005451235572366      -0.28508752876046561     
          25  0.90470250442605793        1.1814630830212274      -0.27676057859516945     
          26  0.89412555827141216        1.1627831435285507      -0.26865758525713856     
          27  0.88372420915656058        1.1444959188644843      -0.26077170970792374     
          28  0.87349592810639443        1.1265922813439802      -0.25309635323758573     
          29  0.86343820516291558        1.1090633545066533      -0.24562514934373769     
          30  0.85354855021383580        1.0919005042828747      -0.23835195406903886     
          31  0.84382449366742773        1.0750953321383629      -0.23127083847093521     
          32  0.83426358715844329        1.0586396663891073      -0.22437607923066405     
          33  0.82486340411897541        1.0425255554607822      -0.21766215134180678     
          34  0.81562154034812517        1.0267452601003344      -0.21112371975220923     
          35  0.80653561450704636        1.0112912463660577      -0.20475563185901136     
          36  0.79760327045488688       0.99615612837833467      -0.19855285792344779     
          37  0.78882217003677657       0.98133281134568862      -0.19251064130891204     
          38  0.78019000510256042       0.96681438218693694      -0.18662437708437651     
          39  0.77170448972678574       0.95259401709326197      -0.18088952736647623     
          40  0.76336336278243377       0.93866510973216555      -0.17530174694973177     
          41  0.75516438807873854       0.92502122134367659      -0.16985683326493806     
          42  0.74710535457027705       0.91165607536719628      -0.16455072079691924     
          43  0.73918407655123375       0.89856355163737778      -0.15937947508614403     
          44  0.73139839379323390       0.88573768185007939      -0.15433928805684549     
          45  0.72374615935204956       0.87316729939850901      -0.14942114004645946     
          46  0.71622528895631310       0.86085707929006949      -0.14463179033375639     
          47  0.70883368709071315       0.84879644146822752      -0.13996275437751438     
          48  0.70156929640737875       0.83697997471598518      -0.13541067830860642     
          49  0.69443008539186957       0.82540239701919038      -0.13097231162732081     
          50  0.68741404836454678       0.81405855164797947      -0.12664450328343269     
          51  0.68051920546159894       0.80294340342702919      -0.12242419796543025     
          52  0.67374360259737920       0.79205203516320066      -0.11830843256582146     
          53  0.66708531140945093       0.78137964420603090      -0.11429433279657997     
          54  0.66054242918702866       0.77092153916249295      -0.11037910997546430     
          55  0.65411307878394243       0.76067313675828752      -0.10656005797434509     
          56  0.64779540851753592       0.75062995880501215      -0.10283455028747623     
          57  0.64158759205418248       0.74078762928314290       -9.9200037228960425E-002
          58  0.63548782828186412       0.73114187158488908       -9.5654043303024960E-002
          59  0.62949434117173408       0.72168850580709520       -9.2194164635361120E-002
          60  0.62360537962824747       0.71242344621515086       -8.8818066586903388E-002
          61  0.61781921732994527       0.70334269872586286       -8.5523481395917589E-002
          62  0.61213415256031789       0.69444235855958369       -8.2308205999265804E-002
          63  0.60654850803049343       0.68571860793007389       -7.9170099899580459E-002
          64  0.60106063069380034       0.67716771384311303       -7.6107083149312693E-002
          65  0.59566889155299463       0.66878602598157511       -7.3117134428580477E-002
          66  0.59037168546090435       0.66056997465220468       -7.0198289191300334E-002
          67  0.58516743091463452       0.65251606886177005       -6.7348637947135526E-002
          68  0.58005456984580905       0.64462089414639523       -6.4566324300586175E-002
          69  0.57503156740194794       0.63688111118647051       -6.1849543784522565E-002
          70  0.57011351526085563       0.63030937110559326       -6.0195855844737634E-002
          71  0.56524911364321717       0.62185474322466128       -5.6605629581444106E-002
          72  0.56048670690398983       0.61456180241992120       -5.4075095515931371E-002
          73  0.55580824698984810       0.60741162430210471       -5.1603377312256615E-002
          74  0.55121231185415165       0.60040119791712110       -4.9188886062969450E-002
          75  0.54669750120242622       0.59352759012497880       -4.6830088922552582E-002
          76  0.54226243635190174       0.58678792530694157       -4.4525488955039827E-002
          77  0.53790576000994761       0.58017937484635218       -4.2273614836404572E-002
          78  0.53362613604433562       0.57369914556352752       -4.0073009519191904E-002
          79  0.52942224927838166       0.56734445282487256       -3.7922203546490896E-002
          80  0.52529280530594602       0.56111247259492969       -3.5819667288983670E-002
          81  0.52123653034428252       0.55500025279349219       -3.3763722449209665E-002
          82  0.51725217116116695       0.54900453738882971       -3.1752366227662754E-002
          83  0.51333847205018912       0.54313232420707391       -2.9793852156884792E-002
          84  0.50949425005884474       0.53736807210404292       -2.7873822045198171E-002
          85  0.50571829717165684       0.53171437094527996       -2.5996073773623118E-002
          86  0.50200943775381057       0.52616872022371508       -2.4159282469904508E-002
          87  0.49836651637096990       0.52072888177554488       -2.2362365404574980E-002
          88  0.49478837798645636       0.51539763506763914       -2.0609257081182775E-002
          89  0.49127392495429928       0.51016393027747731       -1.8890005323178027E-002
          90  0.48782204279984287       0.50503318998530644       -1.7211147185463571E-002
          91  0.48443165208114802       0.49999788000008377       -1.5566227918935749E-002
          92  0.47461884491725848       0.48544291525104405       -1.0824070333785574E-002
          93  0.47146391974443480       0.48076958655336288       -9.3056668089280814E-003
          94  0.46233108458865307       0.46054050833611193        1.7905762525411428E-003
          95  0.45939780401667069       0.46194466793031802       -2.5468639136473348E-003
          96  0.45651424032527527       0.45536515484582962        1.1490854794456440E-003
          97  0.45368316680724241       0.45624062258801185       -2.5574557807694354E-003
          98  0.45089943147161510       0.44356016819324978        7.3392632783653156E-003
          99  0.44817166644510154       0.44531847311220651        2.8531933328950210E-003
         100  0.44548875886151190       0.44716089241011375       -1.6721335486018507E-003
         101  0.44026805072294556       0.43188312910135601        8.3849216215895472E-003
         102  0.43772778172526500       0.43699960549824540        7.2817622701959461E-004
         103  0.43523080134279202       0.43637701693050301       -1.1462155877109970E-003
         104  0.42801514948582775       0.41697771850747978        1.1037430978347973E-002
         105  0.42569470906170703       0.41350032478479215        1.2194384276914882E-002
         106  0.42341571860964267       0.40956108457593327        1.3854634033709401E-002
         107  0.42117825985780027       0.40700035827946429        1.4177901578335983E-002
         108  0.41898071780811069       0.40378789536484394        1.5192822443266751E-002
         109  0.41682268953987145       0.40062849242480569        1.6194197115065756E-002
         110  0.41470348258265177       0.39753854308737147        1.7164939495280307E-002
         111  0.41262240226447050       0.39449860950302740        1.8123792761443103E-002
         112  0.41057877554799288       0.39151374088016100        1.9065034667831882E-002
         113  0.40857193913457407       0.38858305534068799        1.9988883793886081E-002
         114  0.40660123878263366       0.38570571736203230        2.0895521420601360E-002
         115  0.40466603350656155       0.38287884938848504        2.1787184118076508E-002
         116  0.40276569313301147       0.38010216225536214        2.2663530877649329E-002
         117  0.40089959820720789       0.37737484260559967        2.3524755601608216E-002
         118  0.39906713991656395       0.37469592501486704        2.4371214901696914E-002
         119  0.39726771995740312       0.37206442158499059        2.5203298372412530E-002
         120  0.39550075037578936       0.36947935963501843        2.6021390740770922E-002
         121  0.39376565304120853       0.36693717457839603        2.6828478462812499E-002
         122  0.39206186119645792       0.36444323539369383        2.7618625802764085E-002
         123  0.39038881617152288       0.36199255247572937        2.8396263695793511E-002
         124  0.38874596983061982       0.35958441626410870        2.9161553566511123E-002
         125  0.38713278352754243       0.35721805501743908        2.9914728510103350E-002
         126  0.38554872798113077       0.35489268496437776        3.0656043016753010E-002
         127  0.38399328312287778       0.35260751850401167        3.1385764618866108E-002
         128  0.38246593794930656       0.35036177410938629        3.2104163839920263E-002
         129  0.38096619037201346       0.34815467838707409        3.2811511984939368E-002
         130  0.37949354707177446       0.34598547014738407        3.3508076924390395E-002
         131  0.37804752335240843       0.34385340038580564        3.4194122966602791E-002
         132  0.37662764299840185       0.34175773441488211        3.4869908583519738E-002
         133  0.37523343813319698       0.33969775158567467        3.5535686547522316E-002
         134  0.37386444907985350       0.33767274532629021        3.6191703753563287E-002
         135  0.37252022422421582       0.33568202372299333        3.6838200501222496E-002
         136  0.37120031987933316       0.33372490884035994        3.7475411038973228E-002
         137  0.36990430015243009       0.33180073679450783        3.8103563357922254E-002
         138  0.36863173681372918       0.32990885755037913        3.8722879263350052E-002
         139  0.36738220916713848       0.32804863452610294        3.9333574641035540E-002
         140  0.36615530392311385       0.32621944449218687        3.9935859430926979E-002
         141  0.36495061507331317       0.32442067723379769        4.0529937839515473E-002
         142  0.36376774376724097       0.32265173530818331        4.1116008459057662E-002
         143  0.36260629819076040       0.32091203374805788        4.1694264442702522E-002
         144  0.36146589344651953       0.31920099981271355        4.2264893633805978E-002
         145  0.36034615143623894       0.31751807274468508        4.2828078691553861E-002
         146  0.35924670074481102       0.31586270349017687        4.3383997254634155E-002
         147  0.35816717652624874       0.31423435447327064        4.3932822052978104E-002
         148  0.35710722039138809       0.31263249931124060        4.4474721080147495E-002
         149  0.35606648029741128       0.31105662261216588        4.5009857685245402E-002
         150  0.35504461043907448       0.30950621970368603        4.5538390735388456E-002
         151  0.35404127114170275       0.30798079643018644        4.6060474711516308E-002
         152  0.35305612875585912       0.30647986890505929        4.6576259850799828E-002
         153  0.35208885555371761       0.30500296329850790        4.7085892255209705E-002
         154  0.35113912962708871       0.30354961561647881        4.7589514010609901E-002
         155  0.35020663478708919       0.30211937149255791        4.8087263294531279E-002
         156  0.34929106046542685       0.30071178597675857        4.8579274488668278E-002
         157  0.34839210161727935       0.29932642332911974        4.9065678288159609E-002
         158  0.34750945862575505       0.29796285682699447        4.9546601798760581E-002
         159  0.34664283720789990       0.29662066856795205        5.0022168639947850E-002
         160  0.34579194832223936       0.29529944927933560        5.0492499042903760E-002
         161  0.34495650807782863       0.29399879813298579        5.0957709944842833E-002
         162  0.34413623764479317       0.29271832256174363        5.1417915083049548E-002
         163  0.34333086316633882       0.29145763808480007        5.1873225081538743E-002
         164  0.34254011567220610       0.29021636813057688        5.2323747541629217E-002
         165  0.34176373099355378       0.28899414386777517        5.2769587125778616E-002
         166  0.34100144967924817       0.28779060404015061        5.3210845639097559E-002
         167  0.34025301691353765       0.28660539480181535        5.3647622111722304E-002
         168  0.33951818243509319       0.28543816955858070        5.4080012876512484E-002
         169  0.33879670045739557       0.28428858881365693        5.4508111643738644E-002
         170  0.33808832959044788       0.28315632001424063        5.4932009576207252E-002
         171  0.33739283276379434       0.28204103740302472        5.5351795360769618E-002
         172  0.33670997715082546       0.28094242187190932        5.5767555278916137E-002
         173  0.33603953409435328       0.27986016082016840        5.6179373274184874E-002
         174  0.33538127903343390       0.27879394801713248        5.6587331016301423E-002
         175  0.33473499143141816       0.27774348346131400        5.6991507970104160E-002
         176  0.33410045470521793       0.27670847325267472        5.7391981452543206E-002
         177  0.33347745615576058       0.27568862945729161        5.7788826698468965E-002
         178  0.33286578689962248       0.27468366998472227        5.8182116914900217E-002
         179  0.33226524180181510       0.27369331845934225        5.8571923342472854E-002
         180  0.33167561940971296       0.27271730410075545        5.8958315308957510E-002
         181  0.33109672188810174       0.27175536160446812        5.9341360283633626E-002
         182  0.33052835495532973       0.27080723102460835        5.9721123930721376E-002
         183  0.32997032782054658       0.26987265766051288        6.0097670160033700E-002
         184  0.32942245312201118       0.26895139194501155        6.0471061176999630E-002
         185  0.32888454686645285       0.26804318933493704        6.0841357531515816E-002
         186  0.32835642836946832       0.26714781020531453        6.1208618164153794E-002
         187  0.32783792019693936       0.26626501974485467        6.1572900452084689E-002
         188  0.32732884810745272       0.26539458785341702        6.1934260254035700E-002
         189  0.32682904099570975       0.26453628904295262        6.2292751952757131E-002
         190  0.32633833083690633       0.26368990233943757        6.2648428497468767E-002
         191  0.32585655263206986       0.26285521118736332        6.3001341444706538E-002
         192  0.32538354435433819       0.26203200335663374        6.3351540997704459E-002
         193  0.32491914689616341       0.26122007085166182        6.3699076044501590E-002
         194  0.32446320401742662       0.26041920982123595        6.4043994196190668E-002
         195  0.32401556229445055       0.25962922047155007        6.4386341822900484E-002
         196  0.32357607106989222       0.25884990698106747        6.4726164088824756E-002
         197  0.32314458240350385       0.25808107741652614        6.5063504986977716E-002
         198  0.32272095102374720       0.25732254365128920        6.5398407372458001E-002
         199  0.32230503428024682       0.25657412128559076        6.5730912994656054E-002
         200  0.32189669209706950       0.25583562956827521        6.6061062528794290E-002
         201  0.32149578692681557       0.25510689132007364        6.6388895606741938E-002
         202  0.32110218370550808       0.25438773285919664        6.6714450846311446E-002
         203  0.32071574980826956       0.25367798392787139        6.7037765880398170E-002
         204  0.32033635500576912       0.25297747762069533        6.7358877385073790E-002
         205  0.31996387142143062       0.25228605031470897        6.7677821106721658E-002
         206  0.31959817348938824       0.25160354160101833        6.7994631888369905E-002
         207  0.31923913791317532       0.25092979421765982        6.8309343695515501E-002
         208  0.31888664362513802       0.25026465398387937        6.8621989641258652E-002
         209  0.31854057174655720       0.24960796973641666        6.8932602010140537E-002
         210  0.31820080554847052       0.24895959326656689        6.9241212281903636E-002
         211  0.31786723041318016       0.24831937925835734        6.9547851154822815E-002
         212  0.31753973379643768       0.24768718522943911        6.9852548566998574E-002
         213  0.31721820519029059       0.24706287147153033        7.0155333718760260E-002
         214  0.31690253608658425       0.24644630099337200        7.0456235093212249E-002
         215  0.31659261994110349       0.24583733946463751        7.0755280476465982E-002
         216  0.31628835213834666       0.24523585516017560        7.1052496978171065E-002
         217  0.31598962995691932       0.24464171890730607        7.1347911049613244E-002
         218  0.31569635253553840       0.24405480403210206        7.1641548503436348E-002
         219  0.31540842083963461       0.24347498630888417        7.1933434530750434E-002
         220  0.31512586205042631       0.24290197104362582        7.2223891006800489E-002
         221  0.31484832753932740       0.24233600972820932        7.2512317811118082E-002
         222  0.31457585231518814       0.24177675140099925        7.2799100914188897E-002
         223  0.31430834444757383       0.24122411775162211        7.3084226695951715E-002
         224  0.31404571354971689       0.24067799553796590        7.3367718011750988E-002
         225  0.31378787087336552       0.24013827424984893        7.3649596623516583E-002
         226  0.31353472927927339       0.23960484537918258        7.3929883900090809E-002
         227  0.31328620320833772       0.23907760259477623        7.4208600613561493E-002
         228  0.31304220865305554       0.23855644148898833        7.4485767164067213E-002
         229  0.31280266312966454       0.23804125972057394        7.4761403409090599E-002
         230  0.31256748565066234       0.23753195688374590        7.5035528766916437E-002
         231  0.31233659669781616       0.23702843447149780        7.5308162226318365E-002
         232  0.31210991819574857       0.23653059583807584        7.5579322357672729E-002
         233  0.31188737348590162       0.23603834620934988        7.5849027276551739E-002
         234  0.31166888730096226       0.23555159256779720        7.6117294733165058E-002
         235  0.31145438573980277       0.23507024365989085        7.6384142079911926E-002
         236  0.31124379624285475       0.23459420998936678        7.6649586253487972E-002
         237  0.31103704756785500       0.23412340369994553        7.6913643867909470E-002
         238  0.31083406976611450       0.23365773864226597        7.7176331123848529E-002
         239  0.31063479415914280       0.23319713025997779        7.7437663899165010E-002
         240  0.31043915331572303       0.23274149556712803        7.7697657748594995E-002
         241  0.31024708102939741       0.23229075317526088        7.7956327854136531E-002
         242  0.31005851229632930       0.23184482319014588        7.8213689106183426E-002
         243  0.30987338329358693       0.23140362723038138        7.8469756063205554E-002
         244  0.30969163135782130       0.23096708837813940        7.8724542979681900E-002
         245  0.30951319496425544       0.23053513113399246        7.8978063830262984E-002
         246  0.30933801370617492       0.23010768143452412        7.9230332271650800E-002
         247  0.30916602827464623       0.22968466657320150        7.9481361701444736E-002
         248  0.30899718043872032       0.22926601518754758        7.9731165251172742E-002
         249  0.30883141302589617       0.22885165724987136        7.9979755776024813E-002
         250  0.30866866990299729       0.22844152405561954        8.0227145847377751E-002
         251  0.30850889595734554       0.22803554811192628        8.0473347845419263E-002
         252  0.30835203707833320       0.22763366324237377        8.0718373835959423E-002
         253  0.30819804013923080       0.22723580444359562        8.0962235695635182E-002
         254  0.30804685297941714       0.22684190791719000        8.1204945062227141E-002
         255  0.30789842438688036       0.22645191105414195        8.1446513332738418E-002
         256  0.30775270408103922       0.22606575238365095        8.1686951697388266E-002
         257  0.30760964269586272       0.22568337156269108        8.1926271133171635E-002
         258  0.30746919176331167       0.22530470935424068        8.2164482409070982E-002
         259  0.30733130369708683       0.22492970761095182        8.2401596086135009E-002
         260  0.30719593177661392       0.22455830925074119        8.2637622525872728E-002
         261  0.30706303013139835       0.22419045821209263        8.2872571919305721E-002
         262  0.30693255372558426       0.22382609947200252        8.3106454253581735E-002
         263  0.30680445834285131       0.22346517901225260        8.3339279330598703E-002
         264  0.30667870057153429       0.22310764376546871        8.3571056806065580E-002
         265  0.30655523779003147       0.22275344167025085        8.3801796119780614E-002
         266  0.30643402815251536       0.22240252156911383        8.4031506583401527E-002
         267  0.30631503057481402       0.22205483325626083        8.4260197318553193E-002
         268  0.30619820472062775       0.22171032741429320        8.4487877306334558E-002
         269  0.30608351098794789       0.22136895561256192        8.4714555375385969E-002
         270  0.30597091049573250       0.22103067031678339        8.4940240178949106E-002
         271  0.30586036507083231       0.22069542482481999        8.5164940246012316E-002
         272  0.30575183723513660       0.22036317326846852        8.5388663966668082E-002
         273  0.30564529019296632       0.22003387061957053        8.5611419573395797E-002
         274  0.30554068781867405       0.21970747264609242        8.5833215172581634E-002
         275  0.30543799464448806       0.21938393589022764        8.6054058754260421E-002
         276  0.30533717584857517       0.21906321770334608        8.6273958145229090E-002
         277  0.30523819724328355       0.21874527615800773        8.6492921085275815E-002
         278  0.30514102526366288       0.21843007011105522        8.6710955152607655E-002
         279  0.30504562695613602       0.21811755911550390        8.6928067840632117E-002
         280  0.30495196996737095       0.21780770344865402        8.7144266518716929E-002
         281  0.30486002253343691       0.21750046410885096        8.7359558424585954E-002
         282  0.30476975346902352       0.21719580276415068        8.7573950704872838E-002
         283  0.30468113215699205       0.21689368176352813        8.7787450393463917E-002
         284  0.30459412853799611       0.21659406412182075        8.8000064416175361E-002
         285  0.30450871310039784       0.21629691349081126        8.8211799609586583E-002
         286  0.30442485687026516       0.21600219419225719        8.8422662678007968E-002
         287  0.30434253140162859       0.21570987113289572        8.8632660268732871E-002
         288  0.30426170876687142       0.21541990985955811        8.8841798907313307E-002
         289  0.30418236154731654       0.21513227650948194        8.9050085037834598E-002
         290  0.30410446282395859       0.21484693781857395        8.9257525005384641E-002
         291  0.30402798616838284       0.21456386109258449        8.9464125075798345E-002
         292  0.30395290563386451       0.21428301420772347        8.9669891426141041E-002
         293  0.30387919574656747       0.21400436560271185        8.9874830143855611E-002
         294  0.30380683149699078       0.21372788425762362        9.0078947239367158E-002
         295  0.30373578833148812       0.21345353969427017        9.0282248637217954E-002
         296  0.30366604214398729       0.21318130194847673        9.0484740195510560E-002
         297  0.30359756926784870       0.21291114157792479        9.0686427689923910E-002
         298  0.30353034646787808       0.21264302966583934        9.0887316802038737E-002
         299  0.30346435093246810       0.21237693776237421        9.1087413170093889E-002
         300  0.30339956026587811       0.21211283792133853        9.1286722344539578E-002
         301  0.30333595248069700       0.21185070267262032        9.1485249808076680E-002
         302  0.30327350599039077       0.21159050500827734        9.1683000982113433E-002
         303  0.30321219960201429       0.21133221839466493        9.1879981207349359E-002
         304  0.30315201250903984       0.21107581673359355        9.2076195775446290E-002
         305  0.30309292428433560       0.21082127438625478        9.2271649898080815E-002
         306  0.30303491487324818       0.21056856614171465        9.2466348731533532E-002
         307  0.30297796458683407       0.21031766721037928        9.2660297376454787E-002
         308  0.30292205409518924       0.21006855322726320        9.2853500867926042E-002
         309  0.30286716442092254       0.20982120024761208        9.3045964173310458E-002
         310  0.30281327693272536       0.20957558470132268        9.3237692231402686E-002
         311  0.30276037333909167       0.20933168345731926        9.3428689881772414E-002
         312  0.30270843568209549       0.20908947372576009        9.3618961956335400E-002
         313  0.30265744633135805       0.20884893313901998        9.3808513192338072E-002
         314  0.30260738797805148       0.20861003968281680        9.3997348295234678E-002
         315  0.30255824362905137       0.20837277170414711        9.4185471924904257E-002
         316  0.30250999660119204       0.20813710792681137        9.4372888674380678E-002
         317  0.30246263051561789       0.20790302742810185        9.4559603087516042E-002
         318  0.30241612929223505       0.20767050961905065        9.4745619673184400E-002
         319  0.30237047714427134       0.20743953425939374        9.4930942884877606E-002
         320  0.30232565857293942       0.20721008144555272        9.5115577127386691E-002
         321  0.30228165836219212       0.20698213160132103        9.5299526760871084E-002
         322  0.30223846157354001       0.20675566546512694        9.5482796108413065E-002
         323  0.30219605354104884       0.20653066410751317        9.5665389433535669E-002
         324  0.30215441986632130       0.20630710889653336        9.5847310969787936E-002
         325  0.30211354641365062       0.20608498151155957        9.6028564902091051E-002
         326  0.30207341930523862       0.20586426392715029        9.6209155378088329E-002
         327  0.30203402491645814       0.20564493841989281        9.6389086496565329E-002
         328  0.30199534987129817       0.20542698754164235        9.6568362329655821E-002
         329  0.30195738103776620       0.20521039414232992        9.6746986895436288E-002
         330  0.30192010552349774       0.20499514133947172        9.6924964184026019E-002
         331  0.30188351067136837       0.20478121253038523        9.7102298140983145E-002
         332  0.30184758405518008       0.20456859138281697        9.7278992672363118E-002
         333  0.30181231347549869       0.20435726181250122        9.7455051662997477E-002
         334  0.30177768695548202       0.20414720800941191        9.7630478946070104E-002
         335  0.30174369273684504       0.20393841441975907        9.7805278317085964E-002
         336  0.30171031927586944       0.20373086572382071        9.7979453552048734E-002
         337  0.30167755523948098       0.20352454685598731        9.8153008383493667E-002
         338  0.30164538950142877       0.20331944299497587        9.8325946506452905E-002
         339  0.30161381113849334       0.20311553954660863        9.8498271591884706E-002
         340  0.30158280942680749       0.20291282215101664        9.8669987275790849E-002
         341  0.30155237383819977       0.20271127668498712        9.8841097153212654E-002
         342  0.30152249403664583       0.20251088923292751        9.9011604803718317E-002
         343  0.30149315987474251       0.20231164611701227        9.9181513757730239E-002
         344  0.30146436139029403       0.20211353386262418        9.9350827527669855E-002
         345  0.30143608880291517       0.20191653920671798        9.9519549596197188E-002
         346  0.30140833251072680       0.20172064910360246        9.9687683407124333E-002
         347  0.30138108308708100       0.20152585070205598        9.9855232385025028E-002
         348  0.30135433127740058       0.20133213136324643       0.10002219991415415     
         349  0.30132806799601619       0.20113947862980988       0.10018858936620631     
         350  0.30130228432307588       0.20094788025006985       0.10035440407300603     
         351  0.30127697150154992       0.20075732415966738       0.10051964734188254     
         352  0.30125212093424508       0.20056779848483156       0.10068432244941353     
         353  0.30122772418088550       0.20037929152561904       0.10084843265526647     
         354  0.30120377295525369       0.20019179176897026       0.10101198118628343     
         355  0.30118025912239099       0.20000528788071026       0.10117497124168073     
         356  0.30115717469582753       0.19981976869686505       0.10133740599896249     
         357  0.30113451183486711       0.19963522322632335       0.10149928860854376     
         358  0.30111226284194625       0.19945164064690452       0.10166062219504174     
         359  0.30109042016000970       0.19926901029779678       0.10182140986221291     
         360  0.30106897636995189       0.19908732168583004       0.10198165468412185     
         361  0.30104792418810189       0.19890656447131924       0.10214135971678265     
         362  0.30102725646374762       0.19872672847521372       0.10230052798853390     
         363  0.30100696617880834       0.19854786868651311       0.10245909749229523     
         364  0.30098704643700924       0.19836984444494857       0.10261720199206067     
         365  0.30096749047430388       0.19819271199755417       0.10277477847674971     
         366  0.30094829164799919       0.19801646156393787       0.10293183008406132     
         367  0.30092944343667816       0.19784108371180342       0.10308835972487473     
         368  0.30091093943797442       0.19766656914505965       0.10324437029291478     
         369  0.30089277336640946       0.19749290870240560       0.10339986466400386     
         370  0.30087493905124391       0.19732009336656925       0.10355484568467466     
         371  0.30085743043439939       0.19714811424705617       0.10370931618734322     
         372  0.30084024156839934       0.19697696258734407       0.10386327898105527     
         373  0.30082336661433839       0.19680662976009394       0.10401673685424445     
         374  0.30080679983992453       0.19663710726474584       0.10416969257517869     
         375  0.30079053561750857       0.19646838672956257       0.10432214888794600     
         376  0.30077456842219474       0.19630045989863990       0.10447410852355485     
         377  0.30075889282995449       0.19613331864180508       0.10462557418814941     
         378  0.30074350351578533       0.19596695494447217       0.10477654857131316     
         379  0.30072839525190759       0.19580136091001657       0.10492703434189102     
         380  0.30071356290598905       0.19563652875853174       0.10507703414745731     
         381  0.30069900143941247       0.19547245081713299       0.10522655062227948     
         382  0.30068470590553692       0.19530911952827568       0.10537558637726124     
         383  0.30067067144805559       0.19514652744128066       0.10552414400677493     
         384  0.30065689329931661       0.19498466721243660       0.10567222608688001     
         385  0.30064336677873071       0.19482353160550553       0.10581983517322519     
         386  0.30063008729115454       0.19466311348486487       0.10596697380628967     
         387  0.30061705032536029       0.19450340581776379       0.10611364450759650     
         388  0.30060425145247377       0.19434440166998004       0.10625984978249373     
         389  0.30059168632450728       0.19418609420808125       0.10640559211642603     
         390  0.30057935067284614       0.19402847669377837       0.10655087397906776     
         391  0.30056724030682463       0.19387154248435437       0.10669569782247026     
         392  0.30055535111229248       0.19371528502935770       0.10684006608293478     
         393  0.30054367905021900       0.19355969787147603       0.10698398117874297     
         394  0.30053222015533465       0.19340477464136321       0.10712744551397144     
         395  0.30052097053476029       0.19325050906358554       0.10727046147117475     
         396  0.30050992636670565       0.19309689494253174       0.10741303142417391     
         397  0.30049908389916802       0.19294392617788758       0.10755515772128044     
         398  0.30048843944865128       0.19279159674514271       0.10769684270350857     
         399  0.30047798939892223       0.19263990070797543       0.10783808869094680     
         400  0.30046773019977963       0.19248883220863974       0.10797889799113988     
         401  0.30045765836584937       0.19233838547514068       0.10811927289070869     
         402  0.30044777047539933       0.19218855480506838       0.10825921567033095     
         403  0.30043806316918359       0.19203933458392267       0.10839872858526092     
         404  0.30042853314928980       0.19189071926903623       0.10853781388025358     
         405  0.30041917717803757       0.19174270339115798       0.10867647378687958     
         406  0.30040999207686064       0.19159528155824482       0.10881471051861583     
         407  0.30040097472523225       0.19144844844881731       0.10895252627641494     
         408  0.30039212205962440       0.19130219881526231       0.10908992324436209     
         409  0.30038343107243287       0.19115652747935802       0.10922690359307485     
         410  0.30037489881098989       0.19101142932992252       0.10936346948106737     
         411  0.30036652237653161       0.19086689932832732       0.10949962304820429     
         412  0.30035829892324145       0.19072293249979144       0.10963536642345001     
         413  0.30035022565726732       0.19057952393638833       0.10977070172087899     
         414  0.30034229983576982       0.19043666879331506       0.10990563104245477     
         415  0.30033451876600520       0.19029436229559427       0.11004015647041093     
         416  0.30032687980439837       0.19015259972438045       0.11017428008001792     
         417  0.30031938035565181       0.19001137642462676       0.11030800393102505     
         418  0.30031201787185513       0.18987068780306926       0.11044133006878587     
         419  0.30030478985164188       0.18973052932806464       0.11057426052357724     
         420  0.30029769383930105       0.18959089652277228       0.11070679731652877     
         421  0.30029072742399604       0.18945178497029674       0.11083894245369930     
         422  0.30028388823888935       0.18931319031330715       0.11097069792558220     
         423  0.30027717396038150       0.18917510824572331       0.11110206571465819     
         424  0.30027058230729936       0.18903753451838518       0.11123304778891419     
         425  0.30026411104013617       0.18890046494098411       0.11136364609915206     
         426  0.30025775796026982       0.18876389537155538       0.11149386258871444     
         427  0.30025152090924179       0.18862782172257986       0.11162369918666193     
         428  0.30024539776800641       0.18849223995577191       0.11175315781223449     
         429  0.30023938645620846       0.18835714609018989       0.11188224036601857     
         430  0.30023348493150442       0.18822253618885584       0.11201094874264858     
         431  0.30022769118882753       0.18808840636699503       0.11213928482183250     
         432  0.30022200325973863       0.18795475278878765       0.11226725047095099     
         433  0.30021641921174291       0.18782157166561200       0.11239484754613091     
         434  0.30021093714763969       0.18768885925532036       0.11252207789231933     
         435  0.30020555520487541       0.18755661186525738       0.11264894333961803     
         436  0.30020027155490869       0.18742482584270329       0.11277544571220541     
         437  0.30019508440259518       0.18729349758604596       0.11290158681654922     
         438  0.30018999198557172       0.18716262353593754       0.11302736844963418     
         439  0.30018499257365999       0.18703220017589878       0.11315279239776121     
         440  0.30018008446828293       0.18690222403137163       0.11327786043691129     
         441  0.30017526600187594       0.18677269167197247       0.11340257432990347     
         442  0.30017053553733891       0.18664359970990180       0.11352693582743711     
         443  0.30016589146745870       0.18651494479545475       0.11365094667200396     
         444  0.30016133221438535       0.18638672362118955       0.11377460859319580     
         445  0.30015685622907429       0.18625893291954995       0.11389792330952433     
         446  0.30015246199078061       0.18613156946025319       0.11402089253052741     
         447  0.30014814800652012       0.18600463005527498       0.11414351795124514     
         448  0.30014391281058778       0.18587811155141110       0.11426580125917668     
         449  0.30013975496404233       0.18575201083150494       0.11438774413253738     
         450  0.30013567305421018       0.18562632482159139       0.11450934823261880     
         451  0.30013166569423344       0.18550105047760451       0.11463061521662893     
         452  0.30012773152258049       0.18537618479271045       0.11475154672987004     
         453  0.30012386920257111       0.18525172479874219       0.11487214440382892     
         454  0.30012007742194907       0.18512766755749629       0.11499240986445278     
         455  0.30011635489242700       0.18500401016918075       0.11511234472324625     
         456  0.30011270034923182       0.18488074976259228       0.11523195058663954     
         457  0.30010911255070244       0.18475788350567582       0.11535122904502662     
         458  0.30010559027784467       0.18463540859367131       0.11547018168417336     
         459  0.30010213233393462       0.18451332225965272       0.11558881007428190     
         460  0.30009873754409938       0.18439162176059892       0.11570711578350046     
         461  0.30009540475492452       0.18427030439232364       0.11582510036260088     
         462  0.30009213283405584       0.18414936747831387       0.11594276535574197     
         463  0.30008892066983428       0.18402880837035701       0.11606011229947727     
         464  0.30008576717088420       0.18390862445488615       0.11617714271599805     
         465  0.30008267126577381       0.18378881314338247       0.11629385812239135     
         466  0.30007963190263709       0.18366937187849655       0.11641026002414054     
         467  0.30007664804881562       0.18355029813052862       0.11652634991828700     
         468  0.30007371869051269       0.18343158939896795       0.11664212929154474     
         469  0.30007084283245172       0.18331324321138104       0.11675759962107068     
         470  0.30006801949752315       0.18319525712026008       0.11687276237726307     
         471  0.30006524772646664       0.18307762870701325       0.11698761901945340     
         472  0.30006252657754767       0.18296035557916532       0.11710217099838235     
         473  0.30005985512622474       0.18284343537227291       0.11721641975395183     
         474  0.30005723246483840       0.18272686574323921       0.11733036672159919     
         475  0.30005465770231604       0.18261064437941565       0.11744401332290039     
         476  0.30005212996384489       0.18249476898990269       0.11755736097394220     
         477  0.30004964839060966       0.18237923731067165       0.11767041107993800     
         478  0.30004721213946006       0.18226404710030691       0.11778316503915315     
         479  0.30004482038265307       0.18214919614132641       0.11789562424132666     
         480  0.30004247230756553       0.18203468224181080       0.11800779006575474     
         481  0.30004016711641018       0.18192050323169165       0.11811966388471853     
         482  0.30003790402597558       0.18180665696497278       0.11823124706100280     
         483  0.30003568226734917       0.18169314131692757       0.11834254095042160     
         484  0.30003350108566523       0.18157995418817532       0.11845354689748991     
         485  0.30003135973984307       0.18146709349588136       0.11856426624396171     
         486  0.30002925750233472       0.18135455718590743       0.11867470031642730     
         487  0.30002719365888675       0.18124234321981680       0.11878485043906994     
         488  0.30002516750828218       0.18113044958253066       0.11889471792575151     
         489  0.30002317836211828       0.18101887428098817       0.11900430408113011     
         490  0.30002122554455302       0.18090761534102098       0.11911361020353203     
         491  0.30001930839210278       0.18079667081073028       0.11922263758137250     
         492  0.30001742625339423       0.18068603875360531       0.11933138749978892     
         493  0.30001557848894939       0.18057571725938831       0.11943986122956107     
         494  0.30001376447096928       0.18046570443156607       0.11954806003940321     
         495  0.30001198358312392       0.18035599839820005       0.11965598518492387     
         496  0.30001023522033821       0.18024659730005010       0.11976363792028810     
         497  0.30000851878858736       0.18013749930263864       0.11987101948594872     
         498  0.30000683370469650       0.18002870258557022       0.11997813111912628     
         499  0.30000517939614163       0.17992020534931494       0.12008497404682669     
         500  0.30000355530085560       0.17981200580938239       0.12019154949147320     
         501  0.30000196086703262       0.17970410220265864       0.12029785866437398     
         502  0.30000039555295072       0.17959649278108877       0.12040390277186194     
         503  0.29999885882678018       0.17948917581340643       0.12050968301337375     
         504  0.29999735016639867       0.17938214958748885       0.12061520057890981     
         505  0.29999586905923137       0.17927541240683528       0.12072045665239609     
         506  0.29999441500205271       0.17916896259021550       0.12082545241183720     
         507  0.29999298750083436       0.17906279847534817       0.12093018902548619     
         508  0.29999158607057014       0.17895691841357292       0.12103466765699722     
         509  0.29999021023511174       0.17885132077353924       0.12113888946157250     
         510  0.29998885952700682       0.17874600393930218       0.12124285558770465     
         511  0.29998753348733953       0.17864096631010379       0.12134656717723574     
         512  0.29998623166557759       0.17853620630131320       0.12145002536426439     
         513  0.29998495361941363       0.17843172234105686       0.12155323127835677     
         514  0.29998369891462007       0.17832751287750040       0.12165618603711967     
         515  0.29998246712490478       0.17822357636597252       0.12175889075893226     
         516  0.29998125783175555       0.17811991128216076       0.12186134654959480     
         517  0.29998007062430121       0.17801651611475200       0.12196355450954921     
         518  0.29997890509918412       0.17791338936550175       0.12206551573368238     
         519  0.29997776086040506       0.17781052954972379       0.12216723131068127     
         520  0.29997663751919956       0.17770793519940126       0.12226870231979831     
         521  0.29997553469390620       0.17760560485581506       0.12236992983809114     
         522  0.29997445200982836       0.17750353707801453       0.12247091493181383     
         523  0.29997338909911947       0.17740173043430912       0.12257165866481035     
         524  0.29997234560064806       0.17730018350899354       0.12267216209165452     
         525  0.29997132115988001       0.17719889489860316       0.12277242626127685     
         526  0.29997031542874647       0.17709786321109358       0.12287245221765289     
         527  0.29996932806555354       0.17699708706861694       0.12297224099693660     
         528  0.29996835873483207       0.17689656510490856       0.12307179362992351     
         529  0.29996740710724873       0.17679629596594534       0.12317111114130339     
         530  0.29996647285947869       0.17669627831052412       0.12327019454895458     
         531  0.29996555567410865       0.17659651080844671       0.12336904486566194     
         532  0.29996465523952093       0.17649699214226966       0.12346766309725127     
         533  0.29996377124978185       0.17639772100523204       0.12356605024454981     
         534  0.29996290340455578       0.17629869610211507       0.12366420730244071     
         535  0.29996205140898757       0.17619991615112668       0.12376213525786089     
         536  0.29996121497360867       0.17610137987928845       0.12385983509432022     
         537  0.29996039381423173       0.17600308602473314       0.12395730778949859     
         538  0.29995958765186520       0.17590503333823979       0.12405455431362541     
         539  0.29995879621260924       0.17580722058058265       0.12415157563202658     
         540  0.29995801922757587       0.17570964652250873       0.12424837270506714     
         541  0.29995725643277465       0.17561230994822008       0.12434494648455457     
         542  0.29995650756904402       0.17551520964744019       0.12444129792160383     
         543  0.29995577238195714       0.17541834442394838       0.12453742795800876     
         544  0.29995505062172778       0.17532171309173578       0.12463333752999201     
         545  0.29995434204314175       0.17522531447243067       0.12472902757071108     
         546  0.29995364640544619       0.17512914739976992       0.12482449900567627     
         547  0.29995296347230266       0.17503321071633859       0.12491975275596406     
         548  0.29995229301168441       0.17493750327556001       0.12501478973612440     
         549  0.29995163479579823       0.17484202393801571       0.12510961085778252     
         550  0.29995098860100972       0.17474677157621799       0.12520421702479173     
         551  0.29995035420777877       0.17465174507076711       0.12529860913701166     
         552  0.29994973140056730       0.17455694331229574       0.12539278808827156     
         553  0.29994911996776819       0.17446236520047112       0.12548675476729707     
         554  0.29994851970165382       0.17436800964271423       0.12558051005893958     
         555  0.29994793039827949       0.17427387555724896       0.12567405484103053     
         556  0.29994735185742732       0.17417996186945092       0.12576738998797640     
         557  0.29994678388254287       0.17408626751564177       0.12586051636690110     
         558  0.29994622628064865       0.17399279143762744       0.12595343484302121     
         559  0.29994567886230050       0.17389953258871158       0.12604614627358893     
         560  0.29994514144151746       0.17380648992925249       0.12613865151226497     
         561  0.29994461383570414       0.17371366242869815       0.12623095140700599     
         562  0.29994409586560689       0.17362104906300607       0.12632304680260081     
         563  0.29994358735525134       0.17352864881716837       0.12641493853808297     
         564  0.29994308813186460       0.17343646068553523       0.12650662744632937     
         565  0.29994259802583306       0.17334448366944144       0.12659811435639162     
         566  0.29994211687065281       0.17325271677776341       0.12668940009288940     
         567  0.29994164450284461       0.17316115902697005       0.12678048547587456     
         568  0.29994118076192100       0.17306980944194514       0.12687137131997586     
         569  0.29994072549033168       0.17297866705474940       0.12696205843558228     
         570  0.29994027853339400       0.17288773090544443       0.12705254762794957     
         571  0.29993983973925448       0.17279700004133897       0.12714283969791551     
         572  0.29993940895883864       0.17270647351657401       0.12723293544226463     
         573  0.29993898604578551       0.17261615039332723       0.12732283565245828     
         574  0.29993857085640918       0.17252602974013051       0.12741254111627867     
         575  0.29993816324965045       0.17243611063371403       0.12750205261593642     
         576  0.29993776308702852       0.17234639215705411       0.12759137092997441     
         577  0.29993737023258837       0.17225687339964779       0.12768049683294058     
         578  0.29993698455285900       0.17216755345945195       0.12776943109340705     
         579  0.29993660591680305       0.17207843143980434       0.12785817447699871     
         580  0.29993623419578253       0.17198950645118488       0.12794672774459764     
         581  0.29993586926350779       0.17190077761087849       0.12803509165262930     
         582  0.29993551099599219       0.17181224404308237       0.12812326695290982     
         583  0.29993515927151598       0.17172390487723921       0.12821125439427677     
         584  0.29993481397058142       0.17163575925158381       0.12829905471899761     
         585  0.29993447497587256       0.17154780630758126       0.12838666866829129     
         586  0.29993414217222064       0.17146004519556018       0.12847409697666046     
         587  0.29993381544655728       0.17137247507158934       0.12856134037496794     
         588  0.29993349468787273       0.17128509509693907       0.12864839959093366     
         589  0.29993317978719441       0.17119790443933094       0.12873527534786347     
         590  0.29993287063753882       0.17111090227362868       0.12882196836391013     
         591  0.29993256713387018       0.17102408777948702       0.12890847935438315     
         592  0.29993226917307764       0.17093746014313069       0.12899480902994695     
         593  0.29993197665392696       0.17085101855605722       0.12908095809786974     
         594  0.29993168947703719       0.17076476221570155       0.12916692726133563     
         595  0.29993140754484487       0.17067869032580224       0.12925271721904263     
         596  0.29993113076155992       0.17059280209537503       0.12933832866618489     
         597  0.29993085903315148       0.17050709673841241       0.12942376229473906     
         598  0.29993059226729740       0.17042157347618367       0.12950901879111373     
         599  0.29993033037337002       0.17033623153402905       0.12959409883934098     
         600  0.29993007326239196       0.17025107014219720       0.12967900312019476     
         601  0.29992982084700603       0.17016608853919876       0.12976373230780727     
         602  0.29992957304146056       0.17008128596502045       0.12984828707644011     
         603  0.29992932976156278       0.16999666166766167       0.12993266809390111     
         604  0.29992909092466452       0.16991221489964931       0.13001687602501522     
         605  0.29992885644961925       0.16982794491842385       0.13010091153119541     
         606  0.29992862625676342       0.16974385098672345       0.13018477527003997     
         607  0.29992840026789663       0.16965993237221383       0.13026846789568280     
         608  0.29992817840623659       0.16957618834751842       0.13035199005871817     
         609  0.29992796059640892       0.16949261819090455       0.13043534240550436     
         610  0.29992774676441608       0.16940922118490453       0.13051852557951155     
         611  0.29992753683760986       0.16932599661698419       0.13060154022062567     
         612  0.29992733074466521       0.16924294377980031       0.13068438696486490     
         613  0.29992712841556907       0.16916006197031724       0.13076706644525182     
         614  0.29992692978158031       0.16907735049065345       0.13084957929092686     
         615  0.29992673477521353       0.16899480864735181       0.13093192612786173     
         616  0.29992654333021712       0.16891243575153983       0.13101410757867729     
         617  0.29992635538155232       0.16883023111931386       0.13109612426223846     
         618  0.29992617086536127       0.16874819407047248       0.13117797679488880     
         619  0.29992598971896012       0.16866632393074396       0.13125966578821616     
         620  0.29992581188080530       0.16858462002901944       0.13134119185178586     
         621  0.29992563729047789       0.16850308169944161       0.13142255559103627     
         622  0.29992546588865837       0.16842170827950514       0.13150375760915323     
         623  0.29992529761712183       0.16834049911207499       0.13158479850504684     
         624  0.29992513241869756       0.16825945354429117       0.13166567887440639     
         625  0.29992497023725734       0.16817857092679359       0.13174639931046375     
         626  0.29992481101770319       0.16809784049868648       0.13182697051901671     
         627  0.29992465470594692       0.16801728190557008       0.13190737280037684     
         628  0.29992450124887893       0.16793688432572867       0.13198761692315025     
         629  0.29992435059436728       0.16785664714226109       0.13206770345210619     
         630  0.29992420269122716       0.16777656972659463       0.13214763296463253     
         631  0.29992405748920531       0.16769665145441146       0.13222740603479385     
         632  0.29992391493897885       0.16761689170577809       0.13230702323320076     
         633  0.29992377499211614       0.16753728986315788       0.13238648512895826     
         634  0.29992363760106633       0.16745784531572477       0.13246579228534155     
         635  0.29992350271916229       0.16737855745397615       0.13254494526518615     
         636  0.29992337030056992       0.16729942567316880       0.13262394462740112     
         637  0.29992324030030382       0.16722044937328584       0.13270279092701798     
         638  0.29992311267420324       0.16714162795630372       0.13278148471789952     
         639  0.29992298737890799       0.16706296082851174       0.13286002655039625     
         640  0.29992286437184656       0.16698444740142121       0.13293841697042535     
         641  0.29992274361123378       0.16690608708775578       0.13301665652347799     
         642  0.29992262505603839       0.16682787930575402       0.13309474575028438     
         643  0.29992250866597986       0.16674982347679501       0.13317268518918485     
         644  0.29992239440152768       0.16667191902480402       0.13325047537672366     
         645  0.29992228222385253       0.16659416537850258       0.13332811684534995     
         646  0.29992217209484578       0.16651656196962145       0.13340561012522434     
         647  0.29992206397709248       0.16643910823373570       0.13348295574335678     
         648  0.29992195783386877       0.16636180360889510       0.13356015422497367     
         649  0.29992185362910168       0.16628464753697544       0.13363720609212623     
         650  0.29992175132739646       0.16620763946473355       0.13371411186266291     
         651  0.29992165089399919       0.16613077884015398       0.13379087205384521     
         652  0.29992155229478584       0.16605406511520684       0.13386748717957900     
         653  0.29992145549625715       0.16597749774543449       0.13394395775082266     
         654  0.29992136046552836       0.16590107619043243       0.13402028427509594     
         655  0.29992126717031808       0.16582479991064575       0.13409646725967234     
         656  0.29992117557892728       0.16574866837209468       0.13417250720683260     
         657  0.29992108566024084       0.16567268104263017       0.13424840461761067     
         658  0.29992099738370948       0.16559683739434763       0.13432415998936184     
         659  0.29992091071934285       0.16552113690144987       0.13439977381789298     
         660  0.29992082563770023       0.16544557904095308       0.13447524659674714     
         661  0.29992074210987235       0.16537016329532880       0.13455057881454355     
         662  0.29992066010748708       0.16529488914695514       0.13462577096053194     
         663  0.29992057960267843       0.16521975608272307       0.13470082351995535     
         664  0.29992050056810543       0.16514476359302979       0.13477573697507564     
         665  0.29992042297690918       0.16506991117007719       0.13485051180683200     
         666  0.29992034680273172       0.16499519831030243       0.13492514849242929     
         667  0.29992027201970189       0.16492062451180403       0.13499964750789786     
         668  0.29992019860240138       0.16484618927632422       0.13507400932607716     
         669  0.29992012652589461       0.16477189210777346       0.13514823441812115     
         670  0.29992005576569519       0.16469773251419545       0.13522232325149974     
         671  0.29991998629776301       0.16462371000485651       0.13529627629290650     
         672  0.29991991809849666       0.16454982409330882       0.13537009400518785     
         673  0.29991985114472525       0.16447607429429059       0.13544377685043466     
         674  0.29991978541370667       0.16440246012723569       0.13551732528647098     
         675  0.29991972088310515       0.16432898111252844       0.13559073977057670     
         676  0.29991965753100469       0.16425563677456090       0.13566402075644379     
         677  0.29991959533587531       0.16418242663870514       0.13573716869717017     
         678  0.29991953427659263       0.16410935023595627       0.13581018404063636     
         679  0.29991947433240501       0.16403640709631198       0.13588306723609303     
         680  0.29991941548295908       0.16396359675550840       0.13595581872745069     
         681  0.29991935770825490       0.16389091874961126       0.13602843895864364     
         682  0.29991930098866493       0.16381837261902696       0.13610092836963797     
         683  0.29991924530492303       0.16374595790519153       0.13617328739973150     
         684  0.29991919063810696       0.16367367415340128       0.13624551648470568     
         685  0.29991913696964917       0.16360152091020139       0.13631761605944778     
         686  0.29991908428131048       0.16352949772553424       0.13638958655577624     
         687  0.29991903255519886       0.16345760415265595       0.13646142840254291     
         688  0.29991898177374360       0.16338583974486723       0.13653314202887637     
         689  0.29991893191968005       0.16331420405939914       0.13660472786028091     
         690  0.29991888297608221       0.16324269665594238       0.13667618632013984     
         691  0.29991883492631916       0.16317131709684507       0.13674751782947409     
         692  0.29991878775406627       0.16310006494567400       0.13681872280839227     
         693  0.29991874144329905       0.16302893976928651       0.13688980167401255     
         694  0.29991869597828441       0.16295794113677514       0.13696075484150927     
         695  0.29991865134357781       0.16288706861962690       0.13703158272395091     
         696  0.29991860752401012       0.16281632179088742       0.13710228573312269     
         697  0.29991856450469934       0.16274570022692211       0.13717286427777722     
         698  0.29991852227103089       0.16267520350555212       0.13724331876547877     
         699  0.29991848080865535       0.16260483120749158       0.13731364960116377     
         700  0.29991844010348911       0.16253458291495582       0.13738385718853330     
         701  0.29991840014169940       0.16246445821322417       0.13745394192847524     
         702  0.29991836090971158       0.16239445668916613       0.13752390422054545     
         703  0.29991832239419963       0.16232457793249697       0.13759374446170267     
         704  0.29991828458207637       0.16225482153363346       0.13766346304844290     
         705  0.29991824746049822       0.16218518708709717       0.13773306037340105     
         706  0.29991821101685479       0.16211567418801945       0.13780253682883534     
         707  0.29991817523875941       0.16204628243467972       0.13787189280407969     
         708  0.29991814011406204       0.16197701142684195       0.13794112868722008     
         709  0.29991810563083215       0.16190786076634925       0.13801024486448291     
         710  0.29991807177734847       0.16183883005711991       0.13807924172022856     
         711  0.29991803854211385       0.16176991890530559       0.13814811963680826     
         712  0.29991800591383988       0.16170112691969624       0.13821687899414364     
         713  0.29991797388143526       0.16163245371062773       0.13828552017080753     
         714  0.29991794243402170       0.16156389888929373       0.13835404354472797     
         715  0.29991791156091807       0.16149546207075027       0.13842244949016780     
         716  0.29991788125163193       0.16142714287081009       0.13849073838082185     
         717  0.29991785149586392       0.16135894090757907       0.13855891058828484     
         718  0.29991782228351538       0.16129085580158778       0.13862696648192760     
         719  0.29991779360465665       0.16122288717424471       0.13869490643041194     
         720  0.29991776544953763       0.16115503465023634       0.13876273079930129     
         721  0.29991773780860564       0.16108729785486883       0.13883043995373681     
         722  0.29991771067246120       0.16101967641632092       0.13889803425614028     
         723  0.29991768403189212       0.16095216996415276       0.13896551406773935     
         724  0.29991765787784502       0.16088477812977686       0.13903287974806816     
         725  0.29991763220143230       0.16081750054677701       0.13910013165465529     
         726  0.29991760699393460       0.16075033685043699       0.13916727014349761     
         727  0.29991758224678849       0.16068328667725212       0.13923429556953637     
         728  0.29991755795158287       0.16061634966628591       0.13930120828529696     
         729  0.29991753410006622       0.16054952545918905       0.13936800864087717     
         730  0.29991751068413713       0.16048281369702658       0.13943469698711056     
         731  0.29991748769584281       0.16041621402462133       0.13950127367122148     
         732  0.29991746512736611       0.16034972608853204       0.13956773903883407     
         733  0.29991744297104267       0.16028334953576948       0.13963409343527319     
         734  0.29991742121935017       0.16021708401633367       0.13970033720301650     
         735  0.29991739986489524       0.16015092918083809       0.13976647068405715     
         736  0.29991737890042441       0.16008488468270643       0.13983249421771798     
         737  0.29991735831881444       0.16001895017668136       0.13989840814213308     
         738  0.29991733811307675       0.15995312531863923       0.13996421279443752     
         739  0.29991731827634333       0.15988740976655483       0.14002990850978850     
         740  0.29991729880187645       0.15982180318084924       0.14009549562102722     
         741  0.29991727968305493       0.15975630522229967       0.14016097446075526     
         742  0.29991726091339366       0.15969091555391179       0.14022634535948186     
         743  0.29991724248650886       0.15962563384020875       0.14029160864630011     
         744  0.29991722439614626       0.15956045974755226       0.14035676464859401     
         745  0.29991720663614913       0.15949539294425363       0.14042181369189549     
         746  0.29991718920050170       0.15943043309908811       0.14048675610141359     
         747  0.29991717208326280       0.15936557988343031       0.14055159219983249     
         748  0.29991715527862844       0.15930083296993977       0.14061632230868867     
         749  0.29991713878088488       0.15923619203213940       0.14068094674874548     
         750  0.29991712258443248       0.15917165674684908       0.14074546583758341     
         751  0.29991710668376254       0.15910722679043729       0.14080987989332525     
         752  0.29991709107347686       0.15904290184237518       0.14087418923110168     
         753  0.29991707574827264       0.15897868158263709       0.14093839416563556     
         754  0.29991706070294183       0.15891456569310683       0.14100249500983500     
         755  0.29991704593237600       0.15885055385734384       0.14106649207503216     
         756  0.29991703143155329       0.15878664576021903       0.14113038567133426     
         757  0.29991701719555003       0.15872284108769114       0.14119417610785889     
         758  0.29991700321952602       0.15865913952835917       0.14125786369116686     
         759  0.29991698949874218       0.15859554077005708       0.14132144872868510     
         760  0.29991697602853118       0.15853204450483752       0.14138493152369366     
         761  0.29991696280431640       0.15846865042493272       0.14144831237938368     
         762  0.29991694982160666       0.15840535822305246       0.14151159159855420     
         763  0.29991693707599426       0.15834216759514552       0.14157476948084874     
         764  0.29991692456314129       0.15827907823709089       0.14163784632605039     
         765  0.29991691227880712       0.15821608984663291       0.14170082243217422     
         766  0.29991690021881107       0.15815320212359987       0.14176369809521119     
         767  0.29991688837905700       0.15809041476836530       0.14182647361069170     
         768  0.29991687675552309       0.15802772748355842       0.14188914927196467     
         769  0.29991686534426759       0.15796513997154851       0.14195172537271908     
         770  0.29991685414140401       0.15790265193789121       0.14201420220351280     
         771  0.29991684314312950       0.15784026308834728       0.14207658005478221     
         772  0.29991683234571304       0.15777797313055411       0.14213885921515892     
         773  0.29991682174548095       0.15771578177322365       0.14220103997225730     
         774  0.29991681133883169       0.15765368872693417       0.14226312261189752     
         775  0.29991680112223151       0.15759169370230205       0.14232510741992946     
         776  0.29991679109221209       0.15752979641308301       0.14238699467912908     
         777  0.29991678124536064       0.15746799657223998       0.14244878467312067     
         778  0.29991677157833962       0.15740629389637148       0.14251047768196815     
         779  0.29991676208786011       0.15734468810120059       0.14257207398665953     
         780  0.29991675277069424       0.15728317890510651       0.14263357386558773     
         781  0.29991674362368403       0.15722176602690499       0.14269497759677904     
         782  0.29991673464371849       0.15716044918782665       0.14275628545589183     
         783  0.29991672582775053       0.15709922810890015       0.14281749771885038     
         784  0.29991671717277807       0.15703810251318009       0.14287861465959797     
         785  0.29991670867586551       0.15697707212498155       0.14293963655088396     
         786  0.29991670033412599       0.15691613666993662       0.14300056366418937     
         787  0.29991669214472622       0.15685529587441840       0.14306139627030781     
         788  0.29991668410488631       0.15679454946651081       0.14312213463837550     
         789  0.29991667621186391       0.15673389717490024       0.14318277903696366     
         790  0.29991666846299458       0.15667333873034006       0.14324332973265452     
         791  0.29991666085563268       0.15661287386417452       0.14330378699145815     
         792  0.29991665338719881       0.15655250230902498       0.14336415107817382     
         793  0.29991664605515661       0.15649222379858929       0.14342442225656732     
         794  0.29991663885701686       0.15643203806786246       0.14348460078915440     
         795  0.29991663179032663       0.15637194485323680       0.14354468693708983     
         796  0.29991662485269133       0.15631194389217307       0.14360468096051826     
         797  0.29991661804175318       0.15625203492269152       0.14366458311906166     
         798  0.29991661135519426       0.15619221768483887       0.14372439367035539     
         799  0.29991660479075072       0.15613249191897674       0.14378411287177398     
         800  0.29991659834618983       0.15607285736720319       0.14384374097898664     
         801  0.29991659201931764       0.15601331377218958       0.14390327824712806     
         802  0.29991658580799307       0.15595386087870705       0.14396272492928602     
         803  0.29991657971009861       0.15589449843167352       0.14402208127842508     
         804  0.29991657372356412       0.15583522617706855       0.14408134754649557     
         805  0.29991656784635595       0.15577604386279870       0.14414052398355726     
         806  0.29991656207648459       0.15571695123705798       0.14419961083942662     
         807  0.29991655641197779       0.15565794804959582       0.14425860836238197     
         808  0.29991655085091984       0.15559903405108141       0.14431751679983842     
         809  0.29991654539141782       0.15554020899320420       0.14437633639821362     
         810  0.29991654003162166       0.15548147262863363       0.14443506740298803     
         811  0.29991653476970515       0.15542282471111721       0.14449371005858794     
         812  0.29991652960388232       0.15536426499598541       0.14455226460789691     
         813  0.29991652453239759       0.15530579323916113       0.14461073129323646     
         814  0.29991651955353382       0.15524740919716470       0.14466911035636912     
         815  0.29991651466559011       0.15518911262823396       0.14472740203735615     
         816  0.29991650986691193       0.15513090329174334       0.14478560657516859     
         817  0.29991650515587170       0.15507278094681504       0.14484372420905667     
         818  0.29991650053086355       0.15501474535557694       0.14490175517528661     
         819  0.29991649599031955       0.15495679627940798       0.14495969971091158     
         820  0.29991649153269295       0.15489893348186301       0.14501755805082994     
         821  0.29991648715647329       0.15484115672661239       0.14507533042986090     
         822  0.29991648286017153       0.15478346577899083       0.14513301708118070     
         823  0.29991647864233256       0.15472586040475012       0.14519061823758245     
         824  0.29991647450152042       0.15466834037118460       0.14524813413033583     
         825  0.29991647043632802       0.15461090544605946       0.14530556499026856     
         826  0.29991646644537479       0.15455355539843801       0.14536291104693677     
         827  0.29991646252730558       0.15449628999829593       0.14542017252900966     
         828  0.29991645868078393       0.15443910901647850       0.14547734966430542     
         829  0.29991645490451446       0.15438201222465994       0.14553444267985452     
         830  0.29991645119720645       0.15432499939586589       0.14559145180134056     
         831  0.29991644755760033       0.15426807030337783       0.14564837725422250     
         832  0.29991644398446188       0.15421122472205637       0.14570521926240551     
         833  0.29991644047657740       0.15415446242771225       0.14576197804886515     
         834  0.29991643703275644       0.15409778319667666       0.14581865383607978     
         835  0.29991643365182413       0.15404118680643408       0.14587524684539005     
         836  0.29991643033263343       0.15398467303497693       0.14593175729765651     
         837  0.29991642707406102       0.15392824166168764       0.14598818541237338     
         838  0.29991642387499690       0.15387189246674160       0.14604453140825530     
         839  0.29991642073435515       0.15381562523117068       0.14610079550318447     
         840  0.29991641765106536       0.15375943973684369       0.14615697791422166     
         841  0.29991641462408708       0.15370333576672207       0.14621307885736501     
         842  0.29991641165238492       0.15364731310430996       0.14626909854807496     
         843  0.29991640873495434       0.15359137153427688       0.14632503720067747     
         844  0.29991640587080048       0.15353551084208900       0.14638089502871149     
         845  0.29991640305895512       0.15347973081359489       0.14643667224536022     
         846  0.29991640029845601       0.15342403123668627       0.14649236906176974     
         847  0.29991639758837235       0.15336841189902592       0.14654798568934643     
         848  0.29991639492778238       0.15331287258910983       0.14660352233867255     
         849  0.29991639231577738       0.15325741309736490       0.14665897921841248     
         850  0.29991638975147367       0.15320203321393119       0.14671435653754247     
         851  0.29991638723399999       0.15314673273033466       0.14676965450366533     
         852  0.29991638476250271       0.15309151143887326       0.14682487332362945     
         853  0.29991638233613566       0.15303636913216656       0.14688001320396910     
         854  0.29991637995408243       0.15298130560472023       0.14693507434936220     
         855  0.29991637761553092       0.15292632065079950       0.14699005696473141     
         856  0.29991637531968179       0.15287141406640029       0.14704496125328151     
         857  0.29991637306576285       0.15281658564721654       0.14709978741854632     
         858  0.29991637085300782       0.15276183519076073       0.14715453566224709     
         859  0.29991636868065707       0.15270716249535490       0.14720920618530217     
         860  0.29991636654798415       0.15265256735898866       0.14726379918899549     
         861  0.29991636445425662       0.15259804958159182       0.14731831487266481     
         862  0.29991636239876168       0.15254360896358204       0.14737275343517964     
         863  0.29991636038080632       0.15248924530597882       0.14742711507482750     
         864  0.29991635839970321       0.15243495841043975       0.14748139998926346     
         865  0.29991635645477971       0.15238074807987548       0.14753560837490423     
         866  0.29991635454537491       0.15232661411789664       0.14758974042747827     
         867  0.29991635267083799       0.15227255632830672       0.14764379634253127     
         868  0.29991635083053658       0.15221857451627155       0.14769777631426503     
         869  0.29991634902384107       0.15216466848753338       0.14775168053630769     
         870  0.29991634725013999       0.15211083804868999       0.14780550920145000     
         871  0.29991634550883078       0.15205708300666851       0.14785926250216228     
         872  0.29991634379932175       0.15200340316958766       0.14791294062973409     
         873  0.29991634212103002       0.15194979834663336       0.14796654377439666     
         874  0.29991634047338772       0.15189626834668080       0.14802007212670693     
         875  0.29991633885583868       0.15184281298006988       0.14807352587576880     
         876  0.29991633726782624       0.15178943205799461       0.14812690520983163     
         877  0.29991633570881571       0.15173612539180695       0.14818021031700876     
         878  0.29991633417827152       0.15168289279397323       0.14823344138429828     
         879  0.29991633267568202       0.15162973407799554       0.14828659859768648     
         880  0.29991633120053446       0.15157664905701013       0.14833968214352433     
         881  0.29991632975232652       0.15152363754615447       0.14839269220617204     
         882  0.29991632833056392       0.15147069936030386       0.14844562897026006     
         883  0.29991632693476455       0.15141783431574157       0.14849849261902298     
         884  0.29991632556445347       0.15136504222894642       0.14855128333550705     
         885  0.29991632421916958       0.15131232291705626       0.14860400130211332     
         886  0.29991632289845482       0.15125967619829794       0.14865664670015688     
         887  0.29991632160185933       0.15120710189192021       0.14870921970993911     
         888  0.29991632032893911       0.15115459981649484       0.14876172051244427     
         889  0.29991631907926875       0.15110216979254068       0.14881414928672806     
         890  0.29991631785241796       0.15104981164104395       0.14886650621137401     
         891  0.29991631664797103       0.15099752518333603       0.14891879146463499     
         892  0.29991631546552117       0.15094531024116939       0.14897100522435178     
         893  0.29991631430466775       0.15089316663793498       0.14902314766673277     
         894  0.29991631316500977       0.15084109419686187       0.14907521896814790     
         895  0.29991631204616315       0.15078909274168584       0.14912721930447731     
         896  0.29991631094775262       0.15073716209821189       0.14917914884954073     
         897  0.29991630986940154       0.15068530209084377       0.14923100777855777     
         898  0.29991630881074011       0.15063351254618981       0.14928279626455029     
         899  0.29991630777141692       0.15058179329102389       0.14933451448039303     
         900  0.29991630675107078       0.15053014415233432       0.14938616259873647     
         901  0.29991630574935829       0.15047856495896017       0.14943774079039812     
         902  0.29991630476593933       0.15042705553907487       0.14948924922686446     
         903  0.29991630380047851       0.15037561572183411       0.14954068807864440     
         904  0.29991630285265175       0.15032424533734756       0.14959205751530419     
         905  0.29991630192212959       0.15027294421640436       0.14964335770572523     
         906  0.29991630100860434       0.15022171219002167       0.14969458881858266     
         907  0.29991630011176335       0.15017054909011418       0.14974575102164916     
         908  0.29991629923129598       0.15011945474899849       0.14979684448229749     
         909  0.29991629836691258       0.15006842899985456       0.14984786936705802     
         910  0.29991629751831128       0.15001747167632229       0.14989882584198899     
         911  0.29991629668520958       0.14996658261276252       0.14994971407244706     
         912  0.29991629586731994       0.14991576164387962       0.15000053422344031     
         913  0.29991629506436679       0.14986500860549873       0.15005128645886806     
         914  0.29991629427607513       0.14981432333347000       0.15010197094260513     
         915  0.29991629350218152       0.14976370566451155       0.15015258783766997     
         916  0.29991629274242321       0.14971315543610117       0.15020313730632204     
         917  0.29991629199653880       0.14966267248611032       0.15025361951042848     
         918  0.29991629126427127       0.14961225665266545       0.15030403461160582     
         919  0.29991629054538110       0.14956190777521297       0.15035438277016813     
         920  0.29991628983961616       0.14951162569326767       0.15040466414634848     
         921  0.29991628914674207       0.14946141024708995       0.15045487889965212     
         922  0.29991628846652274       0.14941126127766266       0.15050502718886008     
         923  0.29991628779872231       0.14936117862585174       0.15055510917287057     
         924  0.29991628714312080       0.14931116213407589       0.15060512500904491     
         925  0.29991628649948865       0.14926121164466252       0.15065507485482613     
         926  0.29991628586760932       0.14921132700110709       0.15070495886650223     
         927  0.29991628524727187       0.14916150804631678       0.15075477720095509     
         928  0.29991628463826331       0.14911175462521739       0.15080453001304592     
         929  0.29991628404037524       0.14906206658224883       0.15085421745812641     
         930  0.29991628345340593       0.14901244376272890       0.15090383969067703     
         931  0.29991628287715721       0.14896288601272684       0.15095339686443038     
         932  0.29991628231143086       0.14891339317873473       0.15100288913269613     
         933  0.29991628175603580       0.14886396510733704       0.15105231664869875     
         934  0.29991628121078356       0.14881460164617585       0.15110167956460771     
         935  0.29991628067549003       0.14876530264372331       0.15115097803176672     
         936  0.29991628014996868       0.14871606794809797       0.15120021220187072     
         937  0.29991627963404799       0.14866689740875316       0.15124938222529483     
         938  0.29991627912754565       0.14861779087563196       0.15129848825191369     
         939  0.29991627863029874       0.14856874819813873       0.15134753043216001     
         940  0.29991627814212718       0.14851976922744417       0.15139650891468301     
         941  0.29991627766287182       0.14847085381518974       0.15144542384768209     
         942  0.29991627719236752       0.14842200181265527       0.15149427537971225     
         943  0.29991627673045901       0.14837321307233675       0.15154306365812226     
         944  0.29991627627698253       0.14832448744697113       0.15159178883001140     
         945  0.29991627583178887       0.14827582479013882       0.15164045104165005     
         946  0.29991627539472399       0.14822722495534560       0.15168905043937839     
         947  0.29991627496564432       0.14817868779749338       0.15173758716815094     
         948  0.29991627454439729       0.14813021317100267       0.15178606137339462     
         949  0.29991627413084421       0.14808180093151449       0.15183447319932972     
         950  0.29991627372484586       0.14803345093483000       0.15188282279001586     
         951  0.29991627332625848       0.14798516303741099       0.15193111028884748     
         952  0.29991627293494921       0.14793693709597347       0.15197933583897574     
         953  0.29991627255078707       0.14788877296816011       0.15202749958262696     
         954  0.29991627217364036       0.14784067051160885       0.15207560166203152     
         955  0.29991627180338598       0.14779262958480252       0.15212364221858346     
         956  0.29991627143988636       0.14774465004665016       0.15217162139323620     
         957  0.29991627108302854       0.14769673175708475       0.15221953932594379     
         958  0.29991627073268767       0.14764887457485676       0.15226739615783091     
         959  0.29991627038874352       0.14760107836101558       0.15231519202772795     
         960  0.29991627005108179       0.14755334297598943       0.15236292707509236     
         961  0.29991626971958651       0.14750566828154901       0.15241060143803750     
         962  0.29991626939414168       0.14745805413904686       0.15245821525509481     
         963  0.29991626907464131       0.14741050041080386       0.15250576866383744     
         964  0.29991626876097666       0.14736300695978927       0.15255326180118739     
         965  0.29991626845304142       0.14731557364875661       0.15260069480428481     
         966  0.29991626815072764       0.14726820034182758       0.15264806780890006     
         967  0.29991626785393688       0.14722088690281265       0.15269538095112423     
         968  0.29991626756256284       0.14717363319637419       0.15274263436618865     
         969  0.29991626727650983       0.14712643908745299       0.15278982818905684     
         970  0.29991626699568413       0.14707930444152020       0.15283696255416393     
         971  0.29991626671998689       0.14703222912515340       0.15288403759483349     
         972  0.29991626644932234       0.14698521300411310       0.15293105344520924     
         973  0.29991626618359946       0.14693825594523546       0.15297801023836399     
         974  0.29991626592273279       0.14689135781623783       0.15302490810649497     
         975  0.29991626566662771       0.14684451848449009       0.15307174718213762     
         976  0.29991626541520205       0.14679773781845884       0.15311852759674321     
         977  0.29991626516836439       0.14675101568670762       0.15316524948165677     
         978  0.29991626492603590       0.14670435195856027       0.15321191296747563     
         979  0.29991626468813487       0.14665774650324359       0.15325851818489128     
         980  0.29991626445457292       0.14661119919093230       0.15330506526364063     
         981  0.29991626422528195       0.14656470989180553       0.15335155433347641     
         982  0.29991626400017601       0.14651827847705085       0.15339798552312517     
         983  0.29991626377918107       0.14647190481755054       0.15344435896163053     
         984  0.29991626356222068       0.14642558878559064       0.15349067477663003     
         985  0.29991626334922500       0.14637933025266422       0.15353693309656077     
         986  0.29991626314011655       0.14633312909188054       0.15358313404823601     
         987  0.29991626293482815       0.14628698517574290       0.15362927775908525     
         988  0.29991626273328859       0.14624089837791904       0.15367536435536955     
         989  0.29991626253543197       0.14619486857240774       0.15372139396302423     
         990  0.29991626234118629       0.14614889563324326       0.15376736670794303     
         991  0.29991626215048683       0.14610297943519018       0.15381328271529665     
         992  0.29991626196326776       0.14605711985335876       0.15385914210990900     
         993  0.29991626177947234       0.14601131676300635       0.15390494501646598     
