   1.6611295911103454        3.5684812227028826     
   1.6308105591622091        3.5574027864845590     
   1.6010449119127694        3.5462595033805431     
   1.5718225489529734        3.5350635467558100     
   1.5431335542270106        3.5238219857696631     
   1.5149681926674849        3.5125415395351540     
   1.4873169068920069        3.5012285945596306     
   1.4601703139600735        3.4898892243108137     
   1.4335192021891467        3.4785292037583160     
   1.4073545280288440        3.4671540290330607     
   1.3816674129921784        3.4557689284401771     
   1.3564491406428145        3.4443788773718182     
   1.3316911536373086        3.4329886124258091     
   1.3073850508213378        3.4216026413237444     
   1.2835225843789262        3.4102252542655163     
   1.2600956570337050        3.3988605342304807     
   1.2370963193012556        3.3875123356237569     
   1.2145167667916015        3.3761844265374914     
   1.1923493375609369        3.3648802689514539     
   1.1705865095116910        3.3536032154528139     
   1.1492208978400458        3.3423564418694784     
   1.1282452525300446        3.3311429632381571     
   1.1076524558934342        3.3199656421328663     
   1.0874355201544128        3.3088271931050866     
   1.0675875850784615        3.2977301886482566     
   1.0481019156444524        3.2866770662352769     
   1.0289718997592461        3.2756701297687907     
   1.0101910460140053        3.2647115586860909     
  0.99175298148145641        3.2538034077345643     
  0.97365144955335647        3.2429476172417222     
  0.95588030781743383        3.2321460108268854     
  0.93843352597307506        3.2214003057525740     
  0.92130518378505766        3.2107121119449094     
  0.90448946907462902        3.2000829385200165     
  0.88798067574725470        3.1895141967416092     
  0.87177320185636298        3.1790075257196766     
  0.85586154770243072        3.1685635068515907     
  0.84024031396676191        3.1581836148725237     
  0.82490419987933417        3.1478688902124143     
  0.80984800142008240        3.1376203058662462     
  0.79506660955301134        3.1274387565324999     
  0.78055500849254189        3.1173250607173806     
  0.76630827400149948        3.1072799662452040     
  0.75232157172016667        3.0973041506170338     
  0.73859015552583529        3.0873960542719443     
  0.72510936592229924        3.0775604907872567     
  0.71187462845874250        3.0677958431220143     
  0.69888145217748598        3.0581025371498085     
  0.68612542809006649        3.0484809420187329     
  0.67360222768112887        3.0389313725774301     
  0.66130760143962752        3.0294540916388115     
  0.64923737741683396        3.0200493121776821     
  0.63738745981066591        3.0107171995231736     
  0.62575382757585440        3.0014578734407755     
  0.61433253305947699        2.9922714101151300     
  0.60311970066139808        2.9831578441470752     
  0.59211152551915625        2.9741171704992624     
  0.58130427221685665        2.9651493462494871     
  0.57069427351762814        2.9562542924635733     
  0.56027792911921581        2.9474318958227421     
  0.55005170443228668        2.9386820104063949     
  0.54001212938103371        2.9300044592248602     
  0.53015579722567163        2.9213990358324371     
  0.52047936340642309        2.9128655058281692     
  0.51097954440860682        2.9044036082939639     
  0.50165311664843848        2.8960130572289828     
  0.49249691537916873        2.8876935428276687     
  0.48350783361718624        2.8794447333558253     
  0.47468282108772147        2.8712662755392326     
  0.46601888318979379        2.8613500653321400     
  0.45751307998005036        2.8551188654853736     
  0.44916252517515221        2.8471491975201642     
  0.44096438517236747        2.8392482478379102     
  0.43291587808804383        2.8314156231452485     
  0.42501427281362752        2.8236508818712349     
  0.41725688808891320        2.8159535776140241     
  0.40964109159221035        2.8083232711655493     
  0.40216429904711359        2.8007595407006312     
  0.39482397334557767        2.7932620066879936     
  0.38761762368699793        2.7858303710488350     
  0.38054280473300461        2.7784644822490594     
  0.37359711577768284        2.7711644502711037     
  0.36677819993293909        2.7639177672295339     
  0.36008374332873555        2.7567415907600132     
  0.35351147432792218        2.7496284084474909     
  0.34705916275539955        2.7425780668957724     
  0.34072461914135188        2.7355912683555803     
  0.33450569397828983        2.7286571162646660     
  0.32840027699165836        2.7217893732439680     
  0.32240629642375374        2.7149796271044644     
  0.31652171833071158        2.7082305258709627     
  0.29950461226387559        2.6883393072216863     
  0.29403803701505787        2.6818228392476162     
  0.27822971747869829        2.6608949391106012     
  0.27315145282174347        2.6563524421935751     
  0.26816587694066696        2.6495875870085315     
  0.26327129807465000        2.6436437187719952     
  0.25846605534098882        2.6348057697318703     
  0.25374851817150523        2.6315039419923143     
  0.24911708575924443        2.6246203366137468     
  0.24010627753538147        2.6126221754717038     
  0.23572384407654626        2.6067936095137001     
  0.23142139904291278        2.5987139601764171     
  0.21897952770966628        2.5848083935889852     
  0.21498270089245250        2.5791343404254174     
  0.21105882438604581        2.5732370111930596     
  0.20720656669721660        2.5680424504663248     
  0.20342462063522559        2.5625426726981182     
  0.19971170286825338        2.5570855577893421     
  0.19606655348792607        2.5516789126158703     
  0.19248793558178917        2.5463134706340469     
  0.18897463481358476        2.5409918554042004     
  0.18552545901118958        2.5357145353782173     
  0.18213923776207383        2.5304789566605899     
  0.17881482201614385        2.5252851255364379     
  0.17555108369583380        2.5201327985120625     
  0.17234691531331395        2.5150215465582222     
  0.16920122959468542        2.5099508784322051     
  0.16611295911103455        2.5049202922769047     
  0.16308105591622093        2.4999292911385416     
  0.16010449119127695        2.4949769371885950     
  0.15718225489529736        2.4900640471948177     
  0.15431335542270103        2.4851891048544306     
  0.15149681926674849        2.4803517460228397     
  0.14873169068920067        2.4755515510319817     
  0.14601703139600733        2.4707880924301553     
  0.14335192021891469        2.4660609369029163     
  0.14073545280288441        2.4613696521889907     
  0.13816674129921783        2.4567138066949510     
  0.13564491406428145        2.4520929726497598     
  0.13316911536373086        2.4475067251332736     
  0.13073850508213378        2.4429546441659671     
  0.12835225843789258        2.4384363141996626     
  0.12600956570337049        2.4339513241162054     
  0.12370963193012556        2.4294992681193155     
  0.12145167667916014        2.4250797450564781     
  0.11923493375609369        2.4206923587654954     
  0.11705865095116907        2.4163367181170203     
  0.11492208978400457        2.4120124367795248     
  0.11282452525300447        2.4077191334240733     
  0.11076524558934341        2.4034564315913722     
  0.10874355201544128        2.3992239596991514     
  0.10675875850784618        2.3950213509556955     
  0.10481019156444524        2.3908482433494442     
  0.10289718997592461        2.3867042796358042     
  0.10101910460140054        2.3825891072614662     
   9.9175298148145630E-002   2.3785023783637835     
   9.7365144955335631E-002   2.3744437496693336     
   9.5588030781743369E-002   2.3704128825139787     
   9.3843352597307500E-002   2.3664094427437119     
   9.2130518378505749E-002   2.3624331007186319     
   9.0448946907462885E-002   2.3584835312333956     
   8.8798067574725470E-002   2.3545604134886160     
   8.7177320185636301E-002   2.3506634310381944     
   8.5586154770243006E-002   2.3467922717509619     
   8.4024031396676094E-002   2.3429466277588959     
   8.2490419987933356E-002   2.3391261954035212     
   8.0984800142008179E-002   2.3353306752005145     
   7.9506660955301053E-002   2.3315597717873633     
   7.8055500849254111E-002   2.3278131938755564     
   7.6630827400149870E-002   2.3240906542042938     
   7.5232157172016589E-002   2.3203918694893164     
   7.3859015552583451E-002   2.3167165603819493     
   7.2510936592229847E-002   2.3130644514148724     
   7.1187462845874169E-002   2.3094352709568886     
   6.9888145217748596E-002   2.3058287511674904     
   6.8612542809006638E-002   2.3022446279454369     
   6.7360222768112890E-002   2.2986826408820691     
   6.6130760143962755E-002   2.2951425332168536     
   6.4923737741683404E-002   2.2916240517877031     
   6.3738745981066602E-002   2.2881269469849186     
   6.2575382757585438E-002   2.2846509727025737     
   6.1433253305947705E-002   2.2811958862936303     
   6.0311970066139808E-002   2.2777614485274653     
   5.9211152551915634E-002   2.2743474235338783     
   5.8130427221685668E-002   2.2709535787691855     
   5.7069427351762812E-002   2.2675796849598289     
   5.6027792911921573E-002   2.2642255160676767     
   5.5005170443228661E-002   2.2608908492362332     
   5.4001212938103380E-002   2.2575754647513770     
   5.3015579722567159E-002   2.2542791459970242     
   5.2047936340642309E-002   2.2510016794096384     
   5.1097954440860682E-002   2.2477428544365634     
   5.0165311664843837E-002   2.2445024634924020     
   4.9249691537916883E-002   2.2412803019155576     
   4.8350783361718622E-002   2.2380761679281633     
   4.7468282108772145E-002   2.2348898625939051     
   4.6601888318979372E-002   2.2317211897756266     
   4.5751307998005045E-002   2.2285699560961967     
   4.4916252517515215E-002   2.2254359708970570     
   4.4096438517236755E-002   2.2223190461980766     
   4.3291587808804398E-002   2.2192189966587734     
   4.2501427281362747E-002   2.2161356395402869     
   4.1725688808891319E-002   2.2130687946647423     
   4.0964109159221045E-002   2.2100182843780960     
   4.0216429904711359E-002   2.2069839335132149     
   3.9482397334557766E-002   2.2039655693517037     
   3.8761762368699840E-002   2.2009630215872664     
   3.8054280473300499E-002   2.1979761222900787     
   3.7359711577768323E-002   2.1950047058707214     
   3.6677819993293947E-002   2.1920486090442513     
   3.6008374332873593E-002   2.1891076707964965     
   3.5351147432792253E-002   2.1861817323488344     
   3.4705916275539997E-002   2.1832706371241017     
   3.4072461914135183E-002   2.1803742307133334     
   3.3450569397828984E-002   2.1774923608431407     
   3.2840027699165844E-002   2.1746248773427026     
   3.2240629642375375E-002   2.1717716321111897     
   3.1652171833071154E-002   2.1689324790872271     
   3.1074454589232695E-002   2.1661072742170653     
   3.0507281873447114E-002   2.1632958754225058     
   2.9950461226387559E-002   2.1604981425731151     
   2.9403803701505787E-002   2.1577139374540635     
   2.8867123800916702E-002   2.1549431237377545     
   2.8340239412453214E-002   2.1521855669551022     
   2.7822971747869834E-002   2.1494411344648228     
   2.7315145282174345E-002   2.1467096954282940     
   2.6816587694066699E-002   2.1439911207787321     
   2.6327129807465002E-002   2.1412852831967104     
   2.5846605534098885E-002   2.1385922716298889     
   2.5374851817150521E-002   2.1359115958478712     
   2.4911708575924438E-002   2.1332431818073530     
   2.4457018651527121E-002   2.1305870147737442     
   2.4010627753538145E-002   2.1279429748561411     
   2.3572384407654620E-002   2.1253109447955332     
   2.3142139904291280E-002   2.1226908085768486     
   2.2719748248118659E-002   2.1200824520204886     
   2.2305066108522387E-002   2.1174857621532168     
   2.1897952770966626E-002   2.1149006277158677     
   2.1498270089245246E-002   2.1123269388873682     
   2.1105882438604579E-002   2.1097645872563193     
   2.0720656669721661E-002   2.1072134658060939     
   2.0342462063522554E-002   2.1046734690509314     
   1.9971170286825341E-002   2.1021444927543520     
   1.9606655348792607E-002   2.0996264340704203     
   1.9248793558178920E-002   2.0971191915819198     
   1.8897463481358477E-002   2.0946226650513826     
   1.8552545901118957E-002   2.0921367556951651     
   1.8213923776207380E-002   2.0896613659267942     
   1.7881482201614386E-002   2.0871963993578921     
   1.7555108369583381E-002   2.0847417609697496     
   1.7234691531331399E-002   2.0822973568651508     
   1.6920122959468542E-002   2.0798630944093297     
   1.6611295911103451E-002   2.0774388821494694     
   1.6308105591622095E-002   2.0750246297403425     
   1.6010449119127697E-002   2.0726202480859861     
   1.5718225489529732E-002   2.0702256491391404     
   1.5431335542270106E-002   2.0678407459619441     
   1.5149681926674851E-002   2.0654654527294545     
   1.4873169068920068E-002   2.0630996847991732     
   1.4601703139600731E-002   2.0607433583807309     
   1.4335192021891468E-002   2.0583963909651355     
   1.4073545280288438E-002   2.0560587009233302     
   1.3816674129921786E-002   2.0537302076559607     
   1.3564491406428148E-002   2.0514108316248323     
   1.3316911536373084E-002   2.0491004942289588     
   1.3073850508213379E-002   2.0467991178490306     
   1.2835225843789261E-002   2.0445066258159148     
   1.2600956570337050E-002   2.0422229424273368     
   1.2370963193012556E-002   2.0399479929141062     
   1.2145167667916016E-002   2.0376817033597612     
   1.1923493375609367E-002   2.0354240008018052     
   1.1705865095116908E-002   2.0331748131785834     
   1.1492208978400458E-002   2.0309340692051427     
   1.1282452525300447E-002   2.0287016986019633     
   1.1076524558934341E-002   2.0264776318045357     
   1.0874355201544131E-002   2.0242618001791124     
   1.0675875850784618E-002   2.0220541358514166     
   1.0481019156444522E-002   2.0198545717568965     
   1.0289718997592463E-002   2.0176630417045360     
   1.0101910460140055E-002   2.0154794802229459     
   9.9175298148145626E-003   2.0133038225992785     
   9.7365144955335638E-003   2.0111360049515348     
   9.5588030781743379E-003   2.0089759641148568     
   9.3843352597307497E-003   2.0068236376141759     
   9.2130518378505770E-003   2.0046789638234830     
   9.0448946907463069E-003   2.0025418817076970     
   8.8798067574725487E-003   2.0004123310732749     
   8.7177320185636478E-003   1.9982902523088821     
   8.5586154770243006E-003   1.9961755865241244     
   8.4024031396676257E-003   1.9940682755641717     
   8.2490419987933349E-003   1.9919682618854362     
   8.0984800142008314E-003   1.9898754886123164     
   7.9506660955301050E-003   1.9877898995377958     
   7.8055500849254274E-003   1.9857114390481250     
   7.6630827400149875E-003   1.9836400522725837     
   7.5232157172016745E-003   1.9815756848220452     
   7.3859015552583457E-003   1.9795182830164109     
   7.2510936592229992E-003   1.9774677937387339     
   7.1187462845874166E-003   1.9754241645017820     
   6.9888145217748675E-003   1.9733873433664659     
   6.8612542809006584E-003   1.9713572789924345     
   6.7360222768112956E-003   1.9693339206217533     
   6.6130760143962687E-003   1.9673172180436926     
   6.4923737741683467E-003   1.9653071216221127     
   6.3738745981066543E-003   1.9633035822286231     
   6.2575382757585497E-003   1.9613065512940138     
   6.1433253305947623E-003   1.9593159808452094     
   6.0311970066139866E-003   1.9573318233361503     
   5.9211152551915574E-003   1.9553540317896903     
   5.8130427221685724E-003   1.9533825597355270     
   5.7069427351762753E-003   1.9514173611780459     
   5.6027792911921620E-003   1.9494583906721836     
   5.5005170443228604E-003   1.9475056032001588     
   5.4001212938103440E-003   1.9455589542864444     
   5.3015579722567110E-003   1.9436183999098873     
   5.2047936340642361E-003   1.9416838964924246     
   5.1097954440860625E-003   1.9397554009467790     
   5.0165311664843899E-003   1.9378328706714358     
   4.9249691537916829E-003   1.9359162634133125     
   4.8350783361718677E-003   1.9340055375217902     
   4.7468282108772096E-003   1.9321006516096066     
   4.6601888318979429E-003   1.9302015648773292     
   4.5751307998004994E-003   1.9283082368715081     
   4.4916252517515258E-003   1.9264206275371227     
   4.4096438517236712E-003   1.9245386972997056     
   4.3291587808804441E-003   1.9226624069916591     
   4.2501427281362702E-003   1.9207917177970033     
   4.1725688808891366E-003   1.9189265913324236     
   4.0964109159220994E-003   1.9170669896130619     
   4.0216429904711398E-003   1.9152128750424646     
   3.9482397334557728E-003   1.9133642103741593     
   3.8761762368699840E-003   1.9115209588023523     
   3.8054280473300423E-003   1.9096830838434766     
   3.7359711577768322E-003   1.9078505494085123     
   3.6677819993293872E-003   1.9060233197549910     
   3.6008374332873595E-003   1.9042013595298906     
   3.5351147432792183E-003   1.9023846336850825     
   3.4705916275539995E-003   1.9005731075783208     
   3.4072461914135114E-003   1.8987667468719989     
   3.3450569397828972E-003   1.8969655175955074     
   3.2840027699165774E-003   1.8951693861231165     
   3.2240629642375372E-003   1.8933783191026332     
   3.1652171833071092E-003   1.8915922835703483     
   3.1074454589232700E-003   1.8898112468967034     
   3.0507281873447057E-003   1.8880351767122208     
   2.9950461226387563E-003   1.8862640409974045     
   2.9403803701505784E-003   1.8844978080633408     
   2.8867123800916709E-003   1.8827364464932981     
   2.8340239412453210E-003   1.8809799251809449     
   2.7822971747869830E-003   1.8792282133578408     
   2.7315145282174346E-003   1.8774812804919800     
   2.6816587694066694E-003   1.8757390964082452     
   2.6327129807465002E-003   1.8740016311808081     
   2.5846605534098881E-003   1.8722688551600242     
   2.5374851817150522E-003   1.8705407390204378     
   2.4911708575924441E-003   1.8688172536736265     
   2.4457018651527127E-003   1.8670983703527186     
   2.4010627753538148E-003   1.8653840605018011     
   2.3572384407654621E-003   1.8636742958789967     
   2.3142139904291283E-003   1.8619690484981404     
   2.2719748248118668E-003   1.8602682906493901     
   2.2305066108522392E-003   1.8585719948401058     
   2.1897952770966625E-003   1.8568801338624594     
   2.1498270089245252E-003   1.8551926807682584     
   2.1105882438604583E-003   1.8535096088408989     
   2.0720656669721660E-003   1.8518308916201665     
   2.0342462063522556E-003   1.8501565028907199     
   1.9971170286825339E-003   1.8484864166669401     
   1.9606655348792606E-003   1.8468206072187539     
   1.9248793558178919E-003   1.8451590490302536     
   1.8897463481358475E-003   1.8435017168333703     
   1.8552545901118957E-003   1.8418488314732138     
   1.8213923776207379E-003   1.8401998742407732     
   1.7881482201614382E-003   1.8385550688012002     
   1.7555108369583382E-003   1.8369143905419267     
   1.7234691531331395E-003   1.8352778153294520     
   1.6920122959468542E-003   1.8336453192302800     
   1.6611295911103455E-003   1.8320168785075572     
   1.6308105591622091E-003   1.8303924696691793     
   1.6010449119127693E-003   1.8287720694027518     
   1.5718225489529734E-003   1.8271556546142091     
   1.5431335542270106E-003   1.8255432024110061     
   1.5149681926674850E-003   1.8239346901025280     
   1.4873169068920068E-003   1.8223300952141923     
   1.4601703139600732E-003   1.8207293954403450     
   1.4335192021891468E-003   1.8191325686903239     
   1.4073545280288439E-003   1.8175395930557021     
   1.3816674129921787E-003   1.8159504468227641     
   1.3564491406428145E-003   1.8143651084768821     
   1.3316911536373085E-003   1.8127835566645865     
   1.3073850508213377E-003   1.8112057702379671     
   1.2835225843789259E-003   1.8096317282204615     
   1.2600956570337049E-003   1.8080614098182175     
   1.2370963193012556E-003   1.8064947944232628     
   1.2145167667916015E-003   1.8049318615920560     
   1.1923493375609368E-003   1.8033725910611511     
   1.1705865095116908E-003   1.8018169627324414     
   1.1492208978400459E-003   1.8002649566884588     
   1.1282452525300446E-003   1.7987165531742930     
   1.1076524558934341E-003   1.7971717326048506     
   1.0874355201544127E-003   1.7956304755518313     
   1.0675875850784614E-003   1.7940927627588463     
   1.0481019156444523E-003   1.7925585751179240     
   1.0289718997592463E-003   1.7910278937030935     
   1.0101910460140055E-003   1.7895006997122260     
   9.9175298148145626E-004   1.7879769745427536     
   9.7365144955335631E-004   1.7864566997047748     
   9.5588030781743375E-004   1.7849398568856354     
   9.3843352597307512E-004   1.7834264279090555     
   9.2130518378505757E-004   1.7819163947709209     
   9.0448946907463088E-004   1.7804097395744312     
   8.8798067574725472E-004   1.7789064446133342     
   8.7177320185636469E-004   1.7774064923022670     
   8.5586154770243015E-004   1.7759098651959528     
   8.4024031396676276E-004   1.7744165460012669     
   8.2490419987933346E-004   1.7729265175561086     
   8.0984800142008318E-004   1.7714397628463288     
   7.9506660955301048E-004   1.7699562649912559     
   7.8055500849254277E-004   1.7684760072340955     
   7.6630827400149873E-004   1.7669989729731497     
   7.5232157172016743E-004   1.7655251457233916     
   7.3859015552583463E-004   1.7640545091374620     
   7.2510936592229988E-004   1.7625870469875975     
   7.1187462845874157E-004   1.7611227432019105     
   6.9888145217748669E-004   1.7596615818053414     
   6.8612542809006578E-004   1.7582035469591613     
   6.7360222768112963E-004   1.7567486229522087     
   6.6130760143962681E-004   1.7552967942027640     
   6.4923737741683454E-004   1.7538480452359415     
   6.3738745981066535E-004   1.7524023607054098     
   6.2575382757585501E-004   1.7509597253936720     
   6.1433253305947632E-004   1.7495201241810190     
   6.0311970066139863E-004   1.7480835420742740     
   5.9211152551915563E-004   1.7466499642127453     
   5.8130427221685728E-004   1.7452193758284453     
   5.7069427351762745E-004   1.7437917622759600     
   5.6027792911921633E-004   1.7423671090108277     
   5.5005170443228602E-004   1.7409454016256025     
   5.4001212938103440E-004   1.7395266257969968     
   5.3015579722567115E-004   1.7381107673226552     
   5.2047936340642368E-004   1.7366978121094361     
   5.1097954440860625E-004   1.7352877461674845     
   5.0165311664843897E-004   1.7338805556106605     
   4.9249691537916823E-004   1.7324762266701108     
   4.8350783361718672E-004   1.7310747456553273     
   4.7468282108772096E-004   1.7296760990055011     
   4.6601888318979431E-004   1.7282802732534845     
   4.5751307998005003E-004   1.7268872550276373     
   4.4916252517515257E-004   1.7254970310528115     
   4.4096438517236711E-004   1.7241095881604518     
   4.3291587808804436E-004   1.7227249132832387     
   4.2501427281362703E-004   1.7213429934391238     
   4.1725688808891368E-004   1.7199638157488539     
   4.0964109159220998E-004   1.7185873674296490     
   4.0216429904711394E-004   1.7172136357834289     
   3.9482397334557724E-004   1.7158426082223737     
   3.8761762368699835E-004   1.7144742722356690     
   3.8054280473300424E-004   1.7131086153995099     
   3.7359711577768332E-004   1.7117456254072279     
   3.6677819993293870E-004   1.7103852900137555     
   3.6008374332873594E-004   1.7090275970688567     
   3.5351147432792176E-004   1.7076725345261028     
   3.4705916275539991E-004   1.7063200904055607     
   3.4072461914135113E-004   1.7049702528312263     
   3.3450569397828973E-004   1.7036230099908021     
   3.2840027699165765E-004   1.7022783501823247     
   3.2240629642375372E-004   1.7009362617645849     
   3.1652171833071089E-004   1.6995967332035791     
   3.1074454589232695E-004   1.6982597530138965     
   3.0507281873447056E-004   1.6969253098251056     
   2.9950461226387558E-004   1.6955933923328208     
   2.9403803701505789E-004   1.6942639893039022     
   2.8867123800916706E-004   1.6929370896059706     
   2.8340239412453209E-004   1.6916126821653941     
   2.7822971747869832E-004   1.6902907559954958     
   2.7315145282174344E-004   1.6889713001827118     
   2.6816587694066690E-004   1.6876543038943423     
   2.6327129807465007E-004   1.6863397563739835     
   2.5846605534098885E-004   1.6850276469295320     
   2.5374851817150525E-004   1.6837179649523664     
   2.4911708575924441E-004   1.6824106999047068     
   2.4457018651527122E-004   1.6811058413294420     
   2.4010627753538147E-004   1.6798033788226154     
   2.3572384407654623E-004   1.6785033020732836     
   2.3142139904291277E-004   1.6772056008264427     
   2.2719748248118662E-004   1.6759102649073245     
   2.2305066108522389E-004   1.6746172842021250     
   2.1897952770966623E-004   1.6733266486659444     
   2.1498270089245248E-004   1.6720383483318562     
   2.1105882438604583E-004   1.6707523732904987     
   2.0720656669721659E-004   1.6694687137082109     
   2.0342462063522559E-004   1.6681873598084220     
   1.9971170286825341E-004   1.6669083018949251     
   1.9606655348792607E-004   1.6656315303119531     
   1.9248793558178918E-004   1.6643570355001975     
   1.8897463481358474E-004   1.6630848079367868     
   1.8552545901118960E-004   1.6618148381745168     
   1.8213923776207381E-004   1.6605471168326726     
   1.7881482201614383E-004   1.6592816345860792     
   1.7555108369583379E-004   1.6580183821806298     
   1.7234691531331395E-004   1.6567573504010735     
   1.6920122959468542E-004   1.6554985301253025     
   1.6611295911103451E-004   1.6542419122630889     
   1.6308105591622096E-004   1.6529874878085538     
   1.6010449119127697E-004   1.6517352477874099     
   1.5718225489529735E-004   1.6504851833122480     
   1.5431335542270103E-004   1.6492372855327218     
   1.5149681926674850E-004   1.6479915456691445     
   1.4873169068920067E-004   1.6467479549854946     
   1.4601703139600734E-004   1.6455065048190300     
   1.4335192021891466E-004   1.6442671865537664     
   1.4073545280288439E-004   1.6430299916251936     
   1.3816674129921784E-004   1.6417949115352273     
   1.3564491406428146E-004   1.6405619378356802     
   1.3316911536373087E-004   1.6393310621253077     
   1.3073850508213379E-004   1.6381022760700730     
   1.2835225843789262E-004   1.6368755713779350     
   1.2600956570337049E-004   1.6356509398150481     
   1.2370963193012555E-004   1.6344283731994493     
   1.2145167667916016E-004   1.6332078634006026     
   1.1923493375609369E-004   1.6319894023422890     
   1.1705865095116907E-004   1.6307729819894949     
   1.1492208978400457E-004   1.6295585943808915     
   1.1282452525300445E-004   1.6283462315719373     
   1.1076524558934338E-004   1.6271358856939706     
   1.0874355201544129E-004   1.6259275489218983     
   1.0675875850784617E-004   1.6247212134751803     
   1.0481019156444521E-004   1.6235168716202526     
   1.0289718997592463E-004   1.6223145156842014     
   1.0101910460140054E-004   1.6211141380232921     
   9.9175298148145629E-005   1.6199157310602843     
   9.7365144955335645E-005   1.6187192872478462     
   9.5588030781743372E-005   1.6175247990968875     
   9.3843352597307501E-005   1.6163322591635942     
   9.2130518378505757E-005   1.6151416600422213     
   9.0448946907462893E-005   1.6139529943802373     
   8.8798067574725464E-005   1.6127662548674258     
   8.7177320185636314E-005   1.6115814342371260     
   8.5586154770243012E-005   1.6103985252700566     
   8.4024031396676106E-005   1.6092175207877923     
   8.2490419987933338E-005   1.6080384136589938     
   8.0984800142008161E-005   1.6068611967908901     
   7.9506660955301037E-005   1.6056858631336683     
   7.8055500849254117E-005   1.6045124056903430     
   7.6630827400149876E-005   1.6033408174946633     
   7.5232157172016600E-005   1.6021710916222445     
   7.3859015552583444E-005   1.6010032211974721     
   7.2510936592229847E-005   1.5998371993823666     
   7.1187462845874171E-005   1.5986730193772483     
   6.9888145217748531E-005   1.5975106744350565     
   6.8612542809006578E-005   1.5963501578274883     
   6.7360222768112827E-005   1.5951914628826811     
   6.6130760143962686E-005   1.5940345829680227     
   6.4923737741683337E-005   1.5928795114798664     
   6.3738745981066543E-005   1.5917262418632647     
   6.2575382757585368E-005   1.5905747675972239     
   6.1433253305947635E-005   1.5894250822043243     
   6.0311970066139740E-005   1.5882771792338044     
   5.9211152551915571E-005   1.5871310522837327     
   5.8130427221685601E-005   1.5859866949846941     
   5.7069427351762754E-005   1.5848441010068235     
   5.6027792911921509E-005   1.5837032640571467     
   5.5005170443228609E-005   1.5825641778729271     
   5.4001212938103321E-005   1.5814268362371973     
   5.3015579722567118E-005   1.5802912329601404     
   5.2047936340642355E-005   1.5791573618978889     
   5.1097954440860725E-005   1.5780252169289917     
   5.0165311664843901E-005   1.5768947919786329     
   4.9249691537916926E-005   1.5757660810022183     
   4.8350783361718669E-005   1.5746390779926225     
   4.7468282108772181E-005   1.5735137769688654     
   4.6601888318979434E-005   1.5723901719885109     
   4.5751307998005094E-005   1.5712682571485475     
   4.4916252517515261E-005   1.5701480265760546     
   4.4096438517236804E-005   1.5690294744286322     
   4.3291587808804434E-005   1.5679125948962878     
   4.2501427281362783E-005   1.5667973822054893     
   4.1725688808891365E-005   1.5656838306133365     
   4.0964109159221087E-005   1.5645719344110456     
   4.0216429904711401E-005   1.5634616879210306     
   3.9482397334557799E-005   1.5623530854957599     
   3.8761762368699837E-005   1.5612461215214866     
   3.8054280473300501E-005   1.5601407904128697     
   3.7359711577768320E-005   1.5590370866206886     
   3.6677819993293950E-005   1.5579350046222744     
   3.6008374332873595E-005   1.5568345389239331     
   3.5351147432792253E-005   1.5557356840696241     
   3.4705916275539994E-005   1.5546384346269337     
   3.4072461914135185E-005   1.5535427851953567     
   3.3450569397828983E-005   1.5524487304040255     
   3.2840027699165841E-005   1.5513562649139057     
   3.2240629642375371E-005   1.5502653834087889     
   3.1652171833071156E-005   1.5491760806126924     
   3.1074454589232693E-005   1.5480883512637815     
   3.0507281873447114E-005   1.5470021901405127     
   2.9950461226387557E-005   1.5459175920476553     
   2.9403803701505781E-005   1.5448345518132638     
   2.8867123800916709E-005   1.5437530642955146     
   2.8340239412453210E-005   1.5426731243850560     
   2.7822971747869830E-005   1.5415947269940400     
   2.7315145282174341E-005   1.5405178670665947     
   2.6816587694066696E-005   1.5394425395695894     
   2.6327129807465003E-005   1.5383687394985128     
   2.5846605534098883E-005   1.5372964618773917     
   2.5374851817150525E-005   1.5362257017562431     
   2.4911708575924439E-005   1.5351564542073155     
   2.4457018651527124E-005   1.5340887143375417     
   2.4010627753538146E-005   1.5330224772733796     
   2.3572384407654624E-005   1.5319577381638001     
   2.3142139904291280E-005   1.5308944921974126     
   2.2719748248118664E-005   1.5298327345706306     
   2.2305066108522388E-005   1.5287724605169233     
   2.1897952770966625E-005   1.5277136652918069     
   2.1498270089245250E-005   1.5266563441753236     
   2.1105882438604581E-005   1.5256004924716198     
   2.0720656669721659E-005   1.5245461055102139     
   2.0342462063522558E-005   1.5234931786430186     
   1.9971170286825340E-005   1.5224417072510574     
   1.9606655348792609E-005   1.5213916867349488     
   1.9248793558178915E-005   1.5203431125198983     
   1.8897463481358479E-005   1.5192959800566748     
   1.8552545901118961E-005   1.5182502848171395     
   1.8213923776207381E-005   1.5172060222982697     
   1.7881482201614383E-005   1.5161631880201429     
   1.7555108369583381E-005   1.5151217775237169     
   1.7234691531331396E-005   1.5140817863757461     
   1.6920122959468546E-005   1.5130432101618549     
   1.6611295911103452E-005   1.5120060444962558     
   1.6308105591622093E-005   1.5109702850102975     
   1.6010449119127692E-005   1.5099359273599595     
   1.5718225489529735E-005   1.5089029672202263     
   1.5431335542270101E-005   1.5078714002918137     
   1.5149681926674850E-005   1.5068412222970335     
   1.4873169068920068E-005   1.5058124289770169     
   1.4601703139600734E-005   1.5047849727907636     
   1.4335192021891468E-005   1.5037589363068866     
   1.4073545280288440E-005   1.5027342718361900     
   1.3816674129921784E-005   1.5017109752245927     
   1.3564491406428149E-005   1.5006890423193631     
   1.3316911536373085E-005   1.4996684689890614     
   1.3073850508213373E-005   1.4986492511257656     
   1.2835225843789260E-005   1.4976313846335243     
   1.2600956570337050E-005   1.4966148654507756     
   1.2370963193012557E-005   1.4955996895234189     
   1.2145167667916014E-005   1.4945858528220954     
   1.1923493375609369E-005   1.4935733513422853     
   1.1705865095116906E-005   1.4925621810897749     
   1.1492208978400458E-005   1.4915523380937661     
   1.1282452525300446E-005   1.4905438184088757     
   1.1076524558934338E-005   1.4895366180986040     
   1.0874355201544128E-005   1.4885307332548627     
   1.0675875850784616E-005   1.4875261599853433     
   1.0481019156444521E-005   1.4865228944125994     
   1.0289718997592462E-005   1.4855209326835916     
   1.0101910460140055E-005   1.4845202709619523     
   9.9175298148145639E-006   1.4835209054325715     
   9.7365144955335635E-006   1.4825228322922519     
   9.5588030781743382E-006   1.4815260477595436     
   9.3843352597307508E-006   1.4805305480783451     
   9.2130518378505757E-006   1.4795363294997270     
   9.0448946907462907E-006   1.4785433882966601     
   8.8798067574725478E-006   1.4775517207612638     
   8.7177320185636304E-006   1.4765613232069079     
   8.5586154770242995E-006   1.4755721919532969     
   8.4024031396676092E-006   1.4745843233489866     
   8.2490419987933338E-006   1.4735977137535354     
   8.0984800142008164E-006   1.4726123595488865     
   7.9506660955301040E-006   1.4716282571298220     
   7.8055500849254107E-006   1.4706454029055889     
   7.6630827400149866E-006   1.4696637933151369     
   7.5232157172016595E-006   1.4686834247990996     
   7.3859015552583464E-006   1.4677042938207598     
   7.2510936592229855E-006   1.4667263968638848     
   7.1187462845874155E-006   1.4657497304224494     
   6.9888145217748526E-006   1.4647742910135713     
   6.8612542809006569E-006   1.4638000751638798     
   6.7360222768112825E-006   1.4628270794201932     
   6.6130760143962690E-006   1.4618553003423649     
   6.4923737741683324E-006   1.4608847345119678     
   6.3738745981066555E-006   1.4599153785191759     
   6.2575382757585373E-006   1.4589472289767034     
   6.1433253305947640E-006   1.4579802825050747     
   6.0311970066139747E-006   1.4570145357511111     
   5.9211152551915564E-006   1.4560499853668303     
   5.8130427221685602E-006   1.4550866280268397     
   5.7069427351762752E-006   1.4541244604130144     
   5.6027792911921514E-006   1.4531634792355737     
   5.5005170443228607E-006   1.4522036812038508     
   5.4001212938103329E-006   1.4512450630560754     
   5.3015579722567118E-006   1.4502876215343705     
   5.2047936340642366E-006   1.4493313534052259     
   5.1097954440860727E-006   1.4483762554412789     
   5.0165311664843901E-006   1.4474223244372488     
   4.9249691537916926E-006   1.4464695571953505     
   4.8350783361718671E-006   1.4455179505371969     
   4.7468282108772192E-006   1.4445675013021160     
   4.6601888318979427E-006   1.4436182063330112     
   4.5751307998005089E-006   1.4426700624936726     
   4.4916252517515263E-006   1.4417230666617953     
   4.4096438517236796E-006   1.4407772157312762     
   4.3291587808804433E-006   1.4398325066031079     
   4.2501427281362793E-006   1.4388889361973718     
   4.1725688808891367E-006   1.4379465014474202     
   4.0964109159221082E-006   1.4370051993004278     
   4.0216429904711393E-006   1.4360650267135462     
   3.9482397334557797E-006   1.4351259806618339     
   3.8761762368699833E-006   1.4341880581306694     
   3.8054280473300504E-006   1.4332512561214350     
   3.7359711577768323E-006   1.4323155716452114     
   3.6677819993293949E-006   1.4313810017304949     
   3.6008374332873594E-006   1.4304475434155315     
   3.5351147432792249E-006   1.4295151937553530     
   3.4705916275539990E-006   1.4285839498101847     
   3.4072461914135186E-006   1.4276538086623649     
   3.3450569397828983E-006   1.4267247674007175     
   3.2840027699165841E-006   1.4257968231306479     
   3.2240629642375369E-006   1.4248699729679841     
   3.1652171833071151E-006   1.4239442140401912     
   3.1074454589232698E-006   1.4230195434879349     
   3.0507281873447112E-006   1.4220959584644719     
   2.9950461226387559E-006   1.4211734561389158     
   2.9403803701505783E-006   1.4202520336897235     
   2.8867123800916708E-006   1.4193316883022462     
   2.8340239412453213E-006   1.4184124171830412     
   2.7822971747869831E-006   1.4174942175443539     
   2.7315145282174344E-006   1.4165770866124974     
   2.6816587694066698E-006   1.4156610216269838     
   2.6327129807465006E-006   1.4147460198353121     
   2.5846605534098885E-006   1.4138320785020861     
   2.5374851817150527E-006   1.4129191948982764     
   2.4911708575924441E-006   1.4120073663098198     
   2.4457018651527124E-006   1.4110965900337371     
   2.4010627753538145E-006   1.4101868633769052     
   2.3572384407654621E-006   1.4092781836589787     
   2.3142139904291280E-006   1.4083705482114970     
   2.2719748248118660E-006   1.4074639543730649     
   2.2305066108522389E-006   1.4065583994979309     
   2.1897952770966624E-006   1.4056538809548038     
   2.1498270089245253E-006   1.4047503961119907     
   2.1105882438604580E-006   1.4038479423584187     
   2.0720656669721658E-006   1.4029465170942774     
   2.0342462063522561E-006   1.4020461177233017     
   1.9971170286825339E-006   1.4011467416670693     
   1.9606655348792607E-006   1.4002483863518971     
   1.9248793558178918E-006   1.3993510492204140     
   1.8897463481358481E-006   1.3984547277237438     
   1.8552545901118959E-006   1.3975594193208336     
   1.8213923776207382E-006   1.3966651214837125     
   1.7881482201614382E-006   1.3957718316979542     
   1.7555108369583378E-006   1.3948795474534574     
   1.7234691531331395E-006   1.3939882662531506     
   1.6920122959468542E-006   1.3930979856096466     
   1.6611295911103455E-006   1.3922087030475880     
   1.6308105591622125E-006   1.3913204161016590     
   1.6010449119127694E-006   1.3904331223127386     
   1.5718225489529703E-006   1.3895468192360436     
   1.5431335542270104E-006   1.3886615044350732     
   1.5149681926674881E-006   1.3877771754804233     
   1.4873169068920066E-006   1.3868938299601752     
   1.4601703139600703E-006   1.3860114654633646     
   1.4335192021891468E-006   1.3851300795957155     
   1.4073545280288468E-006   1.3842496699679947     
   1.3816674129921786E-006   1.3833702342022260     
   1.3564491406428116E-006   1.3824917699314319     
   1.3316911536373085E-006   1.3816142747966453     
   1.3073850508213405E-006   1.3807377464464665     
   1.2835225843789264E-006   1.3798621825451700     
   1.2600956570337024E-006   1.3789875807547256     
   1.2370963193012556E-006   1.3781139387606429     
   1.2145167667916040E-006   1.3772412542509198     
   1.1923493375609369E-006   1.3763695249182033     
   1.1705865095116883E-006   1.3754987484733785     
   1.1492208978400458E-006   1.3746289226295241     
   1.1282452525300471E-006   1.3737600451095295     
   1.1076524558934341E-006   1.3728921136505359     
   1.0874355201544106E-006   1.3720251259929894     
   1.0675875850784616E-006   1.3711590798917916     
   1.0481019156444545E-006   1.3702939731011303     
   1.0289718997592463E-006   1.3694298033945742     
   1.0101910460140034E-006   1.3685665685477031     
   9.9175298148145626E-007   1.3677042663478978     
   9.7365144955335842E-007   1.3668428945899802     
   9.5588030781743365E-007   1.3659824510797125     
   9.3843352597307298E-007   1.3651229336252488     
   9.2130518378505748E-007   1.3642643400522925     
   9.0448946907463080E-007   1.3634066681847932     
   8.8798067574725458E-007   1.3625499158664909     
   8.7177320185636137E-007   1.3616940809387408     
   8.5586154770243001E-007   1.3608391612585107     
   8.4024031396676257E-007   1.3599851546864832     
   8.2490419987933340E-007   1.3591320590975557     
   8.0984800142007987E-007   1.3582798723673499     
   7.9506660955301047E-007   1.3574285923839688     
   7.8055500849254272E-007   1.3565782170430563     
   7.6630827400149874E-007   1.3557287442495500     
   7.5232157172016444E-007   1.3548801719133197     
   7.3859015552583443E-007   1.3540324979550542     
   7.2510936592229991E-007   1.3531857203006310     
   7.1187462845874160E-007   1.3523398368873367     
   6.9888145217748384E-007   1.3514948456578852     
   6.8612542809006576E-007   1.3506507445632836     
   6.7360222768112961E-007   1.3498075315619136     
   6.6130760143962679E-007   1.3489652046201077     
   6.4923737741683192E-007   1.3481237617130759     
   6.3738745981066523E-007   1.3472832008237370     
   6.2575382757585505E-007   1.3464435199391405     
   6.1433253305947638E-007   1.3456047170586136     
   6.0311970066139624E-007   1.3447667901848375     
   5.9211152551915560E-007   1.3439297373309851     
   5.8130427221685725E-007   1.3430935565150630     
   5.7069427351762752E-007   1.3422582457674432     
   5.6027792911921400E-007   1.3414238031206813     
   5.5005170443228609E-007   1.3405902266148129     
   5.4001212938103446E-007   1.3397575143014844     
   5.3015579722567105E-007   1.3389256642351939     
   5.2047936340642359E-007   1.3380946744804301     
   5.1097954440860634E-007   1.3372645431075492     
   5.0165311664843895E-007   1.3364352681940179     
   4.9249691537917036E-007   1.3356068478248035     
   4.8350783361718679E-007   1.3347792800909097     
   4.7468282108772098E-007   1.3339525630935469     
   4.6601888318979431E-007   1.3331266949386269     
   4.5751307998005187E-007   1.3323016737368423     
   4.4916252517515252E-007   1.3314774976094033     
   4.4096438517236715E-007   1.3306541646844503     
   4.3291587808804443E-007   1.3298316730912543     
   4.2501427281362872E-007   1.3290100209756650     
   4.1725688808891358E-007   1.3281892064810155     
   4.0964109159220996E-007   1.3273692277643014     
   4.0216429904711401E-007   1.3265500829837304     
   3.9482397334557875E-007   1.3257317703086153     
   3.8761762368699833E-007   1.3249142879111759     
   3.8054280473300421E-007   1.3240976339736121     
   3.7359711577768332E-007   1.3232818066819760     
   3.6677819993294023E-007   1.3224668042303251     
   3.6008374332873593E-007   1.3216526248199736     
   3.5351147432792176E-007   1.3208392666568083     
   3.4705916275539993E-007   1.3200267279537112     
   3.4072461914135256E-007   1.3192150069315947     
   3.3450569397828980E-007   1.3184041018140740     
   3.2840027699165773E-007   1.3175940108351187     
   3.2240629642375369E-007   1.3167847322344519     
   3.1652171833071223E-007   1.3159762642562929     
   3.1074454589232693E-007   1.3151686051522293     
   3.0507281873447050E-007   1.3143617531780063     
   2.9950461226387554E-007   1.3135557065980097     
   2.9403803701505842E-007   1.3127504636824441     
   2.8867123800916706E-007   1.3119460227076396     
   2.8340239412453154E-007   1.3111423819547801     
   2.7822971747869829E-007   1.3103395397132855     
   2.7315145282174399E-007   1.3095374942760680     
   2.6816587694066695E-007   1.3087362439442167     
   2.6327129807464949E-007   1.3079357870235282     
   2.5846605534098883E-007   1.3071361218243134     
   2.5374851817150578E-007   1.3063372466679237     
   2.4911708575924435E-007   1.3055391598771069     
   2.4457018651527075E-007   1.3047418597789722     
   2.4010627753538151E-007   1.3039453447132561     
   2.3572384407654675E-007   1.3031496130191629     
   2.3142139904291279E-007   1.3023546630443428     
   2.2719748248118615E-007   1.3015604931422722     
   2.2305066108522392E-007   1.3007671016693256     
   2.1897952770966667E-007   1.2999744869929302     
   2.1498270089245251E-007   1.2991826474810826     
   2.1105882438604538E-007   1.2983915815117963     
   2.0720656669721661E-007   1.2976012874628908     
   2.0342462063522601E-007   1.2968117637233076     
   1.9971170286825341E-007   1.2960230086875932     
   1.9606655348792570E-007   1.2952350207494814     
   1.9248793558178916E-007   1.2944477983149241     
   1.8897463481358516E-007   1.2936613397927024     
   1.8552545901118958E-007   1.2928756435975837     
   1.8213923776207345E-007   1.2920907081475990     
   1.7881482201614378E-007   1.2913065318694474     
   1.7555108369583417E-007   1.2905231131945365     
   1.7234691531331398E-007   1.2897404505567702     
   1.6920122959468507E-007   1.2889585423984433     
   1.6611295911103454E-007   1.2881773871661548     
   1.6308105591622126E-007   1.2873969833124896     
   1.6010449119127695E-007   1.2866173292926415     
   1.5718225489529702E-007   1.2858384235698013     
   1.5431335542270105E-007   1.2850602646136611     
   1.5149681926674881E-007   1.2842828508937414     
   1.4873169068920066E-007   1.2835061808892327     
   1.4601703139600705E-007   1.2827302530834401     
   1.4335192021891469E-007   1.2819550659635726     
   1.4073545280288468E-007   1.2811806180225598     
   1.3816674129921784E-007   1.2804069077609015     
   1.3564491406428117E-007   1.2796339336785003     
   1.3316911536373086E-007   1.2788616942859889     
   1.3073850508213403E-007   1.2780901880948803     
   1.2835225843789263E-007   1.2773194136253083     
   1.2600956570337024E-007   1.2765493693992840     
   1.2370963193012555E-007   1.2757800539434394     
   1.2145167667916040E-007   1.2750114657917553     
   1.1923493375609371E-007   1.2742436034844655     
   1.1705865095116885E-007   1.2734764655600108     
   1.1492208978400457E-007   1.2727100505676681     
   1.1282452525300470E-007   1.2719443570605657     
   1.1076524558934342E-007   1.2711793835951977     
   1.0874355201544107E-007   1.2704151287313925     
   1.0675875850784617E-007   1.2696515910381501     
   1.0481019156444545E-007   1.2688887690858202     
   1.0289718997592462E-007   1.2681266614479501     
   1.0101910460140033E-007   1.2673652667104414     
   9.9175298148145634E-008   1.2666045834525690     
   9.7365144955335829E-008   1.2658446102673513     
   9.5588030781743368E-008   1.2650853457489828     
   9.3843352597307314E-008   1.2643267884941138     
   9.2130518378505756E-008   1.2635689371108052     
   9.0448946907463064E-008   1.2628117902042255     
   8.8798067574725464E-008   1.2620553463860398     
   8.7177320185636134E-008   1.2612996042744675     
   8.5586154770242991E-008   1.2605445624917280     
   8.4024031396676255E-008   1.2597902196634585     
   8.2490419987933348E-008   1.2590365744202108     
   8.0984800142007995E-008   1.2582836253959833     
   7.9506660955301039E-008   1.2575313712306810     
   7.8055500849254272E-008   1.2567798105680752     
   7.6630827400149866E-008   1.2560289420564097     
   7.5232157172016439E-008   1.2552787643467265     
   7.3859015552583464E-008   1.2545292760979048     
   7.2510936592229991E-008   1.2537804759690363     
   7.1187462845874162E-008   1.2530323626256461     
   6.9888145217748381E-008   1.2522849347382119     
   6.8612542809006581E-008   1.2515381909802772     
   6.7360222768112956E-008   1.2507921300280287     
   6.6130760143962687E-008   1.2500467505656856     
   6.4923737741683203E-008   1.2493020512787747     
   6.3738745981066528E-008   1.2485580308577098     
   6.2575382757585486E-008   1.2478146879984662     
   6.1433253305947648E-008   1.2470720213969806     
   6.0311970066139616E-008   1.2463300297584683     
   5.9211152551915566E-008   1.2455887117890447     
   5.8130427221685720E-008   1.2448480662016375     
   5.7069427351762751E-008   1.2441080917075167     
   5.6027792911921392E-008   1.2433687870295904     
   5.5005170443228608E-008   1.2426301508893498     
   5.4001212938103438E-008   1.2418921820138620     
   5.3015579722567118E-008   1.2411548791351208     
   5.2047936340642357E-008   1.2404182409884965     
   5.1097954440860629E-008   1.2396822663114191     
   5.0165311664843905E-008   1.2389469538470033     
   4.9249691537917026E-008   1.2382123023443696     
   4.8350783361718671E-008   1.2374783105521088     
   4.7468282108772096E-008   1.2367449772262942     
   4.6601888318979426E-008   1.2360123011265041     
   4.5751307998005181E-008   1.2352802810115369     
   4.4916252517515258E-008   1.2345489156496405     
   4.4096438517236706E-008   1.2338182038128545     
   4.3291587808804443E-008   1.2330881442723334     
   4.2501427281362870E-008   1.2323587358065673     
   4.1725688808891364E-008   1.2316299771965626     
   4.0964109159220999E-008   1.2309018672286134     
   4.0216429904711400E-008   1.2301744046896861     
   3.9482397334557877E-008   1.2294475883752269     
   3.8761762368699833E-008   1.2287214170791783     
   3.8054280473300419E-008   1.2279958896024714     
   3.7359711577768322E-008   1.2272710047489228     
   3.6677819993294022E-008   1.2265467613255443     
   3.6008374332873586E-008   1.2258231581425014     
   3.5351147432792180E-008   1.2251001940156629     
   3.4705916275540003E-008   1.2243778677618915     
   3.4072461914135262E-008   1.2236561782034254     
   3.3450569397828980E-008   1.2229351241661064     
   3.2840027699165771E-008   1.2222147044810983     
   3.2240629642375369E-008   1.2214949179757251     
   3.1652171833071220E-008   1.2207757634896561     
   3.1074454589232696E-008   1.2200572398600165     
   3.0507281873447051E-008   1.2193393459327466     
   2.9950461226387553E-008   1.2186220805517136     
   2.9403803701505841E-008   1.2179054425674742     
   2.8867123800916707E-008   1.2171894308348474     
   2.8340239412453152E-008   1.2164740442082664     
   2.7822971747869832E-008   1.2157592815503866     
   2.7315145282174405E-008   1.2150451417236259     
   2.6816587694066693E-008   1.2143316235950175     
   2.6327129807464947E-008   1.2136187260347542     
   2.5846605534098881E-008   1.2129064479167053     
   2.5374851817150574E-008   1.2121947881206878     
   2.4911708575924443E-008   1.2114837455242613     
   2.4457018651527070E-008   1.2107733190110110     
   2.4010627753538148E-008   1.2100635074703139     
   2.3572384407654668E-008   1.2093543097902488     
   2.3142139904291280E-008   1.2086457248660458     
   2.2719748248118615E-008   1.2079377515943353     
   2.2305066108522392E-008   1.2072303888764619     
   2.1897952770966669E-008   1.2065236356144640     
   2.1498270089245253E-008   1.2058174907159691     
   2.1105882438604538E-008   1.2051119530894974     
   2.0720656669721658E-008   1.2044070216504301     
   2.0342462063522600E-008   1.2037026953128021     
   1.9971170286825339E-008   1.2029989729991206     
   1.9606655348792568E-008   1.2022958536289283     
   1.9248793558178916E-008   1.2015933361306663     
   1.8897463481358516E-008   1.2008914194307947     
   1.8552545901118960E-008   1.2001901024629305     
   1.8213923776207346E-008   1.1994893841631260     
   1.7881482201614383E-008   1.1987892634684116     
   1.7555108369583416E-008   1.1980897393207923     
   1.7234691531331396E-008   1.1973908106651072     
   1.6920122959468509E-008   1.1966924764472391     
