  0.82000033185140531       0.62274780316238232     
  0.81288102085722524       0.61670057501928821     
  0.80865004945882424       0.61167947742098128     
  0.80427636400547620       0.60664795647147163     
  0.80042242312084788       0.60182802339682007     
  0.79688414371604477       0.59714855192979899     
  0.79365311641596226       0.59260468092400853     
  0.79069248670783066       0.58818229370501229     
  0.78797732152419375       0.58387147075168266     
  0.78548597745497239       0.57966356972787592     
  0.78320037239012807       0.57555127912649251     
  0.78110511507244795       0.57152830294921020     
  0.77918701118250699       0.56758917587585622     
  0.77743466621909130       0.56372911510036905     
  0.77583816947534090       0.55994390251363590     
  0.77438885678201919       0.55622979536651784     
  0.77307911172137034       0.55258345177332036     
  0.77190220967231149       0.54900187186191840     
  0.77085219233575752       0.54548235017823354     
  0.76992375897016530       0.54202243470877565     
  0.76911218585444963       0.53861989578968472     
  0.76841324816814505       0.53527269671427724     
  0.76782316634086978       0.53197897262633886     
  0.76733854963523462       0.52873700923278910     
  0.76695635645466653       0.52554522715419849     
  0.76667385601288995       0.52240216715455334     
  0.76648859791287072       0.51930647814951258     
  0.76639838530661297       0.51625690662446189     
  0.76640125068291387       0.51325228713581050     
  0.76649543767138384       0.51029153483699741     
  0.76667938047187612       0.50737363754307241     
  0.76695169327639001       0.50449765088842702     
  0.76731115256769455       0.50166269159834842     
  0.76775668971045086       0.49886793386903855     
  0.76828737756995513       0.49611260417049474     
  0.76890242461428082       0.49339597829189241     
  0.76960116608935747       0.49071737765456214     
  0.77038305780197347       0.48807616645010832     
  0.77124767127662885       0.48547174923412206     
  0.77219468837447003       0.48290356843772131     
  0.77322389749976483       0.48037110237751052     
  0.77433519061795997       0.47787386353616484     
  0.77552856033617668       0.47541139690320766     
  0.77680409833451369       0.47298327871747259     
  0.77816199359997873       0.47058911518612884     
  0.77960253191729068       0.46822854156452509     
  0.78112609468522010       0.46590122107767357     
  0.78273316031937823       0.46360684453829470     
  0.78442430371242755       0.46134512946268680     
  0.78620019803260222       0.45911581980530458     
  0.78806161661478280       0.45691868571341221     
  0.79000943442766036       0.45475352316978945     
  0.79204463127234703       0.45262015407244310     
  0.79416829525171617       0.45051842636679673     
  0.79638162690562064       0.44844821432664539     
  0.79868594307389751       0.44640941874471440     
  0.80108268305903574       0.44440196767072304     
  0.80357341459515441       0.44242581706269030     
  0.80615984022235776       0.44048095150041322     
  0.80884380654784360       0.43856738555955826     
  0.81162731199909743       0.43668516475942565     
  0.81451251809633518       0.43483436730530778     
  0.81750175988709128       0.43301510555410505     
  0.82059756041179188       0.43122752836625444     
  0.82380264455350893       0.42947182321233957     
  0.82711995672096528       0.42774821908404104     
  0.83055267917000564       0.42605698943130754     
  0.83410425466092486       0.42439845597787884     
  0.83777841117792395       0.42277299285391978     
  0.84157919032501927       0.42118103139901136     
  0.84551098027305138       0.41962306580376385     
  0.84957855423524042       0.41809965977303443     
  0.85378711380572658       0.41661145401510891     
  0.85814234055328331       0.41515917527590174     
  0.86265045598139911       0.41374364687407594     
  0.86731829195948096       0.41236580113372634     
  0.87215337415377137       0.41102669418432414     
  0.87716402165593577       0.40972752371992327     
  0.88235946621150252       0.40846965032397348     
  0.88774999640847219       0.40725462335731644     
  0.89334713394204712       0.40608421273342843     
  0.89916384958953977       0.40496044794921487     
  0.90521483290566140       0.40388566702171574     
  0.91151683077207502       0.40286257808722681     
  0.91808907826364838       0.40189433802617180     
  0.92495385615467640       0.40098465452368554     
  0.93213722075617711       0.40013792001469456     
  0.93966998004353097       0.39935939136581722     
  0.94758902380853727       0.39865543538324771     
  0.95593917804919781       0.39803387196979478     
  0.96477586485354250       0.39750446767334158     
  0.97416903688755740       0.39707966760164459     
  0.98420922497365448       0.39677572329749761     
  0.99501727239618132       0.39661451274660603     
   1.0067609216418900       0.39662664917814872     
   1.0196852094853353       0.39685719161445587     
   1.0341737638851705       0.39737718811277367     
   1.0508898944091591       0.39831030531043921     
   1.0711717690419114       0.39990757411609962     
   1.0985692101220050       0.40283864125754293     
