  0.62274780316238232        1.5043341077040984     
  0.61670057501928821        1.4993967090223399     
  0.61167947742098128        1.4953385640507482     
  0.60664795647147163        1.4912616862542476     
  0.60182802339682007        1.4873595352788933     
  0.59714855192979899        1.4835714323990721     
  0.59260468092400853        1.4798940100037461     
  0.58818229370501229        1.4763156775350457     
  0.58387147075168266        1.4728283766685804     
  0.57966356972787592        1.4694250633388735     
  0.57555127912649251        1.4660997770087414     
  0.57152830294921020        1.4628473813923186     
  0.56758917587585622        1.4596634152691488     
  0.56372911510036905        1.4565439723364726     
  0.55994390251363590        1.4534856055903287     
  0.55622979536651784        1.4504852548976910     
  0.55258345177332036        1.4475401864698361     
  0.54900187186191840        1.4446479450782541     
  0.54548235017823354        1.4418063153966922     
  0.54202243470877565        1.4390132886590548     
  0.53861989578968472        1.4362670374320583     
  0.53527269671427724        1.4335658916520919     
  0.53197897262633886        1.4309083215126264     
  0.52873700923278910        1.4282929200880998     
  0.52554522715419849        1.4257183906255086     
  0.52240216715455334        1.4231835344999677     
  0.51930647814951258        1.4206872414556440     
  0.51625690662446189        1.4182284809829295     
  0.51325228713581050        1.4158062945679375     
  0.51029153483699741        1.4134197896143439     
  0.50737363754307241        1.4110681329457635     
  0.50449765088842702        1.4087505468903423     
  0.50166269159834842        1.4064663037530889     
  0.49886793386903855        1.4042147228915849     
  0.49611260417049474        1.4019951664442920     
  0.49339597829189241        1.3998070369370170     
  0.49071737765456214        1.3976497742572187     
  0.48807616645010832        1.3955228533163986     
  0.48547174923412206        1.3934257820832561     
  0.48290356843772131        1.3913580995420260     
  0.48037110237751052        1.3893193740626892     
  0.47787386353616484        1.3873092019911937     
  0.47541139690320766        1.3853272062858299     
  0.47298327871747259        1.3833730354848768     
  0.47058911518612884        1.3814463626501867     
  0.46822854156452509        1.3795468846093188     
  0.46590122107767357        1.3776743210610007     
  0.46360684453829470        1.3758284142601496     
  0.46134512946268680        1.3740089282785801     
  0.45911581980530458        1.3722156487804893     
  0.45691868571341221        1.3704483828115153     
  0.45475352316978945        1.3687069584896618     
  0.45262015407244310        1.3669912250595730     
  0.45051842636679673        1.3653010529858669     
  0.44844821432664539        1.3636363341675366     
  0.44640941874471440        1.3619969820727724     
  0.44440196767072304        1.3603829323271848     
  0.44242581706269030        1.3587941432243325     
  0.44048095150041322        1.3572305962835691     
  0.43856738555955826        1.3556922973545187     
  0.43668516475942565        1.3541792773581278     
  0.43483436730530778        1.3526915936855906     
  0.43301510555410505        1.3512293313579535     
  0.43122752836625444        1.3497926049171909     
  0.42947182321233957        1.3483815601019780     
  0.42774821908404104        1.3469963761839843     
  0.42605698943130754        1.3456372683131024     
  0.42439845597787884        1.3443044905800368     
  0.42277299285391978        1.3429983393260909     
  0.42118103139901136        1.3417191569920282     
  0.41962306580376385        1.3404673366421171     
  0.41809965977303443        1.3392433273111686     
  0.41661145401510891        1.3380476400075867     
  0.41515917527590174        1.3368808549629896     
  0.41374364687407594        1.3357436300848602     
  0.41236580113372634        1.3346367109314559     
  0.41102669418432414        1.3335609425872641     
  0.40972752371992327        1.3325172839149291     
  0.40846965032397348        1.3315068246669384     
  0.40725462335731644        1.3305308062597299     
  0.40608421273342843        1.3295906472736625     
  0.40496044794921487        1.3286879747705123     
  0.40388566702171574        1.3278246635633058     
  0.40286257808722681        1.3270028856415774     
  0.40189433802617180        1.3262251732525647     
  0.40098465452368554        1.3254945007826076     
  0.40013792001469456        1.3248143922011739     
  0.39935939136581722        1.3241890651805741     
  0.39865543538324771        1.3236236279826108     
  0.39803387196979478        1.3231243545999787     
  0.39750446767334158        1.3226990803968972     
  0.39707966760164459        1.3223577886602871     
  0.39677572329749761        1.3221135141502760     
  0.39661451274660603        1.3219838004670610     
  0.39662664917814872        1.3219931879405600     
  0.39685719161445587        1.3221777800025674     
  0.39737718811277367        1.3225944633924747     
  0.39831030531043921        1.3233421439983317     
  0.39990757411609962        1.3246211987010035     
  0.40283864125754293        1.3269640263332545     
