  0.92475028017080618        1.2985807225959822     
  0.92247325103139510        1.2919155594274967     
  0.92145931028816241        1.2862804294454457     
  0.92037982393703377        1.2806806594944449     
  0.91952226821376970        1.2753183334655460     
  0.91879673997070888        1.2701235099592432     
  0.91819854848257210        1.2650876448844306     
  0.91771080641735758        1.2601946306095806     
  0.91732189447583468        1.2554326737347126     
  0.91702170944805828        1.2507915818038851     
  0.91680176341529884        1.2462627053963047     
  0.91665479504811709        1.2418385881056666     
  0.91657454573257713        1.2375127475677092     
  0.91655557952085753        1.2332795014462441     
  0.91659313990571878        1.2291338309628170     
  0.91668304151383351        1.2250712748469177     
  0.91682157959570143        1.2210878431134584     
  0.91700545868708394        1.2171799480212155     
  0.91723173495463883        1.2133443479191115     
  0.91749776646092540        1.2095781003003210     
  0.91780117567417163        1.2058785239997811     
  0.91813981375945652        1.2022431662481106     
  0.91851173524451446        1.1986697763380914     
  0.91891517216170515        1.1951562820279977     
  0.91934851525936079        1.1917007703860478     
  0.91981029615787635        1.1883014708237614     
  0.92029917293479779        1.1849567407905299     
  0.92081391740003815        1.1816650532880093     
  0.92135340365361895        1.1784249859533111     
  0.92191659917299462        1.1752352117606402     
  0.92250255521072411        1.1720944904837169     
  0.92311040112193854        1.1690016618261196     
  0.92373933619818682        1.1659556386008152     
  0.92438862545064471        1.1629554014651453     
  0.92505759332438420        1.1599999935989669     
  0.92574562025629781        1.1570885165194564     
  0.92645213825474315        1.1542201260247502     
  0.92717662751198748        1.1513940287252709     
  0.92791861357224936        1.1486094789945094     
  0.92867766437617438        1.1458657761322391     
  0.92945338791723320        1.1431622619408501     
  0.93024543022569195        1.1404983185752040     
  0.93105347341929168        1.1378733665761267     
  0.93187723424171764        1.1352868632278821     
  0.93271646256466412        1.1327383010398533     
  0.93357094033233279        1.1302272064878665     
  0.93444048029446114        1.1277531388517692     
  0.93532492561305980        1.1253156893680807     
  0.93622414881923632        1.1229144803718496     
  0.93713805154751106        1.1205491647244177     
  0.93806656428148083        1.1182194253624349     
  0.93900964595389436        1.1159249749219868     
  0.93996728408542329        1.1136655556102033     
  0.94093949498102591        1.1114409391856075     
  0.94192632410425203        1.1092509271023661     
  0.94292784633249049        1.1070953507418051     
  0.94394416688416238        1.1049740719257684     
  0.94497542213126551        1.1028869835320982     
  0.94602178048319630        1.1008340102480050     
  0.94708344407708900        1.0988151096893275     
  0.94816064993432614        1.0968302735272524     
  0.94925367208943301        1.0948795290431634     
  0.95036282336994715        1.0929629407757266     
  0.95148845825664141        1.0910806126650399     
  0.95263097543066555        1.0892326903530387     
  0.95379082130045389        1.0874193640063550     
  0.95496849354680702        1.0856408714631252     
  0.95616454573406018        1.0838975019976274     
  0.95737959229225555        1.0821896006149778     
  0.95861431430698385        1.0805175730235659     
  0.95986946631808256        1.0788818914410070     
  0.96114588434195536        1.0772831013981183     
  0.96244449488688244        1.0757218295815827     
  0.96376632582472244        1.0741987931281989     
  0.96511251906461770        1.0727148105420889     
  0.96648434550857476        1.0712708145907772     
  0.96788322285032635        1.0698678676730737     
  0.96931073693150660        1.0685071802255115     
  0.97076866738422207        1.0671901328790341     
  0.97225901875926712        1.0659183033691939     
  0.97378405873155294        1.0646934995073161     
  0.97534636503248628        1.0635177998216425     
  0.97694888428938509        1.0623936043820188     
  0.97859500609402461        1.0613236988515657     
  0.98028865754570194        1.0603113362913077     
  0.98203442597190549        1.0593603432270604     
  0.98383771999617176        1.0584752590438593     
  0.98570498559656305        1.0576615228007697     
  0.98764400130405339        1.0569257285146723     
  0.98966429080070140        1.0562759820422443     
  0.99177771626237365        1.0557224141059049     
  0.99399935813404938        1.0552779410131357     
  0.99634887052542032        1.0549594364978940     
  0.99885266759047830        1.0547896216629957     
   1.0015476562797856        1.0548002912926528     
   1.0044880880948257        1.0550382349436012     
   1.0077593945322376        1.0555771910118898     
   1.0115100534954364        1.0565453755073060     
   1.0160408012897186        1.0582025414139644     
   1.0221505739189918        1.0612388282648946     
