   2.0344684122008529        1.2985807225959822     
   2.0464640348492340        1.2919155594274967     
   2.0574777289852424        1.2862804294454457     
   2.0682131813366946        1.2806806594944449     
   2.0785981825638316        1.2753183334655460     
   2.0886896490646665        1.2701235099592432     
   2.0985164928609104        1.2650876448844306     
   2.1081043057684750        1.2601946306095806     
   2.1174739841501466        1.2554326737347126     
   2.1266429807712806        1.2507915818038851     
   2.1356260564494098        1.2462627053963047     
   2.1444358208715171        1.2418385881056666     
   2.1530831473754093        1.2375127475677092     
   2.1615774931928362        1.2332795014462441     
   2.1699271399142970        1.2291338309628170     
   2.1781393930881352        1.2250712748469177     
   2.1862207325173921        1.2210878431134584     
   2.1941769370502007        1.2171799480212155     
   2.2020131872030144        1.2133443479191115     
   2.2097341434373106        1.2095781003003210     
   2.2173440204033765        1.2058785239997811     
   2.2248466374352756        1.2022431662481106     
   2.2322454732565502        1.1986697763380914     
   2.2395437001878733        1.1951562820279977     
   2.2467442217730307        1.1917007703860478     
   2.2538497003398876        1.1883014708237614     
   2.2608625829372229        1.1849567407905299     
   2.2677851231112820        1.1816650532880093     
   2.2746193982151057        1.1784249859533111     
   2.2813673279890319        1.1752352117606402     
   2.2880306847260066        1.1720944904837169     
   2.2946111109225105        1.1690016618261196     
   2.3011101248482282        1.1659556386008152     
   2.3075291344235795        1.1629554014651453     
   2.3138694416936660        1.1599999935989669     
   2.3201322531856698        1.1570885165194564     
   2.3263186848411852        1.1542201260247502     
   2.3324297678385144        1.1513940287252709     
   2.3384664543520959        1.1486094789945094     
   2.3444296212492994        1.1458657761322391     
   2.3503200739582306        1.1431622619408501     
   2.3561385500555199        1.1404983185752040     
   2.3618857219523477        1.1378733665761267     
   2.3675621997081393        1.1352868632278821     
   2.3731685328488799        1.1327383010398533     
   2.3787052125221284        1.1302272064878665     
   2.3841726719732828        1.1277531388517692     
   2.3895712890745413        1.1253156893680807     
   2.3949013857602539        1.1229144803718496     
   2.4001632292389448        1.1205491647244177     
   2.4053570324093632        1.1182194253624349     
   2.4104829529665501        1.1159249749219868     
   2.4155410934166746        1.1136655556102033     
   2.4205315005366264        1.1114409391856075     
   2.4254541645167258        1.1092509271023661     
   2.4303090167871275        1.1070953507418051     
   2.4350959291227938        1.1049740719257684     
   2.4398147113491588        1.1028869835320982     
   2.4444651082830671        1.1008340102480050     
   2.4490467979782125        1.0988151096893275     
   2.4535593870615684        1.0968302735272524     
   2.4580024077021037        1.0948795290431634     
   2.4623753119406100        1.0929629407757266     
   2.4666774676500620        1.0910806126650399     
   2.4709081514653817        1.0892326903530387     
   2.4750665425935185        1.0874193640063550     
   2.4791517139267674        1.0856408714631252     
   2.4831626236762672        1.0838975019976274     
   2.4870981044499287        1.0821896006149778     
   2.4909568509040922        1.0805175730235659     
   2.4947374056845280        1.0788818914410070     
   2.4984381434636709        1.0772831013981183     
   2.5020572513624835        1.0757218295815827     
   2.5055927069967074        1.0741987931281989     
   2.5090422522771005        1.0727148105420889     
   2.5124033625705282        1.0712708145907772     
   2.5156732099430061        1.0698678676730737     
   2.5188486195554907        1.0685071802255115     
   2.5219260169589548        1.0671901328790341     
   2.5249013641793630        1.0659183033691939     
   2.5277700819963935        1.0646934995073161     
   2.5305269534022066        1.0635177998216425     
   2.5331660039810107        1.0623936043820188     
   2.5356803509071693        1.0613236988515657     
   2.5380620101215463        1.0603113362913077     
   2.5403016474271558        1.0593603432270604     
   2.5423882506244020        1.0584752590438593     
   2.5443086917957705        1.0576615228007697     
   2.5460471296906042        1.0569257285146723     
   2.5475841747887111        1.0562759820422443     
   2.5488956919530521        1.0557224141059049     
   2.5499510270933063        1.0552779410131357     
   2.5507102802867512        1.0549594364978940     
   2.5511199171290508        1.0547896216629957     
   2.5511052924282911        1.0548002912926528     
   2.5505569649963378        1.0550382349436012     
   2.5493031539779949        1.0555771910118898     
   2.5470465510892928        1.0565453755073060     
   2.5431883558100221        1.0582025414139644     
   2.5361511315011880        1.0612388282648946     
