  0.82000033185140531        1.5043341077040984     
  0.81288102085722524        1.4993967090223399     
  0.80865004945882424        1.4953385640507482     
  0.80427636400547620        1.4912616862542476     
  0.80042242312084788        1.4873595352788933     
  0.79688414371604477        1.4835714323990721     
  0.79365311641596226        1.4798940100037461     
  0.79069248670783066        1.4763156775350457     
  0.78797732152419375        1.4728283766685804     
  0.78548597745497239        1.4694250633388735     
  0.78320037239012807        1.4660997770087414     
  0.78110511507244795        1.4628473813923186     
  0.77918701118250699        1.4596634152691488     
  0.77743466621909130        1.4565439723364726     
  0.77583816947534090        1.4534856055903287     
  0.77438885678201919        1.4504852548976910     
  0.77307911172137034        1.4475401864698361     
  0.77190220967231149        1.4446479450782541     
  0.77085219233575752        1.4418063153966922     
  0.76992375897016530        1.4390132886590548     
  0.76911218585444963        1.4362670374320583     
  0.76841324816814505        1.4335658916520919     
  0.76782316634086978        1.4309083215126264     
  0.76733854963523462        1.4282929200880998     
  0.76695635645466653        1.4257183906255086     
  0.76667385601288995        1.4231835344999677     
  0.76648859791287072        1.4206872414556440     
  0.76639838530661297        1.4182284809829295     
  0.76640125068291387        1.4158062945679375     
  0.76649543767138384        1.4134197896143439     
  0.76667938047187612        1.4110681329457635     
  0.76695169327639001        1.4087505468903423     
  0.76731115256769455        1.4064663037530889     
  0.76775668971045086        1.4042147228915849     
  0.76828737756995513        1.4019951664442920     
  0.76890242461428082        1.3998070369370170     
  0.76960116608935747        1.3976497742572187     
  0.77038305780197347        1.3955228533163986     
  0.77124767127662885        1.3934257820832561     
  0.77219468837447003        1.3913580995420260     
  0.77322389749976483        1.3893193740626892     
  0.77433519061795997        1.3873092019911937     
  0.77552856033617668        1.3853272062858299     
  0.77680409833451369        1.3833730354848768     
  0.77816199359997873        1.3814463626501867     
  0.77960253191729068        1.3795468846093188     
  0.78112609468522010        1.3776743210610007     
  0.78273316031937823        1.3758284142601496     
  0.78442430371242755        1.3740089282785801     
  0.78620019803260222        1.3722156487804893     
  0.78806161661478280        1.3704483828115153     
  0.79000943442766036        1.3687069584896618     
  0.79204463127234703        1.3669912250595730     
  0.79416829525171617        1.3653010529858669     
  0.79638162690562064        1.3636363341675366     
  0.79868594307389751        1.3619969820727724     
  0.80108268305903574        1.3603829323271848     
  0.80357341459515441        1.3587941432243325     
  0.80615984022235776        1.3572305962835691     
  0.80884380654784360        1.3556922973545187     
  0.81162731199909743        1.3541792773581278     
  0.81451251809633518        1.3526915936855906     
  0.81750175988709128        1.3512293313579535     
  0.82059756041179188        1.3497926049171909     
  0.82380264455350893        1.3483815601019780     
  0.82711995672096528        1.3469963761839843     
  0.83055267917000564        1.3456372683131024     
  0.83410425466092486        1.3443044905800368     
  0.83777841117792395        1.3429983393260909     
  0.84157919032501927        1.3417191569920282     
  0.84551098027305138        1.3404673366421171     
  0.84957855423524042        1.3392433273111686     
  0.85378711380572658        1.3380476400075867     
  0.85814234055328331        1.3368808549629896     
  0.86265045598139911        1.3357436300848602     
  0.86731829195948096        1.3346367109314559     
  0.87215337415377137        1.3335609425872641     
  0.87716402165593577        1.3325172839149291     
  0.88235946621150252        1.3315068246669384     
  0.88774999640847219        1.3305308062597299     
  0.89334713394204712        1.3295906472736625     
  0.89916384958953977        1.3286879747705123     
  0.90521483290566140        1.3278246635633058     
  0.91151683077207502        1.3270028856415774     
  0.91808907826364838        1.3262251732525647     
  0.92495385615467640        1.3254945007826076     
  0.93213722075617711        1.3248143922011739     
  0.93966998004353097        1.3241890651805741     
  0.94758902380853727        1.3236236279826108     
  0.95593917804919781        1.3231243545999787     
  0.96477586485354250        1.3226990803968972     
  0.97416903688755740        1.3223577886602871     
  0.98420922497365448        1.3221135141502760     
  0.99501727239618132        1.3219838004670610     
   1.0067609216418900        1.3219931879405600     
   1.0196852094853353        1.3221777800025674     
   1.0341737638851705        1.3225944633924747     
   1.0508898944091591        1.3233421439983317     
   1.0711717690419114        1.3246211987010035     
   1.0985692101220050        1.3269640263332545     
