           1  0.50057474714829497       0.46290663767181628       0.10862797930307172       0.12460766525175310     
           2  0.50258609844842128       0.46362223215889992       0.10759803170299406       0.12411398165679798     
           3  0.50412540470223355       0.46453104771566084       0.10680629859486312       0.12358314120394046     
           4  0.50565173230911342       0.46539165235611796       0.10601880800025980       0.12306931164551123     
           5  0.50707327598148577       0.46626516888108255       0.10528310491820585       0.12255790369508740     
           6  0.50842224631439392       0.46713670244224997       0.10458284197975606       0.12205198917885279     
           7  0.50970290863074885       0.46800847086209862       0.10391611058399998       0.12155067305652513     
           8  0.51092284830349310       0.46887941913365194       0.10327920355509318       0.12105390893142801     
           9  0.51208763761945164       0.46974920187873009       0.10266942138811232       0.12056152535338197     
          10  0.51320207186004285       0.47061744122938159       0.10208443320425870       0.12007339620096624     
          11  0.51427020891647801       0.47148383440658115       0.10152226526767157       0.11958940625681930     
          12  0.51529553565102770       0.47234812362140249       0.10098121962040989       0.11910945288987346     
          13  0.51628107332702811       0.47321009025504812       0.10045982343111921       0.11863344308901949     
          14  0.51722946123967817       0.47406954859179412        9.9956788726556001E-002  0.11816129160262676     
          15  0.51814302202415718       0.47492633947736024        9.9470980771083697E-002  0.11769291991019515     
          16  0.51902381269616704       0.47578032724042868        9.9001393556240727E-002  0.11722825484990047     
          17  0.51987366586125550       0.47663139552512407        9.8547129824246668E-002  0.11676722800781560     
          18  0.52069422280647693       0.47747944462036812        9.8107385095680844E-002  0.11630977502101636     
          19  0.52148696043119214       0.47832438947252337        9.7681434688413379E-002  0.11585583495016856     
          20  0.52225321359316423       0.47916615699876880        9.7268622828743934E-002  0.11540535006587707     
          21  0.52299419333537200       0.48000468551396958        9.6868353944916080E-002  0.11495826518747286     
          22  0.52371100246614688       0.48083992226804634        9.6480085005641619E-002  0.11451452770458417     
          23  0.52440464830927280       0.48167182348883952        9.6103319474580381E-002  0.11407408697849540     
          24  0.52507605381297839       0.48250035238754169        9.5737601816259996E-002  0.11363689442344277     
          25  0.52572606677115341       0.48332547891920341        9.5382513089385557E-002  0.11320290315083238     
          26  0.52635546786776843       0.48414717878376951        9.5037667014749874E-002  0.11277206789224589     
          27  0.52696497751300697       0.48496543297082473        9.4702706674793871E-002  0.11234434481539828     
          28  0.52755526178821022       0.48578022725220449        9.4377301630184957E-002  0.11191969139586991     
          29  0.52812693760403806       0.48659155152264300        9.4061145390507236E-002  0.11149806636861949     
          30  0.52868057717301620       0.48739939975616303        9.3753953281128913E-002  0.11107942952961333     
          31  0.52921671197465170       0.48820376905683399        9.3455460446344035E-002  0.11066374182729515     
          32  0.52973583612695962       0.48900466017582328        9.3165420300080973E-002  0.11025096504726399     
          33  0.53023840950441548       0.48980207642239104        9.2883602916034105E-002  0.10984106198422183     
          34  0.53072486032316246       0.49059602412661363        9.2609793843838786E-002  0.10943399617841305     
          35  0.53119558757402174       0.49138651182575671        9.2343792854836335E-002  0.10902973203699036     
          36  0.53165096305863790       0.49217355055657674        9.2085412999283203E-002  0.10862823464589377     
          37  0.53209133327106783       0.49295715345579799        9.1834479660177062E-002  0.10822946979393382     
          38  0.53251702102943432       0.49373733565080102        9.1590829756502720E-002  0.10783340392160976     
          39  0.53292832692356107       0.49451411425228931        9.1354311046397976E-002  0.10744000404879291     
          40  0.53332553062781562       0.49528750813562367        9.1124781469848107E-002  0.10704923777074377     
          41  0.53370889203431859       0.49605753786285023        9.0902108591790820E-002  0.10666107322050417     
          42  0.53407865225794005       0.49682422564404521        9.0686169110372084E-002  0.10627547902534658     
          43  0.53443503454412911       0.49758759522927049        9.0476848403717433E-002  0.10589242428844858     
          44  0.53477824503269067       0.49834767191370344        9.0274040156551730E-002  0.10551187854288327     
          45  0.53510847345003065       0.49910448244469008        9.0077646010062601E-002  0.10513381173818641     
          46  0.53542589368897453       0.49985805504949543        8.9887575277788248E-002  0.10475819419581732     
          47  0.53573066431839522       0.50060841927415201        8.9703744672952959E-002  0.10438499662338119     
          48  0.53602292898352355       0.50135560617840857        8.9526078127488307E-002  0.10401419002840549     
          49  0.53630281676087832       0.50209964813131214        8.9354506586627719E-002  0.10364574575151977     
          50  0.53657044241233542       0.50284057892028211        8.9188967885982171E-002  0.10327963541143616     
          51  0.53682590657153662       0.50357843379485256        8.9029406652748819E-002  0.10291583087169925     
          52  0.53706929587311603       0.50431324937052202        8.8875774216732234E-002  0.10255430425049691     
          53  0.53730068298612199       0.50504506372370794        8.8728028587594251E-002  0.10219502787804362     
          54  0.53752012658671833       0.50577391645264380        8.8586134455908599E-002  0.10183797426584930     
          55  0.53772767125163234       0.50649984875118970        8.8450063231892126E-002  0.10148311607502719     
          56  0.53792334728863700       0.50722290335083897        8.8319793097003357E-002  0.10113042612494830     
          57  0.53810717045918932       0.50794312471349345        8.8195309133695624E-002  0.10077987733206638     
          58  0.53827914163084367       0.50866055908706165        8.8076603470794060E-002  0.10043144269087884     
          59  0.53843924635255425       0.50937525451647392        8.7963675458054807E-002  0.10008509527004453     
          60  0.53858745428267762       0.51008726113875025        8.7856531940126922E-002   9.9740808129826539E-002
          61  0.53872371856500678       0.51079663112963380        8.7755187512564850E-002   9.9398554342376669E-002
          62  0.53884797503266813       0.51150341899771534        8.7659664895422665E-002   9.9058306915390429E-002
          63  0.53896014132603676       0.51220768159447805        8.7569995311453930E-002   9.8720038800589868E-002
          64  0.53906011580578539       0.51290947849569324        8.7486218999252893E-002   9.8383722799473453E-002
          65  0.53914777634241184       0.51360887207834616        8.7408385744751169E-002   9.8049331560253056E-002
          66  0.53922297887754889       0.51430592788769469        8.7336555548368139E-002   9.7716837496479095E-002
          67  0.53928555578839743       0.51500071480279830        8.7270799354768600E-002   9.7386212768380179E-002
          68  0.53933531397313272       0.51569330548345715        8.7211199939795772E-002   9.7057429189606401E-002
          69  0.53937203264516376       0.51638377670767199        8.7157852912410891E-002   9.6730458172075526E-002
          70  0.53939546078819833       0.51707220978377832        8.7110867875295706E-002   9.6405270657333383E-002
          71  0.53940531419192850       0.51775869106254391        8.7070369782063561E-002   9.6081837028409070E-002
          72  0.53940127199067012       0.51844331258264820        8.7036500529845295E-002   9.5760126994629713E-002
          73  0.53938297265529578       0.51912617266781125        8.7009420786494332E-002   9.5440109502660506E-002
          74  0.53935000926775356       0.51980737676551281        8.6989312163124652E-002   9.5121752594245573E-002
          75  0.53930192396444621       0.52048703837372168        8.6976379763005096E-002   9.4805023257004573E-002
          76  0.53923820137915901       0.52116528013315755        8.6970855191375582E-002   9.4489887250491733E-002
          77  0.53915826082916285       0.52184223511770689        8.6973000142157225E-002   9.4176308902970504E-002
          78  0.53906144696811797       0.52251804841203076        8.6983110695019281E-002   9.3864250860253379E-002
          79  0.53894701853280680       0.52319287897179267        8.7001522485886759E-002   9.3553673795874134E-002
          80  0.53881413468034578       0.52386690187793661        8.7028616986372737E-002   9.3244536061895228E-002
          81  0.53866183826218128       0.52454031114674626        8.7064829200136057E-002   9.2936793248877561E-002
          82  0.53848903519758662       0.52521332308981672        8.7110657143943102E-002   9.2630397674997436E-002
          83  0.53829446870250652       0.52588618061806114        8.7166673710221493E-002   9.2325297719638322E-002
          84  0.53807668681168330       0.52655915860953195        8.7233541614273200E-002   9.2021437001825829E-002
          85  0.53783400090793576       0.52723257073247409        8.7312032482028040E-002   9.1718753343151521E-002
          86  0.53756443197549808       0.52790677837797162        8.7403051605873902E-002   9.1417177400764521E-002
          87  0.53726563996633614       0.52858220225676411        8.7507670470659132E-002   9.1116630915951638E-002
          88  0.53693482917873436       0.52925933806191738        8.7627170354066475E-002   9.0817024336148203E-002
          89  0.53656861898811137       0.52993877783160837        8.7763101906162641E-002   9.0518253582629410E-002
          90  0.53616286317116824       0.53062123973396780        8.7917368439414362E-002   9.0220195562032618E-002
          91  0.53571239028035900       0.53130761100571200        8.8092345672189792E-002   8.9922701687909723E-002
          92  0.53521061878927889       0.53199901154307072        8.8291059289479570E-002   8.9625588309562521E-002
          93  0.53464896448307520       0.53269689189029756        8.8517458479432640E-002   8.9328621975965625E-002
          94  0.53401588515089227       0.53340319141865922        8.8776857125239722E-002   8.9031495649898512E-002
          95  0.53329525066209627       0.53412060840576325        8.9076687012037789E-002   8.8733788113671205E-002
          96  0.53246335369287701       0.53485309613151699        8.9427880275291333E-002   8.8434889363515831E-002
          97  0.53148288000722277       0.53560686536032875        8.9847660715426950E-002   8.8133849679498610E-002
          98  0.53028903935985749       0.53639269457093297        9.0365972681237680E-002   8.7829031164043725E-002
          99  0.52875081191250461       0.53723239861817051        9.1043479992649431E-002   8.7517129064397819E-002
         100  0.52652111571083793       0.53818386060430079        9.2041384686941383E-002   8.7189368154061392E-002
