           1  0.29844419789416915       0.24472434131234519       0.17257432060583955       0.19403390013593391     
           2  0.29820933761211710       0.24240871078729467       0.17205430028972188       0.19431114238084163     
           3  0.29772795669520491       0.24075772690685215       0.17173881240304037       0.19442794909371058     
           4  0.29725601080895814       0.23907598355220136       0.17141512872831655       0.19455224175283736     
           5  0.29673810135276130       0.23751583011705696       0.17112923048289336       0.19464749203179896     
           6  0.29619161254433596       0.23603039953826765       0.17086680453868103       0.19472504733527768     
           7  0.29561750733261405       0.23461775596164774       0.17062713631206236       0.19478545232939931     
           8  0.29501910289820915       0.23326938809689832       0.17040754790033705       0.19483081596526519     
           9  0.29439870321049111       0.23197950161599884       0.17020619436862369       0.19486258684943278     
          10  0.29375832104077015       0.23074304193824091       0.17002146587825753       0.19488202858049236     
          11  0.29309965835268176       0.22955576156923971       0.16985200530803721       0.19489020524686868     
          12  0.29242418081480703       0.22841402340531619       0.16969664732880016       0.19488802963377716     
          13  0.29173316068981953       0.22731468954072651       0.16955438354193614       0.19487629073012616     
          14  0.29102771134588595       0.22625503163069488       0.16942433440102478       0.19485567587792885     
          15  0.29030881474581044       0.22523265941494547       0.16930572686283660       0.19482678842797327     
          16  0.28957734222824044       0.22424546699810260       0.16919787749966395       0.19479016104318106     
          17  0.28883407189771648       0.22329158773755309       0.16910017837295060       0.19474626685413365     
          18  0.28807970233977392       0.22236935879781322       0.16901208589944450       0.19469552823920527     
          19  0.28731486370654974       0.22147729257884322       0.16893311185588766       0.19463832391042254     
          20  0.28654012729695200       0.22061405190425898       0.16886281560884964       0.19457499505502718     
          21  0.28575601277127294       0.21977843160356572       0.16880079826902011       0.19450584992272471     
          22  0.28496299504272926       0.21896934062850659       0.16874669710618018       0.19443116824926432     
          23  0.28416150915901622       0.21818578971467587       0.16870018160099587       0.19435120434343497     
          24  0.28335195530054086       0.21742687841662489       0.16866094939840151       0.19426619029510162     
          25  0.28253470240895778       0.21669178593157776       0.16862872337700205       0.19417633827104835     
          26  0.28171009164155592       0.21597976223657622       0.16860324885753283       0.19408184271870582     
          27  0.28087843916156469       0.21529012101690331       0.16858429135213621       0.19398288213410705     
          28  0.28004003860505194       0.21462223340811334       0.16857163457567398       0.19387962062582473     
          29  0.27919516330191518       0.21397552233920816       0.16856507865609530       0.19377220932637837     
          30  0.27834406800728978       0.21334945823048104       0.16856443874425089       0.19366078747740229     
          31  0.27748699077151079       0.21274355417370708       0.16856954350759495       0.19354548362626797     
          32  0.27662415404216545       0.21215736334378771       0.16858023425322799       0.19342641629553659     
          33  0.27575576626142123       0.21159047483723889       0.16859636364165542       0.19330369501156927     
          34  0.27488202268672818       0.21104251179887548       0.16861779503866728       0.19317742079539957     
          35  0.27400310662462368       0.21051312823465287       0.16864440152505375       0.19304768695341654     
          36  0.27311919010474844       0.21000200748022974       0.16867606536719723       0.19291457947948545     
          37  0.27223043474957737       0.20950886002828747       0.16871267732478251       0.19277817760168495     
          38  0.27133699244241982       0.20903342193258237       0.16875413612460693       0.19263855419198816     
          39  0.27043900588722380       0.20857545351288787       0.16880034802300967       0.19249577610321597     
          40  0.26953660919579209       0.20813473794345599       0.16885122634521024       0.19234990453025314     
          41  0.26862992835438004       0.20771108018725634       0.16890669112416143       0.19220099528891868     
          42  0.26771908162713942       0.20730430610381623       0.16896666879150457       0.19204909905271275     
          43  0.26680417994928574       0.20691426156774378       0.16903109187706861       0.19189426158525894     
          44  0.26588532722308034       0.20654081187390202       0.16909989878921031       0.19173652390515469     
          45  0.26496262062418718       0.20618384109439228       0.16917303358678237       0.19157592246044922     
          46  0.26403615082072224       0.20584325169753068       0.16925044582429608       0.19141248924181192     
          47  0.26310600223643110       0.20551896401518419       0.16933209036065683       0.19124625192932154     
          48  0.26217225314137466       0.20521091624940019       0.16941792731299476       0.19107723391487658     
          49  0.26123497587361189       0.20491906405499083       0.16950792190161665       0.19090545442094345     
          50  0.26029423690806403       0.20464338060386503       0.16960204442414509       0.19073092850850626     
          51  0.25935009692422833       0.20438385665130801       0.16970027023218656       0.19055366708427257     
          52  0.25840261090606270       0.20414050049652929       0.16980257968216372       0.19037367693159971     
          53  0.25745182813541917       0.20391333828590968       0.16990895817775922       0.19019096066311872     
          54  0.25649779217654906       0.20370241434867903       0.17001939622190584       0.19000551666603627     
          55  0.25554054082751038       0.20350779164455493       0.17013388949926289       0.18981733902214004     
          56  0.25458010609889198       0.20332955212744641       0.17025243893810524       0.18962641744698747     
          57  0.25361651405973495       0.20316779755105208       0.17037505088792010       0.18943273712925629     
          58  0.25264978471077781       0.20302265019677040       0.17050173727739895       0.18923627858829639     
          59  0.25167993184775728       0.20289425364556188       0.17063251578464711       0.18903701752232879     
          60  0.25070696276546645       0.20278277409126835       0.17076741014792440       0.18883492453514786     
          61  0.24973087807578737       0.20268840129582563       0.17090645038396055       0.18862996494471515     
          62  0.24875167133451523       0.20261135019934801       0.17104967317577144       0.18842209844521704     
          63  0.24776932874611635       0.20255186229599340       0.17119712220011196       0.18821127882332775     
          64  0.24678382865695608       0.20251020774497980       0.17134884864425248       0.18799745351063751     
          65  0.24579514112086706       0.20248668727377328       0.17150491166900853       0.18778056318482061     
          66  0.24480322727679535       0.20248163475033559       0.17166537904365489       0.18756054122265900     
          67  0.24380803873415413       0.20249541977383623       0.17183032778527366       0.18733731315155119     
          68  0.24280951675630025       0.20252845099859312       0.17199984498576651       0.18711079593948021     
          69  0.24180759138423163       0.20258117972064227       0.17217402870568654       0.18688089722967482     
          70  0.24080218041577781       0.20265410402280951       0.17235298901074536       0.18664751445414302     
          71  0.23979318820252762       0.20274777361991944       0.17253684918695691       0.18641053379514749     
          72  0.23878050422408451       0.20286279555825942       0.17272574717357164       0.18616982896113773     
          73  0.23776400149309163       0.20299984060168713       0.17291983717127068       0.18592525981554281     
          74  0.23674353462074760       0.20315965091030558       0.17311929157995781       0.18567667072430064     
          75  0.23571893756204099       0.20334304897134559       0.17332430325610901       0.18542388863273676     
          76  0.23469002095345110       0.20355094811328203       0.17353508817411387       0.18516672079971253     
          77  0.23365656894074049       0.20378436499486013       0.17375188859180202       0.18490495210394148     
          78  0.23261833536819371       0.20404443456247393       0.17397497684623772       0.18463834181538538     
          79  0.23157503920155253       0.20433242797778964       0.17420465990837156       0.18436661972338417     
          80  0.23052635896751084       0.20464977434546588       0.17444128490901092       0.18408948144125251     
          81  0.22947192592176810       0.20499808734237326       0.17468524591781140       0.18380658264802360     
          82  0.22841131565729725       0.20537919787622685       0.17493699226527470       0.18351753202372031     
          83  0.22734403756993096       0.20579519498096346       0.17519703897224970       0.18322188239744180     
          84  0.22626952159390806       0.20624847722359269       0.17546597987139603       0.18291911961563631     
          85  0.22518710126265171       0.20674181823509080       0.17574450434737873       0.18260864834582122     
          86  0.22409599170309705       0.20727845167458600       0.17603341905746425       0.18228977366167756     
          87  0.22299526074734749       0.20786218259483155       0.17633367642364850       0.18196167689705695     
          88  0.22188379015327236       0.20849753666530843       0.17664641283681295       0.18162338327763303     
          89  0.22076022259348665       0.20918996382311741       0.17697300083181361       0.18127371772905174     
          90  0.21962288752975720       0.20994612258598752       0.17731512197764274       0.18091124315789625     
          91  0.21846969454714968       0.21077428850101559       0.17767487165809615       0.18053417174949773     
          92  0.21729797511566815       0.21168495913604682       0.17805491436814030       0.18014023353281539     
          93  0.21610423866171144       0.21269178524676463       0.17845872287353862       0.17972647400487970     
          94  0.21488377884138593       0.21381307150494008       0.17889096385834377       0.17928892784332739     
          95  0.21363000089499459       0.21507433659140254       0.17935815610905650       0.17882206207693144     
          96  0.21233318603115200       0.21651300927886388       0.17986987830971360       0.17831775427006355     
          97  0.21097799423928879       0.21818790639938909       0.18044120732657645       0.17776322939609504     
          98  0.20953770662320273       0.22020105838799489       0.18109833335179309       0.17713630696074889     
          99  0.20795808402500834       0.22275882875163464       0.18189427980704975       0.17639208520994790     
         100  0.20609464208246878       0.22640922816291509       0.18296987704068990       0.17541121073120053     
