   1.0570038270212956       0.97746458517955748     
   1.0644954533184370       0.98196858153079725     
   1.0707891226052979       0.98668860637994438     
   1.0769813114869031       0.99123186984979161     
   1.0828726589861817       0.99572552357764976     
   1.0885413788521190        1.0001482702125473     
   1.0940037956555553        1.0045126972053553     
   1.0992816532680483        1.0088226525004267     
   1.1043914901566545        1.0130824939934924     
   1.1093473643465288        1.0172956164247517     
   1.1141611496872876        1.0214649067621220     
   1.1188430104429323        1.0255928104285845     
   1.1234017232303537        1.0296814241450558     
   1.1278449298784408        1.0337325633143952     
   1.1321793315095765        1.0377478084047205     
   1.1364108441048231        1.0417285489833121     
   1.1405447203795112        1.0456760121378810     
   1.1445856489907678        1.0495912880594327     
   1.1485378355971734        1.0534753516058410     
   1.1524050677335380        1.0573290757037725     
   1.1561907712481747        1.0611532491552020     
   1.1598980540812034        1.0649485833540722     
   1.1635297466512762        1.0687157266052740     
   1.1670884324005695        1.0724552677873038     
   1.1705764762943165        1.0761677454787142     
   1.1739960478650029        1.0798536524748847     
   1.1773491416350199        1.0835134413022030     
   1.1806375945989056        1.0871475285123764     
   1.1838631008172265        1.0907562973978790     
   1.1870272253076484        1.0943401026813833     
   1.1901314141427588        1.0978992705832475     
   1.1931770061582732        1.1014341047642373     
   1.1961652400349752        1.1049448848132528     
   1.1990972633623902        1.1084318710611896     
   1.2019741381855709        1.1118953035080950     
   1.2047968479226674        1.1153354052630022     
   1.2075663021395895        1.1187523827015959     
   1.2102833412055825        1.1221464266329320     
   1.2129487406209229        1.1255177137311727     
   1.2155632143993325        1.1288664068499670     
   1.2181274181986361        1.1321926557595947     
   1.2206419521376775        1.1354965979178422     
   1.2231073631380009        1.1387783588143467     
   1.2255241470545268        1.1420380526536125     
   1.2278927503415309        1.1452757825073490     
   1.2302135716382292        1.1484916408838992     
   1.2324869626437733        1.1516857093295092     
   1.2347132295201482        1.1548580595543934     
   1.2368926331286241        1.1580087526316301     
   1.2390253897090810        1.1611378395298637     
   1.2411116711572421        1.1642453612521211     
   1.2431516047361975        1.1673313482303525     
   1.2451452729294121        1.1703958204872627     
   1.2470927129855167        1.1734387875511096     
   1.2489939162009709        1.1764602483157547     
   1.2508488266173277        1.1794601901697996     
   1.2526573399615024        1.1824385891612914     
   1.2544193019548073        1.1853954093943515     
   1.2561345062007001        1.1883306020823670     
   1.2578026922410881        1.1912441057371246     
   1.2594235424805853        1.1941358445809831     
   1.2609966793430922        1.1970057283590116     
   1.2625216613214452        1.1998536506191648     
   1.2639979791905425        1.2026794884595196     
   1.2654250508959619        1.2054831005694198     
   1.2668022162915580        1.2082643263019603     
   1.2681287305193136        1.2110229834074537     
   1.2694037570057526        1.2137588666705148     
   1.2706263589564293        1.2164717454934995     
   1.2717954896523194        1.2191613612517729     
   1.2729099812811908        1.2218274244033371     
   1.2739685320768470        1.2244696113868239     
   1.2749696910570227        1.2270875603054607     
   1.2759118404499752        1.2296808665467320     
   1.2767931749126460        1.2322490773644548     
   1.2776116770564818        1.2347916855140464     
   1.2783650882999289        1.2373081216430772     
   1.2790508741552131        1.2397977454002773     
   1.2796661823867319        1.2422598345722227     
   1.2802077922644048        1.2446935719149579     
   1.2806720526564888        1.2470980293399048     
   1.2810548054748818        1.2494721479273247     
   1.2813512904212281        1.2518147135597826     
   1.2815560249052158        1.2541243260019537     
   1.2816626507708875        1.2563993593506591     
   1.2816637360783982        1.2586379113487576     
   1.2815505144389070        1.2608377361854952     
   1.2813125364800284        1.2629961553157421     
   1.2809371939945955        1.2651099356960087     
   1.2804090552198060        1.2671751195689054     
   1.2797089108598552        1.2691867810931967     
   1.2788123610428375        1.2711386660504687     
   1.2776876416472378        1.2730226386395134     
   1.2762921242235949        1.2748277929054559     
   1.2745663509056542        1.2765389415226367     
   1.2724231089946390        1.2781338560016988     
   1.2697254267222218        1.2795777272557731     
   1.2662360531896151        1.2808104978996777     
   1.2614766299288547        1.2817117258811674     
   1.2541851058034947        1.2819660256976935     
