  0.46063226775291288        1.3718412246683069     
  0.46114227999268625        1.3722496419356782     
  0.46165321492744754        1.3726591578026019     
  0.46216484471396707        1.3730692124538737     
  0.46267716571308082        1.3734798083968285     
  0.46319017894056780        1.3738909464230193     
  0.46370388542659102        1.3743026273203860     
  0.46421828623207861        1.3747148519035788     
  0.46473338238572226        1.3751276209584957     
  0.46524917495133561        1.3755409353019268     
  0.46576566494437277        1.3759547957076950     
  0.46628285343090381        1.3763692029945203     
  0.46680074147787054        1.3767841579807527     
  0.46731933011868948        1.3771996614552409     
  0.46783862041296859        1.3776157142302179     
  0.46835861342012525        1.3780323171169577     
  0.46887931018525353        1.3784494709140822     
  0.46940071179764953        1.3788671764589608     
  0.46992281929380797        1.3792854345417567     
  0.47044563374570669        1.3797042459844431     
  0.47096915622210395        1.3801236116052809     
  0.47149338778520478        1.3805435322167707     
  0.47201832951303646        1.3809640086451125     
  0.47254398247246537        1.3813850417062310     
  0.47307034773379042        1.3818066322190869     
  0.47359742638421709        1.3822287810172313     
  0.47412521949356695        1.3826514889183834     
  0.47465372813841278        1.3830747567463650     
  0.47518295340839839        1.3834985853361217     
  0.47571289638246017        1.3839229755127074     
  0.47624355814926372        1.3843479281098019     
  0.47677493980213059        1.3847734439647019     
  0.47730704241476074        1.3851995238972039     
  0.47783986707059734        1.3856261687358569     
  0.47837341490368079        1.3860533793532666     
  0.47890768696809038        1.3864811565504933     
  0.47944268439587573        1.3869095011986001     
  0.47997840825913152        1.3873384141141196     
  0.48051485967028651        1.3877678961500661     
  0.48105203973672001        1.3881979481540141     
  0.48158994954777812        1.3886285709575221     
  0.48212859022569710        1.3890597654212415     
  0.48266796287998054        1.3894915323937549     
  0.48320806861528792        1.3899238727194403     
  0.48374890854914204        1.3903567872538440     
  0.48429048378788797        1.3907902768422380     
  0.48483279547242530        1.3912243423602753     
  0.48537584469359640        1.3916589846386596     
  0.48591963260035798        1.3920942045600897     
  0.48646416028447975        1.3925300029554026     
  0.48700942890352955        1.3929663807144879     
  0.48755543956501990        1.3934033386813613     
  0.48810219342046002        1.3938408777398492     
  0.48864969156350896        1.3942789987214819     
  0.48919793515685484        1.3947177025197774     
  0.48974692534749642        1.3951569900125707     
  0.49029666324849658        1.3955968620479702     
  0.49084715000884793        1.3960373195063362     
  0.49139838677043307        1.3964783632606939     
  0.49195037467562086        1.3969199941844146     
  0.49250311488530468        1.3973622131669996     
  0.49305660852171906        1.3978050210631512     
  0.49361085676074945        1.3982484187757160     
  0.49416586075109570        1.3986924071818851     
  0.49472162162616151        1.3991369871459387     
  0.49527814056530123        1.3995821595727245     
  0.49583541873458409        1.4000279253541055     
  0.49639345727865897        1.4004742853631296     
  0.49695225735265136        1.4009212404823375     
  0.49751182013692352        1.4013687916161641     
  0.49807214681426087        1.4018169396702329     
  0.49863323852367952        1.4022656855112354     
  0.49919509645889470        1.4027150300551690     
  0.49975772178078504        1.4031649741872474     
  0.50032111568606752        1.4036155188250785     
  0.50088527932166227        1.4040666648410318     
  0.50145021391715439        1.4045184131817394     
  0.50201592059706734        1.4049707646982827     
  0.50258240059218529        1.4054237203386446     
  0.50314965506136788        1.4058772809837099     
  0.50371768522944915        1.4063314475747992     
  0.50428649224452959        1.4067862209830237     
  0.50485607733429971        1.4072416021519953     
  0.50542644169675643        1.4076975919965640     
  0.50599758649835280        1.4081541914041513     
  0.50656951295300967        1.4086114013049884     
  0.50714222229087591        1.4090692226420254     
  0.50771571569817453        1.4095276563186552     
  0.50828999437168831        1.4099867032486046     
  0.50886505953719818        1.4104463643707508     
  0.50944091240339928        1.4109066406078297     
  0.51001755418018668        1.4113675328837616     
  0.51059498607022702        1.4118290421159476     
  0.51117320935239419        1.4122911692892792     
  0.51175222518254238        1.4127539152768629     
  0.51233203481462553        1.4132172810425869     
  0.51291263945940879        1.4136812675085664     
  0.51349404035974699        1.4141458756265930     
  0.51407623875576225        1.4146111063447948     
  0.51465923586018603        1.4150769605867133     
  0.51524303291765039        1.4155434393049957     
  0.51582763116576125        1.4160105434447035     
  0.51641303181942555        1.4164782739306094     
  0.51699923615716559        1.4169466317448003     
  0.51758624541697862        1.4174156178307724     
  0.51817406082921380        1.4178852331263356     
  0.51876268368600176        1.4183554786244925     
  0.51935211518264424        1.4188263552293501     
  0.51994235658477428        1.4192978639109373     
  0.52053340918811819        1.4197700056635094     
  0.52112527424537758        1.4202427814415071     
  0.52171795296410794        1.4207161921603606     
  0.52231144664046059        1.4211902388160353     
  0.52290575658236449        1.4216649224114311     
  0.52350088398774686        1.4221402438506516     
  0.52409683016885056        1.4226162041436472     
  0.52469359641578039        1.4230928042761699     
  0.52529118396881114        1.4235700451898241     
  0.52588959408912106        1.4240479278466740     
  0.52648882815133446        1.4245264533092694     
  0.52708888733070736        1.4250056224569012     
  0.52768977294420250        1.4254854363034761     
  0.52829148633144141        1.4259658958771135     
  0.52889402872952174        1.4264470021131985     
  0.52949740146137025        1.4269287560276853     
  0.53010160579959686        1.4274111585877030     
  0.53070664305400284        1.4278942107956110     
  0.53131251453385042        1.4283779136514045     
  0.53191922151282911        1.4288622681230132     
  0.53252676534504573        1.4293472752517045     
  0.53313514729520750        1.4298329359947890     
  0.53374436868733388        1.4303192513665297     
  0.53435443087197942        1.4308062224020763     
  0.53496533510080524        1.4312938500463770     
  0.53557708273314419        1.4317821353451159     
  0.53618967507496884        1.4322710792910778     
  0.53680311345770693        1.4327606829020614     
  0.53741739921130227        1.4332509471930730     
  0.53803253367525739        1.4337418731875842     
  0.53864851813272629        1.4342334618574741     
  0.53926535399117725        1.4347257142891530     
  0.53988304257944875        1.4352186314920656     
  0.54050158516189351        1.4357122144206793     
  0.54112098310382750        1.4362064641234946     
  0.54174123776943817        1.4367013816428340     
  0.54236235052922188        1.4371969680267389     
  0.54298432271562880        1.4376932242881157     
  0.54360715568957263        1.4381901514672495     
  0.54423085077873012        1.4386877505725364     
  0.54485540935665999        1.4391860226553654     
  0.54548083279677850        1.4396849687644040     
  0.54610712242625215        1.4401845899060488     
  0.54673427966035459        1.4406848871689528     
  0.54736230581978196        1.4411858615507795     
  0.54799120231840037        1.4416875141387162     
  0.54862097050005365        1.4421898459507325     
  0.54925161173325110        1.4426928580311993     
  0.54988312745313406        1.4431965514830767     
  0.55051551898499229        1.4437009273055499     
  0.55114878774859699        1.4442059865897443     
  0.55178293507116816        1.4447117303365240     
  0.55241796245212771        1.4452181597091480     
  0.55305387119189731        1.4457252756788801     
  0.55369066272046474        1.4462330793466356     
  0.55432833843610596        1.4467415717762777     
  0.55496689971429602        1.4472507540126569     
  0.55560634799096864        1.4477606271567403     
  0.55624668468459981        1.4482711922898899     
  0.55688791119359793        1.4487824504756086     
  0.55753002885461966        1.4492944027218311     
  0.55817303920283245        1.4498070502218869     
  0.55881694362057222        1.4503203940164520     
  0.55946174351882372        1.4508344351817493     
  0.56010744021778414        1.4513491747081384     
  0.56075403532364865        1.4518646138549183     
  0.56140153017328043        1.4523807536141871     
  0.56204992621742389        1.4528975951011605     
  0.56269922486179225        1.4534151393806261     
  0.56334942761186302        1.4539333876128453     
  0.56400053582595655        1.4544523408145786     
  0.56465255096001099        1.4549720001031674     
  0.56530547451852187        1.4554923666330990     
  0.56595930794090132        1.4560134414954917     
  0.56661405265891096        1.4565352257786035     
  0.56726971008005989        1.4570577205480340     
  0.56792628173265358        1.4575809269832123     
  0.56858376907567632        1.4581048461897299     
  0.56924217357396389        1.4586294792839576     
  0.56990149664214251        1.4591548273343968     
  0.57056173977509728        1.4596808914878081     
  0.57122290445183976        1.4602076728693998     
  0.57188499219583033        1.4607351726473286     
  0.57254800443855458        1.4612633918998403     
  0.57321194258940589        1.4617923316912869     
  0.57387680823915521        1.4623219932571137     
  0.57454260289070369        1.4628523777354352     
  0.57520932800140534        1.4633834862292381     
  0.57587698499949869        1.4639153198169170     
  0.57654557545601726        1.4644478797130023     
  0.57721510086093286        1.4649811670435138     
  0.57788556273066083        1.4655151829662623     
  0.57855696244962418        1.4660499285117234     
  0.57922930169899189        1.4665854050015601     
  0.57990258196281630        1.4671216135442129     
  0.58057680462949202        1.4676585551764734     
  0.58125197132547957        1.4681962311672354     
  0.58192808354675185        1.4687346426395866     
  0.58260514284372267        1.4692737907809930     
  0.58328315067437975        1.4698136766850460     
  0.58396210862608522        1.4703543015770462     
  0.58464201817725103        1.4708956665649811     
  0.58532288098542384        1.4714377729388159     
  0.58600469843922398        1.4719806217133273     
  0.58668747220708994        1.4725242141976072     
  0.58737120376944640        1.4730685514912045     
  0.58805589464398611        1.4736136347492985     
  0.58874154644183518        1.4741594652117829     
  0.58942816062547010        1.4747060439653308     
  0.59011573891218660        1.4752533723583476     
  0.59080428275100871        1.4758014514511983     
  0.59149379367134680        1.4763502824128527     
  0.59218427342041735        1.4768998666118449     
  0.59287572333691141        1.4774502049960612     
  0.59356814512577438        1.4780012989173441     
  0.59426154038721446        1.4785531495787279     
  0.59495591061543673        1.4791057580957734     
  0.59565125737904967        1.4796591256676803     
  0.59634758241680497        1.4802132536489814     
  0.59704488709257997        1.4807681430073170     
  0.59774317321388470        1.4813237951931570     
  0.59844244228184240        1.4818802112945508     
  0.59914269581888757        1.4824373924657697     
  0.59984393553685833        1.4829953400401117     
  0.60054616300603103        1.4835540551855486     
  0.60124937984458926        1.4841135391393498     
  0.60195358763327111        1.4846737930916822     
  0.60265878803734929        1.4852348183223885     
  0.60336498249659998        1.4857966158745968     
  0.60407217286077486        1.4863591872321122     
  0.60478036065524887        1.4869225334921319     
  0.60548954752284068        1.4874866559226669     
  0.60619973503231961        1.4880515556935878     
  0.60691092483439779        1.4886172340710786     
  0.60762311861502738        1.4891836923411987     
  0.60833631785558018        1.4897509315792121     
  0.60905052440246643        1.4903189532628582     
  0.60976573982321547        1.4908877585227207     
  0.61048196578648783        1.4914573486450198     
  0.61119920378897885        1.4920277247170772     
  0.61191745571357736        1.4925988882533499     
  0.61263672305532102        1.4931708402966248     
  0.61335700744492594        1.4937435821079772     
  0.61407831063261420        1.4943171150374361     
  0.61480063411672337        1.4948914401536513     
  0.61552397987199980        1.4954665590716545     
  0.61624834924363603        1.4960424726492831     
  0.61697374414219552        1.4966191824736130     
  0.61770016607727640        1.4971966895767954     
  0.61843076639161076        1.4977795374618812     
  0.61915930529671903        1.4983587102914480     
  0.61988887679915150        1.4989386861076333     
  0.62061948357371777        1.4995194659386377     
  0.62135112752888577        1.5001010512549997     
  0.62208381016804060        1.5006834431797573     
  0.62281753339571466        1.5012666431779242     
  0.62355229888045294        1.5018506525134199     
  0.62428810848086302        1.5024354726110651     
  0.62502496389862272        1.5030211047605113     
  0.62576286685898230        1.5036075502732154     
  0.62650181924235770        1.5041948105906899     
  0.62724182271824014        1.5047828869745437     
  0.62798287910540940        1.5053717808122964     
  0.62872499019406647        1.5059614934685963     
  0.62946815771653641        1.5065520262557701     
  0.63021238346600716        1.5071433805373557     
  0.63095766937843489        1.5077355578014475     
  0.63170401725080993        1.5083285594127442     
  0.63245142864654869        1.5089223865372561     
  0.63319990579805774        1.5095170409128413     
  0.63394945012142401        1.5101125235766251     
  0.63470006361345588        1.5107088360628307     
  0.63545174822600281        1.5113059798668478     
  0.63620450573256360        1.5119039563278536     
  0.63695833798682788        1.5125027668542894     
  0.63771324680395969        1.5131024128199952     
  0.63846923402750733        1.5137028956205985     
  0.63922630173567629        1.5143042168553991     
  0.63998445176946983        1.5149063779153116     
  0.64074368567719742        1.5155093799376957     
  0.64150400614715175        1.5161132250325848     
  0.64226541423241823        1.5167179139171489     
  0.64302791281329108        1.5173234488604910     
  0.64379150259131701        1.5179298302619710     
  0.64455618684455140        1.5185370607395907     
  0.64532196736043257        1.5191451416136745     
  0.64608884559019353        1.5197540739155795     
  0.64685682354331420        1.5203638591681896     
  0.64762590377302476        1.5209744993170888     
  0.64839608829871953        1.5215859958873126     
  0.64916737977029626        1.5221983509036527     
  0.64993977989824336        1.5228115655880927     
  0.65071329077419149        1.5234256414873051     
  0.65148791440275555        1.5240405800591601     
  0.65226298647533798        1.5246559001127888     
  0.65303979019341418        1.5252725327102896     
  0.65381770751994783        1.5258900288619928     
  0.65459674118411604        1.5265083907199266     
  0.65537689287941459        1.5271276195534695     
  0.65615816422456641        1.5277477165671141     
  0.65694055689555442        1.5283686830148260     
  0.65772407267669153        1.5289905202440126     
  0.65850871289067714        1.5296132292063263     
  0.65929447874839053        1.5302368107583730     
  0.66008137168176328        1.5308612659478489     
  0.66086939248454157        1.5314865952779995     
  0.66165854169156568        1.5321127990333649     
  0.66244881991697846        1.5327398775689529     
  0.66324022558690676        1.5333678293775463     
  0.66403275753713498        1.5339966533078511     
  0.66482641134711984        1.5346263454467235     
  0.66562118196528208        1.5352569013557302     
  0.66641705568236254        1.5358883092463169     
  0.66721401533636870        1.5365205544399039     
  0.66801336930172739        1.5371547487145703     
  0.66881288914992043        1.5377889975149039     
  0.66961359914595930        1.5384241717988925     
  0.67041553560168687        1.5390603026082090     
  0.67121882562547897        1.5396974991097245     
  0.67202194411486083        1.5403344501644360     
  0.67282777156525353        1.5409736306484394     
  0.67363371606489086        1.5416128136898086     
  0.67479623517724097        1.5425582025886357     
  0.67552423813907980        1.5431302394423474     
  0.67632348914917795        1.5437633765247953     
  0.67712386162279403        1.5443973783665652     
  0.67792603725868417        1.5450328303540064     
  0.67872913407928714        1.5456689746657921     
  0.67953358022944688        1.5463061788814716     
  0.68033983131402165        1.5469448341571663     
  0.68114703470116122        1.5475842078913176     
  0.68195560475659311        1.5482246558219055     
  0.68276596171004300        1.5488665387027103     
  0.68357731655386123        1.5495091785997841     
  0.68439003514904528        1.5501528895734142     
  0.68520453805293358        1.5507980326556587     
  0.68602006725777664        1.5514439565487061     
  0.68683698058481335        1.5520909683966375     
  0.68765565524771421        1.5527393919927872     
  0.68847540086183245        1.5533886341362082     
  0.68929688005575729        1.5540392637643483     
  0.69011945522793927        1.5546907330193613     
  0.69094374758135779        1.5553435752503333     
  0.69176916422714907        1.5559972810117737     
  0.69259629343965445        1.5566523553531924     
  0.69342456949494324        1.5573083121732858     
  0.69425454311126522        1.5579656242553490     
  0.69508595740152668        1.5586240707474204     
  0.69591855587274054        1.5592834311502857     
  0.69675283339696148        1.5599441302624595     
  0.69758856101741085        1.5606059712298763     
  0.69842573623420301        1.5612689516843863     
  0.69926435665887177        1.5619330693582048     
  0.70010442746504820        1.5625983284733032     
  0.70094595686447425        1.5632647358618126     
  0.70178894467614561        1.5639322911463420     
  0.70263356270010346        1.5646011416369112     
  0.70347963609867481        1.5652711369653587     
  0.70432715967514203        1.5659422724455414     
  0.70516019859321599        1.5666007463903473     
  0.70605919900458580        1.5673159913765322     
  0.70696891297474107        1.5680402093246162     
  0.70802863914529279        1.5688931135455575     
  0.70861546442545598        1.5693398880978195     
  0.70947039759924602        1.5700167504959546     
  0.71038435397955912        1.5707443015454583     
  0.71204448940112819        1.5720546759268617     
  0.71290547378561619        1.5727363063829043     
  0.71376792526672594        1.5734190890321900     
  0.71463188651803033        1.5741030602793744     
  0.71549727658795792        1.5747881503920858     
  0.71636429425243153        1.5754745297849202     
  0.71723271988528781        1.5761620096730637     
  0.71810309587989296        1.5768510554447159     
  0.71987510187510440        1.5782556483921988     
   1.8321212230821862        2.3334454419669024     
  0.72162740122361257        1.5796428916127208     
  0.72247611310399984        1.5803127949958071     
  0.72335185586752693        1.5810057938008724     
  0.72424296795105980        1.5817118723744850     
  0.72599875486092880        1.5831010096384766     
  0.72688680174115372        1.5838040273056280     
  0.72776794545836265        1.5845012066791009     
  0.72865602647885996        1.5852041586206704     
  0.72954320849456289        1.5859061742727549     
  0.73043206534073657        1.5866095445573434     
  0.73132265068143631        1.5873142845786008     
  0.73221458412631857        1.5880200696928450     
  0.73310772386983647        1.5887267779777452     
  0.73400207949433516        1.5894344174255330     
  0.73495277301634565        1.5901902935971455     
  0.73578985567410815        1.5908478337216385     
  0.73669960056496941        1.5915690625100583     
  0.73760856942034769        1.5922887920248394     
  0.73858128571508330        1.5930630730517834     
  0.73939547927056959        1.5937012819955245     
  0.74120774613754525        1.5951350751062576     
  0.74211682240674537        1.5958543256091453     
  0.74304614368735389        1.5965908276631775     
  0.74392973689195974        1.5972879887246387     
  0.74488972727850289        1.5980504410267327     
  0.74586260337569499        1.5988240982202222     
  0.74666631075977352        1.5994523795157631     
  0.74758160545199526        1.6001762745577688     
  0.74848399058194648        1.6008868891206887     
  0.74941584104725900        1.6016268518145100     
  0.75031530132146962        1.6023343250743225     
  0.75126737137275224        1.6030917868171723     
  0.75217499639696672        1.6038085191821181     
  0.75309617221026159        1.6045367568125664     
  0.75402383234603998        1.6052704504305386     
  0.75494833637075909        1.6060013089534233     
  0.75587611423640966        1.6067348627724016     
  0.75680525019783562        1.6074694638121154     
  0.75773557584768647        1.6082049666221456     
  0.75866717431016384        1.6089414424298965     
  0.75959835697676092        1.6096774070893001     
  0.76053318386074809        1.6104164296245089     
  0.76146918564195432        1.6111563323628073     
  0.76240649238064462        1.6118972326997747     
  0.76334512254843245        1.6126391467567340     
  0.76428510043826792        1.6133820956951404     
  0.76522644636103465        1.6141260970647719     
  0.76616917559347353        1.6148711639652888     
  0.76711330169983216        1.6156173079593128     
  0.76805883263273877        1.6163645357038747     
  0.76900577844298579        1.6171128556472385     
  0.76995414435655540        1.6178622720448390     
  0.77090393622821884        1.6186127896846068     
  0.77185515782444991        1.6193644115426471     
  0.77280781347397731        1.6201171410757604     
  0.77376190671190193        1.6208709810518891     
  0.77471744090431383        1.6216259340905248     
  0.77567441905758949        1.6223820024999014     
  0.77663284435666513        1.6231391887401894     
  0.77759271968921717        1.6238974950146052     
  0.77855404812923368        1.6246569236855779     
  0.77951683255801063        1.6254174769487593     
  0.78048107583530446        1.6261791569806721     
  0.78144678104486909        1.6269419661490152     
  0.78241395098889521        1.6277059065790951     
  0.78338245529794159        1.6284708430562462     
  0.78435257377313505        1.6292370651249550     
  0.78532416502924740        1.6300044257364590     
  0.78628927446349328        1.6307654798857871     
  0.78727163996709026        1.6315425146756468     
  0.78823992061571579        1.6323064063895010     
  0.78922520061593615        1.6330852345578575     
  0.79019656514219383        1.6338518873205712     
  0.79118471052864536        1.6346325488480367     
  0.79215918612708291        1.6354019320883202     
  0.79315019498134753        1.6361844769314682     
  0.79412780474861944        1.6369565643717534     
  0.79512167886279861        1.6377410376986730     
  0.79610244263397290        1.6385158069505441     
  0.79709918684073344        1.6393022498614829     
  0.79808312272452331        1.6400796830535938     
  0.79908274486638020        1.6408681332393686     
  0.80006986796962143        1.6416482140114457     
  0.80107237811600718        1.6424387069894628     
  0.80206270265394808        1.6432214224421826     
  0.80306811254127131        1.6440139909308271     
  0.80406165079766134        1.6447993294634951     
  0.80506997343829523        1.6455940043153148     
  0.80606673746442814        1.6463819572223257     
  0.80707798641609685        1.6471787666556938     
  0.80807798741815717        1.6479693268030811     
  0.80909217779755815        1.6487682980712661     
  0.81009542647450949        1.6495614599028916     
  0.81111257386849289        1.6503626186362710     
  0.81211908049817305        1.6511583779477828     
  0.81313920039372989        1.6519617479676239     
  0.81414897509193651        1.6527601019326110     
  0.81517208402193153        1.6535657064282745     
  0.81618513678317095        1.6543666533993471     
  0.81721125146622353        1.6551745144216810     
  0.81822759224517960        1.6559780538319497     
  0.81925672973092301        1.6567881925876293     
  0.82027636819136873        1.6575943244966100     
  0.82130854561838817        1.6584067613773112     
  0.82233149197959898        1.6592154872905724     
  0.82336672640789144        1.6600302416343942     
  0.82439299055721804        1.6608415633860649     
  0.82543129954471461        1.6616586543299114     
  0.82646089173806447        1.6624725747589735     
  0.82750229276367460        1.6632920206656250     
  0.82853522328712037        1.6641085431576776     
  0.82957973401812657        1.6649303620137221     
  0.83061601324066103        1.6657494904872689     
  0.83166365126616171        1.6665736997321838     
  0.83270328980796449        1.6673954387587009     
  0.83375407292143255        1.6682220555522185     
  0.83479708171405986        1.6690464103592828     
  0.83584569680986975        1.6698738277448051     
  0.83689665238498678        1.6707024372217476     
  0.83794929888031366        1.6715323435408176     
  0.83900359888828724        1.6723635192644415     
  0.84005954921960979        1.6731959681466395     
  0.84111715302415213        1.6740296925740594     
  0.84217641400567744        1.6748646954805499     
  0.84323733587491267        1.6757009796786422     
  0.84429992223069616        1.6765385478865866     
  0.84536417722368107        1.6773774034009299     
  0.84643010424192777        1.6782175486336706     
  0.84749770716195227        1.6790589866542360     
  0.84856699005870972        1.6799017206123783     
  0.84963795650547547        1.6807457531351702     
  0.85071061029057082        1.6815910871567341     
  0.85178495581032498        1.6824377261673169     
  0.85286099619858058        1.6832856722989344     
  0.85393873581064628        1.6841349291252563     
  0.85501817856131745        1.6849854995482472     
  0.85609932811258671        1.6858373863206566     
  0.85718218867846097        1.6866905927674281     
  0.85826676388236889        1.6875451215390234     
  0.85935305822961516        1.6884009762560508     
  0.86044107514390977        1.6892581593294418     
  0.86153081901791251        1.6901166742959055     
  0.86262229391977618        1.6909765242120933     
  0.86371550336870384        1.6918377116642069     
  0.86481045193011052        1.6927002403235218     
  0.86590714346658770        1.6935641130261061     
  0.86700558221017865        1.6944293330770148     
  0.86810577229708197        1.6952959036261261     
  0.86920771751655734        1.6961638275056752     
  0.87031142241864790        1.6970331083234500     
  0.87141689099479569        1.6979037490461830     
  0.87252412755168618        1.6987757530239147     
  0.87363313610133986        1.6996491232750404     
  0.87474392103810872        1.7005238632227453     
  0.87585648644183112        1.7013999759396601     
  0.87697083666548115        1.7022774647986347     
  0.87808697600597241        1.7031563330822939     
  0.87920490881827495        1.7040365841370280     
  0.88032463940356520        1.7049182212497769     
  0.88144617218302923        1.7058012478259212     
  0.88256951125501559        1.7066856669505319     
  0.88369466109768813        1.7075714821014425     
  0.88482162641168416        1.7084586969220577     
  0.88595041128765162        1.7093473144615938     
  0.88708102035592651        1.7102373383370435     
  0.88821345801946183        1.7111287718928385     
  0.88934772881747537        1.7120216186261596     
  0.89048383719401247        1.7129158819283816     
  0.89162178766315803        1.7138115652648580     
  0.89276158490092072        1.7147086722435259     
  0.89390323342481492        1.7156072063088579     
  0.89504673789257638        1.7165071710492996     
  0.89619210281929063        1.7174085699060013     
  0.89733933306160885        1.7183114066485945     
  0.89848843322260308        1.7192156847800280     
  0.89963940787605023        1.7201214077978821     
  0.90079226170202675        1.7210285792973448     
  0.90194699962461056        1.7219372030885904     
  0.90310362646419495        1.7228472828654469     
  0.90426214676001382        1.7237588220702058     
  0.90542256550506250        1.7246718245828863     
  0.90658488761043676        1.7255862941700406     
  0.90774911789302315        1.7265022345182222     
  0.90891526102086095        1.7274196491822218     
  0.91008332230169542        1.7283385423128750     
  0.91125330655548420        1.7292589175642883     
  0.91242521864366388        1.7301807786649031     
  0.91359906364412513        1.7311041295344274     
  0.91477484644509566        1.7320289739019485     
  0.91595257235434846        1.7329553158925384     
  0.91713224626327128        1.7338831592192263     
  0.91831387332816061        1.7348125078652017     
  0.91949745887827983        1.7357433659493984     
  0.92068300788169477        1.7366757372499064     
  0.92187052549680681        1.7376096257405012     
  0.92305999304938724        1.7385450262137321     
  0.92425146407766090        1.7394819618596384     
  0.92544491919895489        1.7404204264025460     
  0.92664036396581739        1.7413604243273151     
  0.92783780394869042        1.7423019599250309     
  0.92903724432260226        1.7432450371373129     
  0.93023869062336384        1.7441896602515792     
  0.93144214825430138        1.7451358334117650     
  0.93264762267691004        1.7460835608207916     
  0.93385511947221578        1.7470328467834517     
  0.93506464392874222        1.7479836953327610     
  0.93627620182945948        1.7489361109604267     
  0.93748979869251203        1.7498900978906864     
  0.93870544024226010        1.7508456605460121     
  0.93992313187840737        1.7518028030437574     
  0.94114287959359300        1.7527615300483206     
  0.94236468882110569        1.7537218456892483     
  0.94358856554475001        1.7546837546165122     
  0.94481451552887685        1.7556472612527032     
  0.94604254460997339        1.7566123700945746     
  0.94727265848544662        1.7575790855080542     
  0.94850486325041727        1.7585474122190003     
  0.94973916479335097        1.7595173547472154     
  0.95097556906169545        1.7604889176731389     
  0.95221408184525269        1.7614621054307857     
  0.95345470964743284        1.7624369230956898     
  0.95469745817534823        1.7634133749980367     
  0.95594233370110571        1.7643914660062192     
  0.95718934233926833        1.7653712008192595     
  0.95843849040111229        1.7663525843159575     
  0.95968978389769777        1.7673356210974749     
  0.96094322925593090        1.7683203161448076     
  0.96219883282878282        1.7693066743520789     
  0.96345660071399664        1.7702947003888605     
  0.96471653965941329        1.7712843995080378     
  0.96597865584083631        1.7722757764266437     
  0.96724295588028453        1.7732688362776106     
  0.96850944619239887        1.7742635839893732     
  0.96977813333520646        1.7752600246227042     
  0.97104902397939719        1.7762581633297703     
  0.97232212472672097        1.7772580051945406     
  0.97359744235603429        1.7782595554572516     
  0.97487498347441148        1.7792628191970936     
  0.97615475487918757        1.7802678016644968     
  0.97743676341651908        1.7812745081427388     
  0.97872101595171146        1.7822829439275445     
  0.98000751947719700        1.7832931144231332     
  0.98129628071366914        1.7843050247865118     
  0.98258730689239437        1.7853186806307939     
  0.98388060503910624        1.7863340873671678     
  0.98517618217888780        1.7873512504106057     
  0.98647404536897954        1.7883701752010555     
  0.98777420216675060        1.7893908676131229     
  0.98907665939940725        1.7904133328611007     
  0.99038142456437539        1.7914375767679913     
  0.99168850503974082        1.7924636050265557     
  0.99299790818411693        1.7934914233137798     
  0.99430964136337963        1.7945210373099565     
  0.99562371222416046        1.7955524529371720     
  0.99694012817857514        1.7965856759007834     
  0.99825889693546677        1.7976207121692229     
  0.99958002613299024        1.7986575676364778     
   1.0009035234666648        1.7996962482454495     
   1.0022293966141773        1.8007367599179451     
   1.0035576536569293        1.8017791089256641     
   1.0048883022427020        1.8028233011459127     
   1.0062213504061286        1.8038693428027104     
   1.0075568060966280        1.8049172400307909     
   1.0088946774886811        1.8059669991597453     
   1.0102349724873230        1.8070186262744516     
   1.0115776995475769        1.8080721279422383     
   1.0129228666336361        1.8091275102842523     
   1.0142704821332185        1.8101847797994997     
   1.0156205544762598        1.8112439430083795     
   1.0169730918896205        1.8123050062498434     
   1.0183281031827853        1.8133679763701500     
   1.0196855966416518        1.8144328597416892     
   1.0210455808677410        1.8154996630201228     
   1.0224080646930509        1.8165683930488972     
   1.0237730567040759        1.8176390564484421     
   1.0251405658023205        1.8187116601144129     
   1.0265106008710121        1.8197862109142171     
   1.0278831707164500        1.8208627156450159     
   1.0292582845950122        1.8219411814906517     
   1.0306359512762293        1.8230216151991292     
   1.0320161801382794        1.8241040240510571     
   1.0333989804444148        1.8251884152099485     
   1.0347843612831600        1.8262747956854701     
   1.0361723320973761        1.8273631727932025     
   1.0375629024537427        1.8284535539427713     
   1.0389560817930010        1.8295459464275585     
   1.0403518796083295        1.8306403575843393     
   1.0417503057282658        1.8317367950330494     
   1.0431513697300796        1.8328352661643157     
   1.0445550816025546        1.8339357787248094     
   1.0459614511240316        1.8350383402651316     
   1.0473704883593331        1.8361429585826412     
   1.0487822033236835        1.8372496414204422     
   1.0501966062093731        1.8383583966700436     
   1.0516137072162961        1.8394692322205173     
   1.0530335167249509        1.8405821561107265     
   1.0544560450569072        1.8416971763199292     
   1.0558813026934954        1.8428143009601661     
   1.0573093002740048        1.8439335382706243     
   1.0587400484526741        1.8450548964948061     
   1.0601735578339002        1.8461783838270538     
   1.0616098394719542        1.8473040088433064     
   1.0630489041574558        1.8484317798790046     
   1.0644907631485860        1.8495617056694575     
   1.0659354271835850        1.8506937944897184     
   1.0673829077489807        1.8518280552592279     
   1.0688332161431773        1.8529644967172136     
   1.0702863635790467        1.8541031275261866     
   1.0717423618906343        1.8552439568762291     
   1.0732012224458471        1.8563869935409436     
   1.0746629569372732        1.8575322465733044     
   1.0761275773682852        1.8586797252800602     
   1.0775950955384173        1.8598294387820227     
   1.0790655233919459        1.8609813963197603     
   1.0805388730759391        1.8621356072985460     
   1.0820151569913095        1.8632920813302967     
   1.0834943873786269        1.8644508278784877     
   1.0849765767244024        1.8656118566123852     
   1.0864617375740309        1.8667751772401688     
   1.0879498824924274        1.8679407994784873     
   1.0894410244249839        1.8691087333608971     
   1.0909351761809021        1.8702789887915094     
   1.0924323508570009        1.8714515759141832     
   1.0939325617036688        1.8726265049915800     
   1.0954358217210232        1.8738037860629000     
   1.0969421445082772        1.8749834296733612     
   1.0984515435289348        1.8761654462361665     
   1.0999640325163629        1.8773498463879879     
   1.1014796249615415        1.8785366405467032     
   1.1029983350947736        1.8797258397545409     
   1.1045201766822961        1.8809174546403726     
   1.1060451641140125        1.8821114963608907     
   1.1075733114948609        1.8833079758134526     
   1.1091046333555510        1.8845069042520102     
   1.1106391442824020        1.8857082929632691     
   1.1121768588958616        1.8869121532530577     
   1.1137177921262393        1.8881184966803182     
   1.1152619589426251        1.8893273348239288     
   1.1168093745541561        1.8905386794562602     
   1.1183600541520071        1.8917525423214658     
   1.1199140131907410        1.8929689353778218     
   1.1214712672480229        1.8941878706745343     
   1.1230318321937580        1.8954093604972049     
   1.1245957237120894        1.8966334169599202     
   1.1261629581539518        1.8978600527335614     
   1.1277335514653983        1.8990892801277361     
   1.1293075202253908        1.9003211119817442     
   1.1308848807214529        1.9015555608699488     
   1.1324656501660131        1.9027926401418469     
   1.1340498448488279        1.9040323623448701     
   1.1356374822626374        1.9052747410419788     
   1.1372285793654455        1.9065197893199910     
   1.1388231538223650        1.9077675208569871     
   1.1404212230390742        1.9090179490926209     
   1.1420228048954733        1.9102710878572609     
   1.1436279171915347        1.9115269508971438     
   1.1452365781799665        1.9127855523282313     
   1.1468488062739690        1.9140469063854444     
   1.1484646200273434        1.9153110274074523     
   1.1500840379393811        1.9165779296721250     
   1.1517070791731832        1.9178476280046755     
   1.1533337627589264        1.9191201370983055     
   1.1549641078512494        1.9203954717382459     
   1.1565981342891591        1.9216736472713318     
   1.1582358618043225        1.9229546789340406     
   1.1598773102003377        1.9242385820091268     
   1.1615224997510014        1.9255253721599648     
   1.1631714510077980        1.9268150652650491     
   1.1648241843994818        1.9281076770814511     
   1.1664807208394858        1.9294032237594043     
   1.1681410815246445        1.9307017216683722     
   1.1698052875871108        1.9320031871044487     
   1.1714733608858081        1.9333076369590982     
   1.1731453230720290        1.9346150879269044     
   1.1748211962246902        1.9359255570465355     
   1.1765010026857556        1.9372390615568240     
   1.1781847649969168        1.9385556188452502     
   1.1798725060106947        1.9398752465406823     
   1.1815642489353553        1.9411979625502354     
   1.1832600170418739        1.9425237848127967     
   1.1849598338699057        1.9438527314732266     
   1.1866637234522290        1.9451848210690468     
   1.1883717100975439        1.9465200723463518     
   1.1900838182157114        1.9478585041145875     
   1.1918000723797801        1.9492001352986872     
   1.1935204979241254        1.9505449854402306     
   1.1952451201658691        1.9518930740403668     
   1.1969739647137878        1.9532444208235982     
   1.1987070576316874        1.9545990458715448     
   1.2004444252784183        1.9559569694882253     
   1.2021860941789240        1.9573182120923631     
   1.2039320914693237        1.9586827945897460     
   1.2056824441424960        1.9600507377401812     
   1.2074371803137320        1.9614220632185986     
   1.2091963275277338        1.9627967921923892     
   1.2109599144399130        1.9641749467359726     
   1.2127279695421254        1.9655565487559485     
   1.2145005220781337        1.9669416207619266     
   1.2162776013871122        1.9683301853136563     
   1.2180592372092893        1.9697222652782651     
   1.2198454599709698        1.9711178840667012     
   1.2216363002126043        1.9725170651539181     
   1.2234317887231552        1.9739198321935372     
   1.2252319571355175        1.9753262095132667     
   1.2270368373125207        1.9767362215991233     
   1.2288464613634829        1.9781498931116812     
   1.2306608620930943        1.9795672492597403     
   1.2324800725231722        1.9809883153984202     
   1.2343041262364878        1.9824131173181088     
   1.2361330574955063        1.9838416813396500     
   1.2379669004147316        1.9852740336259203     
   1.2398056902963437        1.9867102012942468     
   1.2416494624991516        1.9881502114707335     
   1.2434982529532723        1.9895940917212671     
   1.2453520981333575        1.9910418700266044     
   1.2472110350956989        1.9924935748124830     
   1.2490751013303050        1.9939492348259396     
   1.2509443346950890        1.9954088790799749     
   1.2528187741328072        1.9968725374489025     
   1.2546984585923391        1.9983402397684080     
   1.2565834277524064        1.9998120164402293     
   1.2584737221159945        2.0012878985058848     
   1.2603693823635516        2.0027679171097672     
   1.2622704501636570        2.0042521041722088     
   1.2641769677126273        2.0057404920039286     
   1.2660889776452935        2.0072331132329051     
   1.2680065234025890        2.0087300011079061     
   1.2699296491246108        2.0102311894077358     
   1.2718583996430666        2.0117367124341223     
   1.2737928202718138        2.0132466048372293     
   1.2757329573585969        2.0147609020716777     
   1.2776788575275781        2.0162796397667595     
   1.2796305687146323        2.0178028545844056     
   1.2815881391109409        2.0193305833402810     
   1.2835516180444466        2.0208628637349824     
   1.2855210554780805        2.0223997339349924     
   1.2874965019326514        2.0239412325095048     
   1.2894780094267451        2.0254873992046121     
   1.2914656300526985        2.0270382737644650     
   1.2934594174078851        2.0285938971140705     
   1.2954594255857361        2.0301543105217554     
   1.2974657096325166        2.0317195559770918     
   1.2994783259161804        2.0332896764917221     
   1.3014973314022682        2.0348647155001203     
   1.3035227839683405        2.0364447171185676     
   1.3055547427044170        2.0380297263902265     
   1.3075932676800053        2.0396197890904322     
   1.3096384201361233        2.0412149518833980     
   1.3116902623304993        2.0428152621922151     
   1.3137488573002694        2.0444207680022011     
   1.3158142698376247        2.0460315186614508     
   1.3178865654495269        2.0476475640211791     
   1.3199658110805683        2.0492689550297740     
   1.3220520747675688        2.0508957434452464     
   1.3241454259302234        2.0525279820719180     
   1.3262459353002201        2.0541657246991512     
   1.3283536745874174        2.0558090258254285     
   1.3304687176156134        2.0574579415872942     
   1.3325911390435998        2.0591125287059695     
   1.3347210151138940        2.0607728451002876     
   1.3368584237164325        2.0624389499352320     
   1.3390034439963947        2.0641109032965077     
   1.3411561568944745        2.0657887666315609     
   1.3433166449966574        2.0674726026212191     
   1.3454849927353831        2.0691624753416598     
   1.3476612855434063        2.0708584495685534     
   1.3498456116214115        2.0725605922199666     
   1.3520380601524824        2.0742689708900390     
   1.3542387230008233        2.0759836552357562     
   1.3564476932709257        2.0777047157940478     
   1.3586650662811506        2.0794322247738446     
   1.3608909396887063        2.0811662561527098     
   1.3631254129589396        2.0829068852387467     
   1.3653685881217110        2.0846541892838033     
   1.3676205689877667        2.0864082468381246     
   1.3698814621487228        2.0881691385619265     
   1.3721513764060913        2.0899369467526454     
   1.3744304231577971        2.0917117556559086     
   1.3767187161163732        2.0934936512291635     
   1.3790163721388775        2.0952827218113725     
   1.3813235104428911        2.0970790574786533     
   1.3836402534880496        2.0988827507543153     
   1.3859667261588346        2.1006938959380546     
   1.3883030567711323        2.1025125899170121     
   1.3906493767946286        2.1043389319317090     
   1.3930058210556451        2.1061730237336258     
   1.3953725273716628        2.1080149692800245     
   1.3977496375326792        2.1098648755224811     
   1.4001372968697159        2.1117228520468521     
   1.4025356542327785        2.1135890110468445     
   1.4049448629562318        2.1154634680966842     
   1.4073650797561794        2.1173463412472961     
   1.4097964662357585        2.1192377522349108     
   1.4122391879600031        2.1211378257212141     
   1.4146934151631796        2.1230466898537816     
   1.4171593232059863        2.1249644766236697     
   1.4196370920650843        2.1268913214395533     
   1.4221269068277034        2.1288273635149610     
   1.4246289578664326        2.1307727459950572     
   1.4271434416020226        2.1327276165571982     
   1.4296705599943720        2.1346921269849770     
   1.4322105210440450        2.1366664335565613     
   1.4347635393508176        2.1386506974780239     
   1.4373298356890876        2.1406450845226006     
   1.4399096382837921        2.1426497660403143     
   1.4425031820302217        2.1446649183090734     
   1.4451107100704457        2.1466907237828527     
   1.4477324729651198        2.1487273704024163     
   1.4503687294159953        2.1507750521542874     
   1.4530197475070328        2.1528339700416819     
   1.4556858037348639        2.1549043312806231     
   1.4583671845390245        2.1569863505001656     
   1.4610641860274229        2.1590802494935657     
   1.4637771154841284        2.1611862583955888     
   1.4665062904686170        2.1633046149276511     
   1.4692520409568708        2.1654355660788243     
   1.4720147081844561        2.1675793671421451     
   1.4747946474480358        2.1697362839170058     
   1.4775922269951418        2.1719065917791429     
   1.4804078294201315        2.1740905767520724     
   1.4832418527608835        2.1762885363358158     
   1.4860947108154718        2.1785007797091054     
   1.4889668347703457        2.1807276289738491     
   1.4918586732446257        2.1829694191333728     
   1.4947706946662285        2.1852264999235222     
   1.4977033867812772        2.1874992353561655     
   1.5006572595299126        2.1897880059369577     
   1.5036328453988959        2.1920932088699376     
   1.5066307012620390        2.1944152594376698     
   1.5096514093585780        2.1967545916918638     
   1.5126955811295757        2.1991116614024175     
   1.5157638555068189        2.2014869445979315     
   1.5188569045321356        2.2038809419107945     
   1.5219754335986819        2.2062941786468846     
   1.5251201845332358        2.2087272070968718     
   1.5282919381508058        2.2111806084154897     
   1.5314915169443526        2.2136549945951125     
   1.5347197888971267        2.2161510113107044     
   1.5379776709273125        2.2186693404556288     
   1.5412661325952866        2.2212107028669958     
   1.5445862001157533        2.2237758612697531     
   1.5479389629417242        2.2263656252230382     
   1.5513255766876946        2.2289808531548534     
   1.5547472715425319        2.2316224586883751     
   1.5582053561212252        2.2342914133457326     
   1.5617012296676949        2.2369887557735311     
   1.5652363855443390        2.2397155940800939     
   1.5688124231121181        2.2424731147077139     
   1.5724310593624571        2.2452625910497508     
   1.5760941401546469        2.2480853916866890     
   1.5798036548250911        2.2509429911848695     
   1.5835617512724562        2.2538369811754455     
   1.5873707557055394        2.2567690849690600     
   1.5912331942961497        2.2597411735292230     
   1.5951518169199868        2.2627552829258839     
   1.5991296260096606        2.2658136355996699     
   1.6031699125363505        2.2689186669606327     
   1.6072762939516125        2.2720730532621749     
   1.6114527620400612        2.2752797468692640     
   1.6157037417357172        2.2785420196679866     
   1.6200341575395016        2.2818635119083361     
   1.6244495174619304        2.2852482940629377     
   1.6289560139989239        2.2887009411607693     
   1.6335606512554353        2.2922266264420981     
   1.6382714002955832        2.2958312356693389     
   1.6430973993790190        2.2995215145845509     
   1.6480492059040230        2.3033052542698504     
   1.6531391261746413        2.3071915338186630     
   1.6583816472850321        2.3111910380034928     
   1.6637940262945738        2.3153164908347050     
   1.6695007337510019        2.3196645296644722     
   1.6753359622910886        2.3241036270512190     
   1.6814234613927326        2.3287294889163235     
   1.6878055280419288        2.3335732914199947     
   1.6945379594831300        2.3386761513910663     
   1.7016970039743189        2.3440942424551325     
   1.7093917118058592        2.3499078846880073     
   1.7177879278493262        2.3562391994555423     
   1.7271609786539730        2.3632908726632542     
   1.7380346985490387        2.3714484157158333     
   1.7516834021931040        2.3816492214192388     
   1.7755929222739186        2.3994012296231491     
