           1   1.0046177500853415       -9.9582874917975239E-002
           2   1.0023786677749393       -9.9348407910591519E-002
           3   1.0001749029353122       -9.9116903360996211E-002
           4  0.99796930384310301       -9.8885231471998125E-002
           5  0.99576163671604911       -9.8653382818976176E-002
           6  0.99355189904384456       -9.8421357426117240E-002
           7  0.99134008823758191       -9.8189155275697715E-002
           8  0.98912620530734130       -9.7956776629036568E-002
           9  0.98691024698657448       -9.7724221416849666E-002
          10  0.98469221428630238       -9.7491489903266171E-002
          11  0.98247210164988219       -9.7258581842512903E-002
          12  0.98024990990251348       -9.7025497486354695E-002
          13  0.97802563974151091       -9.6792237076768650E-002
          14  0.97579928717943376       -9.6558800492216434E-002
          15  0.97357085157967638       -9.6325187873880225E-002
          16  0.97134033176185719       -9.6091399320385129E-002
          17  0.96910772474141937       -9.5857434791160046E-002
          18  0.96687303280513026       -9.5623294657631419E-002
          19  0.96463625116310669       -9.5388978739636698E-002
          20  0.96239737952624527       -9.5154487209827110E-002
          21  0.96015641675086327       -9.4919820174790281E-002
          22  0.95791336078729861       -9.4684977671220416E-002
          23  0.95566821128934776       -9.4449959869444378E-002
          24  0.95342096614212735       -9.4214766803438543E-002
          25  0.95117162353284312       -9.3979398530872338E-002
          26  0.94892018360137242       -9.3743855263621612E-002
          27  0.94666664392630673       -9.3508137013694537E-002
          28  0.94441100271213740       -9.3272243843298241E-002
          29  0.94215325963509378       -9.3036175930706122E-002
          30  0.93989341269906701       -9.2799933324402950E-002
          31  0.93763146096725736       -9.2563516156530135E-002
          32  0.93536740385914674       -9.2326924588108206E-002
          33  0.93310123785756616       -9.2090158551124901E-002
          34  0.93083296054388587       -9.1853218064851028E-002
          35  0.92856257599468905       -9.1616103658990866E-002
          36  0.92629007725771684       -9.1378814997352009E-002
          37  0.92401546768788978       -9.1141352556497246E-002
          38  0.92173874220515251       -9.0903716149052016E-002
          39  0.91945990089743090       -9.0665905996513807E-002
          40  0.91717894303760894       -9.0427922256503201E-002
          41  0.91489586502591458       -9.0189764861156263E-002
          42  0.91261066750683240       -8.9951434078867187E-002
          43  0.91032334915524971       -8.9712930022768589E-002
          44  0.90803390769172676       -8.9474252732568260E-002
          45  0.90574234225840344       -8.9235402360625216E-002
          46  0.90344865034214794       -8.8996378930148445E-002
          47  0.90115283368619314       -8.8757182801129098E-002
          48  0.89885488703654082       -8.8517813781499477E-002
          49  0.89655481282202065       -8.8278272288388138E-002
          50  0.89425260520397221       -8.8038558085028029E-002
          51  0.89194826733668187       -8.7798671648712912E-002
          52  0.88964179497369134       -8.7558612869889529E-002
          53  0.88733318978121756       -8.7318382110376014E-002
          54  0.88502244513739448       -8.7077979074339673E-002
          55  0.88270956368490205       -8.6837404203982338E-002
          56  0.88039454552169827       -8.6596657738064131E-002
          57  0.87807738584702288       -8.6355739528932496E-002
          58  0.87575808447542935       -8.6114649796658504E-002
          59  0.87343664006539035       -8.5873388670515638E-002
          60  0.87111305095368829       -8.5631956254638375E-002
          61  0.86878731778496576       -8.5390352838222938E-002
          62  0.86645943552308291       -8.5148578259179430E-002
          63  0.86412940633362323       -8.4906632930701775E-002
          64  0.86179722825288108       -8.4664516937063894E-002
          65  0.85946289694574041       -8.4422230174973301E-002
          66  0.85712641415171564       -8.4179773027680760E-002
          67  0.85478777940576922       -8.3937145701905358E-002
          68  0.85244698910374417       -8.3694348155749942E-002
          69  0.85010404066639444       -8.3451380430889621E-002
          70  0.84775893489105203       -8.3208242839328150E-002
          71  0.84541167238977044       -8.2964935678591978E-002
          72  0.84306224746183511       -8.2721458743436393E-002
          73  0.84071066187436971       -8.2477812427548258E-002
          74  0.83835691230516396       -8.2233996717202551E-002
          75  0.83600100023946999       -8.1990011986063926E-002
          76  0.83364291986192895       -8.1745858022592266E-002
          77  0.83128267674096867       -8.1501535530958513E-002
          78  0.82892026107433492       -8.1257043980691002E-002
          79  0.82655567815391651       -8.1012384057437714E-002
          80  0.82418892239964081       -8.0767555571772398E-002
          81  0.82181999752108181       -8.0522559083583189E-002
          82  0.81944889585378922       -8.0277394238660982E-002
          83  0.81707562087058461       -8.0032061581320590E-002
          84  0.81470017142721385       -7.9786561283204271E-002
          85  0.81232254154482286       -7.9540893129438572E-002
          86  0.80994273181202603       -7.9295057435755822E-002
          87  0.80756074466770111       -7.9049054666755936E-002
          88  0.80517657594860892       -7.8802884755861058E-002
          89  0.80279022284613866       -7.8556547748603656E-002
          90  0.80040168620801533       -7.8310043985895028E-002
          91  0.79801096417428141       -7.8063373590889107E-002
          92  0.79561805468818758       -7.7816536672439263E-002
          93  0.79322295444017066       -7.7569533239216781E-002
          94  0.79082567078557764       -7.7322364163693535E-002
          95  0.78842619257741042       -7.7075028821189662E-002
          96  0.78602452308743176       -7.6827527758859482E-002
          97  0.78362065871779085       -7.6579860965427571E-002
          98  0.78121460016411814       -7.6332028780190520E-002
          99  0.77880634753146316       -7.6084031495080140E-002
         100  0.77639589634957729       -7.5835869032470526E-002
         101  0.77398324672383068       -7.5587541688202364E-002
         102  0.77156839733395743       -7.5339049642413336E-002
         103  0.76915134294530696       -7.5090392759209479E-002
         104  0.76673208773331003       -7.4841571668730289E-002
         105  0.76431062924966808       -7.4592586462522981E-002
         106  0.76188696355407060       -7.4343437113214783E-002
         107  0.75946109579182808       -7.4094124334491696E-002
         108  0.75703301600013340       -7.3844647609697667E-002
         109  0.75460272461132505       -7.3595007273040025E-002
         110  0.75217022615593876       -7.3345203991307173E-002
         111  0.74973551817569917       -7.3095237862203177E-002
         112  0.74729859110643959       -7.2845108407632253E-002
         113  0.74485944881616273       -7.2594816247335103E-002
         114  0.74241809594226138       -7.2344362061839362E-002
         115  0.73997452037008915       -7.2093745165725309E-002
         116  0.73752872707918449       -7.1842966274822118E-002
         117  0.73508071718418511       -7.1592025786490154E-002
         118  0.73263048370984873       -7.1340923439000115E-002
         119  0.73017802276832489       -7.1089659226187152E-002
         120  0.72772334744522948       -7.0838234531700905E-002
         121  0.72526643930165458       -7.0586648155273934E-002
         122  0.72280730225171208       -7.0334900736601647E-002
         123  0.72034594251390283       -7.0082993100161417E-002
         124  0.71788235041877602       -6.9830924768284675E-002
         125  0.71541652921075705       -6.9578696328912670E-002
         126  0.71294847376626946       -6.9326307679897781E-002
         127  0.71047818460296697       -6.9073759187038952E-002
         128  0.70800566153089994       -6.8821051157148538E-002
         129  0.70553089852176099       -6.8568183419012385E-002
         130  0.70305390173198190       -6.8315156806299626E-002
         131  0.70057466278533009       -6.8061970954936157E-002
         132  0.69809318244329299       -6.7808626258814009E-002
         133  0.69560946505127597       -6.7555123405224293E-002
         134  0.69312349891380165       -6.7301461760933989E-002
         135  0.69063528920730111       -6.7047642088898129E-002
         136  0.68814483202008958       -6.6793664399189545E-002
         137  0.68565212702194922       -6.6539529001197195E-002
         138  0.68315717341744675       -6.6285236166849337E-002
         139  0.68065997140542456       -6.6030786251402240E-002
         140  0.67816051170526725       -6.5776178828294007E-002
         141  0.67565880484145180       -6.5521415111797765E-002
         142  0.67315484778850876       -6.5266495192289220E-002
         143  0.67064862696340699       -6.5011418291026857E-002
         144  0.66814014497946161       -6.4756184974681830E-002
         145  0.66562940331234088       -6.4500795711477821E-002
         146  0.66311640427472163       -6.4245251042417628E-002
         147  0.66060114331487962       -6.3989550939518303E-002
         148  0.65808362042819768       -6.3733695756372555E-002
         149  0.65556382954486248       -6.3477685343107382E-002
         150  0.65304177179866896       -6.3221520150753108E-002
         151  0.65051744773163911       -6.2965200580650915E-002
         152  0.64799084962097209       -6.2708726348908783E-002
         153  0.64546198443040093       -6.2452098396943434E-002
         154  0.64293084221754704       -6.2195316256321576E-002
         155  0.64039742898915053       -6.1938380793653991E-002
         156  0.63786173760812437       -6.1681291776640279E-002
         157  0.63532376532458967       -6.1424049344302567E-002
         158  0.63278351997925242       -6.1166654518885366E-002
         159  0.63024098994826683       -6.0909106697335069E-002
         160  0.62769617993414006       -6.0651406646600847E-002
         161  0.62514907764193350       -6.0393553710791359E-002
         162  0.62259970038797274       -6.0135549714083858E-002
         163  0.62004803005643527       -5.9877393512084431E-002
         164  0.61749407128657074       -5.9619085876348343E-002
         165  0.61493782206044001       -5.9360627014250156E-002
         166  0.61237927610922327       -5.9102016782154543E-002
         167  0.60981843734568097       -5.8843255891416035E-002
         168  0.60725530582286380       -5.8584344728438431E-002
         169  0.60468987764262261       -5.8325283351683410E-002
         170  0.60212213774237133       -5.8066070885589127E-002
         171  0.59955210578487095       -5.7806709372992593E-002
         172  0.59697977284993275       -5.7547198448166803E-002
         173  0.59440513543308460       -5.7287538211505229E-002
         174  0.59182817330526982       -5.7027727357724878E-002
         175  0.58924891722883899       -5.6767768873252855E-002
         176  0.58666734723244884       -5.6507661464449299E-002
         177  0.58408346562757496       -5.6247405730952771E-002
         178  0.58149726451725325       -5.5987001406379910E-002
         179  0.57890875464282865       -5.5726449799189837E-002
         180  0.57631791811166311       -5.5465749801109077E-002
         181  0.57372475572542159       -5.5204901889950087E-002
         182  0.57112927583205730       -5.4943907175172058E-002
         183  0.56853147378494362       -5.4682765669462619E-002
         184  0.56593134375873211       -5.4421477292726728E-002
         185  0.56332887467631365       -5.4160041521590152E-002
         186  0.56072407777774769       -5.3898459722756087E-002
         187  0.55811694955776503       -5.3636732009827881E-002
         188  0.55550748787370863       -5.3374858618875365E-002
         189  0.55289568037225378       -5.3112838923179417E-002
         190  0.55028152990970569       -5.2850673587991004E-002
         191  0.54766503453794901       -5.2588362867902916E-002
         192  0.54504620090018607       -5.2325907748953071E-002
         193  0.54242501695497602       -5.2063307632391087E-002
         194  0.53980146646378446       -5.1800561571149650E-002
         195  0.53717556777790398       -5.1537671555645481E-002
         196  0.53454731998275407       -5.1274637930092126E-002
         197  0.53191671371111182       -5.1011460330675718E-002
         198  0.52928373367239567       -5.0748137894198742E-002
         199  0.52664839190017254       -5.0484672083641158E-002
         200  0.52401068288475705       -5.0221062860893007E-002
         201  0.52137060617565623       -4.9957310627803508E-002
         202  0.51872813461147882       -4.9693413510424556E-002
         203  0.51608330035837346       -4.9429374700368456E-002
         204  0.51343609249947353       -4.9165193696782516E-002
         205  0.51078648303170149       -4.8900868560788346E-002
         206  0.50813449155238366       -4.8636401421053854E-002
         207  0.50548010819666211       -4.8371791874369130E-002
         208  0.50282333488923114       -4.8107040538836188E-002
         209  0.50016415360432931       -4.7842146324235557E-002
         210  0.49750257316468594       -4.7577110444024129E-002
         211  0.49483857760172056       -4.7311931982797262E-002
         212  0.49217218823342873       -4.7046613226746636E-002
         213  0.48950336867938593       -4.6781151510270291E-002
         214  0.48683214254923146       -4.6515549329492423E-002
         215  0.48415849045808040       -4.6249805473809857E-002
         216  0.48148240201069886       -4.5983919522890382E-002
         217  0.47880388581800865       -4.5717892682518801E-002
         218  0.47612291635987930       -4.5451723224541496E-002
         219  0.47343952435007908       -4.5185414262747692E-002
         220  0.47075367834479948       -4.4918963552015079E-002
         221  0.46806536710532948       -4.4652370610667624E-002
         222  0.46537462523168804       -4.4385638888917001E-002
         223  0.46268139366716243       -4.4118763765992774E-002
         224  0.45998569956319318       -4.3851748078575170E-002
         225  0.45728753972976066       -4.3584592015648127E-002
         226  0.45458688899010596       -4.3317293888233799E-002
         227  0.45188373954138161       -4.3049853514158798E-002
         228  0.44917811900475657       -4.2782273758142253E-002
         229  0.44646996753682200       -4.2514549928434064E-002
         230  0.44375933163079412       -4.2246686547364298E-002
         231  0.44104617783899158       -4.1978681191080724E-002
         232  0.43833048364157690       -4.1710532416578516E-002
         233  0.43561226855044072       -4.1442242407197405E-002
         234  0.43289151396375797       -4.1173810034225156E-002
         235  0.43016821557865614       -4.0905235425118924E-002
         236  0.42744235743329334       -4.0636517692494323E-002
         237  0.42471394322517203       -4.0367657657037093E-002
         238  0.42198292122009318       -4.0098651328973389E-002
         239  0.41924934016549131       -3.9829503453180592E-002
         240  0.41651316186599502       -3.9560211189983541E-002
         241  0.41377438286607215       -3.9290774757492208E-002
         242  0.41103297706834363       -3.9021192390803705E-002
         243  0.40828893983597220       -3.8751464199788366E-002
         244  0.40554227138589305       -3.8481590706113344E-002
         245  0.40279291976858961       -3.8211567895889864E-002
         246  0.40004092784830542       -3.7941400024778638E-002
         247  0.39728625787444172       -3.7671084290253454E-002
         248  0.39452890450255407       -3.7400620752696234E-002
         249  0.39176881392604723       -3.7130005234179642E-002
         250  0.38900603555594265       -3.6859242573144435E-002
         251  0.38624050494970874       -3.6588327633576334E-002
         252  0.38347220422400319       -3.6317259397834256E-002
         253  0.38070114101005043       -3.6046039047303857E-002
         254  0.37792725059232585       -3.5774661436693833E-002
         255  0.37515060323951172       -3.5503133245493146E-002
         256  0.37237108144132836       -3.5231444677960688E-002
         257  0.36958874281355314       -3.4959601343738100E-002
         258  0.36680351118245691       -3.4687597058204567E-002
         259  0.36491088110072750       -3.4494248187349363E-002
         260  0.36214061660913366       -3.4223769682720118E-002
         261  0.35936833494206527       -3.3953207887691406E-002
         262  0.35659378475075171       -3.3682543137890875E-002
         263  0.35381701201160148       -3.3411780004323433E-002
         264  0.35103796083734351       -3.3140914224499163E-002
         265  0.34825667538916411       -3.2869950203068932E-002
         266  0.34547313855440259       -3.2598887052275316E-002
         267  0.34268738171967184       -3.2327728078289653E-002
         268  0.33989939583734757       -3.2056473073506453E-002
         269  0.33710917482677455       -3.1785122119818432E-002
         270  0.33431675476085621       -3.1513678935490397E-002
         271  0.33152211335362453       -3.1242142182634325E-002
         272  0.32872526917737638       -3.0970514059239562E-002
         273  0.32592623004018045       -3.0698795863528971E-002
         274  0.32312498915592885       -3.0426987589775578E-002
         275  0.32032155559293918       -3.0155090611180491E-002
         276  0.31751597370455054       -2.9883109427635723E-002
         277  0.31470825296828886       -2.9611045446626072E-002
         278  0.31189833582982579       -2.9338894250817482E-002
         279  0.30908634956936903       -2.9066667561346904E-002
         280  0.30627219422746554       -2.8794357244444235E-002
         281  0.30345593081764655       -2.8521969231174893E-002
         282  0.30063760691943026       -2.8249508300452142E-002
         283  0.29781722216222001       -2.7976975002435900E-002
         284  0.29499479640973719       -2.7704371678631823E-002
         285  0.29217033818542915       -2.7431699672431975E-002
         286  0.28934386647139276       -2.7158961222388811E-002
         287  0.28651546291890273       -2.6886164119561684E-002
         288  0.28368514482295715       -2.6613310466656159E-002
         289  0.28085284318279713       -2.6340394769144737E-002
         290  0.27801883276931449       -2.6067441664205049E-002
         291  0.27518288506141225       -2.5794431776043680E-002
         292  0.27234534144651723       -2.5521395571549199E-002
         293  0.26950587097698941       -2.5248304492051510E-002
         294  0.26666493461483404       -2.4975199688707761E-002
         295  0.26382254543171269       -2.4702082794914482E-002
         296  0.26097860660255956       -2.4428945756637788E-002
         297  0.25813318627195958       -2.4155795221583176E-002
         298  0.25528656646227188       -2.3882656170093775E-002
         299  0.25243881888756919       -2.3609535635842782E-002
         300  0.24959026682827748       -2.3336462332847141E-002
         301  0.24674091332702353       -2.3063436900194745E-002
         302  0.24389089059612967       -2.2790471363093090E-002
         303  0.24104031112986926       -2.2517575926127797E-002
         304  0.23792241646293105       -2.2221975334076660E-002
         305  0.23504705413683988       -2.1947189987847615E-002
         306  0.23216894266806262       -2.1672286910810357E-002
         307  0.22928829362218295       -2.1397285715350378E-002
         308  0.22640504417640428       -2.1122181400931694E-002
         309  0.22351908922373273       -2.0846965256051675E-002
         310  0.22063034799756559       -2.0571630671671670E-002
         311  0.21773878134021568       -2.0296174693977598E-002
         312  0.21484419328136736       -2.0020580357999584E-002
         313  0.21194634665532033       -1.9744826964081419E-002
         314  0.20904508613074049       -1.9468900999665806E-002
         315  0.20614005639498870       -1.9192770920889224E-002
         316  0.20323082564430794       -1.8916398123631772E-002
         317  0.20031696045560868       -1.8639743865024094E-002
         318  0.19739740194861619       -1.8362712450652907E-002
         319  0.19447115663762285       -1.8085214066423383E-002
         320  0.19153633311744694       -1.7807076638197472E-002
         321  0.18859079044913346       -1.7528105039714248E-002
         322  0.18562976807460685       -1.7247865369065529E-002
         323  0.18264758353882837       -1.6965837307590270E-002
         324  0.18005389771981462       -1.6719129188587090E-002
         325  0.17715124766429255       -1.6444593915129424E-002
         326  0.17426339192566973       -1.6171506863970286E-002
         327  0.17140852488330907       -1.5901469467418217E-002
         328  0.16865353836629982       -1.5640358796579434E-002
         329  0.16527920436520116       -1.5324501865030093E-002
         330  0.16257746567308196       -1.5068700626779119E-002
         331  0.15942174733554187       -1.4772491426053413E-002
         332  -5.4372157783391982E-003   5.2154260741765768E-004
         333   5.7650478269928975E-003  -5.5108338179188365E-004
         334   5.7904578327608097E-003  -5.5299177661449761E-004
         335   5.8582536322563461E-003  -5.5893392756800608E-004
         336   5.8480683533309232E-003  -5.5744015926162405E-004
         337   5.9189810256481522E-003  -5.6366066806745607E-004
         338   5.9959363215404873E-003  -5.7044210226120384E-004
         339   5.9918794727534816E-003  -5.6951950040939892E-004
         340   6.0706969584125468E-003  -5.7645625766333808E-004
         341   6.1551364532629674E-003  -5.8391116016132116E-004
         342   6.1590473110690698E-003  -5.8372847218723933E-004
         343   6.2450383770785295E-003  -5.9130582760591466E-004
         344   6.3404449946111363E-003  -5.9975648757504274E-004
         345   6.3527267420322615E-003  -6.0034506679329525E-004
         346   6.4502433906998488E-003  -6.0896676896859958E-004
         347   6.5564472616278530E-003  -6.1838823256277209E-004
         348   6.5812996486968919E-003  -6.2013563394369697E-004
         349   6.6914512918403906E-003  -6.2989603042229447E-004
         350   6.7246146246218805E-003  -6.3240640985728902E-004
         351   6.8443843186075919E-003  -6.4303476744331789E-004
         352   6.8893928527872222E-003  -6.4663450676505363E-004
         353   7.0220777357731592E-003  -6.5843415345057110E-004
         354   7.0790653650491279E-003  -6.6312887523434227E-004
         355   7.2267987161336042E-003  -6.7629153535708753E-004
         356   7.3014843970070223E-003  -6.8260824133936637E-004
         357   7.3807197659483204E-003  -6.8933488501787821E-004
         358   7.5557048397976688E-003  -7.0496569024136591E-004
         359   7.6611636633597425E-003  -7.1409350145934525E-004
         360   7.7759752629629119E-003  -7.2407087045167629E-004
         361   7.9040199693507021E-003  -7.3525512069494425E-004
         362   8.0504360992291590E-003  -7.4811942765862227E-004
         363   8.2178409743110994E-003  -7.6290077005136681E-004
         364   8.4083592492971496E-003  -7.7978976785963994E-004
         365   8.6289475882132295E-003  -7.9942282262823738E-004
         366   8.7947335897857453E-003  -8.1395111692650346E-004
         367   8.9983271175998313E-003  -8.3193631675726465E-004
         368   9.2558071193356867E-003  -8.5484927985390868E-004
         369   2.7017669247485252E-002  -2.4833458730970648E-003
         370  -8.3368147148846217E-003   7.7140772072770147E-004
         371  -2.9838546061195546E-002   2.7706109989891203E-003
         372  -7.6296825716369671E-002   7.1458449905774657E-003
         373  -8.9061290349772212E-003   8.2172945608860459E-004
         374  -9.0656589038340257E-003   8.3564196538965518E-004
         375  -3.3332321292588563E-002   3.0850014282473026E-003
         376  -9.8763848942366901E-003   9.0779761921844226E-004
         377  -1.0188797866333157E-002   9.3563508876925994E-004
         378  -1.0518774255568627E-002   9.6503297978767222E-004
         379  -1.0904127017117559E-002   9.9946102129955250E-004
         380  -1.1282102949667713E-002   1.0331455030181402E-003
         381  -1.1852041226620636E-002   1.0843723755149526E-003
         382  -1.2423509864072042E-002   1.1356456668627501E-003
         383  -1.3673199696909114E-002   1.2489509907309682E-003
         384   2.9188919332706786E-002  -2.6359379073230826E-003
         385 -0.14259104282712101       -4.1478273186879022E-004
         386  -4.2331283254125850E-002   3.8745444684140651E-003
         387  -2.2393983649839105E-002   2.0389780342888741E-003
         388  -1.8346369635417237E-002   1.6672482985313763E-003
         389   4.7742687398146157E-003  -4.3126082505029473E-004
         390  -3.1481606584362838E-002   2.8602839890563558E-003
         391  -3.8890886152969137E-002   3.5353635565424923E-003
         392  -3.6400581680447748E-002   3.3038553351705247E-003
         393  -4.0886984282641169E-002   3.7108783687713753E-003
         394  -4.2683763824002692E-002   3.8714349009421056E-003
         395  -4.4872573260267529E-002   4.0676987485763760E-003
         396  -4.7633214333465422E-002   4.3160475506871521E-003
         397  -5.0458790895388121E-002   4.5701149856247625E-003
         398  -5.3166098860978471E-002   4.8131127094581672E-003
         399  -5.5771934652890397E-002   5.0465721859529467E-003
         400  -8.8833307009587706E-002   8.0866579617469014E-003
         401  -5.0639462248791976E-002   4.5684950987068262E-003
         402  -6.9630581445910569E-002   6.2994899761976697E-003
         403  -7.8731802879491219E-002   7.1290348497869971E-003
         404   4.2105568532283420E-003  -3.7397156173213375E-004
         405  -7.1440490839650761E-002   6.4457448705663722E-003
         406  -8.0379060020747559E-002   7.2509308441590647E-003
         407  -8.5274130681742749E-002   7.6924210602449250E-003
         408  -2.8756061802067034E-002   2.5603243614886750E-003
         409  -8.7817420985152370E-002   7.9094739945064774E-003
         410  -2.3273418985217838E-002   2.0650817402145805E-003
         411  -6.8490833422213526E-003   6.0478852178569298E-004
         412  -9.7375221053540822E-002   8.7604651183328386E-003
         413 -0.10079776583120183        9.0652392013064187E-003
         414  -6.8834137021069580E-002   6.1445835113032032E-003
         415 -0.10734871528383522        9.6473982641613887E-003
         416  -8.4122362654996882E-002   7.5178783573761621E-003
         417 -0.12028128001390213        1.0815996427701258E-002
         418 -0.11562751557506906        1.0376831038469092E-002
         419 -0.11764697954471506        1.0551688610580534E-002
         420 -0.12270362352895552        1.1004904540045324E-002
         421 -0.12511902122516075        1.1215593174568994E-002
         422 -0.12858424054404843        1.1522324382229776E-002
         423 -0.13199883933151771        1.1824038933141878E-002
         424 -0.13529877142908614        1.2114989274128796E-002
         425 -0.13853610303443323        1.2399971693718648E-002
         426 -0.14092070957001132        1.2606814777730513E-002
         427 -0.14436374192443982        1.2909974629145893E-002
         428 -0.14770761989910686        1.3203984332784025E-002
         429 -0.15100155378152855        1.3493189692267649E-002
         430 -0.15425537658549843        1.3778481679905141E-002
         431 -0.15748055208092251        1.4060901609243004E-002
         432 -0.16068604504435532        1.4341265680914539E-002
         433 -0.16387813252411881        1.4620145617431746E-002
         434 -0.16706202095111819        1.4898016350590737E-002
         435 -0.17024028035469518        1.5175111512038875E-002
         436 -0.17341619376566211        1.5451731144255909E-002
         437 -0.17659091722574330        1.5727979908808365E-002
         438 -0.17976579288822350        1.6003979947771363E-002
         439 -0.18294125683361284        1.6279769992663340E-002
         440 -0.18611794582823332        1.6555407447711445E-002
         441 -0.18929614925720867        1.6830917715549454E-002
         442 -0.19247607262713620        1.7106318495901718E-002
         443 -0.19565777509815657        1.7381613970426812E-002
         444 -0.19884137279118846        1.7656813612625832E-002
         445 -0.20202686123872349        1.7931915726652647E-002
         446 -0.20521430546717698        1.8206925069779167E-002
         447 -0.20840368555353941        1.8481838507439008E-002
         448 -0.21159497857185100        1.8756652627683223E-002
         449 -0.21478823447708914        1.9031370781746659E-002
         450 -0.21798339808044906        1.9305986544144282E-002
         451 -0.22120881074107795        1.9584262848213463E-002
         452 -0.22440595988668927        1.9858424573466316E-002
         453 -0.22760431248722113        2.0132402043230080E-002
         454 -0.22796317242670472        2.0142417953926461E-002
         455 -0.23399041446753599        2.0678610576361223E-002
         456 -0.23459715506903056        2.0710795219335054E-002
         457 -0.24040356641239416        2.1226125070713309E-002
         458 -0.24122195193611881        2.1277235085158885E-002
         459 -0.24682475205370538        2.1773249296026087E-002
         460 -0.24783350707172039        2.1841330443463036E-002
         461 -0.25325379178931262        2.2319951199583521E-002
         462 -0.25443427651024153        2.2403289695922979E-002
         463 -0.25969042201963582        2.2866191579310247E-002
         464 -0.26102627328630096        2.2963281650881129E-002
         465 -0.26613436201777196        2.3411930204444431E-002
         466 -0.26761142796448389        2.3521468499239084E-002
         467 -0.27258564528059831        2.3957156827952630E-002
         468 -0.27419109372082606        2.4077960177809388E-002
         469 -0.27904411796591966        2.4501844009237495E-002
         470 -0.28076675064240791        2.4632878799359048E-002
         471 -0.28550978396082949        2.5045979409488162E-002
         472 -0.28733942242752014        2.5186304918574542E-002
         473 -0.29198248452242126        2.5589535578044220E-002
         474 -0.29391022212621576        2.5738327631355418E-002
         475 -0.29846211096131786        2.6132489947863213E-002
         476 -0.30047992878610663        2.6289005494536610E-002
         477 -0.30494866680285215        2.6674830515088566E-002
         478 -0.30704936112514380        2.6838401000383705E-002
         479 -0.31144211056942878        2.7216541059402743E-002
         480 -0.31361918357300583        2.7386562520913316E-002
         481 -0.31794227805004549        2.7757593983036344E-002
         482 -0.32018988553070338        2.7933522307510117E-002
         483 -0.32444913623090660        2.8297973894585660E-002
         484 -0.32676199713516563        2.8479316517828757E-002
         485 -0.33096262673583843        2.8837663004742886E-002
         486 -0.33333596299065532        2.9023973437860562E-002
         487 -0.33748270796754642        2.9376645079691954E-002
         488 -0.33991212237854940        2.9567511626424015E-002
         489 -0.34400926987711317        2.9914897435499022E-002
         490 -0.34649086248599481        3.0109954088541002E-002
         491 -0.35054224762996850        3.0452401530569162E-002
         492 -0.35307238648779904        3.0651306759504671E-002
         493 -0.35708156934275365        3.0989138121120696E-002
         494 -0.35965698323340778        3.1191583508180187E-002
         495 -0.36362717314002824        3.1525088813122437E-002
         496 -0.36624485078943808        3.1730789745431309E-002
         497 -0.37017899479241534        3.2060234915809005E-002
         498 -0.37283616363728206        3.2268928648071515E-002
         499 -0.37673693691042037        3.2594554545117838E-002
         500 -0.37943106531550769        3.2806000462537455E-002
         501 -0.38330093506454466        3.3128028821974631E-002
         502 -0.38602971497348215        3.3342006834188531E-002
         503 -0.38931335158357527        3.3608020116247417E-002
         504 -0.39260994167110347        3.3874879642709743E-002
         505 -0.39591327566881601        3.4142006668103519E-002
         506 -0.39921770914134774        3.4408873373524607E-002
         507 -0.40252318040520596        3.4675472912430116E-002
         508 -0.40582961893059977        3.4941797046720069E-002
         509 -0.40913704267810286        3.5207845786076497E-002
         510 -0.41244545194931420        3.5473617477434161E-002
         511 -0.41575483135743291        3.5739109001868385E-002
         512 -0.41906524325857275        3.6004324482769690E-002
         513 -0.42237662654260100        3.6269256518128401E-002
         514 -0.42568900644707153        3.6533905765226748E-002
         515 -0.42900241762555402        3.6798273740862975E-002
         516 -0.43231682254146769        3.7062355224181331E-002
         517 -0.43563222078745656        3.7326148459879249E-002
         518 -0.43894868364396616        3.7589658364757028E-002
         519 -0.44226610430316865        3.7852873231797091E-002
         520 -0.44558455685066162        3.8115798244787946E-002
         521 -0.44890403075414065        3.8378430659075313E-002
         522 -0.45222449232208595        3.8640765579289749E-002
         523 -0.45554597766198568        3.8902804614965980E-002
         524 -0.45886843763386387        3.9164541408621467E-002
         525 -0.46219193951728260        3.9425980466014643E-002
         526 -0.46551640258892729        3.9687112463847818E-002
         527 -0.46884187751207729        3.9947940351683364E-002
         528 -0.47216835753637987        4.0208461693044484E-002
         529 -0.47549577753192279        4.0468668612361647E-002
         530 -0.47882419701466539        4.0728564862060779E-002
         531 -0.48215357793347274        4.0988145063220571E-002
         532 -0.48548393263319339        4.1247408549337727E-002
         533 -0.48881525457954306        4.1506352876464092E-002
         534 -0.49214749898875787        4.1764972032315661E-002
         535 -0.49548070617105039        4.2023267938166242E-002
         536 -0.49881484336764592        4.2281235676815854E-002
         537 -0.50214991768710748        4.2538874058176468E-002
         538 -0.50548589845209635        4.2796178352642045E-002
         539 -0.50882279644137918        4.3053147697619920E-002
         540 -0.51216058352571137        4.3309777586503451E-002
         541 -0.51549926124652945        4.3566066279892901E-002
         542 -0.51883881962579581        4.3822010950639090E-002
         543 -0.52217925329986192        4.4077609196905065E-002
         544 -0.52552054909433665        4.4332857880795551E-002
         545 -0.52886270375694155        4.4587754782151379E-002
         546 -0.53220567997929891        4.4842294502505986E-002
         547 -0.53554947780873940        4.5096475122334390E-002
         548 -0.53889411187041680        4.5350296060324702E-002
         549 -0.54223953680604675        4.5603751140521176E-002
         550 -0.54558575981390334        4.5856839089894130E-002
         551 -0.54893276072127672        4.6109556064127588E-002
         552 -0.55228053176133796        4.6361899374351090E-002
         553 -0.55562905342990221        4.6613865229259588E-002
         554 -0.55897831114319463        4.6865450291478261E-002
         555 -0.56232830184520788        4.7116652286180560E-002
         556 -0.56567900560554674        4.7367467359077153E-002
         557 -0.56903041354215322        4.7617892680357876E-002
         558 -0.57238250191586226        4.7867924028930808E-002
         559 -0.57573527421820769        4.8117559711243096E-002
         560 -0.57908870855442207        4.8366795658555617E-002
         561 -0.58244278058945376        4.8615627576678477E-002
         562 -0.58579747297231866        4.8864051815058041E-002
         563 -0.58915278501136781        4.9112066258881981E-002
         564 -0.59250870420196378        4.9359667682729480E-002
         565 -0.59586519471378319        4.9606850694379645E-002
         566 -0.59922225572077614        4.9853613151108256E-002
         567 -0.60257987538698021        5.0099951866939385E-002
         568 -0.60593803297552506        5.0345862827618326E-002
         569 -0.60929669531091224        5.0591340862646383E-002
         570 -0.61265587592890092        5.0836385128715023E-002
         571 -0.61601554653346491        5.1080990878194399E-002
         572 -0.61937568244627883        5.1325153709926852E-002
         573 -0.62273627284043009        5.1568870496787156E-002
         574 -0.62609728995023328        5.1812136530181796E-002
         575 -0.62945873517842343        5.2054949800378836E-002
         576 -0.63282057583271145        5.2297305124623605E-002
         577 -0.63618279854792747        5.2539199113673440E-002
         578 -0.63954539812913769        5.2780629118871936E-002
         579 -0.64290834167986666        5.3021589918692769E-002
         580 -0.64627160950813789        5.3262077518055229E-002
         581 -0.64963514164860647        5.3502070081612452E-002
         582 -0.65299904859474045        5.3741603779450919E-002
         583 -0.65636319609470617        5.3980649985468254E-002
         584 -0.65972759209264265        5.4219207203028752E-002
         585 -0.66309223039693599        5.4457272628565256E-002
         586 -0.66645707839661861        5.4694841020130447E-002
         587 -0.66982212570888511        5.4931909190766959E-002
         588 -0.67318735011406861        5.5168472844941974E-002
         589 -0.67655273156781359        5.5404527885974275E-002
         590 -0.67991825515950666        5.5640070681722165E-002
         591 -0.68328388582963528        5.5875095735558489E-002
         592 -0.68664961739713815        5.6109600212706390E-002
         593 -0.69001542418355477        5.6343579461480608E-002
         594 -0.69338129143874627        5.6577029838456028E-002
         595 -0.69674718271707214        5.6809945694501707E-002
         596 -0.70011309539652533        5.7042324491561658E-002
         597 -0.70347899049181939        5.7274160328496748E-002
         598 -0.70684486033021121        5.7505450189664131E-002
         599 -0.71021068094681150        5.7736189542000105E-002
         600 -0.71357643123112480        5.7966374114790220E-002
         601 -0.71694208003953630        5.8195998710799834E-002
         602 -0.72030761655021314        5.8425059993390427E-002
         603 -0.72367301555636476        5.8653553289771843E-002
         604 -0.72703825360310181        5.8881474089569785E-002
         605 -0.73040329652588398        5.9108816895895977E-002
         606 -0.73376814689074377        5.9335579568066343E-002
         607 -0.73713276071889833        5.9561755686054596E-002
         608 -0.74049712406704937        5.9787341591873044E-002
         609 -0.74386121141887629        6.0012332548776470E-002
         610 -0.74722500529116576        6.0236724552011900E-002
         611 -0.75058847073310797        6.0460511994293142E-002
         612 -0.75395159267822454        6.0683691083879943E-002
         613 -0.75731434868691194        6.0906257338618097E-002
         614 -0.76067670257781506        6.1128205026094840E-002
         615 -0.76403864805360699        6.1349531132438351E-002
         616 -0.76740014777242138        6.1570229797897724E-002
         617 -0.77076118495733426        6.1790297043994080E-002
         618 -0.77412173016480879        6.2009727724143815E-002
         619 -0.77748175876601255        6.2228517130042960E-002
         620 -0.78084124946602573        6.2446660847117919E-002
         621 -0.78420017526915986        6.2664153936890621E-002
         622 -0.78755851538601473        6.2880992019262116E-002
         623 -0.79091623885942886        6.3097169785684137E-002
         624 -0.79427332169193643        6.3312682557908673E-002
         625 -0.79762973957511640        6.3527525619218927E-002
         626 -0.80098546675435300        6.3741694117645409E-002
         627 -0.80434048135061997        6.3955183545008509E-002
         628 -0.80769474698586730        6.4167988080655824E-002
         629 -0.81104824798700537        6.4380103771267017E-002
         630 -0.81440095678392022        6.4591525574815734E-002
         631 -0.81775284411572080        6.4802248298848397E-002
         632 -0.82110388016485991        6.5012266699706167E-002
         633 -0.82445405341026590        6.5221577169282341E-002
         634 -0.82780331972420418        6.5430173157918325E-002
         635 -0.83115166133317120        6.5638050496167999E-002
         636 -0.83449905246112543        6.5845204274630476E-002
         637 -0.83784546468505727        6.6051629348206298E-002
         638 -0.84119086789929531        6.6257320418125154E-002
         639 -0.84453524079306896        6.6462272969109115E-002
         640 -0.84787855059813144        6.6666481452395843E-002
         641 -0.85122077421101805        6.6869941184105386E-002
         642 -0.85456188327885119        6.7072647002958341E-002
         643 -0.85790184972637351        6.7274593770454416E-002
         644 -0.86124064247835008        6.7475776079898964E-002
         645 -0.86457824374871983        6.7676189700415890E-002
         646 -0.86791461678055737        6.7875828705948216E-002
         647 -0.87124973765041780        6.8074688317059540E-002
         648 -0.87458357674422860        6.8272763238790724E-002
         649 -0.87791611032247563        6.8470048696489094E-002
         650 -0.88124730312638855        6.8666538888012774E-002
         651 -0.88457713713679997        6.8862229540003206E-002
         652 -0.88790557453422558        6.9057114617324444E-002
         653 -0.89123259071511574        6.9251189259562196E-002
         654 -0.89455815990444332        6.9444448491088551E-002
         655 -0.89788224735326483        6.9636886546428300E-002
         656 -0.90120483593706557        6.9828499209607209E-002
         657 -0.90452588828702563        7.0019280472994438E-002
         658 -0.90784537600697335        7.0209225130318131E-002
         659 -0.91116327591179591        7.0398328420533396E-002
         660 -0.91447955429139494        7.0586584656141760E-002
         661 -0.91779418592087414        7.0773988897824935E-002
         662 -0.92110714241530700        7.0960535919990519E-002
         663 -0.92441839097589562        7.1146220114494341E-002
         664 -0.92772791067058502        7.1331036906869372E-002
         665 -0.93103566325505216        7.1514980207227019E-002
         666 -0.93434162718336444        7.1698045387860176E-002
         667 -0.93764577500656432        7.1880227292481003E-002
         668 -0.94094807168073491        7.2061520112312039E-002
         669 -0.94424849116724852        7.2241918822237849E-002
         670 -0.94754700842576622        7.2421418474075239E-002
         671 -0.95084359246473538        7.2600013604346536E-002
         672 -0.95413821197407311        7.2777698727247042E-002
         673 -0.95743084302709025        7.2954468990467092E-002
         674 -0.96072145211218252        7.3130318713096720E-002
         675 -0.96401001555350796        7.3305243063227721E-002
         676 -0.96729650114805577        7.3479236473138698E-002
         677 -0.97058088292130928        7.3652293911047551E-002
         678 -0.97386313096482946        7.3824410006118946E-002
         679 -0.97714321819696925        7.3995579631074726E-002
         680 -0.98042111549479416        7.4165797482764972E-002
         681 -0.98369679637886331        7.4335058484089167E-002
         682 -0.98697023059667632        7.4503357236184620E-002
         683 -0.99024138996363309        7.4670688519830719E-002
         684 -0.99351024815962441        7.4837047271417489E-002
         685 -0.99677677701917378        7.5002428270606103E-002
         686  -1.0000409450203462        7.5166826016745070E-002
         687  -1.0033027297867998        7.5330235784204724E-002
         688  -1.0065621001655312        7.5492652099653057E-002
         689  -1.0098190341281246        7.5654070265535722E-002
         690  -1.0130734949654780        7.5814484349319144E-002
         691  -1.0163254621032254        7.5973889781240089E-002
         692  -1.0195749078709164        7.6132281384092337E-002
         693  -1.0228218006126493        7.6289653661816281E-002
         694  -1.0260661211268978        7.6446002152296799E-002
         695  -1.0293078368414736        7.6601321279592405E-002
         696  -1.0325469209510785        7.6755605958679141E-002
         697  -1.0357833512935968        7.6908851482548890E-002
         698  -1.0390170988431999        7.7061052577312772E-002
         699  -1.0422481357580844        7.7212204076774427E-002
         700  -1.0454764366564118        7.7362301017261714E-002
         701  -1.0487019793258334        7.7511338693201814E-002
         702  -1.0519247357596571        7.7659311925423857E-002
         703  -1.0551446813200955        7.7806215817586732E-002
         704  -1.0583617902382012        7.7952045381248780E-002
         705  -1.0615760350872974        7.8096795497488714E-002
         706  -1.0647873943467854        7.8240461530944216E-002
         707  -1.0679958411279298        7.8383038408632366E-002
         708  -1.0712013525048221        7.8524521384879087E-002
         709  -1.0744039064143167        7.8664905782952488E-002
         710  -1.0776034733979420        7.8804186335584170E-002
         711  -1.0808000340768384        7.8942358592557049E-002
         712  -1.0839935638570410        7.9079417680092412E-002
         713  -1.0871840413432345        7.9215358987173801E-002
         714  -1.0903714382416074        7.9350177356904972E-002
         715  -1.0935557382792804        7.9483868594074636E-002
         716  -1.0967369140167351        7.9616427612282159E-002
         717  -1.0999149477150141        7.9747850104086027E-002
         718  -1.1030898138971739        7.9878131148483966E-002
         719  -1.1062614928664058        8.0007266287801748E-002
         720  -1.1094299636599172        8.0135250964731064E-002
         721  -1.1125952037363773        8.0262080501801059E-002
         722  -1.1157571938217223        8.0387750482818099E-002
         723  -1.1189159131338446        8.0512256373370228E-002
         724  -1.1220713428548652        8.0635593796310800E-002
         725  -1.1252234615653760        8.0757758174880401E-002
         726  -1.1283722502433005        8.0878745124707940E-002
         727  -1.1315176896596442        8.0998550246067502E-002
         728  -1.1346597632324507        8.1117169343674078E-002
         729  -1.1377984490933408        8.1234597822471777E-002
         730  -1.1409337340418384        8.1350831751034747E-002
         731  -1.1440655959865957        8.1465866523688923E-002
         732  -1.1471940209721028        8.1579698156592606E-002
         733  -1.1503189879559383        8.1692322132837170E-002
         734  -1.1534404882862741        8.1803734868727496E-002
         735  -1.1565584965834506        8.1913931525604333E-002
         736  -1.1596730039212806        8.2022908508251113E-002
         737  -1.1627839908089486        8.2130661424502982E-002
         738  -1.1658914461958012        8.2237186517741812E-002
         739  -1.1689953528102019        8.2342479568159099E-002
         740  -1.1720956981609303        8.2446536714976482E-002
         741  -1.1751924663717901        8.2549353849031171E-002
         742  -1.1782856457403086        8.2650927169308552E-002
         743  -1.1813752245206330        8.2751252870165715E-002
         744  -1.1844611906310505        8.2850327118635825E-002
         745  -1.1875435290093670        8.2948145875937129E-002
         746  -1.1906222314422643        8.3044705594597090E-002
         747  -1.1936972854687318        8.3140002418471859E-002
         748  -1.1967686781735605        8.3234032466963370E-002
         749  -1.1998364034022722        8.3326792337611089E-002
         750  -1.2029004510135788        8.3418278336822027E-002
         751  -1.2059608097118300        8.3508486698134377E-002
         752  -1.2090174718565014        8.3597413911030038E-002
         753  -1.2120704309403552        8.3685056537467162E-002
         754  -1.2151196765477761        8.3771410867031548E-002
         755  -1.2181652019841511        8.3856473451415781E-002
         756  -1.2212070016047325        8.3940240906835939E-002
         757  -1.2242450667330451        8.4022709640693805E-002
         758  -1.2272793948945551        8.4103876480400075E-002
         759  -1.2303099786759844        8.4183737912040257E-002
         760  -1.2333368134697964        8.4262290611882840E-002
         761  -1.2363598952199895        8.4339531287723979E-002
         762  -1.2393792196570990        8.4415456627711549E-002
         763  -1.2423947837460017        8.4490063398534154E-002
         764  -1.2454065858481740        8.4563348449212761E-002
         765  -1.2484146225647996        8.4635308510181417E-002
         766  -1.2514188910573099        8.4705940344520947E-002
         767  -1.2544193913410262        8.4775240892414949E-002
         768  -1.2574161237492112        8.4843207101932272E-002
         769  -1.2604090872217921        8.4909835825335733E-002
         770  -1.2633982799744132        8.4975123865055124E-002
         771  -1.2663837054805716        8.5039068346132396E-002
         772  -1.2693653644472005        8.5101666203285298E-002
         773  -1.2723432580148748        8.5162914393343669E-002
         774  -1.2753173892667089        8.5222809981186920E-002
         775  -1.2782877615472663        8.5281350034404291E-002
         776  -1.2812543772715190        8.5338531552309860E-002
         777  -1.2842172419945173        8.5394351710529115E-002
         778  -1.2871763574065955        8.5448807438877061E-002
         779  -1.2901317329863309        8.5501896118894471E-002
         780  -1.2930833702030957        8.5553614634410025E-002
         781  -1.2960312781198176        8.5603960310134397E-002
         782  -1.2989754614856790        8.5652930191368881E-002
         783  -1.3019159291134015        8.5700521549039621E-002
         784  -1.3048526878630853        8.5746731514651842E-002
         785  -1.3077857453676509        8.5791557251996053E-002
         786  -1.3107151123723808        8.5834996073094416E-002
         787  -1.3136407976701829        8.5877045158399667E-002
         788  -1.3165628094770117        8.5917701636754273E-002
         789  -1.3194811601103542        8.5956962840058715E-002
         790  -1.3223958608116844        8.5994826009386127E-002
         791  -1.3253069219686331        8.6031288316171128E-002
         792  -1.3282143566624831        8.6066347050374414E-002
         793  -1.3311181766624587        8.6099999401946459E-002
         794  -1.3340183952289135        8.6132242610283072E-002
         795  -1.3369150277567610        8.6163073991959660E-002
         796  -1.3398080855856822        8.6192490623116402E-002
         797  -1.3426975859181691        8.6220489848655379E-002
         798  -1.3455835432332686        8.6247068833518181E-002
         799  -1.3484659731805857        8.6272224769594619E-002
         800  -1.3513448922131672        8.6295954849489043E-002
         801  -1.3542203177240710        8.6318256270495830E-002
         802  -1.3570922670151644        8.6339126184066473E-002
         803  -1.3599607567732197        8.6358561671961986E-002
         804  -1.3628258078210980        8.6376559965579691E-002
         805  -1.3656874377480501        8.6393118095343446E-002
         806  -1.3685456658529671        8.6408233128997480E-002
         807  -1.3714005133673268        8.6421902169357967E-002
         808  -1.3742519994563056        8.6434122174030126E-002
         809  -1.3771001461886567        8.6444890180006784E-002
         810  -1.3799449755169106        8.6454203158338849E-002
         811  -1.3827865087332731        8.6462057997985564E-002
         812  -1.3856247685724610        8.6468451590962392E-002
         813  -1.3884597785374848        8.6473380799133359E-002
         814  -1.3912915626696902        8.6476842441507440E-002
         815  -1.3941201443129612        8.6478833244618247E-002
         816  -1.3969455491902210        8.6479349963322960E-002
         817  -1.3997678009620602        8.6478389200136174E-002
         818  -1.4025869270364499        8.6475947632085326E-002
         819  -1.4054029524955236        8.6472021769238072E-002
         820  -1.4082159049027052        8.6466608139970091E-002
         821  -1.4110258114387710        8.6459703175346903E-002
         822  -1.4138326984888403        8.6451303200492102E-002
         823  -1.4166365963963989        8.6441404591148796E-002
         824  -1.4194375319516177        8.6430003512765197E-002
         825  -1.4222355357134167        8.6417096168659668E-002
         826  -1.4250306367215215        8.6402678616032791E-002
         827  -1.4278228647053732        8.6386746842046946E-002
         828  -1.4306122517563356        8.6369296803497697E-002
         829  -1.4333988286983237        8.6350324313824167E-002
         830  -1.4361826264896094        8.6329825088464318E-002
         831  -1.4389636775936829        8.6307794777245039E-002
         832  -1.4417420146696907        8.6284228920959549E-002
         833  -1.4445176713958734        8.6259122969759794E-002
         834  -1.4472906815638120        8.6232472255694415E-002
         835  -1.4500610780115253        8.6204271966557666E-002
         836  -1.4528288967335821        8.6174517238453152E-002
         837  -1.4555941722200425        8.6143203036988858E-002
         838  -1.4583569404239298        8.6110324227558266E-002
         839  -1.4611172372190659        8.6075875532799717E-002
         840  -1.4638750993748786        8.6039851548881607E-002
         841  -1.4666305642062005        8.6002246733267729E-002
         842  -1.4693836680921915        8.5963055374027597E-002
         843  -1.4721344508052610        8.5922271660937355E-002
         844  -1.4748829503064238        8.5879889584426383E-002
         845  -1.4776292055690405        8.5835902986662216E-002
         846  -1.4803732566352834        8.5790305550379031E-002
         847  -1.4831151430090894        8.5743090771057240E-002
         848  -1.4858549054657235        8.5694251977918690E-002
         849  -1.4885925853662529        8.5643782312365691E-002
         850  -1.4913282251031812        8.5591674728633382E-002
         851  -1.4940618651333939        8.5537921962135055E-002
         852  -1.4967935498228810        8.5482516571996570E-002
         853  -1.4995233211664731        8.5425450880498577E-002
         854  -1.5022512243477015        8.5366717007619108E-002
         855  -1.5049773027450746        8.5306306831155698E-002
         856  -1.5077016010177386        8.5244212000540109E-002
         857  -1.5104241652078705        8.5180423921655812E-002
         858  -1.5131450408922629        8.5114933744045107E-002
         859  -1.5158642753372205        8.5047732356732464E-002
         860  -1.5185819148854969        8.4978810378440794E-002
         861  -1.5212980078205884        8.4908158146123736E-002
         862  -1.5240126023285567        8.4835765706286814E-002
         863  -1.5267257475159020        8.4761622803243064E-002
         864  -1.5294374923265366        8.4685718876615468E-002
         865  -1.5321478876840873        8.4608043031457747E-002
         866  -1.5348569840062176        8.4528584047028232E-002
         867  -1.5375648334294765        8.4447330345108540E-002
         868  -1.5402714873167125        8.4364270004470221E-002
         869  -1.5429769987540940        8.4279390721404113E-002
         870  -1.5456814214195866        8.4192679803348547E-002
         871  -1.5483848099340691        8.4104124152969195E-002
         872  -1.5510872186336875        8.4013710275987030E-002
         873  -1.5537887037075140        8.3921424226907959E-002
         874  -1.5564893218429945        8.3827251615711695E-002
         875  -1.5591891298594878        8.3731177602566209E-002
         876  -1.5618881867342107        8.3633186833124817E-002
         877  -1.5645865506120842        8.3533263492608256E-002
         878  -1.5672842820296595        8.3431391206287397E-002
         879  -1.5699814413818722        8.3327553083528461E-002
         880  -1.5726780902280972        8.3221731666577980E-002
         881  -1.5753742918527847        8.3113908884503651E-002
         882  -1.5780701097709231        8.3004066077853267E-002
         883  -1.5807656084567674        8.2892183957100851E-002
         884  -1.5834608532725338        8.2778242579616634E-002
         885  -1.5861559116150750        8.2662221275698666E-002
         886  -1.5888508513719020        8.2544098679397937E-002
         887  -1.5915457415946239        8.2423852678950027E-002
         888  -1.5942406530144906        8.2301460358764622E-002
         889  -1.5969356567818900        8.2176898026395495E-002
         890  -1.5996308263829053        8.2050141089387019E-002
         891  -1.6023262356585786        8.1921164114454381E-002
         892  -1.6050219611116006        8.1789940674561912E-002
         893  -1.6077180798775572        8.1656443412333246E-002
         894  -1.6104146704167597        8.1520643966685125E-002
         895  -1.6131118140297214        8.1382512839089038E-002
         896  -1.6158095925660039        8.1242019478340755E-002
         897  -1.6185080903668503        8.1099132119221817E-002
         898  -1.6212073930616513        8.0953817803145256E-002
         899  -1.6239075893163550        8.0806042206860607E-002
         900  -1.6266087686026536        8.0655769733232408E-002
         901  -1.6293110238064505        8.0502963271245065E-002
         902  -1.6320144485899457        8.0347584315926479E-002
         903  -1.6347191407781347        8.0189592651525921E-002
         904  -1.6374251997252918        8.0028946465216855E-002
         905  -1.6401327274675876        7.9865602187559670E-002
         906  -1.6428418292908444        7.9699514359741652E-002
         907  -1.6455526130606413        7.9530635591943177E-002
         908  -1.6482651904023977        7.9358916367608501E-002
         909  -1.6509796755697705        7.9184305037560687E-002
         910  -1.6536961873679470        7.9006747532383681E-002
         911  -1.6564148472182607        7.8826187421263683E-002
         912  -1.6591357814802765        7.8642565566129363E-002
         913  -1.6618591203955240        7.8455820074976756E-002
         914  -1.6645849988591699        7.8265886082083735E-002
         915  -1.6673135559751100        7.8072695634104683E-002
         916  -1.6700449378109714        7.7876177210106423E-002
         917  -1.6727792936133454        7.7676255952531914E-002
         918  -1.6755167802603674        7.7472852968494710E-002
         919  -1.6782575603958034        7.7265885308887228E-002
         920  -1.6810018036028844        7.7055265593200861E-002
         921  -1.6837496867265584        7.6840901706511922E-002
         922  -1.6865013942017664        7.6622696472886442E-002
         923  -1.6892571192204362        7.6400547192682744E-002
         924  -1.6920170642284327        7.6174345228906759E-002
         925  -1.6947814414736451        7.5943975559995547E-002
         926  -1.6975504734368125        7.5709316306808994E-002
         927  -1.7003243953910099        7.5470237912576010E-002
         928  -1.7031034540864343        7.5226602825783306E-002
         929  -1.7058879110759511        7.4978264455161092E-002
         930  -1.7086780414296974        7.4725066751017533E-002
         931  -1.7114741391526918        7.4466842659646648E-002
         932  -1.7142765144692178        7.4203413787398365E-002
         933  -1.7170854976387786        7.3934588939033929E-002
         934  -1.7199014415803140        7.3660162701842058E-002
         935  -1.7227247232699803        7.3379914114237277E-002
         936  -1.7255557468166713        7.3093604905042575E-002
         937  -1.7283949457249219        7.2800977699795322E-002
         938  -1.7312427872806986        7.2501753631483812E-002
         939  -1.7340997767645165        7.2195629730280153E-002
         940  -1.7369664613030527        7.1882276101640663E-002
         941  -1.7398434352721897        7.1561332470758465E-002
         942  -1.7427313480614137        7.1232403826459123E-002
         943  -1.7456309101395280        7.0895055916169625E-002
         944  -1.7485429022505716        7.0548809513331534E-002
         945  -1.7514681873483509        7.0193133327824508E-002
         946  -1.7544077221572356        6.9827436099377138E-002
         947  -1.7573625733480278        6.9451056535015709E-002
         948  -1.7603339362849875        6.9063251245719659E-002
         949  -1.7633231594866055        6.8663179511688988E-002
         950  -1.7663317732229962        6.8249884750565926E-002
         951  -1.7693615278929691        6.7822270547547969E-002
         952  -1.7724144407054832        6.7379070609384417E-002
         953  -1.7754928578810061        6.6918809384561850E-002
         954  -1.7785995351057644        6.6439750578564549E-002
         955  -1.7817377499144329        6.5939826775681887E-002
         956  -1.7849439432606027        6.5401575355825248E-002
         957  -1.7881621651369375        6.4849737104041516E-002
         958  -1.7914277514796260        6.4267127582356753E-002
         959  -1.7947487559443385        6.3648677445880431E-002
         960  -1.7981357969471341        6.2987702440414406E-002
         961  -1.8016033793693591        6.2275072800347164E-002
         962  -1.8051722428379020        6.1497737925116258E-002
         963  -1.8088739231740116        6.0635861521431522E-002
         964  -1.8127607654095532        5.9656533349598195E-002
         965  -1.8169323195867799        5.8497187311217225E-002
         966  -1.8216303528928230        5.7005808733801011E-002
         967  -1.8282831221436575        5.4288762721944828E-002
