   1.0811930775644498        2.0334117307078214     
   1.0813531373768415        2.0343522754911221     
   1.0815118658563603        2.0352939186560928     
   1.0816690976880028        2.0362367961150722     
   1.0818248365083349        2.0371809096819335     
   1.0819790877871749        2.0381262537844451     
   1.0821318569127585        2.0390728230833695     
   1.0822831491589684        2.0400206126396112     
   1.0824329698380757        2.0409696171382290     
   1.0825813241475311        2.0419198316588352     
   1.0827282172884558        2.0428712510882434     
   1.0828736543594588        2.0438238706601046     
   1.0830176405018328        2.0447776852119821     
   1.0831601806382898        2.0457326905083306     
   1.0833012798096553        2.0466888815505984     
   1.0834409428982577        2.0476462539634110     
   1.0835791748189141        2.0486048030606612     
   1.0837159803694851        2.0495645245594312     
   1.0838513643550767        2.0505254139831512     
   1.0839853315122141        2.0514874670457481     
   1.0841178865264351        2.0524506795441084     
   1.0842490340402056        2.0534150473437522     
   1.0843787786337975        2.0543805664632053     
   1.0845071249150717        2.0553472326302078     
   1.0846340773557657        2.0563150420973040     
   1.0847596404380675        2.0572839909045699     
   1.0848838185467047        2.0582540754445038     
   1.0850066161371117        2.0592252916018476     
   1.0851280374894861        2.0601976359914191     
   1.0852480868667183        2.0611711051625496     
   1.0853667686400634        2.0621456949865680     
   1.0854840869203575        2.0631214024900806     
   1.0856000458856498        2.0640982242070547     
   1.0857146497102113        2.0650761565725011     
   1.0858279024356121        2.0660551965350291     
   1.0859398081437064        2.0670353406990607     
   1.0860503708514568        2.0680165858576647     
   1.0861595944614737        2.0689989292414159     
   1.0862674829705263        2.0699823674724764     
   1.0863740402603002        2.0709668976157216     
   1.0864792701685533        2.0719525168178228     
   1.0865831764927474        2.0729392222952403     
   1.0866857630191828        2.0739270111960209     
   1.0867870334599636        2.0749158808947374     
   1.0868869915837367        2.0759058283668996     
   1.0869856409957173        2.0768968512714707     
   1.0870829853084882        2.0778889471004769     
   1.0871790281693503        2.0788821130469772     
   1.0872737730334527        2.0798763471335846     
   1.0873672235355318        2.0808716463707397     
   1.0874593830443957        2.0818680089627772     
   1.0875502550579299        2.0828654323468272     
   1.0876398430042815        2.0838639141932762     
   1.0877281501662075        2.0848634527729182     
   1.0878151799448934        2.0858640456292563     
   1.0879009356669103        2.0868656905827825     
   1.0879854204907351        2.0878683861553897     
   1.0880686377540643        2.0888721298617110     
   1.0881505905742492        2.0898769201969358     
   1.0882312821622668        2.0908827550633458     
   1.0883107155977665        2.0918896329182690     
   1.0883888940144641        2.0928975518155539     
   1.0884658204611197        2.0939065101244929     
   1.0885414979426915        2.0949165063188380     
   1.0886159294534339        2.0959275388031777     
   1.0886891179735991        2.0969396059520964     
   1.0887610664149066        2.0979527063509900     
   1.0888317776229082        2.0989668388099076     
   1.0889012545008363        2.0999820017392481     
   1.0889694998052570        2.1009981941653448     
   1.0890365164695408        2.1020154141313769     
   1.0891023071192354        2.1030336610784950     
   1.0891668745371303        2.1040529335879405     
   1.0892302213605649        2.1050732308282658     
   1.0892923503106084        2.1060945514436717     
   1.0893532640279877        2.1071168943851877     
   1.0894129649866910        2.1081402593047862     
   1.0894714558566096        2.1091646447882511     
   1.0895287391543855        2.1101900500596229     
   1.0895848173418023        2.1112164745167288     
   1.0896396929308989        2.1122439172031982     
   1.0896933683261474        2.1132723775747246     
   1.0897458459202112        2.1143018550551047     
   1.0897971280878296        2.1153323490413865     
   1.0898472171558287        2.1163638590642702     
   1.0898961154825719        2.1173963843900228     
   1.0899438252902305        2.1184299248550964     
   1.0899903488416514        2.1194644799890963     
   1.0900356883155231        2.1205000496380735     
   1.0900798459745509        2.1215366331214787     
   1.0901228238614198        2.1225742307369035     
   1.0901646241271576        2.1236128421558886     
   1.0902052489211118        2.1246524669396942     
   1.0902447002025710        2.1256931054940811     
   1.0902829800437497        2.1267347575614504     
   1.0903200903968175        2.1277774233663114     
   1.0903560332961970        2.1288211026301069     
   1.0903908105851776        2.1298657959080911     
   1.0904244241811449        2.1309115033017427     
   1.0904568759817783        2.1319582248784394     
   1.0904881677449860        2.1330059613159711     
   1.0905183013574642        2.1340547125397160     
   1.0905472785036927        2.1351044793778575     
   1.0905751009729996        2.1361552620288466     
   1.0906017704775313        2.1372070609714271     
   1.0906272886430128        2.1382598770164991     
   1.0906516571216902        2.1393137107178419     
   1.0906748775400308        2.1403685626729789     
   1.0906969514702363        2.1414244336345627     
   1.0907178804517330        2.1424813244163423     
   1.0907376659794643        2.1435392359418399     
   1.0907563095734862        2.1445981689085230     
   1.0907738126367068        2.1456581244893167     
   1.0907901765950305        2.1467191036354647     
   1.0908054028249259        2.1477811074400632     
   1.0908194927156751        2.1488441368195828     
   1.0908324475593438        2.1499081930781347     
   1.0908442685977870        2.1509732776436947     
   1.0908549571204447        2.1520393916246636     
   1.0908645143490867        2.1531065363432256     
   1.0908729414394611        2.1541747133423828     
   1.0908802395726673        2.1552439239262329     
   1.0908864098488451        2.1563141697084762     
   1.0908914533391336        2.1573854523260740     
   1.0908953711193958        2.1584577732819126     
   1.0908981641966506        2.1595311343175982     
   1.0908998335643461        2.1606055371254849     
   1.0909003800964732        2.1616809838895623     
   1.0908998047657501        2.1627574761808539     
   1.0908981084769687        2.1638350158073623     
   1.0908952920070478        2.1649136050946081     
   1.0908913561898648        2.1659932459657583     
   1.0908863017977106        2.1670739405558921     
   1.0908801295816386        2.1681556909767079     
   1.0908728402164030        2.1692384996044511     
   1.0908644344000780        2.1703223686007087     
   1.0908549127164378        2.1714073005487515     
   1.0908442757730092        2.1724932978344009     
   1.0908325241046650        2.1735803630579751     
   1.0908196582979790        2.1746684984679501     
   1.0908056787707356        2.1757577070141805     
   1.0907905859672100        2.1768479914055261     
   1.0907743803347483        2.1779393542167256     
   1.0907570622040199        2.1790317984819398     
   1.0907386319014143        2.1801253271268495     
   1.0907190897441328        2.1812199430140371     
   1.0906984359191589        2.1823156495178075     
   1.0906766707532658        2.1834124492114810     
   1.0906537943027816        2.1845103458601463     
   1.0906298067685984        2.1856093424113769     
   1.0906047082163717        2.1867094423463040     
   1.0905784986981737        2.1878106490785725     
   1.0905511782287500        2.1889129660909719     
   1.0905227467453025        2.1900163971200191     
   1.0904932042507753        2.1911209454459257     
   1.0904625505445087        2.1922266152162253     
   1.0904307854969364        2.1933334101033282     
   1.0903979089246645        2.1944413339151319     
   1.0903639205999824        2.1955503905370435     
   1.0903288201843591        2.1966605842791229     
   1.0902926073524868        2.1977719192240173     
   1.0902552817309410        2.1988843995817846     
   1.0902168429146344        2.1999980295703052     
   1.0901772904021665        2.2011128137243610     
   1.0901366237287091        2.2022287562909462     
   1.0900948422795702        2.2033458620866684     
   1.0900519454528450        2.2044641357240300     
   1.0900079325816059        2.2055835820052687     
   1.0899628029932369        2.2067042055894088     
   1.0899165559065929        2.2078260115422408     
   1.0898691905374756        2.2089490047829559     
   1.0898207059968310        2.2100731906059603     
   1.0897711013736651        2.2111985742366267     
   1.0897203757665872        2.2123251607170045     
   1.0896685280874521        2.2134529558528788     
   1.0896155573420097        2.2145819648160510     
   1.0895614623906649        2.2157121933400026     
   1.0895062419936248        2.2168436474812236     
   1.0894498950124578        2.2179763326404931     
   1.0893924201309788        2.2191102549273225     
   1.0893338160296633        2.2202454202881503     
   1.0892740812650985        2.2213818351147427     
   1.0892132143855975        2.2225195056543985     
   1.0891512139365327        2.2236584380193971     
   1.0890880783145152        2.2247986388549199     
   1.0890238058469897        2.2259401149524405     
   1.0889583948844315        2.2270828728427374     
   1.0888918436223796        2.2282269195996665     
   1.0888241503156637        2.2293722618439347     
   1.0887553130140084        2.2305189069898144     
   1.0886853297568717        2.2316668623264455     
   1.0886141985580637        2.2328161350573037     
   1.0885419173245674        2.2339667327264854     
   1.0884684839258487        2.2351186628456485     
   1.0883938960959845        2.2362719334035868     
   1.0883181515593603        2.2374265522146968     
   1.0882412479386832        2.2385825273767459     
   1.0881631828187572        2.2397398669743600     
   1.0880839536468596        2.2408985795354730     
   1.0880035578952383        2.2420586732599657     
   1.0879219928535757        2.2432201569971419     
   1.0878392557860037        2.2443830395070234     
   1.0877553438483594        2.2455473298417381     
   1.0876702541758481        2.2467130369272925     
   1.0875839837592416        2.2478801701461526     
   1.0874965295061720        2.2490487390513265     
   1.0874078883522444        2.2502187528075837     
   1.0873180569095551        2.2513902219088098     
   1.0872270319887161        2.2525631556277488     
   1.0871348100898777        2.2537375644999980     
   1.0870413877474776        2.2549134586006154     
   1.0869467612827202        2.2560908488031446     
   1.0868509270493218        2.2572697455301665     
   1.0867538812370137        2.2584501597453186     
   1.0866556199637496        2.2596321024572559     
   1.0865561392032164        2.2608155850910743     
   1.0864554348685307        2.2620006190932078     
   1.0863535027839837        2.2631872160049449     
   1.0862503385963818        2.2643753879612714     
   1.0861459378541234        2.2655651472351255     
   1.0860402961049602        2.2667565058013075     
   1.0859334086138399        2.2679494766750867     
   1.0858252706904774        2.2691440723294631     
   1.0857158774164049        2.2703403060181415     
   1.0856052237943594        2.2715381910044607     
   1.0854933046999524        2.2727377408472078     
   1.0853801148499567        2.2739389694989542     
   1.0852656489149217        2.2751418907775767     
   1.0851499013293122        2.2763465192625647     
   1.0850328664997597        2.2775528693111724     
   1.0849145385528092        2.2787609562084206     
   1.0847949116297273        2.2799707948110890     
   1.0846739796183313        2.2811824007597683     
   1.0845517363068742        2.2823957897834650     
   1.0844281753346483        2.2836109779046403     
   1.0843032901470024        2.2848279816413255     
   1.0841770740944461        2.2860468175252935     
   1.0840495202943703        2.2872675027634766     
   1.0839206217435435        2.2884900546857860     
   1.0837903712381556        2.2897144910917717     
   1.0836587614133180        2.2909408300936054     
   1.0835257848223261        2.2921690897048013     
   1.0833914335884169        2.2933992894576845     
   1.0832556999276550        2.2946314479719860     
   1.0831185756887340        2.2958655850608771     
   1.0829800525464741        2.2971017208261659     
   1.0828401220154193        2.2983398756039719     
   1.0826987754304573        2.2995800699989903     
   1.0825560037866113        2.3008223256546358     
   1.0824117980008265        2.3020666639874134     
   1.0822661486520164        2.3033131074136648     
   1.0821190461710841        2.3045616784282412     
   1.0819704807437256        2.3058124000452578     
   1.0818204421911215        2.3070652963331266     
   1.0816689202745677        2.3083203909820016     
   1.0815159043712586        2.3095777088070149     
   1.0813613835968745        2.3108372751272745     
   1.0812053468460154        2.3120991155946857     
   1.0810477827153504        2.3133632564994837     
   1.0808886794477215        2.3146297250266272     
   1.0807280250728779        2.3158985485773176     
   1.0805658072922129        2.3171697552908550     
   1.0804020134757457        2.3184433739956871     
   1.0802366306476521        2.3197194342959913     
   1.0800696455572925        2.3209979662043549     
   1.0799010445368242        2.3222790007572787     
   1.0797308136009671        2.3235625695525108     
   1.0795589384737441        2.3248487045646637     
   1.0793854042419848        2.3261374397328449     
   1.0792101959075575        2.3274288083968977     
   1.0790332979250727        2.3287228453772237     
   1.0788546942595842        2.3300195866544566     
   1.0786743685991034        2.3313190683982636     
   1.0784923040573691        2.3326213282705086     
   1.0783084833624315        2.3339264045338375     
   1.0781228887118268        2.3352343366528623     
   1.0779355018453014        2.3365451649486615     
   1.0777463039600734        2.3378589309212972     
   1.0775552757145512        2.3391756771880585     
   1.0773623972673576        2.3404954472740158     
   1.0771676482389720        2.3418182857271814     
   1.0769710074919681        2.3431442390564969     
   1.0767724534327123        2.3444733543106322     
   1.0765719637868383        2.3458056800551503     
   1.0763695155643473        2.3471412664341553     
   1.0761650851701343        2.3484801646704314     
   1.0759586482492893        2.3498224276238977     
   1.0757501797898883        2.3511681093195098     
   1.0755396538582380        2.3525172660294613     
   1.0753270438018363        2.3538699552891744     
   1.0751123222100167        2.3552262360228360     
   1.0748954606423404        2.3565861696437715     
   1.0746764298963205        2.3579498187810000     
   1.0744551997585323        2.3593172482989360     
   1.0742317390180465        2.3606885251456369     
   1.0740060154854907        2.3620637181472874     
   1.0737779958988867        2.3634428983394247     
   1.0735476457972575        2.3648261394048435     
   1.0733149296647984        2.3662135169048497     
   1.0730798107189961        2.3676051091083989     
   1.0728422507953799        2.3690009973444299     
   1.0726022106126336        2.3704012647188799     
   1.0723596492899807        2.3718059980564137     
   1.0721145244551671        2.3732152872914924     
   1.0718667924321641        2.3746292244617608     
   1.0716164076631722        2.3760479060691604     
   1.0713633230621880        2.3774714313356355     
   1.0711074896709782        2.3788999035146832     
   1.0708488565971392        2.3803334299334624     
   1.0705873711297973        2.3817721212399263     
   1.0703229783378148        2.3832160929747488     
   1.0700556211267098        2.3846654649713441     
   1.0697852401032681        2.3861203617449442     
   1.0695117733607242        2.3875809130565786     
   1.0692351564509281        2.3890472537629863     
   1.0689553221579984        2.3905195244133690     
   1.0686722004294087        2.3919978712312688     
   1.0683857179891392        2.3934824473205434     
   1.0680957983812143        2.3949734120639139     
   1.0678023617230326        2.3964709317881736     
   1.0675053243764749        2.3979751806042051     
   1.0672045986876109        2.3994863409959986     
   1.0669000930333503        2.4010046030926211     
   1.0665917110864207        2.4025301671185924     
   1.0662793519128089        2.4040632423562132     
   1.0659629093475347        2.4056040489860671     
   1.0656422718394463        2.4071528180251502     
   1.0653173219364409        2.4087097925800700     
   1.0649879358358534        2.4102752288049212     
   1.0646539829777137        2.4118493965674670     
   1.0643153255918731        2.4134325802642147     
   1.0639718177608850        2.4150250813738170     
   1.0636233053556434        2.4166272175183932     
   1.0632696247345477        2.4182393262484458     
   1.0629106024056134        2.4198617648102472     
   1.0625460539047142        2.4214949129797141     
   1.0621757828775198        2.4231391747934445     
   1.0617995800526725        2.4247949804833957     
   1.0614172219230058        2.4264627893830690     
   1.0610284695244536        2.4281430921345084     
   1.0606330665871093        2.4298364149303828     
   1.0602307381731071        2.4315433216393130     
   1.0598211884962891        2.4332644185568864     
   1.0594040984157540        2.4350003598930083     
   1.0589791232790229        2.4367518513976778     
   1.0585458896883455        2.4385196573507280     
   1.0581039920766531        2.4403046074880925     
   1.0576529886522026        2.4421076053009427     
   1.0571923969108044        2.4439296369003225     
   1.0567216879987817        2.4457717827269914     
   1.0562402804964452        2.4476352298129549     
   1.0557475323899441        2.4495212887117392     
   1.0552427324364175        2.4514314102157204     
   1.0547250888635309        2.4533672089048175     
   1.0541937162784634        2.4553304892769603     
   1.0536476191812345        2.4573232796221061     
   1.0530856722912019        2.4593478713339061     
   1.0525065951103343        2.4614068711326631     
   1.0519089207119701        2.4635032638426466     
   1.0512909554180578        2.4656404942367685     
   1.0506507267483323        2.4678225724656011     
   1.0499859145795165        2.4700542138770976     
   1.0492937596819516        2.4723410238945656     
   1.0485709383026205        2.4746897522226017     
   1.0478133872503315        2.4771086467979870     
   1.0470160517561662        2.4796079653286585     
   1.0461725144710061        2.4822007249930937     
   1.0452744224400892        2.4849038638391887     
   1.0443105684409488        2.4877400997892964     
   1.0432653302692017        2.4907410894972708     
   1.0421158276325542        2.4939531835088600     
   1.0408262543775628        2.4974488971037951     
   1.0393350760346736        2.5013528277621195     
   1.0375204127066344        2.5059117534373780     
   1.0350747229378983        2.5117486272641218     
   1.0306887065627892        2.5215213469926070     
