   1.0811930775644498        1.2991396199784337     
   1.0813531373768415        1.2986420683514623     
   1.0815118658563603        1.2981442345608736     
   1.0816690976880028        1.2976459712988104     
   1.0818248365083349        1.2971472801412536     
   1.0819790877871749        1.2966481646791568     
   1.0821318569127585        1.2961486284214310     
   1.0822831491589684        1.2956486747550862     
   1.0824329698380757        1.2951483071261483     
   1.0825813241475311        1.2946475288592478     
   1.0827282172884558        1.2941463432961937     
   1.0828736543594588        1.2936447536711060     
   1.0830176405018328        1.2931427632817449     
   1.0831601806382898        1.2926403751823217     
   1.0833012798096553        1.2921375925782850     
   1.0834409428982577        1.2916344185024773     
   1.0835791748189141        1.2911308560363048     
   1.0837159803694851        1.2906269081386794     
   1.0838513643550767        1.2901225777886065     
   1.0839853315122141        1.2896178678963630     
   1.0841178865264351        1.2891127813258758     
   1.0842490340402056        1.2886073209016677     
   1.0843787786337975        1.2881014893876901     
   1.0845071249150717        1.2875952895916116     
   1.0846340773557657        1.2870887241742637     
   1.0847596404380675        1.2865817958212493     
   1.0848838185467047        1.2860745071141708     
   1.0850066161371117        1.2855668607290893     
   1.0851280374894861        1.2850588591490375     
   1.0852480868667183        1.2845505048490184     
   1.0853667686400634        1.2840418004398040     
   1.0854840869203575        1.2835327482410215     
   1.0856000458856498        1.2830233506626358     
   1.0857146497102113        1.2825136101188783     
   1.0858279024356121        1.2820035288815896     
   1.0859398081437064        1.2814931092803767     
   1.0860503708514568        1.2809823535801299     
   1.0861595944614737        1.2804712639232954     
   1.0862674829705263        1.2799598425722902     
   1.0863740402603002        1.2794480916664217     
   1.0864792701685533        1.2789360133048466     
   1.0865831764927474        1.2784236095503827     
   1.0866857630191828        1.2779108824623233     
   1.0867870334599636        1.2773978340257504     
   1.0868869915837367        1.2768844663002166     
   1.0869856409957173        1.2763707811664498     
   1.0870829853084882        1.2758567805241907     
   1.0871790281693503        1.2753424663232147     
   1.0872737730334527        1.2748278403015996     
   1.0873672235355318        1.2743129044138941     
   1.0874593830443957        1.2737976603181427     
   1.0875502550579299        1.2732821098314897     
   1.0876398430042815        1.2727662546994587     
   1.0877281501662075        1.2722500965099501     
   1.0878151799448934        1.2717336369985717     
   1.0879009356669103        1.2712168778221844     
   1.0879854204907351        1.2706998204553863     
   1.0880686377540643        1.2701824665881638     
   1.0881505905742492        1.2696648176663552     
   1.0882312821622668        1.2691468752538384     
   1.0883107155977665        1.2686286407713001     
   1.0883888940144641        1.2681101157128030     
   1.0884658204611197        1.2675913014834852     
   1.0885414979426915        1.2670721994471363     
   1.0886159294534339        1.2665528109656283     
   1.0886891179735991        1.2660331373926621     
   1.0887610664149066        1.2655131800141906     
   1.0888317776229082        1.2649929400487312     
   1.0889012545008363        1.2644724187903171     
   1.0889694998052570        1.2639516173742109     
   1.0890365164695408        1.2634305371470993     
   1.0891023071192354        1.2629091791138265     
   1.0891668745371303        1.2623875444656372     
   1.0892302213605649        1.2618656342387613     
   1.0892923503106084        1.2613434495746336     
   1.0893532640279877        1.2608209915299966     
   1.0894129649866910        1.2602982609818218     
   1.0894714558566096        1.2597752590387445     
   1.0895287391543855        1.2592519866449754     
   1.0895848173418023        1.2587284446899070     
   1.0896396929308989        1.2582046341293824     
   1.0896933683261474        1.2576805558069681     
   1.0897458459202112        1.2571562105600487     
   1.0897971280878296        1.2566315992156114     
   1.0898472171558287        1.2561067225548435     
   1.0898961154825719        1.2555815814043898     
   1.0899438252902305        1.2550561764441606     
   1.0899903488416514        1.2545305084098177     
   1.0900356883155231        1.2540045779494511     
   1.0900798459745509        1.2534783858169418     
   1.0901228238614198        1.2529519325246190     
   1.0901646241271576        1.2524252187163813     
   1.0902052489211118        1.2518982450443756     
   1.0902447002025710        1.2513710119527908     
   1.0902829800437497        1.2508435200233825     
   1.0903200903968175        1.2503157697113090     
   1.0903560332961970        1.2497877615734549     
   1.0903908105851776        1.2492594959595675     
   1.0904244241811449        1.2487309733107468     
   1.0904568759817783        1.2482021940579080     
   1.0904881677449860        1.2476731584797189     
   1.0905183013574642        1.2471438670117814     
   1.0905472785036927        1.2466143198685451     
   1.0905751009729996        1.2460845173932322     
   1.0906017704775313        1.2455544598507244     
   1.0906272886430128        1.2450241474158190     
   1.0906516571216902        1.2444935803052821     
   1.0906748775400308        1.2439627587135969     
   1.0906969514702363        1.2434316827841130     
   1.0907178804517330        1.2429003526319000     
   1.0907376659794643        1.2423687683315705     
   1.0907563095734862        1.2418369299954093     
   1.0907738126367068        1.2413048376119906     
   1.0907901765950305        1.2407724912059530     
   1.0908054028249259        1.2402398907552346     
   1.0908194927156751        1.2397070362622620     
   1.0908324475593438        1.2391739276281259     
   1.0908442685977870        1.2386405647079064     
   1.0908549571204447        1.2381069474184794     
   1.0908645143490867        1.2375730756112007     
   1.0908729414394611        1.2370389490720481     
   1.0908802395726673        1.2365045676262900     
   1.0908864098488451        1.2359699310156467     
   1.0908914533391336        1.2354350389600812     
   1.0908953711193958        1.2348998911951155     
   1.0908981641966506        1.2343644873877149     
   1.0908998335643461        1.2338288272000113     
   1.0909003800964732        1.2332929101681582     
   1.0908998047657501        1.2327567359516880     
   1.0908981084769687        1.2322203041422319     
   1.0908952920070478        1.2316836141973804     
   1.0908913561898648        1.2311466656503547     
   1.0908863017977106        1.2306094579734690     
   1.0908801295816386        1.2300719906264761     
   1.0908728402164030        1.2295342629938402     
   1.0908644344000780        1.2289962744952376     
   1.0908549127164378        1.2284580244346692     
   1.0908442757730092        1.2279195121502942     
   1.0908325241046650        1.2273807369118708     
   1.0908196582979790        1.2268416980562122     
   1.0908056787707356        1.2263023947421623     
   1.0907905859672100        1.2257628261685256     
   1.0907743803347483        1.2252229915487123     
   1.0907570622040199        1.2246828899755782     
   1.0907386319014143        1.2241425205488392     
   1.0907190897441328        1.2236018823684038     
   1.0906984359191589        1.2230609743993168     
   1.0906766707532658        1.2225197957746010     
   1.0906537943027816        1.2219783453358852     
   1.0906298067685984        1.2214366220974584     
   1.0906047082163717        1.2208946249336194     
   1.0905784986981737        1.2203523527160498     
   1.0905511782287500        1.2198098042851697     
   1.0905227467453025        1.2192669784058823     
   1.0904932042507753        1.2187238739298152     
   1.0904625505445087        1.2181804894920734     
   1.0904307854969364        1.2176368238190971     
   1.0903979089246645        1.2170928755895556     
   1.0903639205999824        1.2165486434449326     
   1.0903288201843591        1.2160041259137255     
   1.0902926073524868        1.2154593215542084     
   1.0902552817309410        1.2149142288810970     
   1.0902168429146344        1.2143688463872078     
   1.0901772904021665        1.2138231724719897     
   1.0901366237287091        1.2132772055859791     
   1.0900948422795702        1.2127309440270593     
   1.0900519454528450        1.2121843861207899     
   1.0900079325816059        1.2116375301317088     
   1.0899628029932369        1.2110903743341594     
   1.0899165559065929        1.2105429168926629     
   1.0898691905374756        1.2099951559832043     
   1.0898207059968310        1.2094470896770009     
   1.0897711013736651        1.2088987160378120     
   1.0897203757665872        1.2083500331523682     
   1.0896685280874521        1.2078010389125038     
   1.0896155573420097        1.2072517313317337     
   1.0895614623906649        1.2067021082742815     
   1.0895062419936248        1.2061521675083458     
   1.0894498950124578        1.2056019069301724     
   1.0893924201309788        1.2050513242524195     
   1.0893338160296633        1.2045004172003180     
   1.0892740812650985        1.2039491833758078     
   1.0892132143855975        1.2033976203887291     
   1.0891512139365327        1.2028457258595897     
   1.0890880783145152        1.2022934972604196     
   1.0890238058469897        1.2017409320043013     
   1.0889583948844315        1.2011880275430533     
   1.0888918436223796        1.2006347811758933     
   1.0888241503156637        1.2000811902834250     
   1.0887553130140084        1.1995272520360916     
   1.0886853297568717        1.1989729636092492     
   1.0886141985580637        1.1984183221694091     
   1.0885419173245674        1.1978633247804076     
   1.0884684839258487        1.1973079684841093     
   1.0883938960959845        1.1967522501882513     
   1.0883181515593603        1.1961961668104104     
   1.0882412479386832        1.1956397151742422     
   1.0881631828187572        1.1950828920793066     
   1.0880839536468596        1.1945256941928486     
   1.0880035578952383        1.1939681182293518     
   1.0879219928535757        1.1934101607210552     
   1.0878392557860037        1.1928518181922865     
   1.0877553438483594        1.1922930870676693     
   1.0876702541758481        1.1917339637700894     
   1.0875839837592416        1.1911744445840551     
   1.0874965295061720        1.1906145257229088     
   1.0874078883522444        1.1900542034544390     
   1.0873180569095551        1.1894934737083380     
   1.0872270319887161        1.1889323326591839     
   1.0871348100898777        1.1883707761582742     
   1.0870413877474776        1.1878088001219071     
   1.0869467612827202        1.1872464002508343     
   1.0868509270493218        1.1866835723089926     
   1.0867538812370137        1.1861203119011678     
   1.0866556199637496        1.1855566145797050     
   1.0865561392032164        1.1849924757627881     
   1.0864554348685307        1.1844278908257406     
   1.0863535027839837        1.1838628550762882     
   1.0862503385963818        1.1832973636486004     
   1.0861459378541234        1.1827314115984522     
   1.0860402961049602        1.1821649940085037     
   1.0859334086138399        1.1815981056771445     
   1.0858252706904774        1.1810307414819063     
   1.0857158774164049        1.1804628960764860     
   1.0856052237943594        1.1798945640605987     
   1.0854933046999524        1.1793257399216923     
   1.0853801148499567        1.1787564180051469     
   1.0852656489149217        1.1781865926371000     
   1.0851499013293122        1.1776162579164242     
   1.0850328664997597        1.1770454079430057     
   1.0849145385528092        1.1764740365443962     
   1.0847949116297273        1.1759021375970038     
   1.0846739796183313        1.1753297047355891     
   1.0845517363068742        1.1747567315197749     
   1.0844281753346483        1.1741832113826864     
   1.0843032901470024        1.1736091375815974     
   1.0841770740944461        1.1730345033090981     
   1.0840495202943703        1.1724593015393159     
   1.0839206217435435        1.1718835251539343     
   1.0837903712381556        1.1713071668570905     
   1.0836587614133180        1.1707302192161284     
   1.0835257848223261        1.1701526747520545     
   1.0833914335884169        1.1695745255584789     
   1.0832556999276550        1.1689957638739656     
   1.0831185756887340        1.1684163815818249     
   1.0829800525464741        1.1678363704213415     
   1.0828401220154193        1.1672557220025359     
   1.0826987754304573        1.1666744277903767     
   1.0825560037866113        1.1660924789258065     
   1.0824117980008265        1.1655098665177079     
   1.0822661486520164        1.1649265813564198     
   1.0821190461710841        1.1643426141250122     
   1.0819704807437256        1.1637579552940869     
   1.0818204421911215        1.1631725949922065     
   1.0816689202745677        1.1625865233420321     
   1.0815159043712586        1.1619997301047231     
   1.0813613835968745        1.1614122048188387     
   1.0812053468460154        1.1608239368436397     
   1.0810477827153504        1.1602349152787848     
   1.0808886794477215        1.1596451289040408     
   1.0807280250728779        1.1590545663349865     
   1.0805658072922129        1.1584632158987191     
   1.0804020134757457        1.1578710656353279     
   1.0802366306476521        1.1572781032809254     
   1.0800696455572925        1.1566843163482570     
   1.0799010445368242        1.1560896919754295     
   1.0797308136009671        1.1554942170343949     
   1.0795589384737441        1.1548978781662664     
   1.0793854042419848        1.1543006614030324     
   1.0792101959075575        1.1537025527728819     
   1.0790332979250727        1.1531035377992742     
   1.0788546942595842        1.1525036015695780     
   1.0786743685991034        1.1519027289653443     
   1.0784923040573691        1.1513009043445310     
   1.0783084833624315        1.1506981117488400     
   1.0781228887118268        1.1500943347517221     
   1.0779355018453014        1.1494895565385672     
   1.0777463039600734        1.1488837598202550     
   1.0775552757145512        1.1482769268408362     
   1.0773623972673576        1.1476690394231226     
   1.0771676482389720        1.1470600789325069     
   1.0769710074919681        1.1464500260427657     
   1.0767724534327123        1.1458388610685208     
   1.0765719637868383        1.1452265637257066     
   1.0763695155643473        1.1446131131014816     
   1.0761650851701343        1.1439984877744636     
   1.0759586482492893        1.1433826656591473     
   1.0757501797898883        1.1427656241185435     
   1.0755396538582380        1.1421473396862329     
   1.0753270438018363        1.1415277882934385     
   1.0751123222100167        1.1409069452301424     
   1.0748954606423404        1.1402847848621036     
   1.0746764298963205        1.1396612809269093     
   1.0744551997585323        1.1390364062730636     
   1.0742317390180465        1.1384101328826080     
   1.0740060154854907        1.1377824319021137     
   1.0737779958988867        1.1371532735497434     
   1.0735476457972575        1.1365226269889128     
   1.0733149296647984        1.1358904604955176     
   1.0730798107189961        1.1352567412394710     
   1.0728422507953799        1.1346214351739792     
   1.0726022106126336        1.1339845073315640     
   1.0723596492899807        1.1333459213207466     
   1.0721145244551671        1.1327056394543740     
   1.0718667924321641        1.1320636229671464     
   1.0716164076631722        1.1314198314105428     
   1.0713633230621880        1.1307742230493067     
   1.0711074896709782        1.1301267545099773     
   1.0708488565971392        1.1294773807340586     
   1.0705873711297973        1.1288260551249727     
   1.0703229783378148        1.1281727291322596     
   1.0700556211267098        1.1275173523443596     
   1.0697852401032681        1.1268598723613410     
   1.0695117733607242        1.1262002345976032     
   1.0692351564509281        1.1255383822756984     
   1.0689553221579984        1.1248742562187526     
   1.0686722004294087        1.1242077948050802     
   1.0683857179891392        1.1235389335950958     
   1.0680957983812143        1.1228676054151365     
   1.0678023617230326        1.1221937401294506     
   1.0675053243764749        1.1215172643402171     
   1.0672045986876109        1.1208381011559534     
   1.0669000930333503        1.1201561702898450     
   1.0665917110864207        1.1194713873363042     
   1.0662793519128089        1.1187836639318816     
   1.0659629093475347        1.1180929071625694     
   1.0656422718394463        1.1173990194633983     
   1.0653173219364409        1.1167018981544181     
   1.0649879358358534        1.1160014350469818     
   1.0646539829777137        1.1152975161062864     
   1.0643153255918731        1.1145900210685236     
   1.0639718177608850        1.1138788225703671     
   1.0636233053556434        1.1131637861907047     
   1.0632696247345477        1.1124447692198880     
   1.0629106024056134        1.1117216204510527     
   1.0625460539047142        1.1109941791574416     
   1.0621757828775198        1.1102622743104740     
   1.0617995800526725        1.1095257237036411     
   1.0614172219230058        1.1087843327894311     
   1.0610284695244536        1.1080378936465149     
   1.0606330665871093        1.1072861833349570     
   1.0602307381731071        1.1065289627735595     
   1.0598211884962891        1.1057659748228512     
   1.0594040984157540        1.1049969420780266     
   1.0589791232790229        1.1042215650677152     
   1.0585458896883455        1.1034395194167743     
   1.0581039920766531        1.1026504528814849     
   1.0576529886522026        1.1018539818311632     
   1.0571923969108044        1.1010496873826141     
   1.0567216879987817        1.1002371104942879     
   1.0562402804964452        1.0994157466123440     
   1.0557475323899441        1.0985850386603147     
   1.0552427324364175        1.0977443696317191     
   1.0547250888635309        1.0968930527458727     
   1.0541937162784634        1.0960303201473405     
   1.0536476191812345        1.0951553085870365     
   1.0530856722912019        1.0942670424355918     
   1.0525065951103343        1.0933644115928323     
   1.0519089207119701        1.0924461445016815     
   1.0512909554180578        1.0915107732159046     
   1.0506507267483323        1.0905565883279371     
   1.0499859145795165        1.0895815793203751     
   1.0492937596819516        1.0885833554010487     
   1.0485709383026205        1.0875590368840062     
   1.0478133872503315        1.0865051037596336     
   1.0470160517561662        1.0854171772906576     
   1.0461725144710061        1.0842896989337678     
   1.0452744224400892        1.0831154341317477     
   1.0443105684409488        1.0818846771162058     
   1.0432653302692017        1.0805839000167203     
   1.0421158276325542        1.0791932922188534     
   1.0408262543775628        1.0776818560919750     
   1.0393350760346736        1.0759963313891552     
   1.0375204127066344        1.0740312579833224     
   1.0350747229378983        1.0715206582001393     
   1.0306887065627892        1.0673334362518183     
