   1.2187368763159747        1.5047393652280168     
   1.2194260664312244        1.5043786035336899     
   1.2201132426303662        1.5040175797783846     
   1.2207978660123378        1.5036561955561916     
   1.2214799350403251        1.5032944524028147     
   1.2221594528935817        1.5029323527896266     
   1.2228364225770576        1.5025698991408829     
   1.2235108468436364        1.5022070938181016     
   1.2241827285237807        1.5018439391922249     
   1.2248520701935637        1.5014804375711888     
   1.2255188744318328        1.5011165912562734     
   1.2261831435898349        1.5007524024920216     
   1.2268448801056031        1.5003878735347591     
   1.2275040859352062        1.5000230065292297     
   1.2281607632859957        1.4996578036680224     
   1.2288149140138254        1.4992922670607611     
   1.2294665400405986        1.4989263988249115     
   1.2301156430250448        1.4985602010145320     
   1.2307622246354686        1.4981936756795213     
   1.2314062863847963        1.4978268248299984     
   1.2320478296659187        1.4974596504441906     
   1.2326868557717048        1.4970921544728180     
   1.2333233658512444        1.4967243388298908     
   1.2339573611075700        1.4963562054352819     
   1.2345888424368581        1.4959877561373105     
   1.2352178107498719        1.4956189927820251     
   1.2358442667366198        1.4952499171628335     
   1.2364682112350414        1.4948805310994584     
   1.2370896446887767        1.4945108363221615     
   1.2377085674936110        1.4941408345460914     
   1.2383249802790426        1.4937705275311655     
   1.2389388830888064        1.4933999169075971     
   1.2395502761054940        1.4930290043306138     
   1.2401591594970984        1.4926577914475887     
   1.2407655331273575        1.4922862798367706     
   1.2413693969399764        1.4919144710889363     
   1.2419707507254436        1.4915423667580696     
   1.2425695940102688        1.4911699683380428     
   1.2431659265209363        1.4907972773609861     
   1.2437597477182869        1.4904242952986932     
   1.2443510569539680        1.4900510235960862     
   1.2449398534796956        1.4896774636732300     
   1.2455261365124968        1.4893036169391207     
   1.2461099050910640        1.4889294847616159     
   1.2466911583720208        1.4885550685297744     
   1.2472698951333752        1.4881803695496523     
   1.2478461141580801        1.4878053891251175     
   1.2484198142962699        1.4874301285708036     
   1.2489909939530115        1.4870545891049800     
   1.2495596519275334        1.4866787720253152     
   1.2501257864061941        1.4863026784983684     
   1.2506893958540570        1.4859263097461297     
   1.2512504785677834        1.4855496669524695     
   1.2518090325008104        1.4851727512272197     
   1.2523650558604897        1.4847955637304220     
   1.2529185466753558        1.4844181055822481     
   1.2534695025757603        1.4840403778178950     
   1.2540179215867751        1.4836623815520862     
   1.2545638012182816        1.4832841177904137     
   1.2551071391777942        1.4829055875772164     
   1.2556479328611387        1.4825267918903529     
   1.2561861797707889        1.4821477317276148     
   1.2567218772011493        1.4817684080419289     
   1.2572550223309722        1.4813888217605466     
   1.2577856122980564        1.4810089738005283     
   1.2583136441942313        1.4806288650677795     
   1.2588391149358376        1.4802484964304972     
   1.2593620212713756        1.4798678687210132     
   1.2598823600654614        1.4794869827940107     
   1.2604001278275225        1.4791058394300505     
   1.2609153214594031        1.4787244394886854     
   1.2614279371315986        1.4783427836786709     
   1.2619379713635122        1.4779608727790896     
   1.2624454203170343        1.4775787074950200     
   1.2629502803301609        1.4771962885664731     
   1.2634525475378515        1.4768136166910930     
   1.2639522176657891        1.4764306924827617     
   1.2644492868774817        1.4760475166435314     
   1.2649437509598400        1.4756640897982773     
   1.2654356055513949        1.4752804125413030     
   1.2659248463884663        1.4748964854862781     
   1.2664114689340837        1.4745123091911088     
   1.2668954686034835        1.4741278842038259     
   1.2673768407482129        1.4737432110593558     
   1.2678555805854088        1.4733582902653679     
   1.2683316833849894        1.4729731223399840     
   1.2688051440734758        1.4725877077322893     
   1.2692759576506585        1.4722020469061823     
   1.2697441188950185        1.4718161402812873     
   1.2702096227599682        1.4714299883125008     
   1.2706724636537701        1.4710435913457625     
   1.2711326362179087        1.4706569497742812     
   1.2715901350648950        1.4702700639856801     
   1.2720449543316901        1.4698829342732220     
   1.2724970883976985        1.4694955609792604     
   1.2729465313300978        1.4691079443845503     
   1.2733932773674521        1.4687200848046771     
   1.2738373202644069        1.4683319824598637     
   1.2742786539269302        1.4679436376013895     
   1.2747172721839455        1.4675550504661816     
   1.2751531685041206        1.4671662212208769     
   1.2755863366350346        1.4667771500884907     
   1.2760167698111564        1.4663878371917169     
   1.2764444614885486        1.4659982826984792     
   1.2768694049086271        1.4656084867355927     
   1.2772915930748439        1.4652184493844163     
   1.2777110190215788        1.4648281707341160     
   1.2781276756922137        1.4644376508574157     
   1.2785415558667950        1.4640468897966890     
   1.2789526522133854        1.4636558875741261     
   1.2793609572594753        1.4632646441861676     
   1.2797664635607602        1.4628731596367763     
   1.2801691633544114        1.4624814338695324     
   1.2805690488993371        1.4620894668344220     
   1.2809661122990630        1.4616972584533008     
   1.2813603456530849        1.4613048086494074     
   1.2817517407888925        1.4609121172952992     
   1.2821402893721732        1.4605191842345411     
   1.2825259831508629        1.4601260093291959     
   1.2829088136685478        1.4597325924041742     
   1.2832887722681114        1.4593389332480884     
   1.2836658503157850        1.4589450316569343     
   1.2840400389413147        1.4585508873835433     
   1.2844113291611041        1.4581565001619294     
   1.2847797119632671        1.4577618697235790     
   1.2851451781253311        1.4573669957623172     
   1.2855077183487305        1.4569718779605827     
   1.2858673229972530        1.4565765159388953     
   1.2862239826348805        1.4561809093598792     
   1.2865776876158010        1.4557850578490226     
   1.2869284279304156        1.4553889609654678     
   1.2872761936647028        1.4549926182904431     
   1.2876209747081522        1.4545960293710769     
   1.2879627608491355        1.4541991937389662     
   1.2883015416373769        1.4538021108838783     
   1.2886373066359762        1.4534047803021506     
   1.2889700450683885        1.4530072014292410     
   1.2892997461728435        1.4526093737077146     
   1.2896263989512324        1.4522112965392229     
   1.2899499924878075        1.4518129693455195     
   1.2902705153876715        1.4514143914614615     
   1.2905879562703579        1.4510155622293857     
   1.2909023037110965        1.4506164809877444     
   1.2912135459352094        1.4502171470133307     
   1.2915216711012369        1.4498175595751066     
   1.2918266672904020        1.4494177179323995     
   1.2921285221942682        1.4490176212756991     
   1.2924272238059309        1.4486172688577601     
   1.2927227593669006        1.4482166597944748     
   1.2930151164312227        1.4478157932662117     
   1.2933042821464322        1.4474146683819840     
   1.2935902435625937        1.4470132842381256     
   1.2938729875738801        1.4466116399072080     
   1.2941525008116417        1.4462097344182205     
   1.2944287700133428        1.4458075668259058     
   1.2947017813251018        1.4454051360799642     
   1.2949715210109896        1.4450024411584770     
   1.2952379751306971        1.4445994810072806     
   1.2955011295599073        1.4441962545440996     
   1.2957609698192347        1.4437927606267322     
   1.2960174813900875        1.4433889981123253     
   1.2962706495611434        1.4429849658285983     
   1.2965204594656092        1.4425806625810518     
   1.2967668959092831        1.4421760871211600     
   1.2970099437236891        1.4417712382121470     
   1.2972495872688858        1.4413661145367520     
   1.2974858108614200        1.4409607147769694     
   1.2977185985710604        1.4405550375763543     
   1.2979479343709257        1.4401490815680211     
   1.2981738018698268        1.4397428453252479     
   1.2983961845853207        1.4393363274121973     
   1.2986150656759838        1.4389295263346664     
   1.2988304281544771        1.4385224405794770     
   1.2990422549762692        1.4381150686310433     
   1.2992505285134788        1.4377074088746062     
   1.2994552312977090        1.4372994597332109     
   1.2996563453848342        1.4368912195508354     
   1.2998538524697296        1.4364826866141018     
   1.3000477344266124        1.4360738592512412     
   1.3002379725603994        1.4356647356950298     
   1.3004245480689767        1.4352553141678452     
   1.3006074417205482        1.4348455928227035     
   1.3007866341600687        1.4344355697996223     
   1.3009621059279477        1.4340252432289504     
   1.3011338370580523        1.4336146111583550     
   1.3013018072904321        1.4332036715919638     
   1.3014659963259296        1.4327924225367494     
   1.3016263833340262        1.4323808619132323     
   1.3017829475390006        1.4319689876622232     
   1.3019356674926212        1.4315567976129917     
   1.3020845216066961        1.4311442895801993     
   1.3022294881066325        1.4307314613555624     
   1.3023705448104115        1.4303183106680419     
   1.3025076693128652        1.4299048352175054     
   1.3026408387172757        1.4294910326264334     
   1.3027700299758302        1.4290769005016113     
   1.3028952196343644        1.4286624363883274     
   1.3030163840092188        1.4282476378024800     
   1.3031334989050785        1.4278325021800407     
   1.3032465400657318        1.4274170269583748     
   1.3033554825923728        1.4270012094718987     
   1.3034603013795674        1.4265850470307908     
   1.3035609708809992        1.4261685368791666     
   1.3036574653522308        1.4257516762387128     
   1.3037497585009843        1.4253344622465165     
   1.3038378236557633        1.4249168919854991     
   1.3039216340749251        1.4244989625397078     
   1.3040011619559739        1.4240806708181295     
   1.3040763799008332        1.4236620138160028     
   1.3041472594811425        1.4232429883595681     
   1.3042137722007991        1.4228235912777509     
   1.3042758888012140        1.4224038192789901     
   1.3043335799470590        1.4219836690732821     
   1.3043868156719762        1.4215631372741404     
   1.3044355656303088        1.4211422204434943     
   1.3044797988908894        1.4207209150557012     
   1.3045194841726981        1.4202992175393718     
   1.3045545897551516        1.4198771242620152     
   1.3045850832281563        1.4194546314861336     
   1.3046109317056378        1.4190317354074593     
   1.3046321021097469        1.4186084322051800     
   1.3046485603513305        1.4181847178981355     
   1.3046602722691787        1.4177605885104674     
   1.3046672028424704        1.4173360399333483     
   1.3046693166085896        1.4169110679992010     
   1.3046665775284116        1.4164856684580260     
   1.3046589488824771        1.4160598369599735     
   1.3046463935970094        1.4156335691125550     
   1.3046288736841827        1.4152068603834222     
   1.3046063508478496        1.4147797062064753     
   1.3045787857330216        1.4143521018514571     
   1.3045461387933910        1.4139240425756356     
   1.3045083694908064        1.4134955234847966     
   1.3044654367469875        1.4130665396123643     
   1.3044172987910734        1.4126370858933637     
   1.3043639130184606        1.4122071571405654     
   1.3043052362792940        1.4117767480947740     
   1.3042412244629420        1.4113458533536138     
   1.3041718328243177        1.4109144674284331     
   1.3040970157369884        1.4104825847022402     
   1.3040167268084264        1.4100501994501786     
   1.3039309191093587        1.4096173058794208     
   1.3038395441169099        1.4091838979479694     
   1.3037425532848319        1.4087499696355918     
   1.3036398966466221        1.4083155147038515     
   1.3035315233896680        1.4078805267956578     
   1.3034173818933665        1.4074449994425997     
   1.3032974196564229        1.4070089260527707     
   1.3031715828058943        1.4065722998275860     
   1.3030398168796822        1.4061351138964016     
   1.3029020660308150        1.4056973611811689     
   1.3027582735937087        1.4052590344938598     
   1.3026083817794172        1.4048201264852147     
   1.3024523312971379        1.4043806295810410     
   1.3022900622802744        1.4039405361408916     
   1.3021215132820603        1.4034998382875092     
   1.3019466216344329        1.4030585279692083     
   1.3017653235683790        1.4026165969809627     
   1.3015775539601038        1.4021740369220956     
   1.3013832461467449        1.4017308391662131     
   1.3011823323503258        1.4012869949338249     
   1.3009747433085912        1.4008424952308527     
   1.3007604082463722        1.4003973308447200     
   1.3005392548212904        1.3999514923363174     
   1.3003112093303173        1.3995049700758830     
   1.3000761962465857        1.3990577541659739     
   1.2998341385194163        1.3986098344932096     
   1.2995849576409428        1.3981612007404214     
   1.2993285725354564        1.3977118422013448     
   1.2990649012895603        1.3972617480725813     
   1.2987938596721849        1.3968109072059478     
   1.2985153612920337        1.3963593081366878     
   1.2982293182600051        1.3959069391957284     
   1.2979356402214832        1.3954537883488665     
   1.2976342349360337        1.3949998432952913     
   1.2973250077924747        1.3945450913881119     
   1.2970078620210101        1.3940895196711520     
   1.2966826983967339        1.3936331148312417     
   1.2963494152264279        1.3931758631975830     
   1.2960079084523024        1.3927177507606738     
   1.2956580715020856        1.3922587631491068     
   1.2952997945461315        1.3917988855080199     
   1.2949329654490132        1.3913381026590188     
   1.2945574690139214        1.3908763989766348     
   1.2941731868319797        1.3904137583654674     
   1.2937799976188662        1.3899501643180523     
   1.2933777766674208        1.3894855998263944     
   1.2929663961579272        1.3890200474353818     
   1.2925457242450182        1.3885534890945106     
   1.2921156256875965        1.3880859062644326     
   1.2916759616871309        1.3876172798923827     
   1.2912265889406507        1.3871475902590524     
   1.2907673604863610        1.3866768171205646     
   1.2902981248339240        1.3862049395681426     
   1.2898187259593152        1.3857319360302847     
   1.2893290033185363        1.3852577842781775     
   1.2888287914836563        1.3847824613689845     
   1.2883179196609928        1.3843059435705358     
   1.2877962121190392        1.3838282064347265     
   1.2872634874182785        1.3833492246750569     
   1.2867195579520541        1.3828689720956751     
   1.2861642307847609        1.3823874217320777     
   1.2855973059412114        1.3819045455759715     
   1.2850185766983138        1.3814203146277908     
   1.2844278301510430        1.3809346989927438     
   1.2838248451578569        1.3804476675515498     
   1.2832093934600322        1.3799591881474553     
   1.2825812384164978        1.3794692273859215     
   1.2819401346882178        1.3789777505890402     
   1.2812858285373987        1.3784847218495329     
   1.2806180563401592        1.3779901037961277     
   1.2799365446565327        1.3774938576112516     
   1.2792410096513482        1.3769959429438909     
   1.2785311562106423        1.3764963177742646     
   1.2778066777126451        1.3759949383841312     
   1.2770672550907705        1.3754917592134215     
   1.2763125564429287        1.3749867328058576     
   1.2755422355022146        1.3744798095712962     
   1.2747559316132504        1.3739709377914919     
   1.2739532686876238        1.3734600634618561     
   1.2731338538309334        1.3729471300813634     
   1.2722972762044251        1.3724320784814936     
   1.2714431069690568        1.3719148468283984     
   1.2705708964173310        1.3713953701765349     
   1.2696801740584607        1.3708735804955201     
   1.2687704460958695        1.3703494062809591     
   1.2678411945686114        1.3698227724326537     
   1.2668918751683171        1.3692935999221290     
   1.2659219152576922        1.3687618054944193     
   1.2649307120134068        1.3682273013905950     
   1.2639176303731272        1.3676899950407166     
   1.2628819991608036        1.3671497884694763     
   1.2618231103699857        1.3666065782050680     
   1.2607402138680377        1.3660602544633433     
   1.2596325155616621        1.3655107008838945     
   1.2584991726440915        1.3649577938054529     
   1.2573392894994004        1.3644014016492825     
   1.2561519131322427        1.3638413842300796     
   1.2549360274320136        1.3632775918864160     
   1.2536905476953091        1.3627098646562223     
   1.2524143126819274        1.3621380310677420     
   1.2511060783751407        1.3615619072041745     
   1.2497645085242182        1.3609812952667728     
   1.2483881637728496        1.3603959819228568     
   1.2469754919152434        1.3598057368384788     
   1.2455248138618131        1.3592103105443234     
   1.2440343086025512        1.3586094321550299     
   1.2425019954558971        1.3580028066736465     
   1.2409257143084713        1.3573901119938627     
   1.2393031010218454        1.3567709951602089     
   1.2376315601007850        1.3561450682170746     
   1.2359082297689465        1.3555119028907434     
   1.2341299439531577        1.3548710248135132     
   1.2322931830704320        1.3542219060261471     
   1.2303940167211129        1.3535639562534232     
   1.2284280318140350        1.3528965119492884     
   1.2263902465263892        1.3522188231852545     
   1.2242749995355524        1.3515300367504404     
   1.2220758137913768        1.3508291753681392     
   1.2197852208306308        1.3501151108725695     
   1.2173945340490095        1.3493865295771967     
   1.2148935491239039        1.3486418864891612     
   1.2122701459537701        1.3478793444463464     
   1.2095097433361410        1.3470966906887269     
   1.2065945387227037        1.3462912204879107     
   1.2035024133196979        1.3454595694484819     
   1.2002053212848860        1.3445974666596419     
   1.1966668043120186        1.3436993535579562     
   1.1928380090793180        1.3427577728073294     
   1.1886509265959733        1.3417623301069046     
   1.1840060869973279        1.3406978029791869     
   1.1787480521058373        1.3395403705051518     
   1.1726101242698252        1.3382490969556500     
   1.1650650782862075        1.3367429029557067     
   1.1547861340593790        1.3348171941409377     
   1.1361553666757540        1.3316008366302021     
