           1  0.24490427329899581       0.29847386903685186       0.19401535239235373       0.17261274049768197     
           2  0.24474415132899599       0.29844739773716589       0.19403184633726753       0.17257855781378742     
           3  0.24458423801755841       0.29842046774388048       0.19404818833511531       0.17254451389028089     
           4  0.24442456376676136       0.29839298584745882       0.19406435560154212       0.17251062830891659     
           5  0.24426512806839804       0.29836495276560354       0.19408034848734637       0.17247690081121100     
           6  0.24410593014278475       0.29833637003138469       0.19409616757745593       0.17244333094854269     
           7  0.24394696922304826       0.29830723914322793       0.19411181344576561       0.17240991828075564     
           8  0.24378824455955783       0.29827756155158819       0.19412728665123055       0.17237666237927160     
           9  0.24362975540053938       0.29824733871581360       0.19414258775560289       0.17234356281377500     
          10  0.24347150101149834       0.29821657204706803       0.19415771730562073       0.17231061916556298     
          11  0.24331348066010586       0.29818526295266434       0.19417267584685155       0.17227783101716984     
          12  0.24315569362962436       0.29815341279653956       0.19418746391136804       0.17224519796160692     
          13  0.24299813920051261       0.29812102295333753       0.19420208203460193       0.17221271958970844     
          14  0.24284081668352528       0.29808809471086961       0.19421653072497685       0.17218039551292924     
          15  0.24268372537693966       0.29805462939603122       0.19423081050312929       0.17214822533390800     
          16  0.24252686460161585       0.29802062827147724       0.19424492186971931       0.17211620867060712     
          17  0.24237023367666213       0.29798609260727715       0.19425886532776551       0.17208434513956650     
          18  0.24221383193851245       0.29795102362460335       0.19427264136510389       0.17205263436905199     
          19  0.24205765872505425       0.29791542254250075       0.19428625046896272       0.17202107598812783     
          20  0.24190171338515407       0.29787929054973195       0.19429969311719150       0.17198966963322473     
          21  0.24174599527655466       0.29784262881090656       0.19431296978018930       0.17195841494670486     
          22  0.24159050376467672       0.29780543846998153       0.19432608092198225       0.17192731157603916     
          23  0.24143523822509341       0.29776772064286922       0.19433902699794775       0.17189635917552437     
          24  0.24128019803211212       0.29772947645121700       0.19435180846530026       0.17186555739840251     
          25  0.24112538257949961       0.29769070696096889       0.19436442576400764       0.17183490591118308     
          26  0.24097079126193638       0.29765141323723338       0.19437687933385422       0.17180440438084421     
          27  0.24081642348849466       0.29761159630427403       0.19438916960201830       0.17177405248415531     
          28  0.24066227866147305       0.29757125720830069       0.19440129700254993       0.17174384989302965     
          29  0.24050835620741357       0.29753039692531102       0.19441326194778916       0.17171379629601358     
          30  0.24035465555719232       0.29748901642011283       0.19442506484670424       0.17168389138451254     
          31  0.24020117612995767       0.29744711669413265       0.19443670611968006       0.17165413484165065     
          32  0.24004791737984787       0.29740469864638286       0.19444818615543305       0.17162452637466541     
          33  0.23989487875458509       0.29736176319653995       0.19445950534919679       0.17159506568622063     
          34  0.23974205970423912       0.29731831125891239       0.19447066409461489       0.17156575248047104     
          35  0.23958945969764198       0.29727434369344030       0.19448166276859102       0.17153658647447129     
          36  0.23943707820051688       0.29722986137084551       0.19449250175146199       0.17150756738299450     
          37  0.23928491468869131       0.29718486513318770       0.19450318141479572       0.17147869492772180     
          38  0.23913296865430617       0.29713935577525152       0.19451370211563543       0.17144996884155386     
          39  0.23898123957952619       0.29709333412300354       0.19452406422078866       0.17142138885036484     
          40  0.23882972696286581       0.29704680095496133       0.19453426808247490       0.17139295469128282     
          41  0.23867843031027608       0.29699975702870601       0.19454431404657255       0.17136466610652148     
          42  0.23852734913458667       0.29695220308251247       0.19455420245311358       0.17133652284299741     
          43  0.23837648295180547       0.29690413984639935       0.19456393363969693       0.17130852464975185     
          44  0.23822583128916278       0.29685556801797841       0.19457350793403708       0.17128067128356581     
          45  0.23807539366844252       0.29680648831238554       0.19458292566938928       0.17125296249734848     
          46  0.23792516963382024       0.29675690137876548       0.19459218715875640       0.17122539805954295     
          47  0.23777515873028066       0.29670680786490150       0.19460129271487706       0.17119797773910020     
          48  0.23762536050014341       0.29665620842767321       0.19461024265343149       0.17117070130305428     
          49  0.23747577451166302       0.29660510364708326       0.19461903726652124       0.17114356853647464     
          50  0.23732640031210794       0.29655349416721200       0.19462767686617163       0.17111657920974219     
          51  0.23717723748394520       0.29650138052726571       0.19463616173220738       0.17108973311776288     
          52  0.23702828559506176       0.29644876331121067       0.19464449215843410       0.17106303004523324     
          53  0.23687954422369140       0.29639564307281230       0.19465266842948165       0.17103646978403228     
          54  0.23673101296804461       0.29634202030646467       0.19466069081187518       0.17101005213998594     
          55  0.23658269141311697       0.29628789554721330       0.19466855958483278       0.17098377690965624     
          56  0.23643457915471847       0.29623326929832927       0.19467627501793813       0.17095764389714466     
          57  0.23628667581153151       0.29617814199476034       0.19468383735994191       0.17093165292255300     
          58  0.23613898098120806       0.29612251413567359       0.19469124687954806       0.17090580379125456     
          59  0.23599149429067584       0.29606638613249270       0.19469850381862738       0.17088009632912024     
          60  0.23584421535670463       0.29600975842798516       0.19470560842889481       0.17085453035490178     
          61  0.23569714381398560       0.29595263141130557       0.19471256094578338       0.17082910569993004     
          62  0.23555027929204897       0.29589500548782138       0.19471936160989772       0.17080382219192297     
          63  0.23540362143256541       0.29583688102668226       0.19472601065092060       0.17077867966713281     
          64  0.23525716988421369       0.29577825837629840       0.19473250829237382       0.17075367796675167     
          65  0.23511092429855213       0.29571913787681636       0.19473885475545363       0.17072881693402273     
          66  0.23496488433027776       0.29565951985930788       0.19474505025878838       0.17070409641442594     
          67  0.23481904964428926       0.29559940462429163       0.19475109501184490       0.17067951626064140     
          68  0.23467341991520876       0.29553879244308362       0.19475698921536799       0.17065507633223567     
          69  0.23452799481185424       0.29547768360497917       0.19476273307584960       0.17063077648473823     
          70  0.23438277402293520       0.29541607833907674       0.19476832678155059       0.17060661658772447     
          71  0.23423775721628179       0.29535397693829762       0.19477377054054329       0.17058259649613491     
          72  0.23409294410001469       0.29529137957314411       0.19477906452360819       0.17055871609332526     
          73  0.23394833436369547       0.29522828647079452       0.19478420891917125       0.17053497524966441     
          74  0.23380392771672626       0.29516469779811599       0.19478920389743157       0.17051137384957002     
          75  0.23365972385935066       0.29510061375003488       0.19479404963744251       0.17048791177108377     
          76  0.23351572250321226       0.29503603448682547       0.19479874630789282       0.17046458890035740     
          77  0.23337192338241883       0.29497096010013885       0.19480329405677840       0.17044140513949510     
          78  0.23322832620772957       0.29490539075299232       0.19480769305419515       0.17041836037421379     
          79  0.23308493071057179       0.29483932654524514       0.19481194345118630       0.17039545450491614     
          80  0.23294173663063997       0.29477276755138743       0.19481604539133715       0.17037268743794670     
          81  0.23279874370261541       0.29470571386116134       0.19481999902319114       0.17035005907622500     
          82  0.23265595167612746       0.29463816551842176       0.19482380448155517       0.17032756933334406     
          83  0.23251336030356995       0.29457012255836185       0.19482746189890926       0.17030521812497784     
          84  0.23237096934094204       0.29450158500492291       0.19483097140460273       0.17028300536947696     
          85  0.23222877855161350       0.29443255285919623       0.19483433312132228       0.17026093099054132     
          86  0.23208678769628185       0.29436302613023985       0.19483754717449300       0.17023899491010633     
          87  0.23194499655413484       0.29429300476999093       0.19484061367245162       0.17021719706335145     
          88  0.23180340490053145       0.29422248874180540       0.19484353272734675       0.17019553738289053     
          89  0.23166201252271523       0.29415147797210173       0.19484630444040335       0.17017401580991628     
          90  0.23152081919866682       0.29407997241541733       0.19484892892175415       0.17015263227920727     
          91  0.23137982473542829       0.29400797193634409       0.19485140625446989       0.17013138674632164     
          92  0.23123902892761294       0.29393547643722595       0.19485373653350266       0.17011027915818044     
          93  0.23109843157139359       0.29386248581515378       0.19485591985252781       0.17008930946296708     
          94  0.23095803248813615       0.29378899988890822       0.19485795628176530       0.17006847762694957     
          95  0.23081783148627638       0.29371501851655729       0.19485984590377400       0.17004778360739906     
          96  0.23067782839070819       0.29364054150471153       0.19486158878583074       0.17002722737347520     
          97  0.23053802301716625       0.29356556868764244       0.19486318500399608       0.17000680888801609     
          98  0.23039841520682428       0.29349009982022728       0.19486463461059839       0.16998652813216647     
          99  0.23025900479270175       0.29341413468179856       0.19486593766579968       0.16996638508147829     
         100  0.23011979161172472       0.29333767303883568       0.19486709422625137       0.16994637971449802     
         101  0.22998077551958371       0.29326071459883207       0.19486810433111121       0.16992651202336648     
         102  0.22984195635708674       0.29318325911456578       0.19486896803369833       0.16990678198983619     
         103  0.22970333399176418       0.29310530625502418       0.19486968536232019       0.16988718961494939     
         104  0.22956490827924411       0.29302685572516785       0.19487025635664471       0.16986773489150164     
         105  0.22942667908614350       0.29294790719488661       0.19487068104612487       0.16984841782036691     
         106  0.22928864629122472       0.29286846029529284       0.19487095944890059       0.16982923841134098     
         107  0.22915080977128910       0.29278851466249389       0.19487109158510238       0.16981019667308736     
         108  0.22901316940755706       0.29270806991778814       0.19487107747080459       0.16979129261767686     
         109  0.22887572508940110       0.29262712565594373       0.19487091711452265       0.16977252626328318     
         110  0.22873847671163344       0.29254568145359333       0.19487061051975871       0.16975389763224630     
         111  0.22860142417596510       0.29246373686464211       0.19487015768360919       0.16973540675211915     
         112  0.22846456738220475       0.29238129144766323       0.19486955860507676       0.16971705364938658     
         113  0.22832790624624746       0.29229834470972310       0.19486881326807690       0.16969883836234292     
         114  0.22819144068236652       0.29221489616158758       0.19486792165815062       0.16968076092842360     
         115  0.22805517061238184       0.29213094528904221       0.19486688375380648       0.16966282139078553     
         116  0.22791909595780593       0.29204649157743284       0.19486569953392086       0.16964501979267083     
         117  0.22778321665366985       0.29196153446833478       0.19486436896468554       0.16962735618733718     
         118  0.22764753264276844       0.29187607337746030       0.19486289200502530       0.16960983063395241     
         119  0.22751204386305598       0.29179010773412817       0.19486126861851050       0.16959244318853664     
         120  0.22737675026241114       0.29170363693495954       0.19485949875939462       0.16957519391458092     
         121  0.22724165179839687       0.29161666034454242       0.19485758237282805       0.16955808288288188     
         122  0.22710674842670653       0.29152917733162126       0.19485551940579718       0.16954111016325335     
         123  0.22697204011450370       0.29144118722721696       0.19485330979446475       0.16952427583410609     
         124  0.22683752683404068       0.29135268934452779       0.19485095347024317       0.16950757997789528     
         125  0.22670320855829129       0.29126368299266997       0.19484845036389220       0.16949102267796909     
         126  0.22656908527026007       0.29117416744734170       0.19484580039670524       0.16947460402527401     
         127  0.22643515695605726       0.29108414197251781       0.19484300348707939       0.16945832411339407     
         128  0.22630142361822531       0.29099360577843469       0.19484005953784692       0.16944218304814776     
         129  0.22616788524825193       0.29090255810811522       0.19483696846235843       0.16942618092780365     
         130  0.22603454184749569       0.29081099817144801       0.19483373016461164       0.16941031785814867     
         131  0.22590139343494919       0.29071892512052949       0.19483034453189646       0.16939459395811898     
         132  0.22576844002382995       0.29062633812349359       0.19482681145699296       0.16937900934291969     
         133  0.22563568163642450       0.29053323631763123       0.19482313082407135       0.16936356413473239     
         134  0.22550311829920380       0.29043961882473168       0.19481930251333460       0.16934825845921334     
         135  0.22537075004976104       0.29034548472907906       0.19481532639441496       0.16933309245050940     
         136  0.22523857692401586       0.29025083311788391       0.19481120233852744       0.16931806624202009     
         137  0.22510659897404370       0.29015566302476475       0.19480693020151790       0.16930317997929831     
         138  0.22497481625011484       0.29005997348655521       0.19480250984093461       0.16928843380707856     
         139  0.22484322881335878       0.28996376350313985       0.19479794110396520       0.16927382787843812     
         140  0.22471183671966566       0.28986703208845410       0.19479322384276523       0.16925936234315547     
         141  0.22458064004793918       0.28976977818074762       0.19478835788755047       0.16924503736818433     
         142  0.22444963887518696       0.28967200072154736       0.19478334307031780       0.16923085311962621     
         143  0.22431883327948521       0.28957369864627280       0.19477817922199189       0.16921680976487433     
         144  0.22418822335527447       0.28947487083547874       0.19477286615787617       0.16920290748372829     
         145  0.22405780919911009       0.28937551616011675       0.19476740369120368       0.16918914645805722     
         146  0.22392759091017178       0.28927563347985569       0.19476179163265622       0.16917552687219745     
         147  0.22379756860585298       0.28917522159335118       0.19475602977548442       0.16916204892426148     
         148  0.22366774238718290       0.28907427934840690       0.19475011792848260       0.16914871280104768     
         149  0.22353811239138402       0.28897280547425830       0.19474405586586002       0.16913551871623927     
         150  0.22340867873872028       0.28887079875109206       0.19473784337792582       0.16912246687178226     
         151  0.22327944156833723       0.28876825789559468       0.19473148023689055       0.16910955748394579     
         152  0.22315040102280756       0.28866518161018412       0.19472496621161542       0.16909679077211540     
         153  0.22302155725101855       0.28856156857375453       0.19471830106483443       0.16908416696088627     
         154  0.22289291041343076       0.28845741742472658       0.19471148454814402       0.16907168628391742     
         155  0.22276446066376071       0.28835272681967750       0.19470451641947412       0.16905934897058983     
         156  0.22263620818349897       0.28824749532264238       0.19469739641011713       0.16904715527118142     
         157  0.22250815314672673       0.28814172151776285       0.19469012425834495       0.16903510543123637     
         158  0.22238029573606719       0.28803540395814925       0.19468269969413166       0.16902319970319607     
         159  0.22225263614162968       0.28792854116914829       0.19467512244018437       0.16901143834564661     
         160  0.22212517456939190       0.28782113162130213       0.19466739220390916       0.16899982162946056     
         161  0.22199791122558024       0.28771317378043670       0.19465950869234727       0.16898834982641001     
         162  0.22187084632421902       0.28760466608337593       0.19465147160493237       0.16897702321467101     
         163  0.22174398008525559       0.28749560694386850       0.19464328063528893       0.16896584207748033     
         164  0.22161731274295526       0.28738599472543885       0.19463493546319452       0.16895480670929514     
         165  0.22149084452853904       0.28727582779727279       0.19462643577118466       0.16894391740309225     
         166  0.22136457569451506       0.28716510445566173       0.19461778122125459       0.16893317446820216     
         167  0.22123850649365698       0.28705382299169202       0.19460897147498238       0.16892257821493428     
         168  0.22111263718892654       0.28694198165916512       0.19460000618401183       0.16891212896185076     
         169  0.22098696804609996       0.28682957869832926       0.19459088499711458       0.16890182703037801     
         170  0.22086149934678831       0.28671661229369044       0.19458160754770473       0.16889167275437150     
         171  0.22073623137507054       0.28660308061713413       0.19457217346664413       0.16888166647032712     
         172  0.22061116443048812       0.28648898178575360       0.19456258236978083       0.16887180852694478     
         173  0.22048629881762830       0.28637431389549622       0.19455283386791630       0.16886209927747783     
         174  0.22036163484179055       0.28625907503513687       0.19454292757097102       0.16885253907657513     
         175  0.22023717283447139       0.28614326320350136       0.19453286306351761       0.16884312829902759     
         176  0.22011291311728254       0.28602687642643088       0.19452263993940314       0.16883386731325944     
         177  0.21998885603271273       0.28590991265686588       0.19451225777220302       0.16882475650395359     
         178  0.21986500193846678       0.28579236979298056       0.19450171612066691       0.16881579626794727     
         179  0.21974135118133720       0.28567424576314004       0.19449101455378590       0.16880698699496802     
         180  0.21961790413332877       0.28555553840828357       0.19448015261608673       0.16879832909427614     
         181  0.21949466116927427       0.28543624555460667       0.19446912984914619       0.16878982297819317     
         182  0.21937162268233815       0.28531636496296120       0.19445794577666153       0.16878146907354907     
         183  0.21924878906919931       0.28519589437699461       0.19444659991870217       0.16877326781078072     
         184  0.21912616072914334       0.28507483152609225       0.19443509179256269       0.16876521962325766     
         185  0.21900373808331172       0.28495317406239606       0.19442342089424847       0.16875732496152923     
         186  0.21888152156440221       0.28483091959423623       0.19441158670837672       0.16874958428574766     
         187  0.21875951160443804       0.28470806572604368       0.19439958871993404       0.16874199805662993     
         188  0.21863770865828347       0.28458460998131996       0.19438742639162521       0.16873456675287984     
         189  0.21851611317555159       0.28446054989443537       0.19437509919092780       0.16872729085041618     
         190  0.21839472563530646       0.28433588289687056       0.19436260655665627       0.16872017084808583     
         191  0.21827354652054920       0.28421060640060630       0.19434994792352697       0.16871320724880068     
         192  0.21815257632040974       0.28408471779087030       0.19433712272003942       0.16870640056117270     
         193  0.21803181554062170       0.28395821439164259       0.19432413035837101       0.16869975130729797     
         194  0.21791126469468539       0.28383109349449348       0.19431097024289640       0.16869326001623686     
         195  0.21779092431656105       0.28370335231673577       0.19429764175792727       0.16868692723345347     
         196  0.21767079494443628       0.28357498805462605       0.19428414428336238       0.16868075350878653     
         197  0.21755087713278529       0.28344599784356894       0.19427047718304197       0.16867473940543581     
         198  0.21743117144392524       0.28331637878575200       0.19425663981289609       0.16866888549370609     
         199  0.21731167846130514       0.28318612790621595       0.19424263150809412       0.16866319236091809     
         200  0.21719239876813043       0.28305524222314266       0.19422845160368613       0.16865766059553655     
         201  0.21707333297478659       0.28292371865728788       0.19421409940809953       0.16865229080758776     
         202  0.21695448169816983       0.28279155409994422       0.19419957422310075       0.16864708361332739     
         203  0.21683584557267613       0.28265874537652008       0.19418487533316814       0.16864203964343788     
         204  0.21671742523871235       0.28252528928436133       0.19417000201657611       0.16863715953448757     
         205  0.21659922135907611       0.28239118253839673       0.19415495352956280       0.16863244394118518     
         206  0.21648123461094076       0.28225642179744170       0.19413972911406277       0.16862789353042773     
         207  0.21636346567131132       0.28212100371225024       0.19412432801176233       0.16862350897046324     
         208  0.21624591526337647       0.28198492477167597       0.19410874941925718       0.16861929096554892     
         209  0.21612858408779290       0.28184818153030178       0.19409299255452087       0.16861524020464838     
         210  0.21601147288979297       0.28171077038570858       0.19407705659195190       0.16861135741160085     
         211  0.21589458241406281       0.28157268772796118       0.19406094070604227       0.16860764331143266     
         212  0.21577791343712158       0.28143392983187315       0.19404464404001368       0.16860409865460771     
         213  0.21566146673524381       0.28129449296341419       0.19402816573686926       0.16860072419305808     
         214  0.21554524311023865       0.28115437329380616       0.19401150491441915       0.16859752069951264     
         215  0.21542924337763472       0.28101356693861435       0.19399466067670407       0.16859448895867882     
         216  0.21531346837617704       0.28087206992585534       0.19397763210479746       0.16859162977441347     
         217  0.21519791895679874       0.28072987823256124       0.19396041826746496       0.16858894396146973     
         218  0.21508259598670881       0.28058698777091390       0.19394301821720589       0.16858643234862683     
         219  0.21496750036088805       0.28044339434965782       0.19392543097908516       0.16858409578732311     
         220  0.21485263299207882       0.28029909370720540       0.19390765556042716       0.16858193514421696     
         221  0.21473799479758260       0.28015408155560212       0.19388969096361980       0.16857995129128381     
         222  0.21462358673704271       0.28000835345392161       0.19387153614942876       0.16857814513425937     
         223  0.21450940976895519       0.27986190495346591       0.19385319007921262       0.16857651757999151     
         224  0.21439546488694405       0.27971473147616038       0.19383465167966424       0.16857506956374188     
         225  0.21428175310036043       0.27956682837913777       0.19381591986167929       0.16857380203467737     
         226  0.21416827544041747       0.27941819093401166       0.19379699351433985       0.16857271596049020     
         227  0.21405503296483991       0.27926881431091205       0.19377787150041736       0.16857181233097771     
         228  0.21394202674280149       0.27911869362883096       0.19375855267097242       0.16857109214671606     
         229  0.21382925788050391       0.27896782386936642       0.19373903584050242       0.16857055643841035     
         230  0.21371672749329129       0.27881619997016710       0.19371931981401672       0.16857020624590185     
         231  0.21360443673991569       0.27866381670934520       0.19369940335371932       0.16857004264407857     
         232  0.21349238678271693       0.27851066883917847       0.19367928521771099       0.16857006671287167     
         233  0.21338057882413167       0.27835675096287249       0.19365896412446865       0.16857027956487669     
         234  0.21326901408592053       0.27820205760418970       0.19363843877303544       0.16857068232971154     
         235  0.21315769381602162       0.27804658318402958       0.19361770783633994       0.16857127615925482     
         236  0.21304661929484733       0.27789032199878133       0.19359676995506317       0.16857206223248047     
         237  0.21293579182203784       0.27773326826476169       0.19357562375049617       0.16857304174546039     
         238  0.21282521273522714       0.27757541605437874       0.19355426780627050       0.16857421592567226     
         239  0.21271488339507821       0.27741675934637017       0.19353270068291240       0.16857558602069489     
         240  0.21260480519636174       0.27725729198791910       0.19351092090703423       0.16857715330669173     
         241  0.21249497956258717       0.27709700771242846       0.19348892697654954       0.16857891908439915     
         242  0.21238540793551253       0.27693590017476893       0.19346671737086996       0.16858088467120710     
         243  0.21227609182279089       0.27677396278914695       0.19344429050447715       0.16858305143743907     
         244  0.21216703272681861       0.27661118897012898       0.19342164479624302       0.16858542075237068     
         245  0.21205823220774564       0.27644757191837088       0.19339877860798224       0.16858799403216382     
         246  0.21194969185735416       0.27628310470878753       0.19337569026990675       0.16859077272009360     
         247  0.21184141329719741       0.27611778029642370       0.19335237808244049       0.16859375828523288     
         248  0.21173339818175219       0.27595159150536352       0.19332884031310291       0.16859695222489032     
         249  0.21162564822031379       0.27578453095358968       0.19330507517514536       0.16860035608138768     
         250  0.21151816514165284       0.27561659117290577       0.19328108086201309       0.16860397141521166     
         251  0.21141095072959479       0.27544776448712788       0.19325685551261002       0.16860779983222812     
         252  0.21130400679742936       0.27527804309885240       0.19323239723625213       0.16861184296423795     
         253  0.21119733520141540       0.27510741904284086       0.19320770409947122       0.16861610247938258     
         254  0.21109093785751165       0.27493588412821535       0.19318277410964929       0.16862058009500902     
         255  0.21098481669976829       0.27476343008013349       0.19315760525565598       0.16862527754599810     
         256  0.21087897372506911       0.27459004838625478       0.19313219546408941       0.16863019661901371     
         257  0.21077341097685204       0.27441573035167832       0.19310654261519744       0.16863533914020645     
         258  0.21066813053956360       0.27424046711738059       0.19308064454825824       0.16864070697105660     
         259  0.21056313454978157       0.27406424962147691       0.19305449905068875       0.16864630201697745     
         260  0.21045842520417507       0.27388706857114131       0.19302810385024857       0.16865212623355588     
         261  0.21035400474043883       0.27370891450739565       0.19300145663365587       0.16865818161203913     
         262  0.21024987545349397       0.27352977774877257       0.19297455503073074       0.16866447019187991     
         263  0.21014603969652429       0.27334964838700931       0.19294739661335317       0.16867099406163882     
         264  0.21004249988313478       0.27316851627881306       0.19291997889332899       0.16867775536078469     
         265  0.20993925847796921       0.27298637107739832       0.19289229933155738       0.16868475627261290     
         266  0.20983631801696959       0.27280320216189075       0.19286435531817145       0.16869199903994492     
         267  0.20973368109383744       0.27261899868311412       0.19283614418578326       0.16869948595486034     
         268  0.20963135035686992       0.27243374957374639       0.19280766321254147       0.16870721935640060     
         269  0.20952932855767020       0.27224744337915030       0.19277890957442270       0.16871520166819376     
         270  0.20942761847456112       0.27206006852096348       0.19274988042022259       0.16872343533969103     
         271  0.20932622297759362       0.27187161307166918       0.19272057280783128       0.16873192289632036     
         272  0.20922514502124276       0.27168206477863710       0.19269098371138471       0.16874066693407294     
         273  0.20912438761499369       0.27149141116495440       0.19266111005007261       0.16874967009699873     
         274  0.20902395386558056       0.27129963938214807       0.19263094864669320       0.16875893510993084     
         275  0.20892384695119501       0.27110673629840698       0.19260049625293019       0.16876846475877560     
         276  0.20882407014243590       0.27091268842479199       0.19256974952878905       0.16877826190688894     
         277  0.20872462679267695       0.27071748194750317       0.19253870505200893       0.16878832948781033     
         278  0.20862552035069809       0.27052110268276591       0.19250735930566629       0.16879867051524258     
         279  0.20852675436089807       0.27032353607481524       0.19247570867793376       0.16880928808341344     
         280  0.20842833245840431       0.27012476721161771       0.19244374946684847       0.16882018536351784     
         281  0.20833025837526201       0.26992478080202315       0.19241147787423915       0.16883136560871936     
         282  0.20823253597241423       0.26972356106288808       0.19237888997429167       0.16884283217915833     
         283  0.20813516919781205       0.26952109186355488       0.19234598175466563       0.16885458850974572     
         284  0.20803816211894055       0.26931735661100353       0.19231274908452758       0.16886663813561614     
         285  0.20794151892891347       0.26911233822691444       0.19227918770854102       0.16887898469712326     
         286  0.20784524393139947       0.26890601919865864       0.19224529326166878       0.16889163192841605     
         287  0.20774934156395017       0.26869838149610248       0.19221106124621731       0.16890458367583397     
         288  0.20765381638407485       0.26848940661855719       0.19217648704550838       0.16891784388736303     
         289  0.20755867310831350       0.26827907545612006       0.19214156588545650       0.16893141664332853     
         290  0.20746391658441482       0.26806736838507050       0.19210629286191921       0.16894530613509776     
         291  0.20736955179786973       0.26785426524314271       0.19207066293422240       0.16895951667046452     
         292  0.20727558391228829       0.26763974518574551       0.19203467088546516       0.16897405270542529     
         293  0.20718201823229160       0.26742378681393209       0.19199831135900225       0.16898891881567030     
         294  0.20708886024050119       0.26720636804231329       0.19196157882204143       0.16900411972575483     
         295  0.20699611559713313       0.26698746609802138       0.19192446756602599       0.16901966030918555     
         296  0.20690379013878640       0.26676705752246915       0.19188697170783348       0.16903554558789916     
         297  0.20681188989348781       0.26654511811587489       0.19184908517494365       0.16905178074440785     
         298  0.20672042110071417       0.26632162286391647       0.19181080168575043       0.16906837113790368     
         299  0.20662939019231588       0.26609654600213134       0.19177211476832173       0.16908532228982995     
         300  0.20653880382489365       0.26586986089883230       0.19173301772852211       0.16910263990965693     
         301  0.20644866889869987       0.26564153998512507       0.19169350363141871       0.16912032991019507     
         302  0.20635899252095646       0.26541155488123414       0.19165356533741373       0.16913839837945055     
         303  0.20626978207834157       0.26517987613699673       0.19161319543082914       0.16915685163789235     
         304  0.20618104522357955       0.26494647327537485       0.19157238623318884       0.16917569622860318     
         305  0.20609278985044263       0.26471131487737887       0.19153112982780895       0.16919493889828360     
         306  0.20600502418061659       0.26447436827042065       0.19148941797425914       0.16921458666600464     
         307  0.20591775671493431       0.26423559969682137       0.19144724215645756       0.16923464678567157     
         308  0.20583099628638435       0.26399497412149237       0.19140459353045070       0.16925512678835014     
         309  0.20574475207249304       0.26375245518320567       0.19136146291226949       0.16927603449275272     
         310  0.20565903358154536       0.26350800523873102       0.19131784079152853       0.16929737799523015     
         311  0.20557385071475545       0.26326158513669218       0.19127371727023845       0.16931916571948508     
         312  0.20548921376209683       0.26301315422684590       0.19122908206696468       0.16934140641421228     
         313  0.20540513342570982       0.26276267027107486       0.19118392449381522       0.16936410917244551     
         314  0.20532162085611197       0.26251008930820791       0.19113823342085465       0.16938728346110613     
         315  0.20523868766058451       0.26225536561767482       0.19109199726791543       0.16941093912866825     
         316  0.20515634594150456       0.26199845157596979       0.19104520396690072       0.16943508643648086     
         317  0.20507460831143143       0.26173929759549530       0.19099784094707234       0.16945973607190173     
         318  0.20499348795629038       0.26147785189116296       0.19094989507283333       0.16948489919937970     
         319  0.20491299863474649       0.26121406047430101       0.19090135264455158       0.16951058746135658     
         320  0.20483315472070401       0.26094786699203870       0.19085219935680420       0.16953681301326157     
         321  0.20475397125951339       0.26067921251681242       0.19080242024313601       0.16956358856943396     
         322  0.20467546401409478       0.26040803537100971       0.19075199963081860       0.16959092744128595     
         323  0.20459764946541492       0.26013427111487319       0.19070092114062101       0.16961884353937939     
         324  0.20452054493124938       0.25985785210905854       0.19064916756994557       0.16964735146931054     
         325  0.20444416856044478       0.25957870752306283       0.19059672089883867       0.16967646652918583     
         326  0.20436853943678374       0.25929676294916942       0.19054356218785720       0.16970620479402601     
         327  0.20429367761268397       0.25901194026727997       0.19048967154527544       0.16973658314481826     
         328  0.20421960419841556       0.25872415730906223       0.19043502803948986       0.16976761934171686     
         329  0.20414634144259930       0.25843332755186610       0.19037960962015615       0.16979933209062997     
         330  0.20407391280732318       0.25813935983072916       0.19032339304465096       0.16983174110571925     
         331  0.20400234305129084       0.25784215801995330       0.19026635379670365       0.16986486717853666     
         332  0.20393165838895558       0.25754162043842227       0.19020846593010840       0.16989873230789512     
         333  0.20386188651727472       0.25723763973112063       0.19014970204323470       0.16993335972477516     
         334  0.20379305683375251       0.25693010205740630       0.19009003306475841       0.16996877406975044     
         335  0.20372520050943180       0.25661888680099953       0.19002942818281612       0.17000500145542935     
         336  0.20365835068358024       0.25630386583734599       0.18996785465406144       0.17004206962616347     
         337  0.20359254263051726       0.25598490289843095       0.18990527764050924       0.17008000809616500     
         338  0.20352781394593825       0.25566185286381349       0.18984166002726713       0.17011884830366203     
         339  0.20346420478143454       0.25533456087302719       0.18977696219293105       0.17015862380413738     
         340  0.20340175806783908       0.25500286147425794       0.18971114179133314       0.17019937045537661     
         341  0.20334051984079105       0.25466657739679011       0.18964415343265112       0.17024112668497132     
         342  0.20328053949492358       0.25432551857747671       0.18957594843541548       0.17028393370167752     
         343  0.20322187017142312       0.25397948069616105       0.18950647444722238       0.17032783581439764     
         344  0.20316456920367965       0.25362824349188368       0.18943567500869377       0.17037288079891391     
         345  0.20310869851555760       0.25327156924370231       0.18936348916487616       0.17041912022805908     
         346  0.20305432519724567       0.25290920059513555       0.18928985090195852       0.17046660994553992     
         347  0.20300152212194431       0.25254085821823852       0.18921468854467999       0.17051541057442898     
         348  0.20295036867443336       0.25216623805649346       0.18913792404436822       0.17056558811743858     
         349  0.20290095156223209       0.25178500825123140       0.18905947218675118       0.17061721462591795     
         350  0.20285336582624067       0.25139680532117886       0.18897923960445445       0.17067036903186125     
         351  0.20280771596406685       0.25100122990908497       0.18889712368026962       0.17072513807383297     
         352  0.20276411736685623       0.25059784135553420       0.18881301114333782       0.17078161747891976     
         353  0.20272269788338748       0.25018615177685788       0.18872677654292749       0.17083991325198633     
         354  0.20268359984678433       0.24976561841136752       0.18863828026916102       0.17090014334281844     
         355  0.20264698243545734       0.24933563469517520       0.18854736624891283       0.17096243958963947     
         356  0.20261302463608710       0.24889551907359708       0.18845385905360729       0.17102695015633479     
         357  0.20258192879244899       0.24844450159356291       0.18835756043686125       0.17109384245267095     
         358  0.20255392517682108       0.24798170665177693       0.18825824487336798       0.17116330689275633     
         359  0.20252927761530937       0.24750613175830885       0.18815565407169971       0.17123556152123645     
         360  0.20250829074666371       0.24701662014845280       0.18804948989368189       0.17131085798029072     
         361  0.20249131939544104       0.24651182542438205       0.18793940521286692       0.17138948921344982     
         362  0.20247878096374111       0.24599016482732100       0.18782499182998383       0.17147179964741405     
         363  0.20247117190671737       0.24544975711878722       0.18770576440907491       0.17155819872787456     
         364  0.20246909031618546       0.24488833746183147       0.18758113845984370       0.17164917946844491     
         365  0.20247326742413868       0.24430313871130727       0.18745039962791690       0.17174534432097591     
         366  0.20248461300051154       0.24369072040622072       0.18731265944388684       0.17184744244567940     
         367  0.20250428218651950       0.24304671706323686       0.18716679018919172       0.17195642457083651     
         368  0.20253377867961361       0.24236544969777082       0.18701132433835380       0.17207352766784387     
         369  0.20257512018875176       0.24163930305495426       0.18684429333354702       0.17220041069874495     
         370  0.20263111950702214       0.24085766795920130       0.18666295371240438       0.17233938516665209     
         371  0.20270589649354293       0.24000501531860516       0.18646328825735287       0.17249383496633769     
         372  0.20280589864280962       0.23905705798078572       0.18623901160128689       0.17266905308785455     
         373  0.20294220592633305       0.23797208531086983       0.18597932434353465       0.17287413067402022     
         374  0.20313676117432239       0.23666754656036854       0.18566284099401409       0.17312706175765738     
         375  0.20344491141693843       0.23493536274921914       0.18523561260641819       0.17347320371468566     
         376  0.20410198693614492       0.23189156780668574       0.18446805418927462       0.17410521773013046     
