           1   1.7873054796839825        1.2561200208628165E-002
           2   1.7890761813884533        1.2605534535191865E-002
           3   1.7908487436815652        1.2649798162234660E-002
           4   1.7926234771993270        1.2693958545932027E-002
           5   1.7944003818852292        1.2738015526040591E-002
           6   1.7961794467381840        1.2781969138853100E-002
           7   1.7979606611257115        1.2825819412200623E-002
           8   1.7997440150200772        1.2869566362021523E-002
           9   1.8015294979037035        1.2913210004641407E-002
          10   1.8033170998569066        1.2956750344344847E-002
          11   1.8051068107264945        1.3000187382894879E-002
          12   1.8068986208883142        1.3043521111712586E-002
          13   1.8086925201976529        1.3086751522396689E-002
          14   1.8104884998587081        1.3129878586770616E-002
          15   1.8122865500347505        1.3172902283186794E-002
          16   1.8140866618081626        1.3215822574773384E-002
          17   1.8158888258561694        1.3258639424914342E-002
          18   1.8176930334656938        1.3301352784781173E-002
          19   1.8194992756852464        1.3343962603554971E-002
          20   1.8213075438672546        1.3386468822591979E-002
          21   1.8231178295190076        1.3428871376301110E-002
          22   1.8249301242781986        1.3471170193357196E-002
          23   1.8267444200338707        1.3513365194807392E-002
          24   1.8285607082979021        1.3555456301421742E-002
          25   1.8303789813589479        1.3597443420576560E-002
          26   1.8321992312405890        1.3639326457930423E-002
          27   1.8340214504948338        1.3681105308796404E-002
          28   1.8358456309900548        1.3722779871777391E-002
          29   1.8376717656591450        1.3764350028909078E-002
          30   1.8394998473768429        1.3805815658527010E-002
          31   1.8413298680877572        1.3847176644764758E-002
          32   1.8431618214043155        1.3888432848967014E-002
          33   1.8449957002749411        1.3929584134654505E-002
          34   1.8468314975361420        1.3970630363376202E-002
          35   1.8486692067830570        1.4011571383294452E-002
          36   1.8505088211550156        1.4052407043169346E-002
          37   1.8523503340885812        1.4093137184261195E-002
          38   1.8541937396686015        1.4133761636210274E-002
          39   1.8560390311493646        1.4174280233640424E-002
          40   1.8578862024408154        1.4214692799658479E-002
          41   1.8597352475987752        1.4254999151318337E-002
          42   1.8615861608065463        1.4295199099922939E-002
          43   1.8634389361781145        1.4335292453518278E-002
          44   1.8652935681790164        1.4375279011529685E-002
          45   1.8671500507365864        1.4415158575810771E-002
          46   1.8690083787737528        1.4454930932439325E-002
          47   1.8708685470056876        1.4494595865533810E-002
          48   1.8727305497520386        1.4534153159584839E-002
          49   1.8745943825346891        1.4573602581152478E-002
          50   1.8764600394689843        1.4612943908952403E-002
          51   1.8783275163878759        1.4652176897380187E-002
          52   1.8801968080663098        1.4691301309039950E-002
          53   1.8820679096342789        1.4730316898473816E-002
          54   1.8839408170990275        1.4769223405912690E-002
          55   1.8858155254670015        1.4808020578247039E-002
          56   1.8876920301588245        1.4846708154440336E-002
          57   1.8895703276173885        1.4885285856991892E-002
          58   1.8914504128842800        1.4923753420388763E-002
          59   1.8933322824150147        1.4962110558761843E-002
          60   1.8952159318529174        1.5000356991128783E-002
          61   1.8971013576495046        1.5038492423548711E-002
          62   1.8989885557135400        1.5076516563681253E-002
          63   1.9008775224244343        1.5114429109874372E-002
          64   1.9027682543337829        1.5152229754076707E-002
          65   1.9046607479220072        1.5189918184840501E-002
          66   1.9065549996492430        1.5227494087163507E-002
          67   1.9084510063017188        1.5264957137453905E-002
          68   1.9103487650069189        1.5302307004132487E-002
          69   1.9122482723509862        1.5339543357796970E-002
          70   1.9141495258170138        1.5376665854200944E-002
          71   1.9160525215188391        1.5413674161448121E-002
          72   1.9179572575776633        1.5450567918652958E-002
          73   1.9198637309157391        1.5487346776118294E-002
          74   1.9217719393150297        1.5524010368591412E-002
          75   1.9236818798389834        1.5560558335419472E-002
          76   1.9255935500064143        1.5596990306764980E-002
          77   1.9275069483557974        1.5633305895447869E-002
          78   1.9294220719364430        1.5669504728418104E-002
          79   1.9313389187276662        1.5705586416681960E-002
          80   1.9332574869771690        1.5741550563877382E-002
          81   1.9351777744537804        1.5777396775231267E-002
          82   1.9370997795359748        1.5813124643649701E-002
          83   1.9390235005777132        1.5848733758483391E-002
          84   1.9409489359194390        1.5884223704359712E-002
          85   1.9428760841143298        1.5919594059119468E-002
          86   1.9448049433642420        1.5954844400415169E-002
          87   1.9467355127017607        1.5989974291000131E-002
          88   1.9486677907479750        1.6024983294346207E-002
          89   1.9506017765943693        1.6059870963578859E-002
          90   1.9525374686105941        1.6094636856335498E-002
          91   1.9544748665758909        1.6129280507477084E-002
          92   1.9564139694036076        1.6163801458948690E-002
          93   1.9583547758751769        1.6198199248992573E-002
          94   1.9602972859912018        1.6232473396286196E-002
          95   1.9622414988345140        1.6266623426183457E-002
          96   1.9641874141961220        1.6300648850318566E-002
          97   1.9661350311744381        1.6334549184314540E-002
          98   1.9680843500755336        1.6368323923869887E-002
          99   1.9700353705811662        1.6401972567951617E-002
         100   1.9719880923528532        1.6435494610196777E-002
         101   1.9739425159360560        1.6468889528632680E-002
         102   1.9758986408348604        1.6502156809512947E-002
         103   1.9778564678554584        1.6535295917737614E-002
         104   1.9798159969343485        1.6568306323687665E-002
         105   1.9817772284289354        1.6601187487835567E-002
         106   1.9837401631887011        1.6633938859270891E-002
         107   1.9857048017256722        1.6666559885631926E-002
         108   1.9876711446330972        1.6699050009013838E-002
         109   1.9896391927489647        1.6731408662835179E-002
         110   1.9916089470208718        1.6763635274040567E-002
         111   1.9935804085760058        1.6795729261631642E-002
         112   1.9955535782437424        1.6827690043312415E-002
         113   1.9975284575508845        1.6859517022199455E-002
         114   1.9995050477337331        1.6891209599691592E-002
         115   2.0014833502534053        1.6922767169081254E-002
         116   2.0034633663441364        1.6954189120396812E-002
         117   2.0054450978129061        1.6985474831517244E-002
         118   2.0074285466680326        1.7016623670756736E-002
         119   2.0094137144852549        1.7047635007627626E-002
         120   2.0114006031696805        1.7078508200969900E-002
         121   2.0133892149634298        1.7109242599238073E-002
         122   2.0153795517946640        1.7139837548969084E-002
         123   2.0173716160523569        1.7170292385366714E-002
         124   2.0193654101848169        1.7200606436257537E-002
         125   2.0213609364746175        1.7230779025562803E-002
         126   2.0233581975668455        1.7260809466641547E-002
         127   2.0253571960619166        1.7290697066674632E-002
         128   2.0273579352815645        1.7320441117480101E-002
         129   2.0293604177048596        1.7350040915387055E-002
         130   2.0313646461696906        1.7379495745830198E-002
         131   2.0333706242747711        1.7408804877306672E-002
         132   2.0353783550743776        1.7437967578781688E-002
         133   2.0373878419462463        1.7466983109257761E-002
         134   2.0393990882618649        1.7495850719924100E-002
         135   2.0414120977957730        1.7524569650431587E-002
         136   2.0434268740396400        1.7553139137450380E-002
         137   2.0454434211159209        1.7581558401217556E-002
         138   2.0474617428864468        1.7609826659732875E-002
         139   2.0494818435496676        1.7637943118366195E-002
         140   2.0515037268266165        1.7665906982436752E-002
         141   2.0535273974647978        1.7693717435379064E-002
         142   2.0555528598949153        1.7721373657773931E-002
         143   2.0575801183840459        1.7748874825045391E-002
         144   2.0596091778799805        1.7776220095960582E-002
         145   2.0616400432045525        1.7803408622520500E-002
         146   2.0636727191165374        1.7830439550794885E-002
         147   2.0657072111316772        1.7857312007893533E-002
         148   2.0677435236527266        1.7884025128941161E-002
         149   2.0697816628093171        1.7910578016051559E-002
         150   2.0718216335941850        1.7936969780111056E-002
         151   2.0738634417887609        1.7963199512050387E-002
         152   2.0759070931096879        1.7989266295157513E-002
         153   2.0779525933995084        1.8015169202993953E-002
         154   2.0799999488911336        1.8040907294656350E-002
         155   2.0820491651995012        1.8066479629585075E-002
         156   2.0841002492050618        1.8091885239932104E-002
         157   2.0861532071411908        1.8117123158108761E-002
         158   2.0882080454655876        1.8142192404911661E-002
         159   2.0902647707780719        1.8167091989198525E-002
         160   2.0923233903129095        1.8191820902070610E-002
         161   2.0943839110163966        1.8216378127910104E-002
         162   2.0964463400446460        1.8240762639989860E-002
         163   2.0985106845986228        1.8264973400550666E-002
         164   2.1005769523670614        1.8289009354296226E-002
         165   2.1026451506562687        1.8312869442779878E-002
         166   2.1047152876219233        1.8336552583841481E-002
         167   2.1067873711631027        1.8360057688989961E-002
         168   2.1088614094805500        1.8383383655238283E-002
         169   2.1109374106103442        1.8406529370568414E-002
         170   2.1130153832003833        1.8429493704168465E-002
         171   2.1150953357269846        1.8452275516152028E-002
         172   2.1171772772347199        1.8474873647142509E-002
         173   2.1192612167123590        1.8497286927057210E-002
         174   2.1213471629197325        1.8519514178061414E-002
         175   2.1234351257430419        1.8541554193918230E-002
         176   2.1255251142058547        1.8563405769361552E-002
         177   2.1276171381684867        1.8585067674259825E-002
         178   2.1297112079934277        1.8606538658718641E-002
         179   2.1318073331459400        1.8627817474232700E-002
         180   2.1339055241422993        1.8648902843990456E-002
         181   2.1360057913081825        1.8669793480475150E-002
         182   2.1381081456454369        1.8690488073437095E-002
         183   2.1402125979934778        1.8710985301193084E-002
         184   2.1423191590370352        1.8731283832217116E-002
         185   2.1444278402673738        1.8751382307790720E-002
         186   2.1465386534321373        1.8771279351249781E-002
         187   2.1486516099434838        1.8790973577764269E-002
         188   2.1507667220406059        1.8810463574405745E-002
         189   2.1528840013570885        1.8829747924169027E-002
         190   2.1550034607092829        1.8848825175378003E-002
         191   2.1571251127795157        1.8867693864157431E-002
         192   2.1592489701785893        1.8886352511874982E-002
         193   2.1613750460496628        1.8904799616413115E-002
         194   2.1635033535410462        1.8923033658767352E-002
         195   2.1656339065305219        1.8941053093143090E-002
         196   2.1677667187000793        1.8958856359662768E-002
         197   2.1699018041893954        1.8976441874201555E-002
         198   2.1720391771687595        1.8993808035392412E-002
         199   2.1741788524984922        1.9010953212986514E-002
         200   2.1763208446225346        1.9027875766708391E-002
         201   2.1784651689704955        1.9044574020584903E-002
         202   2.1806118409004722        1.9061046282837779E-002
         203   2.1827608762450375        1.9077290834164984E-002
         204   2.1849122907144518        1.9093305939100524E-002
         205   2.1870661007325656        1.9109089830276815E-002
         206   2.1892223230267516        1.9124640715830310E-002
         207   2.1913809738308383        1.9139956791761392E-002
         208   2.1935420713436660        1.9155036200809050E-002
         209   2.1957056320793034        1.9169877092976684E-002
         210   2.1978716744232130        1.9184477566040137E-002
         211   2.2000402161724653        1.9198835704369088E-002
         212   2.2022112763302979        1.9212949551072001E-002
         213   2.2043848733262861        1.9226817135581165E-002
         214   2.2065610264310802        1.9240436450834508E-002
         215   2.2087397550544043        1.9253805462727591E-002
         216   2.2109210792753702        1.9266922101978778E-002
         217   2.2131050192738639        1.9279784273840583E-002
         218   2.2152915954483210        1.9292389853379888E-002
         219   2.2174808291182346        1.9304736675432643E-002
         220   2.2196727418851818        1.9316822542634782E-002
         221   2.2218673550002865        1.9328645237792763E-002
         222   2.2240646912909621        1.9340202488817404E-002
         223   2.2262647728892837        1.9351492008022220E-002
         224   2.2284676231306868        1.9362511458743903E-002
         225   2.2306732654568608        1.9373258471979682E-002
         226   2.2328817238170631        1.9383730641491681E-002
         227   2.2350930228207266        1.9393925518443211E-002
         228   2.2373071869746148        1.9403840624828916E-002
         229   2.2395242419765440        1.9413473429736428E-002
         230   2.2417442132969723        1.9422821374670107E-002
         231   2.2439671278456248        1.9431881840571208E-002
         232   2.2461930120112643        1.9440652185875429E-002
         233   2.2484218934184446        1.9449129710272572E-002
         234   2.2506537999210545        1.9457311674910827E-002
         235   2.2528887599038407        1.9465195295161664E-002
         236   2.2551268025756155        1.9472777733540170E-002
         237   2.2573679572796110        1.9480056112665345E-002
         238   2.2596122544445905        1.9487027496085219E-002
         239   2.2618597247945273        1.9493688902430861E-002
         240   2.2641103998549266        1.9500037293726180E-002
         241   2.2663643117222172        1.9506069580849328E-002
         242   2.2686214924772488        1.9511782632511299E-002
         243   2.2708819765258204        1.9517173227760587E-002
         244   2.2731457970839712        1.9522238125984970E-002
         245   2.2754129892312971        1.9526974003837516E-002
         246   2.2776835886035784        1.9531377479898637E-002
         247   2.2799576313137782        1.9535445116372507E-002
         248   2.2822351540153130        1.9539173415713762E-002
         249   2.2845161950090223        1.9542558796598719E-002
         250   2.2868007924257063        1.9545597629712752E-002
         251   2.2890889859972576        1.9548286200894438E-002
         252   2.2913808157327762        1.9550620736208835E-002
         253   2.2936763225595933        1.9552597387487047E-002
         254   2.2959755491020934        1.9554212213739319E-002
         255   2.2982785376146322        1.9555461223917270E-002
         256   2.3005853321578082        1.9556340329596189E-002
         257   2.3028959777117595        1.9556845360310326E-002
         258   2.3052105199269644        1.9556972069270984E-002
         259   2.3075290055772504        1.9556716119936368E-002
         260   2.3098514829347372        1.9556073077363401E-002
         261   2.3121780007924397        1.9555038426514848E-002
         262   2.3145086092259102        1.9553607555087282E-002
         263   2.3168433595347726        1.9551775749847344E-002
         264   2.3191823043681183        1.9549538194531202E-002
         265   2.3215254972000516        1.9546889977852366E-002
         266   2.3238729932341022        1.9543826071129367E-002
         267   2.3262248487333674        1.9540341340997358E-002
         268   2.3285811207676939        1.9536430551712947E-002
         269   2.3309418695225843        1.9532088311455809E-002
         270   2.3333071545833426        1.9527309153316352E-002
         271   2.3356770379660694        1.9522087463726301E-002
         272   2.3380515836684488        1.9516417488764759E-002
         273   2.3404308562574898        1.9510293364129794E-002
         274   2.3428149227801849        1.9503709068150243E-002
         275   2.3452038514755627        1.9496658447966553E-002
         276   2.3475977126635126        1.9489135194265650E-002
         277   2.3499965782493066        1.9481132851010940E-002
         278   2.3524005222080429        1.9472644798812055E-002
         279   2.3548096205071243        1.9463664252586277E-002
         280   2.3572239508116115        1.9454184265428331E-002
         281   2.3596435926677861        1.9444197719677092E-002
         282   2.3620686288859045        1.9433697288562257E-002
         283   2.3644991434823663        1.9422675480138984E-002
         284   2.3669352231185732        1.9411124599836960E-002
         285   2.3693769572134458        1.9399036739590869E-002
         286   2.3718244372197281        1.9386403793428819E-002
         287   2.3742777574710083        1.9373217426959854E-002
         288   2.3767370145006130        1.9359469091583925E-002
         289   2.3792023086489702        1.9345149976071951E-002
         290   2.3816737426479264        1.9330251035534651E-002
         291   2.3841514218175344        1.9314762980459754E-002
         292   2.3866354557080669        1.9298676227306188E-002
         293   2.3891259562579030        1.9281980937142507E-002
         294   2.3916230393110460        1.9264666969219135E-002
         295   2.3941268244223552        1.9246723877863303E-002
         296   2.3966374345868173        1.9228140908611024E-002
         297   2.3991549967535568        1.9208906977933538E-002
         298   2.4016796425002580        1.9189010644326210E-002
         299   2.4042115069408565        1.9168440125405084E-002
         300   2.4067507299746103        1.9147183255860512E-002
         301   2.4092974568461303        1.9125227459105609E-002
         302   2.4118518362940735        1.9102559785109996E-002
         303   2.4144140234539520        1.9079166819045312E-002
         304   2.4169841790039821        1.9055034690730999E-002
         305   2.4195624677324412        1.9030149097214455E-002
         306   2.4221490620624566        1.9004495193376769E-002
         307   2.4247441395391851        1.8978057641688473E-002
         308   2.4273478848160486        1.8950820541890678E-002
         309   2.4299604897810747        1.8922767407210550E-002
         310   2.4325821525158777        1.8893881172244775E-002
         311   2.4352130796669833        1.8864144109235426E-002
         312   2.4378534856556504        1.8833537822122715E-002
         313   2.4405035933138923        1.8802043209167785E-002
         314   2.4431636348158361        1.8769640406313570E-002
         315   2.4458338515362614        1.8736308765876508E-002
         316   2.4485144950378430        1.8702026796542093E-002
         317   2.4512058271384976        1.8666772132577947E-002
         318   2.4539081218200307        1.8630521440129222E-002
         319   2.4566216644580918        1.8593250402908268E-002
         320   2.4593467529221238        1.8554933654229444E-002
         321   2.4620836989781116        1.8515544689031493E-002
         322   2.4648328293101329        1.8475055786344896E-002
         323   2.4675944845975923        1.8433437990870161E-002
         324   2.4703690233374420        1.8390660939863857E-002
         325   2.4731568204903294        1.8346692849084079E-002
         326   2.4759582704373129        1.8301500354558797E-002
         327   2.4787737871014368        1.8255048444205002E-002
         328   2.4816038060713455        1.8207300314366570E-002
         329   2.4844487862975648        1.8158217235421326E-002
         330   2.4873092113850208        1.8107758421295195E-002
         331   2.4901855911228314        1.8055880886134190E-002
         332   2.4930784656767919        1.8002539196156242E-002
         333   2.4959884045534562        1.7947685394382518E-002
         334   2.4989160127083663        1.7891268666129001E-002
         335   2.5018619306816854        1.7833235192779462E-002
         336   2.5048268393575008        1.7773527838521375E-002
         337   2.5078114631568136        1.7712085868843097E-002
         338   2.5108165736003003        1.7648844634170047E-002
         339   2.5138429943962795        1.7583735182775229E-002
         340   2.5168916055706037        1.7516683879374995E-002
         341   2.5199633507951154        1.7447611875796021E-002
         342   2.5230592415932818        1.7376434666525498E-002
         343   2.5261803656819812        1.7303061450876456E-002
         344   2.5293278965944022        1.7227394399732532E-002
         345   2.5325031006446235        1.7149327968646766E-002
         346   2.5357073492357665        1.7068747950337304E-002
         347   2.5389421313209248        1.6985530444291186E-002
         348   2.5422090682749383        1.6899540643939837E-002
         349   2.5455099299721571        1.6810631477699012E-002
         350   2.5488466556694300        1.6718641933573863E-002
         351   2.5522213762476942        1.6623395177449929E-002
         352   2.5556364442631185        1.6524696180388432E-002
         353   2.5590944644606002        1.6422329093587429E-002
         354   2.5625983357314723        1.6316053893787874E-002
         355   2.5661512983195625        1.6205602448057910E-002
         356   2.5697569944496395        1.6090673600579031E-002
         357   2.5734195393264012        1.5970927262430656E-002
         358   2.5771436146148394        1.5845976836375009E-002
         359   2.5809345815697315        1.5715379866941603E-002
         360   2.5847986280841231        1.5578625999209450E-002
         361   2.5887429582376940        1.5435121429598020E-002
         362   2.5927760434352987        1.5284168365853112E-002
         363   2.5969079550027088        1.5124937709974695E-002
         364   2.6011508210708500        1.4956431638924350E-002
         365   2.6055194630551619        1.4777431414222164E-002
         366   2.6100323147081443        1.4586422225146833E-002
         367   2.6147127707454554        1.4381482510147592E-002
         368   2.6195912739542240        1.4160113204067848E-002
         369   2.6247086574643919        1.3918963929095973E-002
         370   2.6301218232639871        1.3653367939041594E-002
         371   2.6359140866686808        1.3356495094163812E-002
         372   2.6422157933030070        1.3017663277222091E-002
         373   2.6492508905880574        1.2618524116688512E-002
         374   2.6574628498421156        1.2122746566929798E-002
         375   2.6679706289677396        1.1438647809934643E-002
         376   2.6855412251087025        1.0175411372513210E-002
