           1  0.43982992742946803       0.37482808634366771        6.5001841085800316E-002
           2  0.43969240501762463       0.37463956187555963        6.5052843142064998E-002
           3  0.43955500180987317       0.37445118239062186        6.5103819419251308E-002
           4  0.43941770674443098       0.37426292481780865        6.5154781926622329E-002
           5  0.43928051981290334       0.37407478917522807        6.5205730637675263E-002
           6  0.43914344104054781       0.37388677578422602        6.5256665256321789E-002
           7  0.43900647045084745       0.37369888495620268        6.5307585494644771E-002
           8  0.43886960806500330       0.37351111698566752        6.5358491079335779E-002
           9  0.43873285390417843       0.37332347218147366        6.5409381722704774E-002
          10  0.43859620798724985       0.37313595083582685        6.5460257151423007E-002
          11  0.43845967033256911       0.37294855324788478        6.5511117084684323E-002
          12  0.43832324095641606       0.37276127970226725        6.5561961254148815E-002
          13  0.43818691987511998       0.37257413049861227        6.5612789376507719E-002
          14  0.43805070710124477       0.37238710589880658        6.5663601202438193E-002
          15  0.43791460264854370       0.37220020619452021        6.5714396454023494E-002
          16  0.43777860652789802       0.37201343165185080        6.5765174876047217E-002
          17  0.43764271875014149       0.37182678254862772        6.5815936201513769E-002
          18  0.43750693932385792       0.37164025914592680        6.5866680177931125E-002
          19  0.43737126825722261       0.37145386171187844        6.5917406545344170E-002
          20  0.43723570555689967       0.37126759050643149        6.5968115050468179E-002
          21  0.43710025122829566       0.37108144578554619        6.6018805442749462E-002
          22  0.43696490527570170       0.37089542780187645        6.6069477473825244E-002
          23  0.43682966770200399       0.37070953680139479        6.6120130900609198E-002
          24  0.43669453851001327       0.37052377304103151        6.6170765468981763E-002
          25  0.43655951770007251       0.37033813675630900        6.6221380943763508E-002
          26  0.43642460527220733       0.37015262819065947        6.6271977081547861E-002
          27  0.43628980122457534       0.36996724757292693        6.6322553651648408E-002
          28  0.43615510555587833       0.36978199515158738        6.6373110404290947E-002
          29  0.43602051826185201       0.36959687114565082        6.6423647116201190E-002
          30  0.43588603933752251       0.36941187577633749        6.6474163561185018E-002
          31  0.43575166877903465       0.36922700929097402        6.6524659488060633E-002
          32  0.43561740657835307       0.36904227189092542        6.6575134687427651E-002
          33  0.43548325272796817       0.36885766379644741        6.6625588931520763E-002
          34  0.43534920721989789       0.36867318523131282        6.6676021988585077E-002
          35  0.43521527004384153       0.36848883639858854        6.6726433645252992E-002
          36  0.43508144118964481       0.36830461751441440        6.6776823675230412E-002
          37  0.43494772064583304       0.36812052878715479        6.6827191858678248E-002
          38  0.43481410839887319       0.36793657040752026        6.6877537991352931E-002
          39  0.43468060443619916       0.36775274258974244        6.6927861846456715E-002
          40  0.43454720874319330       0.36756904553030734        6.6978163212885966E-002
          41  0.43441392130422174       0.36738547942209931        6.7028441882122425E-002
          42  0.43428074210270451       0.36720204445494964        6.7078697647754870E-002
          43  0.43414767112151859       0.36701874082098007        6.7128930300538514E-002
          44  0.43401470834210937       0.36683556870313438        6.7179139638974983E-002
          45  0.43388185374636035       0.36665252829970291        6.7229325446657440E-002
          46  0.43374910731346800       0.36646961978185594        6.7279487531612059E-002
          47  0.43361646902237183       0.36628684332705563        6.7329625695316198E-002
          48  0.43348393885215997       0.36610419912415848        6.7379739728001486E-002
          49  0.43335151677882783       0.36592168732937547        6.7429829449452361E-002
          50  0.43321920278058795       0.36573930813815225        6.7479894642435700E-002
          51  0.43308699683153451       0.36555706169910440        6.7529935132430108E-002
          52  0.43295489890725880       0.36537494819058447        6.7579950716674331E-002
          53  0.43282290898203024       0.36519296778160754        6.7629941200422705E-002
          54  0.43269102702774115       0.36501112061767266        6.7679906410068491E-002
          55  0.43255925301761555       0.36482940687228671        6.7729846145328843E-002
          56  0.43242758692352945       0.36464782670806972        6.7779760215459728E-002
          57  0.43229602871465578       0.36446638026030814        6.7829648454347635E-002
          58  0.43216457836238420       0.36428506770312952        6.7879510659254683E-002
          59  0.43203323583470776       0.36410388917256314        6.7929346662144618E-002
          60  0.43190200110059884       0.36392284482742432        6.7979156273174524E-002
          61  0.43177087412692344       0.36374193480500677        6.8028939321916670E-002
          62  0.43163985488098483       0.36356115925807769        6.8078695622907137E-002
          63  0.43150894332861184       0.36338051832716867        6.8128425001443171E-002
          64  0.43137813943472336       0.36320001214864223        6.8178127286081136E-002
          65  0.43124744316380098       0.36301964086151434        6.8227802302286644E-002
          66  0.43111685447986159       0.36283940460591274        6.8277449873948848E-002
          67  0.43098637334566325       0.36265930351379222        6.8327069831871035E-002
          68  0.43085599972278060       0.36247933770845558        6.8376662014325018E-002
          69  0.43072573357331118       0.36229950732857269        6.8426226244738486E-002
          70  0.43059557485703936       0.36211981248916647        6.8475762367872894E-002
          71  0.43046552353596429       0.36194025334306151        6.8525270192902776E-002
          72  0.43033557956749585       0.36176082998938303        6.8574749578112826E-002
          73  0.43020574291100971       0.36158154256034830        6.8624200350661413E-002
          74  0.43007601352358227       0.36140239116569367        6.8673622357888597E-002
          75  0.42994639136320423       0.36122337593536757        6.8723015427836653E-002
          76  0.42981687638649974       0.36104449698762087        6.8772379398878869E-002
          77  0.42968746854752954       0.36086575441403385        6.8821714133495693E-002
          78  0.42955816780282663       0.36068714834702115        6.8871019455805482E-002
          79  0.42942897410656439       0.36050867889479654        6.8920295211767846E-002
          80  0.42929988741189795       0.36033034615904708        6.8969541252850874E-002
          81  0.42917090767246435       0.36015215025513414        6.9018757417330212E-002
          82  0.42904203484016001       0.35997409128294128        6.9067943557218736E-002
          83  0.42891326886649378       0.35979616934370001        6.9117099522793768E-002
          84  0.42878460970249821       0.35961838453987810        6.9166225162620110E-002
          85  0.42865605729832151       0.35944073696910178        6.9215320329219732E-002
          86  0.42852761160431457       0.35926322673929734        6.9264384865017237E-002
          87  0.42839927256873284       0.35908585393691234        6.9313418631820500E-002
          88  0.42827104014017248       0.35890861866038110        6.9362421479791381E-002
          89  0.42814291426585721       0.35873152099635464        6.9411393269502575E-002
          90  0.42801489489395278       0.35855456105181960        6.9460333842133182E-002
          91  0.42788698196937375       0.35837773889690777        6.9509243072465976E-002
          92  0.42775917543833758       0.35820105462591317        6.9558120812424407E-002
          93  0.42763147524680822       0.35802450833750171        6.9606966909306511E-002
          94  0.42750388133794714       0.35784810009889118        6.9655781239055969E-002
          95  0.42737639365626506       0.35767183000264735        6.9704563653617713E-002
          96  0.42724901214441519       0.35749569812359211        6.9753314020823076E-002
          97  0.42712173674598825       0.35731970455581019        6.9802032190178054E-002
          98  0.42699456740175090       0.35714384936256333        6.9850718039187576E-002
          99  0.42686750405329604       0.35696813262447502        6.9899371428821022E-002
         100  0.42674054664174627       0.35679255442399871        6.9947992217747557E-002
         101  0.42661369510613917       0.35661711482104941        6.9996580285089760E-002
         102  0.42648694938705878       0.35644181390431362        7.0045135482745158E-002
         103  0.42636030942215797       0.35626665172916161        7.0093657692996358E-002
         104  0.42623377515033123       0.35609162837497832        7.0142146775352909E-002
         105  0.42610734650923415       0.35591674391126138        7.0190602597972773E-002
         106  0.42598102343516142       0.35574199839555426        7.0239025039607161E-002
         107  0.42585480586458835       0.35556739189570918        7.0287413968879164E-002
         108  0.42572869373345795       0.35539292447840359        7.0335769255054359E-002
         109  0.42560268697680720       0.35521859620519819        7.0384090771609009E-002
         110  0.42547678552904755       0.35504440713597268        7.0432378393074868E-002
         111  0.42535098932380017       0.35487035732717498        7.0480631996625187E-002
         112  0.42522529829487149       0.35469644684431284        7.0528851450558649E-002
         113  0.42509971237429622       0.35452267573583834        7.0577036638457880E-002
         114  0.42497423149425068       0.35434904405920292        7.0625187435047754E-002
         115  0.42484885558608221       0.35417555186732136        7.0673303718760849E-002
         116  0.42472358458113602       0.35400219922028248        7.0721385360853539E-002
         117  0.42459841840927282       0.35382898616469344        7.0769432244579378E-002
         118  0.42447335699951283       0.35365591274320729        7.0817444256305540E-002
         119  0.42434840028135534       0.35348297901118891        7.0865421270166429E-002
         120  0.42422354818322883       0.35331018501689676        7.0913363166332066E-002
         121  0.42409880063249994       0.35313753080122318        7.0961269831276763E-002
         122  0.42397415755672568       0.35296501641476469        7.1009141141960996E-002
         123  0.42384961888220207       0.35279264189753140        7.1056976984670672E-002
         124  0.42372518453468133       0.35262040728959276        7.1104777245088568E-002
         125  0.42360085443982937       0.35244831263685933        7.1152541802970037E-002
         126  0.42347662852221551       0.35227635797741397        7.1200270544801547E-002
         127  0.42335250670608149       0.35210454335204466        7.1247963354036825E-002
         128  0.42322848891389392       0.35193286878449836        7.1295620129395554E-002
         129  0.42310457506931098       0.35176133432207218        7.1343240747238801E-002
         130  0.42298076509492433       0.35158994000430455        7.1390825090619781E-002
         131  0.42285705891144276       0.35141868585283048        7.1438373058612281E-002
         132  0.42273345644019766       0.35124757190512285        7.1485884535074817E-002
         133  0.42260995760154135       0.35107659819200909        7.1533359409532260E-002
         134  0.42248656231539805       0.35090576474616469        7.1580797569233356E-002
         135  0.42236327050050931       0.35073507159189643        7.1628198908612883E-002
         136  0.42224008207580144       0.35056451876238653        7.1675563313414903E-002
         137  0.42211699695848537       0.35039410627669931        7.1722890681786056E-002
         138  0.42199401506598361       0.35022383416226516        7.1770180903718450E-002
         139  0.42187113631457179       0.35005370244002282        7.1817433874548975E-002
         140  0.42174836062109333       0.34988371114484335        7.1864649476249987E-002
         141  0.42162568789996968       0.34971386028750134        7.1911827612468338E-002
         142  0.42150311806583524       0.34954414988879584        7.1958968177039395E-002
         143  0.42138065103323391       0.34937457997571958        7.2006071057514331E-002
         144  0.42125828671500215       0.34920515056005330        7.2053136154948849E-002
         145  0.42113602502375214       0.34903586165879935        7.2100163364952785E-002
         146  0.42101386587187301       0.34886671329278085        7.2147152579092155E-002
         147  0.42089180916982222       0.34869770546572187        7.2194103704100343E-002
         148  0.42076985482983603       0.34852883821170910        7.2241016618126930E-002
         149  0.42064800276034769       0.34836011152342033        7.2287891236927360E-002
         150  0.42052625287161782       0.34819152542452048        7.2334727447097347E-002
         151  0.42040460507192734       0.34802307992100118        7.2381525150926163E-002
         152  0.42028305926925263       0.34785477502292955        7.2428284246323082E-002
         153  0.42016161537092983       0.34768661073951468        7.2475004631415152E-002
         154  0.42004027328311005       0.34751858707246019        7.2521686210649861E-002
         155  0.41991903291270455       0.34735070404161067        7.2568328871093879E-002
         156  0.41979789416372942       0.34718296163746465        7.2614932526264775E-002
         157  0.41967685694102869       0.34701535986917875        7.2661497071849934E-002
         158  0.41955592114859691       0.34684789874302752        7.2708022405569395E-002
         159  0.41943508668968049       0.34668057826419946        7.2754508425481035E-002
         160  0.41931435346590606       0.34651339842468892        7.2800955041217141E-002
         161  0.41919372137894273       0.34634635922644164        7.2847362152501094E-002
         162  0.41907319032967172       0.34617946066884703        7.2893729660824691E-002
         163  0.41895276021841338       0.34601270275294643        7.2940057465466945E-002
         164  0.41883243094404532       0.34584608547058743        7.2986345473457892E-002
         165  0.41871220240582047       0.34567960882582338        7.3032593579997085E-002
         166  0.41859207450081837       0.34551327280460592        7.3078801696212448E-002
         167  0.41847204712616159       0.34534707740229820        7.3124969723863398E-002
         168  0.41835212017796231       0.34518102260963157        7.3171097568330734E-002
         169  0.41823229355210673       0.34501510842466759        7.3217185127439133E-002
         170  0.41811256714288686       0.34484933483337876        7.3263232309508097E-002
         171  0.41799294084440880       0.34468370182913816        7.3309239015270644E-002
         172  0.41787341454924859       0.34451820939435063        7.3355205154897962E-002
         173  0.41775398814950654       0.34435285751647143        7.3401130633035105E-002
         174  0.41763466153730300       0.34418764619159642        7.3447015345706579E-002
         175  0.41751543460208751       0.34402257539153608        7.3492859210551431E-002
         176  0.41739630723444038       0.34385764511295486        7.3538662121485521E-002
         177  0.41727727932281949       0.34369285533519200        7.3584423987627490E-002
         178  0.41715835075421204       0.34352820602908929        7.3630144725122748E-002
         179  0.41703952141680983       0.34336369719096976        7.3675824225840070E-002
         180  0.41692079119627334       0.34319932879515791        7.3721462401115434E-002
         181  0.41680215997805942       0.34303510082433702        7.3767059153722392E-002
         182  0.41668362764580791       0.34287101324857722        7.3812614397230691E-002
         183  0.41656519408289783       0.34270706604585466        7.3858128037043169E-002
         184  0.41644685917252577       0.34254325920169665        7.3903599970829126E-002
         185  0.41632862279572380       0.34237959268604323        7.3949030109680569E-002
         186  0.41621048483243001       0.34221606646700592        7.3994418365424086E-002
         187  0.41609244516274252       0.34205268052452731        7.4039764638215211E-002
         188  0.41597450366451422       0.34188943482312545        7.4085068841388768E-002
         189  0.41585666021624113       0.34172632934615016        7.4130330870090966E-002
         190  0.41573891469348534       0.34156336405271337        7.4175550640771970E-002
         191  0.41562126697151447       0.34140053890963129        7.4220728061883179E-002
         192  0.41550371692507765       0.34123785389014216        7.4265863034935486E-002
         193  0.41538626442732091       0.34107530895914501        7.4310955468175899E-002
         194  0.41526890935071670       0.34091290408618291        7.4356005264533787E-002
         195  0.41515165156575123       0.34075063922798898        7.4401012337762251E-002
         196  0.41503449094258554       0.34058851435102294        7.4445976591562601E-002
         197  0.41491742734984371       0.34042652941574769        7.4490897934096023E-002
         198  0.41480046065545928       0.34026468438681950        7.4535776268639775E-002
         199  0.41468359072533295       0.34010297921768851        7.4580611507644445E-002
         200  0.41456681742552681       0.33994141387704069        7.4625403548486124E-002
         201  0.41445014061942909       0.33977998831522899        7.4670152304200099E-002
         202  0.41433356016991923       0.33961870249004039        7.4714857679878843E-002
         203  0.41421707593821794       0.33945755635332764        7.4759519584890299E-002
         204  0.41410068778506082       0.33929654986561936        7.4804137919441460E-002
         205  0.41398439556905520       0.33913568297628616        7.4848712592769040E-002
         206  0.41386819914747891       0.33897495563339269        7.4893243514086216E-002
         207  0.41375209837776628       0.33881436780269464        7.4937730575071637E-002
         208  0.41363609311280142       0.33865391940958955        7.4982173703211863E-002
         209  0.41352018320791928       0.33849361042559406        7.5026572782325218E-002
         210  0.41340436851407086       0.33833344078430533        7.5070927729765535E-002
         211  0.41328864888241928       0.33817341043984250        7.5115238442576782E-002
         212  0.41317302416104984       0.33801351932443791        7.5159504836611934E-002
         213  0.41305749419824189       0.33785376739073303        7.5203726807508864E-002
         214  0.41294205883985124       0.33769415457836477        7.5247904261486476E-002
         215  0.41282671793050107       0.33753468083076721        7.5292037099733866E-002
         216  0.41271147131264724       0.33737534608301040        7.5336125229636841E-002
         217  0.41259631882766229       0.33721615027488783        7.5380168552774462E-002
         218  0.41248126031549343       0.33705709334893763        7.5424166966555795E-002
         219  0.41236629561341154       0.33689817523346322        7.5468120379948322E-002
         220  0.41225142455710179       0.33673939585824575        7.5512028698856037E-002
         221  0.41213664698197516       0.33658075516907321        7.5555891812901954E-002
         222  0.41202196271935615       0.33642225308333595        7.5599709636020196E-002
         223  0.41190737160088903       0.33626388954275654        7.5643482058132483E-002
         224  0.41179287345484389       0.33610566446963186        7.5687208985212029E-002
         225  0.41167846810814601       0.33594757779259921        7.5730890315546806E-002
         226  0.41156415538569674       0.33578962943718271        7.5774525948514027E-002
         227  0.41144993510995009       0.33563181932296582        7.5818115786984275E-002
         228  0.41133580710241585       0.33547414738091863        7.5861659721497221E-002
         229  0.41122177118110065       0.33531661352426473        7.5905157656835920E-002
         230  0.41110782716332128       0.33515921768079776        7.5948609482523521E-002
         231  0.41099397486223277       0.33500195975544739        7.5992015106785382E-002
         232  0.41088021409088543       0.33484483967495554        7.6035374415929891E-002
         233  0.41076654465853324       0.33468785734825074        7.6078687310282500E-002
         234  0.41065296637272242       0.33453101268941693        7.6121953683305488E-002
         235  0.41053947903862165       0.33437430561131193        7.6165173427309718E-002
         236  0.41042608245840817       0.33421773601897536        7.6208346439432806E-002
         237  0.41031277643255443       0.33406130382582594        7.6251472606728488E-002
         238  0.41019956075802289       0.33390500893202751        7.6294551825995371E-002
         239  0.41008643522970017       0.33374885124285031        7.6337583986849866E-002
         240  0.40997339963934998       0.33359283065769130        7.6380568981658681E-002
         241  0.40986045377613928       0.33343694707532195        7.6423506700817323E-002
         242  0.40974759742767436       0.33328120040744930        7.6466397020225063E-002
         243  0.40963483037526649       0.33312559052664142        7.6509239848625066E-002
         244  0.40952215240106032       0.33297011734520032        7.6552035055860002E-002
         245  0.40940956328172307       0.33281478074751258        7.6594782534210482E-002
         246  0.40929706279104128       0.33265958061932943        7.6637482171711846E-002
         247  0.40918465070018284       0.33250451684990123        7.6680133850281607E-002
         248  0.40907232677733313       0.33234958933134651        7.6722737445986622E-002
         249  0.40896009078553347       0.33219479793380685        7.6765292851726619E-002
         250  0.40884794248620981       0.33204014254678560        7.6807799939424215E-002
         251  0.40873588163566243       0.33188562303995023        7.6850258595712206E-002
         252  0.40862390798757725       0.33173123929301290        7.6892668694564348E-002
         253  0.40851202129173836       0.33157699118200284        7.6935030109735514E-002
         254  0.40840022129233439       0.33142287856245406        7.6977342729880327E-002
         255  0.40828850773214209       0.33126890131571735        7.7019606416424746E-002
         256  0.40817688034804195       0.33111505930114110        7.7061821046900847E-002
         257  0.40806533887269353       0.33096135237644397        7.7103986496249555E-002
         258  0.40795388303507951       0.33080778040356823        7.7146102631511282E-002
         259  0.40784251255938464       0.33065434323927007        7.7188169320114575E-002
         260  0.40773122716426774       0.33050104072766345        7.7230186436604287E-002
         261  0.40762002656471785       0.33034787272194166        7.7272153842776192E-002
         262  0.40750891047050020       0.33019483906852420        7.7314071401975992E-002
         263  0.40739787858602455       0.33004193960900557        7.7355938977018979E-002
         264  0.40728693061017485       0.32988917417804420        7.7397756432130649E-002
         265  0.40717606623723318       0.32973654261527785        7.7439523621955331E-002
         266  0.40706528515491103       0.32958404474681707        7.7481240408093954E-002
         267  0.40695458704566706       0.32943168040007581        7.7522906645591250E-002
         268  0.40684397158706925       0.32927944941031173        7.7564522176757522E-002
         269  0.40673343844696142       0.32912735157160000        7.7606086875361413E-002
         270  0.40662298729108559       0.32897538671747267        7.7647600573612918E-002
         271  0.40651261777663150       0.32882355465659729        7.7689063120034207E-002
         272  0.40640232955300248       0.32867185518399505        7.7730474369007430E-002
         273  0.40629212226473777       0.32852028811129125        7.7771834153446517E-002
         274  0.40618199554735263       0.32836885322750303        7.7813142319849593E-002
         275  0.40607194902987448       0.32821755032721062        7.7854398702663863E-002
         276  0.40596198233285519       0.32806637919298154        7.7895603139873648E-002
         277  0.40585209506928205       0.32791533960673958        7.7936755462542473E-002
         278  0.40574228684339408       0.32776443134084621        7.7977855502547877E-002
         279  0.40563255725064362       0.32761365416086036        7.8018903089783265E-002
         280  0.40552290587823203       0.32746300783295473        7.8059898045277298E-002
         281  0.40541333230450582       0.32731249212144264        7.8100840183063180E-002
         282  0.40530383609584991       0.32716210676120000        7.8141729334649912E-002
         283  0.40519441681079121       0.32701185150205664        7.8182565308734575E-002
         284  0.40508507399686899       0.32686172608031694        7.8223347916552055E-002
         285  0.40497580719004678       0.32671173021812527        7.8264076971921503E-002
         286  0.40486661591619971       0.32656186363971590        7.8304752276483813E-002
         287  0.40475749968889774       0.32641212605604347        7.8345373632854265E-002
         288  0.40464845801073634       0.32626251718032467        7.8385940830411671E-002
         289  0.40453949036959530       0.32611303669688946        7.8426453672705843E-002
         290  0.40443059624136313       0.32596368429261857        7.8466911948744555E-002
         291  0.40432177508933576       0.32581445965426215        7.8507315435073610E-002
         292  0.40421302636029055       0.32566536243762201        7.8547663922668542E-002
         293  0.40410434948816226       0.32551639230726548        7.8587957180896784E-002
         294  0.40399574389046089       0.32536754890792147        7.8628194982539423E-002
         295  0.40388720896833463       0.32521883187103529        7.8668377097299347E-002
         296  0.40377874410674691       0.32507024082285607        7.8708503283890840E-002
         297  0.40367034867302426       0.32492177537701200        7.8748573296012259E-002
         298  0.40356202201496127       0.32477343512368628        7.8788586891274992E-002
         299  0.40345376346272516       0.32462521965481594        7.8828543807909213E-002
         300  0.40334557232574147       0.32447712854216126        7.8868443783580211E-002
         301  0.40323744789088345       0.32432916132981016        7.8908286561073293E-002
         302  0.40312938942612259       0.32418131757448243        7.8948071851640156E-002
         303  0.40302139617351207       0.32403359679185040        7.8987799381661672E-002
         304  0.40291346735053757       0.32388599847771882        7.9027468872818751E-002
         305  0.40280560215260874       0.32373852214032672        7.9067080012282021E-002
         306  0.40269779974469416       0.32359116723563774        7.9106632509056418E-002
         307  0.40259005926608216       0.32344393322161807        7.9146126044464082E-002
         308  0.40248237982536245       0.32329681952438732        7.9185560300975122E-002
         309  0.40237476049921284       0.32314982554140198        7.9224934957810855E-002
         310  0.40226720033386504       0.32300295066780987        7.9264249666055164E-002
         311  0.40215969833914178       0.32285619425569068        7.9303504083451104E-002
         312  0.40205225348894053       0.32270955563710318        7.9342697851837340E-002
         313  0.40194486471901958       0.32256303411806464        7.9381830600954939E-002
         314  0.40183753092362862       0.32241662896882234        7.9420901954806278E-002
         315  0.40173025095476833       0.32227033943406191        7.9459911520706417E-002
         316  0.40162302361855368       0.32212416472311162        7.9498858895442059E-002
         317  0.40151584767393361       0.32197810401747978        7.9537743656453830E-002
         318  0.40140872182661191       0.32183215644489083        7.9576565381721087E-002
         319  0.40130164472925717       0.32168632110466699        7.9615323624590173E-002
         320  0.40119461497755837       0.32154059705760946        7.9654017919948916E-002
         321  0.40108763110486667       0.32139498331276783        7.9692647792098836E-002
         322  0.40098069157794952       0.32124947882136934        7.9731212756580183E-002
         323  0.40087379479703045       0.32110408250823452        7.9769712288795924E-002
         324  0.40076693908454880       0.32095879321609350        7.9808145868455305E-002
         325  0.40066012268587758       0.32081360974769063        7.9846512938186953E-002
         326  0.40055334375946366       0.32066853082947144        7.9884812929992222E-002
         327  0.40044660037381913       0.32052355512858471        7.9923045245234414E-002
         328  0.40033989049910357       0.32037868123582824        7.9961209263275324E-002
         329  0.40023321199964729       0.32023390765798726        7.9999304341660027E-002
         330  0.40012656262693702       0.32008923282004398        8.0037329806893043E-002
         331  0.40001994001188168       0.31994465506470099        8.0075284947180692E-002
         332  0.39991334164980946       0.31980017260843319        8.0113169041376275E-002
         333  0.39980676489819145       0.31965578359267283        8.0150981305518620E-002
         334  0.39970020695603364       0.31951148601182550        8.0188720944208147E-002
         335  0.39959366485723974       0.31936727775219464        8.0226387105045094E-002
         336  0.39948713545227471       0.31922315655149636        8.0263978900778354E-002
         337  0.39938061539262770       0.31907911999318073        8.0301495399446976E-002
         338  0.39927410111339112       0.31893516549928758        8.0338935614103546E-002
         339  0.39916758881126013       0.31879129030272407        8.0376298508536059E-002
         340  0.39906107442369892       0.31864749144395615        8.0413582979742770E-002
         341  0.39895455359837984       0.31850376572292571        8.0450787875454122E-002
         342  0.39884802166948735       0.31836010971148432        8.0487911958003033E-002
         343  0.39874147362137258       0.31821651970875331        8.0524953912619268E-002
         344  0.39863490404671587       0.31807299168882386        8.0561912357892007E-002
         345  0.39852830710940379       0.31792952130669849        8.0598785802705297E-002
         346  0.39842167649041160       0.31778610383504685        8.0635572655364751E-002
         347  0.39831500533005310       0.31764273411890243        8.0672271211150670E-002
         348  0.39820828615961978       0.31749940651724656        8.0708879642373221E-002
         349  0.39810151082538286       0.31735611485350135        8.0745395971881517E-002
         350  0.39799467039374936       0.31721285232620144        8.0781818067547917E-002
         351  0.39788775504589841       0.31706961143973222        8.0818143606166182E-002
         352  0.39778075394281032       0.31692638386560984        8.0854370077200477E-002
         353  0.39767365507866825       0.31678316035973769        8.0890494718930561E-002
         354  0.39756644509037387       0.31663993057939754        8.0926514510976322E-002
         355  0.39745910903588477       0.31649668292054273        8.0962426115342045E-002
         356  0.39735163011587116       0.31635340427115938        8.0998225844711780E-002
         357  0.39724398934031713       0.31621007976487109        8.1033909575446039E-002
         358  0.39713616509876692       0.31606669239865676        8.1069472700110168E-002
         359  0.39702813263160569       0.31592322262123468        8.1104910010371012E-002
         360  0.39691986334745188       0.31577964776659129        8.1140215580860597E-002
         361  0.39681132394157020       0.31563594133129380        8.1175382610276403E-002
         362  0.39670247522999369       0.31549207199744150        8.1210403232552186E-002
         363  0.39659327059914584       0.31534800237270505        8.1245268226440792E-002
         364  0.39648365387992646       0.31520368722662662        8.1279966653299840E-002
         365  0.39637355638139443       0.31505907105055486        8.1314485330839570E-002
         366  0.39626289261477771       0.31491408447531044        8.1348808139467266E-002
         367  0.39615155399664498       0.31476863911881370        8.1382914877831281E-002
         368  0.39603939912368369       0.31462261946327402        8.1416779660409666E-002
         369  0.39592623817292166       0.31447586993790227        8.1450368235019388E-002
         370  0.39581180639034541       0.31432817291914966        8.1483633471195749E-002
         371  0.39569571577704932       0.31417920858936904        8.1516507187680276E-002
         372  0.39557735872927124       0.31402847499510483        8.1548883734166411E-002
         373  0.39545569026891020       0.31387510734245128        8.1580582926458922E-002
         374  0.39532863881462349       0.31371738996706788        8.1611248847555606E-002
         375  0.39519097113623280       0.31355099156915839        8.1639979567074417E-002
         376  0.39502036202797330       0.31335749359649334        8.1662868431479962E-002
