           1  0.46283223403495793       0.50041100751228584       0.12465423293032313       0.10871165860582090     
           2  0.46289849117271409       0.50055673571662052       0.12461276746820855       0.10863717576819690     
           3  0.46296510298266569       0.50070225235316468       0.12457114886591807       0.10856278742507501     
           4  0.46303212604994565       0.50084754198500214       0.12452934863078113       0.10848849164108218     
           5  0.46309955958173965       0.50099260533159728       0.12448736722563784       0.10841428820483495     
           6  0.46316740167129022       0.50113744275305860       0.12444520558556584       0.10834017705205452     
           7  0.46323565045548104       0.50128205461557906       0.12440286462619539       0.10826615811501870     
           8  0.46330430413768164       0.50142644130103442       0.12436034523441486       0.10819223131890736     
           9  0.46337336088140607       0.50157060316271085       0.12431764831127703       0.10811839659849774     
          10  0.46344281891622247       0.50171454056898845       0.12427477472921010       0.10804465388165115     
          11  0.46351267645654209       0.50185825387039273       0.12423172536489768       0.10797100310181375     
          12  0.46358293177540044       0.50200174343029935       0.12418850106957101       0.10789744418648327     
          13  0.46365358310311899       0.50214500958256036       0.12414510270977278       0.10782397707309402     
          14  0.46372462880835302       0.50228805270647958       0.12410153109438010       0.10775060168080826     
          15  0.46379606716597499       0.50243087313158552       0.12405778706832898       0.10767731794645614     
          16  0.46386789654748983       0.50257347121564377       0.12401387143572738       0.10760412579508859     
          17  0.46394011529152185       0.50271584729297913       0.12396978501235556       0.10753102515962136     
          18  0.46401272180362851       0.50285800171333250       0.12392552858506614       0.10745801596596932     
          19  0.46408571447301855       0.50299993480928173       0.12388110294562978       0.10738509814548923     
          20  0.46415909172500325       0.50314164691793573       0.12383650886961795       0.10731227162683367     
          21  0.46423285200724063       0.50328313837422911       0.12379174712176855       0.10723953633835159     
          22  0.46430699378639134       0.50342440951100653       0.12374681845758313       0.10716689220822397     
          23  0.46438151556025115       0.50356546066333696       0.12370172361832453       0.10709433916276803     
          24  0.46445641579662694       0.50370629214395901       0.12365646335574645       0.10702187713572993     
          25  0.46453169304525072       0.50384690428864720       0.12361103838689105       0.10694950605116341     
          26  0.46460734583692725       0.50398729741495008       0.12356544943477513       0.10687722583897324     
          27  0.46468337275957367       0.50412747185456797       0.12351969719790371       0.10680503642283719     
          28  0.46475977234142474       0.50426742790482360       0.12347378239726350       0.10673293773841232     
          29  0.46483654322003393       0.50440716589775192       0.12342770570818801       0.10666092970732997     
          30  0.46491368403360883       0.50454668615563192       0.12338146780417140       0.10658901225395299     
          31  0.46499119333649236       0.50468598895771566       0.12333506939108033       0.10651718531793737     
          32  0.46506906985032348       0.50482507464137838       0.12328851110577448       0.10644544881615012     
          33  0.46514731223921757       0.50496394351048157       0.12324179360668769       0.10637380267707182     
          34  0.46522591916154921       0.50510259585859241       0.12319491755331498       0.10630224683231319     
          35  0.46530488935529096       0.50524103200169013       0.12314788357149622       0.10623078120410420     
          36  0.46538422152046105       0.50537925223103763       0.12310069230088441       0.10615940572306685     
          37  0.46546391439149082       0.50551725684284943       0.12305334436584275       0.10608812031711945     
          38  0.46554396677104765       0.50565504615202683       0.12300584036182165       0.10601692490629788     
          39  0.46562437738750478       0.50579262043444340       0.12295818091279212       0.10594581942445644     
          40  0.46570514503805693       0.50592997998500300       0.12291036661360631       0.10587480379746908     
          41  0.46578626853972249       0.50606712509757146       0.12286239804969661       0.10580387795073838     
          42  0.46586774672734743       0.50620405606451979       0.12281427579794814       0.10573304180941734     
          43  0.46594957843437901       0.50634077316942983       0.12276600043450810       0.10566229530117939     
          44  0.46603176253407830       0.50647727670252929       0.12271757251800607       0.10559163835031726     
          45  0.46611429785283881       0.50661356692743775       0.12266899262475134       0.10552107089040719     
          46  0.46619718331846771       0.50674964413982249       0.12262026128880010       0.10545059284214951     
          47  0.46628041784417257       0.50688550862093240       0.12257137904876278       0.10538020413087240     
          48  0.46636400031039399       0.50702116063062475       0.12252234645515835       0.10530990468916916     
          49  0.46644792971854643       0.50715660046872679       0.12247316400843455       0.10523969443382435     
          50  0.46653220493970615       0.50729182837519804       0.12242383226035519       0.10516957330340079     
          51  0.46661682501560492       0.50742684464960452       0.12237435169255810       0.10509954121325545     
          52  0.46670178889132757       0.50756164954475558       0.12232472282437531       0.10502959809556854     
          53  0.46678709555094822       0.50769624332145791       0.12227494615824266       0.10495974387881249     
          54  0.46687274406788065       0.50783062626797693       0.12222502215933115       0.10488997848040209     
          55  0.46695873342509930       0.50796479862766397       0.12217495132786337       0.10482030183377564     
          56  0.46704506264938866       0.50809876065488069       0.12212473414542720       0.10475071386767106     
          57  0.46713173087110821       0.50823251263636759       0.12207437105051705       0.10468121449786459     
          58  0.46721873709098866       0.50836605479976638       0.12202386253267518       0.10461180366161081     
          59  0.46730608045018746       0.50849938742080902       0.12197320902369060       0.10454248127742401     
          60  0.46739376001715616       0.50863251073811266       0.12192241098335553       0.10447324727697900     
          61  0.46748177494195303       0.50876542501599087       0.12187146883758593       0.10440410158173007     
          62  0.46757012432805667       0.50889813049161903       0.12182038302971432       0.10433504412250919     
          63  0.46765880732845916       0.50903062741464000       0.12176915398204714       0.10426607482484052     
          64  0.46774782311735325       0.50916291603559671       0.12171778210718749       0.10419719361322496     
          65  0.46783717086702875       0.50929499659627542       0.12166626781729592       0.10412840041473172     
          66  0.46792684975198306       0.50942686933265124       0.12161461152262727       0.10405969515802123     
          67  0.46801685898316892       0.50955853448666988       0.12156281361745873       0.10399107776874691     
          68  0.46810719780845034       0.50968999230785328       0.12151087448015249       0.10392254816910947     
          69  0.46819786542848346       0.50982124301968934       0.12145879450695274       0.10385410629040802     
          70  0.46828886113427598       0.50995228687376593       0.12140657405659157       0.10378575205275004     
          71  0.46838018409017795       0.51008312406492973       0.12135421353777216       0.10371748539690648     
          72  0.46847183365773259       0.51021375485701526       0.12130171327847186       0.10364930623701067     
          73  0.46856380908710976       0.51034417946462007       0.12124907365071919       0.10358121450520281     
          74  0.46865610971603872       0.51047439812798212       0.12119629498995471       0.10351321012322287     
          75  0.46874873481792728       0.51060441105494414       0.12114337765646187       0.10344529302433156     
          76  0.46884168371346951       0.51073421846564560       0.12109032199054373       0.10337746313664670     
          77  0.46893495582570882       0.51086382061198832       0.12103712829005929       0.10330972037565642     
          78  0.46902855043934233       0.51099321768546568       0.12098379690762184       0.10324206467893671     
          79  0.46912246693269871       0.51112240990617808       0.12093032815697836       0.10317449597265323     
          80  0.46921670471363514       0.51125139749912851       0.12087672233898408       0.10310701418056591     
          81  0.46931126314852151       0.51138018066616708       0.12082297977018171       0.10303961923450831     
          82  0.46940614166665845       0.51150875962572184       0.12076910074059637       0.10297231105942109     
          83  0.46950133969862129       0.51163713459054638       0.12071508553883421       0.10290508958184673     
          84  0.46959685667829548       0.51176530576707857       0.12066093445104911       0.10283795473003721     
          85  0.46969269206389641       0.51189327336426715       0.12060664775258456       0.10277090643072090     
          86  0.46978884528445725       0.51202103757257278       0.12055222572949381       0.10270394461694113     
          87  0.46988531585230003       0.51214859860776407       0.12049766863325566       0.10263706921166169     
          88  0.46998210324465678       0.51227595666497638       0.12044297672846947       0.10257028014499249     
          89  0.47007920698752886       0.51240311195146615       0.12038815025911173       0.10250357734193073     
          90  0.47017662654248787       0.51253006464226913       0.12033318949405439       0.10243696073893239     
          91  0.47027436150967827       0.51265681495855664       0.12027809464527692       0.10237043025453359     
          92  0.47037241141024855       0.51278336308483830       0.12022286595571627       0.10230398582052479     
          93  0.47047077575755114       0.51290970919486945       0.12016750367029692       0.10223762737203129     
          94  0.47056945418453544       0.51303585350190639       0.12011200798487499       0.10217135482888313     
          95  0.47066844624100623       0.51316179618020574       0.12005637912776597       0.10210516812491022     
          96  0.47076775154834494       0.51328753742409794       0.12000061729741254       0.10203906718581911     
          97  0.47086736966598031       0.51341307739761233       0.11994472271626089       0.10197305194810720     
          98  0.47096730027220451       0.51353841630292196       0.11988869555786685       0.10190712233341340     
          99  0.47106754298950893       0.51366355431476207       0.11983253601738252       0.10184127827313665     
         100  0.47116809744346622       0.51378849160048046       0.11977624428749599       0.10177551970072378     
         101  0.47126896334671353       0.51391322835503672       0.11971982052505954       0.10170984653884729     
         102  0.47137014031744945       0.51403776472961471       0.11966326492385454       0.10164425872592067     
         103  0.47147162810108573       0.51416210091734404       0.11960657762554257       0.10157875618415509     
         104  0.47157342636491373       0.51428623707409904       0.11954975880215507       0.10151333884905923     
         105  0.47167553481991209       0.51441017336553252       0.11949280860720721       0.10144800665195217     
         106  0.47177795322737037       0.51453390996991721       0.11943572717304056       0.10138275951890849     
         107  0.47188068132132421       0.51465744704681449       0.11937851464180776       0.10131759738232418     
         108  0.47198371884674639       0.51478078475406353       0.11932117115044934       0.10125252017477425     
         109  0.47208706557605534       0.51490392325233292       0.11926369682381628       0.10118752782717398     
         110  0.47219072129582979       0.51502686270076248       0.11920609178010314       0.10112262027046369     
         111  0.47229468581382039       0.51514960325907089       0.11914835612795999       0.10105779743477415     
         112  0.47239895891344286       0.51527214507078389       0.11909048998487885       0.10099305925573726     
         113  0.47250354044799747       0.51539448829880441       0.11903249343925255       0.10092840566118440     
         114  0.47260843024734278       0.51551663308979911       0.11897436658791088       0.10086383658444197     
         115  0.47271362816637047       0.51563857959284998       0.11891610951666438       0.10079935195739217     
         116  0.47281913404291542       0.51576032794295801       0.11885772231711171       0.10073495171654510     
         117  0.47292494777222921       0.51588187829025567       0.11879920505692031       0.10067063579230313     
         118  0.47303106927335287       0.51600323078551980       0.11874055779300391       0.10060640411412623     
         119  0.47313749842750397       0.51612438555920936       0.11868178059672813       0.10054225661864334     
         120  0.47324423515152075       0.51624534274706868       0.11862287352402452       0.10047819323986019     
         121  0.47335127939796401       0.51636610249098924       0.11856383661546172       0.10041421390892442     
         122  0.47345863109398828       0.51648666491555706       0.11850466992079492       0.10035031856284170     
         123  0.47356629021352131       0.51660703015646448       0.11844537347012840       0.10028650713400281     
         124  0.47367425674052183       0.51672719834500169       0.11838594728842637       0.10022277955580293     
         125  0.47378253064743253       0.51684716960051758       0.11832639140427595       0.10015913576550538     
         126  0.47389111194453937       0.51696694404940746       0.11826670583011537       0.10009557569722273     
         127  0.47400000064227021       0.51708652181015247       0.11820689057724877       0.10003209928739162     
         128  0.47410919682250480       0.51720590302090419       0.11814694562735092        9.9968706464610049E-002
         129  0.47421870049237497       0.51732508778339958       0.11808687099101997        9.9905397170397092E-002
         130  0.47432851169645901       0.51744407620636279       0.11802666666289403        9.9842171343145825E-002
         131  0.47443863055505797       0.51756286841878374       0.11796633260611486        9.9779028913095674E-002
         132  0.47454905714167361       0.51768146452390185       0.11790586880154012        9.9715969819453271E-002
         133  0.47465979156349536       0.51779986463077365       0.11784527521566711        9.9652993998794681E-002
         134  0.47477083393197445       0.51791806884129488       0.11778455181207877        9.9590101389661567E-002
         135  0.47488218440032359       0.51803607726495049       0.11772369853657920        9.9527291927211881E-002
         136  0.47499384309890424       0.51815388999560552       0.11766271534324713        9.9464565551896963E-002
         137  0.47510581022247633       0.51827150714131176       0.11760160215897127        9.9401922198127421E-002
         138  0.47521808594417037       0.51838892879600396       0.11754035891862281        9.9339361805179660E-002
         139  0.47533067047393412       0.51850615505744424       0.11747898554096822        9.9276884310145058E-002
         140  0.47544356398043852       0.51862318600111512       0.11741748196049588        9.9214489657910535E-002
         141  0.47555676673339703       0.51874002173063949       0.11735584806988623        9.9152177782200465E-002
         142  0.47567027897674918       0.51885666233223449       0.11729408377117981        9.9089948622649748E-002
         143  0.47578410094340401       0.51897310787966688       0.11723218896979104        9.9027802122914135E-002
         144  0.47589823293417194       0.51908935846336179       0.11717016354280170        9.8965738219856575E-002
         145  0.47601267524284108       0.51920541416210864       0.11710800736892454        9.8903756853974123E-002
         146  0.47612742816103493       0.51932127504601899       0.11704572032680401        9.8841857968469560E-002
         147  0.47624249205600960       0.51943694120373207       0.11698330226348561        9.8780041498947507E-002
         148  0.47635786719480372       0.51955241267915486       0.11692075306531984        9.8718307397101787E-002
         149  0.47647355401121733       0.51966768956726550       0.11685807255033495        9.8656655594867901E-002
         150  0.47658955283626919       0.51978277191775302       0.11679526057695835        9.8595086040520238E-002
         151  0.47670586407962756       0.51989765979959568       0.11673231697079821        9.8533598674449607E-002
         152  0.47682248814965961       0.52001235327178352       0.11666924155678900        9.8472193440071812E-002
         153  0.47693942547054685       0.52012685239064793       0.11660603415249204        9.8410870281210386E-002
         154  0.47705667650759115       0.52024115721824338       0.11654269455777812        9.8349629138881789E-002
         155  0.47717424167298067       0.52035526778790242       0.11647922259271704        9.8288469964126393E-002
         156  0.47729212150201566       0.52046918416788768       0.11641561802666003        9.8227392694274676E-002
         157  0.47741031647400661       0.52058290639709204       0.11635188065034426        9.8166397276927594E-002
         158  0.47752882709368955       0.52069643451420677       0.11628801024317713        9.8105483659128467E-002
         159  0.47764765388419439       0.52080976855455385       0.11622400657588509        9.8044651788415232E-002
         160  0.47776679743202749       0.52092290856732215       0.11615986939266326        9.7983901606570320E-002
         161  0.47788625830273190       0.52103585458280954       0.11609559844466824        9.7923233061530168E-002
         162  0.47800603708510231       0.52114860663130880       0.11603119347277124        9.7862646100704359E-002
         163  0.47812613437745466       0.52126116473596684       0.11596665421268917        9.7802140673381222E-002
         164  0.47824655082915157       0.52137352892710631       0.11590198037822866        9.7741716725360944E-002
         165  0.47836728705760795       0.52148569921524301       0.11583717169509603        9.7681374209279609E-002
         166  0.47848834376542893       0.52159767562958803       0.11577222785325332        9.7621113069928753E-002
         167  0.47860972163621590       0.52170945818220171       0.11570714854906008        9.7560933257762175E-002
         168  0.47873142138625863       0.52182104688708919       0.11564193346458340        9.7500834721837557E-002
         169  0.47885344372261268       0.52193244174286313       0.11557658228409527        9.7440817416040909E-002
         170  0.47897578941362745       0.52204364276034232       0.11551109466611799        9.7380881289090754E-002
         171  0.47909845921747007       0.52215464993509586       0.11544547027182679        9.7321026294517540E-002
         172  0.47922145395016075       0.52226546327279200       0.11537970873789134        9.7261252381366542E-002
         173  0.47934477442863127       0.52237608276680059       0.11531380969907966        9.7201559502362048E-002
         174  0.47946842145340884       0.52248650839442101       0.11524777279554355        9.7141947615476731E-002
         175  0.47959239593511055       0.52259674016054647       0.11518159762181911        9.7082416667643862E-002
         176  0.47971669871019446       0.52270677803137733       0.11511528380075471        9.7022966619290107E-002
         177  0.47984133069837992       0.52281662199120948       0.11504883092035099        9.6963597423298672E-002
         178  0.47996629287185383       0.52292627203042497       0.11498223854604697        9.6904309029440638E-002
         179  0.48009158612504332       0.52303572810029275       0.11491550627315149        9.6845101401193068E-002
         180  0.48021721145571283       0.52314499017628902       0.11484863365400037        9.6785974492198792E-002
         181  0.48034316985035630       0.52325405821687354       0.11478162024385179        9.6726928261463688E-002
         182  0.48046946236381616       0.52336293219228169       0.11471446556907053        9.6667962662797050E-002
         183  0.48059609004243597       0.52347161205627168       0.11464716915780386        9.6609077655156084E-002
         184  0.48072305392336057       0.52358009774790526       0.11457973054060912        9.6550273202198680E-002
         185  0.48085035512562324       0.52368838922061722       0.11451214921335613        9.6491549261188636E-002
         186  0.48097799479868486       0.52379648642431731       0.11444442465800576        9.6432905789718221E-002
         187  0.48110597406614286       0.52390438928837790       0.11437655636559821        9.6374342752220329E-002
         188  0.48123429413587560       0.52401209775592794       0.11430854379140214        9.6315860106896065E-002
         189  0.48136295616524410       0.52411961174005806       0.11424038640958882        9.6257457822276918E-002
         190  0.48149196142882666       0.52422693117917107       0.11417208364529485        9.6199135856343113E-002
         191  0.48162131119480284       0.52433405599605076       0.11410363492470396        9.6140894171984528E-002
         192  0.48175100673220822       0.52444098609832324       0.11403503967181453        9.6082732736613122E-002
         193  0.48188104936575266       0.52454772139897088       0.11396629728662645        9.6024651514697301E-002
         194  0.48201144042835414       0.52465426179796515       0.11389740716393373        9.5966650474389514E-002
         195  0.48214218132682646       0.52476060720652140       0.11382836866718465        9.5908729578705068E-002
         196  0.48227327345774379       0.52486675751601353       0.11375918116200481        9.5850888796860725E-002
         197  0.48240471826757969       0.52497271261901968       0.11368984399205678        9.5793128096490807E-002
         198  0.48253651721264101       0.52507847239638550       0.11362035649531155        9.5735447448544772E-002
         199  0.48266867182113016       0.52518403673661385       0.11355071797880208        9.5677846819916298E-002
         200  0.48280118358987462       0.52528940550181569       0.11348092776041166        9.5620326186244789E-002
         201  0.48293405411569273       0.52539457857040095       0.11341098511559915        9.5562885515768720E-002
         202  0.48306728499604162       0.52549955580465935       0.11334088931774561        9.5505524781645382E-002
         203  0.48320087788081317       0.52560433706707288       0.11327063961701402        9.5448243955659942E-002
         204  0.48333483441645914       0.52570892220179155       0.11320023526299199        9.5391043015232921E-002
         205  0.48346915632425569       0.52581331105985352       0.11312967547296231        9.5333921933887927E-002
         206  0.48360384536176071       0.52591750348675426       0.11305895944753623        9.5276880685965834E-002
         207  0.48373890324994329       0.52602149929685149       0.11298808639985874        9.5219919256030891E-002
         208  0.48387433189994822       0.52612529834986077       0.11291705546432279        9.5163037610460494E-002
         209  0.48401013307637936       0.52622890043709547       0.11284586583211328        9.5106235739720227E-002
         210  0.48414630872540515       0.52633230539190856       0.11277451661912345        9.5049513617302808E-002
         211  0.48428286074949023       0.52643551301144420       0.11270300695623960        9.4992871228564479E-002
         212  0.48441979117073519       0.52653852311428229       0.11263133592409097        9.4936308549629506E-002
         213  0.48455710196879465       0.52664133548311731       0.11255950261783014        9.4879825568385617E-002
         214  0.48469479520996955       0.52674394990981388       0.11248750609547563        9.4823422267939800E-002
         215  0.48483287298437655       0.52684636617164338       0.11241534540275216        9.4767098635154493E-002
         216  0.48497133745392118       0.52694858404815270       0.11234301955399349        9.4710854654534132E-002
         217  0.48511019079948647       0.52705060330421194       0.11227052755348095        9.4654690314557546E-002
         218  0.48524943523424907       0.52715242369067639       0.11219786838954157        9.4598605607095862E-002
         219  0.48538907306577511       0.52725404496868211       0.11212504101010874        9.4542600518736350E-002
         220  0.48552910663985160       0.52735546688681634       0.11205204434471845        9.4486675038878365E-002
         221  0.48566953828073550       0.52745668916356925       0.11197887732895359        9.4430829166496991E-002
         222  0.48581037046974351       0.52755771154416098       0.11190553883220079        9.4375062888811589E-002
         223  0.48595160563583883       0.52765853373200666       0.11183202774206642        9.4319376206818933E-002
         224  0.48609324633044043       0.52775915544584284       0.11175834289397400        9.4263769114051460E-002
         225  0.48623529512827141       0.52785957638444347       0.11168448311064451        9.4208241609407772E-002
         226  0.48637775466219152       0.52795979624080502       0.11161044718856357        9.4152793692193940E-002
         227  0.48652062763933168       0.52805981470405083       0.11153623389098614        9.4097425361107059E-002
         228  0.48666391677040122       0.52815963143730693       0.11146184197654854        9.4042136622532954E-002
         229  0.48680762488935503       0.52825924611504038       0.11138727015087573        9.3986927476558332E-002
         230  0.48695175482214104       0.52835865838175577       0.11131251711966203        9.3931797932454930E-002
         231  0.48709630954261662       0.52845786789820426       0.11123758152519354        9.3876747991066933E-002
         232  0.48724129198947091       0.52855687428607223       0.11116246202082142        9.3821777665852160E-002
         233  0.48738670523121153       0.52865567717620487       0.11108715720363754        9.3766886964380639E-002
         234  0.48753255237155696       0.52875427618069426       0.11101166565307584        9.3712075899044039E-002
         235  0.48767883657846078       0.52885267090010435       0.11093598591893145        9.3657344484180338E-002
         236  0.48782556111173991       0.52895086093126731       0.11086011651003123        9.3602692733041143E-002
         237  0.48797272925961888       0.52904884584657497       0.11078405591985632        9.3548120665539108E-002
         238  0.48812034442650432       0.52914662522147482       0.11070780259103641        9.3493628297924389E-002
         239  0.48826841006060556       0.52924419861062311       0.11063135494448291        9.3439215651639831E-002
         240  0.48841692970199757       0.52934156556072809       0.11055471135964941        9.3384882748301451E-002
         241  0.48856590695998753       0.52943872560503435       0.11047787018398014        9.3330629611967156E-002
         242  0.48871534546055095       0.52953567824485770       0.11040082975384712        9.3276456275836056E-002
         243  0.48886524906345707       0.52963242301441738       0.11032358830635619        9.3222362757702890E-002
         244  0.48901562153614864       0.52972895938269782       0.11024614411179817        9.3168349097111233E-002
         245  0.48916646683828263       0.52982528683657093       0.11016849535781183        9.3114415323688512E-002
         246  0.48931778900075767       0.52992140484396510       0.11009064019839941        9.3060561471014269E-002
         247  0.48946959211791280       0.53001731285179821       0.11001257675723572        9.3006787577501318E-002
         248  0.48962188035550636       0.53011301028486457       0.10993430312393153        9.2953093686466912E-002
         249  0.48977465805254317       0.53020849657731506       0.10985581731284029        9.2899479834325394E-002
         250  0.48992792955452996       0.53030377111994109       0.10977711733038729        9.2845946070287455E-002
         251  0.49008169937686924       0.53039883330943971       0.10969820110888050        9.2792492437815330E-002
         252  0.49023597208372133       0.53049368250999063       0.10961906655534732        9.2739118988918665E-002
         253  0.49039075234778545       0.53058831807001061       0.10953971152717176        9.2685825777754874E-002
         254  0.49054604502322635       0.53068273934213250       0.10946013380224506        9.2632612852908719E-002
         255  0.49070185495476576       0.53077694562564903       0.10938033115644388        9.2579480279139703E-002
         256  0.49085818717939006       0.53087093622535453       0.10930030128161143        9.2526428115029993E-002
         257  0.49101504684628905       0.53096471042458726       0.10922004181759741        9.2473456422871997E-002
         258  0.49117243919296971       0.53105826747883822       0.10913955036217482        9.2420565271233476E-002
         259  0.49133036958939258       0.53115160662532668       0.10905882445258069        9.2367754730950394E-002
         260  0.49148884357252076       0.53124472709238968       0.10897786155149190        9.2315024871599052E-002
         261  0.49164786675707051       0.53133762807166229       0.10889665908303241        9.2262375771842361E-002
         262  0.49180744490624323       0.53143030873743535       0.10881521440396466        9.2209807512051295E-002
         263  0.49196758392908907       0.53152276824178568       0.10873352480411565        9.2157320175694127E-002
         264  0.49212828989096508       0.53161500571820708       0.10865158750236191        9.2104913848141234E-002
         265  0.49228956896675208       0.53170702026547223       0.10856939966527410        9.2052588622503567E-002
         266  0.49245142752604282       0.53179881096902382       0.10848695837210803        9.2000344591266367E-002
         267  0.49261387207131502       0.53189037688268370       0.10840426063990467        9.1948181853203650E-002
         268  0.49277690921698147       0.53198171701865715       0.10832130343149851        9.1896100516796989E-002
         269  0.49294054590318498       0.53207283040697395       0.10823808356838407        9.1844100677557716E-002
         270  0.49310478905289223       0.53216371599672652       0.10815459787014160        9.1792182455497986E-002
         271  0.49326964585428940       0.53225437273248655       0.10807084303902952        9.1740345965687448E-002
         272  0.49343512372114356       0.53234479953911440       0.10798681567562717        9.1688591323746765E-002
         273  0.49360123016218094       0.53243499528493121       0.10790251233205225        9.1636918659843095E-002
         274  0.49376797296006292       0.53252495882743500       0.10781792943855359        9.1585328100919280E-002
         275  0.49393536005331934       0.53261468897817121       0.10773306335132909        9.1533819783888498E-002
         276  0.49410339962115229       0.53270418452189083       0.10764791031741883        9.1482393847925669E-002
         277  0.49427210003787470       0.53279344420245744       0.10756246649316539        9.1431050439766098E-002
         278  0.49444146992045618       0.53288246673135742       0.10747672792423776        9.1379789710026152E-002
         279  0.49461151812313497       0.53297125078276730       0.10739069054740163        9.1328611814775862E-002
         280  0.49478225371129159       0.53305979498374301       0.10730435020091714        9.1277516919106863E-002
         281  0.49495368598082035       0.53314809791517104       0.10721770261611577        9.1226505196375415E-002
         282  0.49512582458862497       0.53323615814250291       0.10713074336353526        9.1175576815998527E-002
         283  0.49529867936420230       0.53332397416097443       0.10704346792936256        9.1124731964100453E-002
         284  0.49547226044428599       0.53341154442840877       0.10695587166015549        9.1073970830698681E-002
         285  0.49564657828740993       0.53349886736234586       0.10686794975594170        9.1023293610108885E-002
         286  0.49582164360654313       0.53358594132103143       0.10677969729779166        9.0972700508283100E-002
         287  0.49599746745361550       0.53367276461646296       0.10669110921195478        9.0922191736798982E-002
         288  0.49617406115638529       0.53375933549606047       0.10660218029564097        9.0871767519901323E-002
         289  0.49635143647212643       0.53384565217527014       0.10651290515312151        9.0821428081142505E-002
         290  0.49652960545902203       0.53393171279834228       0.10642327824771111        9.0771173658060283E-002
         291  0.49670858049673478       0.53401751543948561       0.10633329389287523        9.0721004501326835E-002
         292  0.49688837444327805       0.53410305813503101       0.10624294618697552        9.0670920861554413E-002
         293  0.49706900046725377       0.53418833883428063       0.10615222908123724        9.0620923007749821E-002
         294  0.49725047219251095       0.53427335542962884       0.10606113631968585        9.0571011215012279E-002
         295  0.49743280368366916       0.53435810574573039       0.10596966144422373        9.0521185768089485E-002
         296  0.49761600942621403       0.53444258752563845       0.10587779780166190        9.0471446965861360E-002
         297  0.49780010437746003       0.53452679843668549       0.10578553852209439        9.0421795118504442E-002
         298  0.49798510403447149       0.53461073607830911       0.10569287648986948        9.0372230543518950E-002
         299  0.49817102433801502       0.53469439794839713       0.10559980438178587        9.0322753577888618E-002
         300  0.49835788179298807       0.53477778146473942       0.10550631461674095        9.0273364568965259E-002
         301  0.49854569352703232       0.53486088396788500       0.10541239933017627        9.0224063872206148E-002
         302  0.49873447712313757       0.53494370267101332       0.10531805044179496        9.0174851869904815E-002
         303  0.49892425089730991       0.53502623471450572       0.10522325953984653        9.0125728948532449E-002
         304  0.49911503382448003       0.53510847713715692       0.10512801791032374        9.0076695509040211E-002
         305  0.49930684541323861       0.53519042683251039       0.10503231658672510        9.0027751982524190E-002
         306  0.49949970604081723       0.53527208061627107       0.10493614621086465        8.9978898802612770E-002
         307  0.49969363672761208       0.53535343515752432       0.10483949712365476        8.9930136430922875E-002
         308  0.49988865933010473       0.53543448701005925       0.10474235928410641        8.9881465343358571E-002
         309  0.50008479656227234       0.53551523260032230       0.10464472225834026        8.9832886033114914E-002
         310  0.50028207190926521       0.53559566818870841       0.10454657525284716        8.9784399024026587E-002
         311  0.50048050985567860       0.53567578990875797       0.10444790701893027        8.9736004853795501E-002
         312  0.50068013582709936       0.53575559372827208       0.10434870587345568        8.9687704086626741E-002
         313  0.50088097625756189       0.53583507544885511       0.10424895966930892        8.9639497311909275E-002
         314  0.50108305869229064       0.53591423070300770       0.10414865574964997        8.9591385142537699E-002
         315  0.50128641178596745       0.53599305493269334       0.10404778094611777        8.9543368221278785E-002
         316  0.50149106541123845       0.53607154338602825       0.10394632153061137        8.9495447219146873E-002
         317  0.50169705067830572       0.53614969109732946       0.10384426320432602        8.9447622840874083E-002
         318  0.50190440013316107       0.53622749289817540       0.10374159101168580        8.9399895816881542E-002
         319  0.50211314770348270       0.53630494337405599       0.10363828935882501        8.9352266917253384E-002
         320  0.50232332881825759       0.53638203686071095       0.10353434196065898        8.9304736950087171E-002
         321  0.50253498056355761       0.53645876743702603       0.10342973177126509        8.9257306759807697E-002
         322  0.50274814180091965       0.53653512891159250       0.10332444093008675        8.9209977228302872E-002
         323  0.50296285310380695       0.53661111476877099       0.10321845078337097        8.9162749292251958E-002
         324  0.50317915714522088       0.53668671820254421       0.10311174171760162        8.9115623924013870E-002
         325  0.50339709859784942       0.53676193204770339       0.10300429319503805        8.9068602154198276E-002
         326  0.50361672444676331       0.53683674878734755       0.10289608361685315        8.9021685061955069E-002
         327  0.50383808403209240       0.53691116050719279       0.10278709029880299        8.8974873787442246E-002
         328  0.50406122928884856       0.53698515887798648       0.10267728936341892        8.8928169531239581E-002
         329  0.50428621494730441       0.53705873512720514       0.10256665564827906        8.8881573557918106E-002
         330  0.50451309870055960       0.53713187999597922       0.10245516262688802        8.8835087204646807E-002
         331  0.50474194139631812       0.53720458369709645       0.10234278231910741        8.8788711888971611E-002
         332  0.50497280749190809       0.53727683590698294       0.10222948508966927        8.8742449100310761E-002
         333  0.50520576501036074       0.53734862566504626       0.10211523965520544        8.8696300430541886E-002
         334  0.50544088618851302       0.53741994138315763       0.10200001280000444        8.8650267555815690E-002
         335  0.50567824756298863       0.53749077074059115       0.10188376932500418        8.8604352265190339E-002
         336  0.50591793050031164       0.53756110065274554       0.10176647181064555        8.8558556457281903E-002
         337  0.50616002159063933       0.53763091719433964       0.10164808043395931        8.8512882153422470E-002
         338  0.50640461308815166       0.53770020551373554       0.10152855276389970        8.8467331512154579E-002
         339  0.50665180350535688       0.53776894975893652       0.10140784349056414        8.8421906836839814E-002
         340  0.50690169813064412       0.53783713296690383       0.10128590418353210        8.8376610595725560E-002
         341  0.50715440987232596       0.53790473697606089       0.10116268290927824        8.8331445427488553E-002
         342  0.50741005981362564       0.53797174227266076       0.10103812396772729        8.8286414172952063E-002
         343  0.50766877819128287       0.53803812786514427       0.10091216744572873        8.8241519888588263E-002
         344  0.50793070552232533       0.53810387114155678       0.10078474870315382        8.8196765861481369E-002
         345  0.50819599350024380       0.53816894765080014       0.10065579795090249        8.8152155651831696E-002
         346  0.50846480644263514       0.53823333091103165       0.10052523958976561        8.8107693114664432E-002
         347  0.50873732279248540       0.53829699216511773       0.10039299151880231        8.8063382435577417E-002
         348  0.50901373690246843       0.53835990009992163       0.10025896431461345        8.8019228170334834E-002
         349  0.50929426098843689       0.53842202050728216       0.10012306032888471        8.7975235297449980E-002
         350  0.50957912762142055       0.53848331590905407        9.9985172544351533E-002   8.7931409268531227E-002
         351  0.50986859243245508       0.53854374508718406        9.9845183324951292E-002   8.7887756081050761E-002
         352  0.51016293767889265       0.53860326257129576        9.9702962781699517E-002   8.7844282343409588E-002
         353  0.51046247598046701       0.53866181795988721        9.9558367042478862E-002   8.7800995384000283E-002
         354  0.51076755532092744       0.53871935517447367        9.9411235956852126E-002   8.7757903350225555E-002
         355  0.51107856476480551       0.53877581149967368        9.9261390458434351E-002   8.7715015352445802E-002
         356  0.51139594172244407       0.53883111645479864        9.9108629225173425E-002   8.7672341620691679E-002
         357  0.51172018054511170       0.53888519035432414        9.8952724714522322E-002   8.7629893720044857E-002
         358  0.51205184373159973       0.53893794256591498        9.8793418011279749E-002   8.7587684792322373E-002
         359  0.51239157559226733       0.53898926926316781        9.8630412529843184E-002   8.7545729886332621E-002
         360  0.51274011995220359       0.53903905058572177        9.8463365864226077E-002   8.7504046364840216E-002
         361  0.51309834298949020       0.53908714695527293        9.8291879271611426E-002   8.7462654435326151E-002
         362  0.51346726346667471       0.53913339423769802        9.8115483756438276E-002   8.7421577840812489E-002
         363  0.51384809283908317       0.53917759724052206        9.7933621598124604E-002   8.7380844800553831E-002
         364  0.51424229030114199       0.53921952085595704        9.7745621008540326E-002   8.7340489280835806E-002
         365  0.51465163952156101       0.53925887766102354        9.7550660799024136E-002   8.7300552780982990E-002
         366  0.51507835934985624       0.53929531015153032        9.7347719424511772E-002   8.7261086873269028E-002
         367  0.51552526652044650       0.53932836434903109        9.7135500063678090E-002   8.7222157014968757E-002
         368  0.51599602719815540       0.53935744931093244        9.6912314844558187E-002   8.7183848348230175E-002
         369  0.51649556008038355       0.53938177194477155        9.6675899302024165E-002   8.7146275074887314E-002
         370  0.51703072131464678       0.53940022623164841        9.6423097176529249E-002   8.7109596379588636E-002
         371  0.51761155234850464       0.53941119126783299        9.6149286276256601E-002   8.7074045456229307E-002
         372  0.51825376766107611       0.53941212781173764        9.5847234159476463E-002   8.7039987557941692E-002
         373  0.51898437535205866       0.53939866521733937        9.5504513859912724E-002   8.7008051435790781E-002
         374  0.51985687930020352       0.53936212395993011        9.5096518599089047E-002   8.6979486527740124E-002
         375  0.52100634642642552       0.53928049967621894        9.4561188281613917E-002   8.6957465436707279E-002
         376  0.52300861359740758       0.53905907146990972        9.3634616976335849E-002   8.6955697893811620E-002
