           1   29.903312021106192        28.342149578248687       0.46602317043779806       0.40725396488334947     
           2   29.904583678532944        28.341849257467423       0.46594351430965669       0.40714296327202076     
           3   29.905856245862079        28.341548168967687       0.46586358121671445       0.40703164681502402     
           4   29.907130117484812        28.341246422295558       0.46578332298039637       0.40691994990407526     
           5   29.908405288370592        28.340944012599696       0.46570274053359118       0.40680787346980657     
           6   29.909681749888563        28.340640940923564       0.46562183533880741       0.40669541935262643     
           7   29.910959493572644        28.340337208154594       0.46554060883196408       0.40658258935349872     
           8   29.912238511180778        28.340032814879596       0.46545906241349388       0.40646938521689430     
           9   29.913518794431081        28.339727762065309       0.46537719748954104       0.40635580870846771     
          10   29.914800335266658        28.339422050384524       0.46529501543060581       0.40624186153744024     
          11   29.916083125649742        28.339115680727879       0.46521251760370741       0.40612754541642387     
          12   29.917367157744842        28.338808653729032       0.46512970534378095       0.40601286200773851     
          13   29.918652423668160        28.338500970419613       0.46504657999280508       0.40589781299699823     
          14   29.919938915939007        28.338192631067450       0.46496314282935153       0.40578239996095106     
          15   29.921226626896676        28.337883636655935       0.46487939515960569       0.40566662453760738     
          16   29.922515549178836        28.337573987670819       0.46479533824268016       0.40555048828664053     
          17   29.923805675389616        28.337263684911623       0.46471097334245531       0.40543399278522785     
          18   29.925096998360143        28.336952728875620       0.46462630168689045       0.40531713955355825     
          19   29.926389510931994        28.336641120273732       0.46454132450184926       0.40519993011686273     
          20   29.927683206087394        28.336328859692774       0.46445604299075949       0.40508236596717900     
          21   29.928978076920597        28.336015947695046       0.46437045833910706       0.40496444857263098     
          22   29.930274116621746        28.335702384823811       0.46428457171693471       0.40484617938092760     
          23   29.931571318510709        28.335388171532522       0.46419838427359017       0.40472755980999464     
          24   29.932869675881285        28.335073308571562       0.46411189716202650       0.40460859129311860     
          25   29.934169182284478        28.334757796275518       0.46402511149458847       0.40448927519659778     
          26   29.935469831275157        28.334441635208925       0.46393802838257181       0.40436961289373258     
          27   29.936771616596403        28.334124825666272       0.46385064890745048       0.40424960570980395     
          28   29.938074531890450        28.333807368428666       0.46376297416599571       0.40412925500732438     
          29   29.939378571122582        28.333489263679041       0.46367500520408922       0.40400856206206975     
          30   29.940683728309207        28.333170511699088       0.46358674305922448       0.40388752814277168     
          31   29.941989997298357        28.332851113402686       0.46349818879472698       0.40376615457378801     
          32   29.943297372408590        28.332531068732248       0.46340934340002032       0.40364444255016946     
          33   29.944605847862807        28.332210378104957       0.46332020787906142       0.40352239330245943     
          34   29.945915417908342        28.331889042057128       0.46323078323155054       0.40340000806025206     
          35   29.947226077041474        28.331567060716672       0.46314107041789432       0.40327728798812840     
          36   29.948537819708434        28.331244434552428       0.46305107040589483       0.40315423427237240     
          37   29.949850640486165        28.330921163905103       0.46296078414252495       0.40303084806808331     
          38   29.951164534167543        28.330597248769521       0.46287021254062866       0.40290713047430354     
          39   29.952479495401505        28.330272689711073       0.46277935653511448       0.40278308263877627     
          40   29.953795519053699        28.329947486943691       0.46268821702662005       0.40265870565287848     
          41   29.955112600084362        28.329621640647602       0.46259679490062205       0.40253400058741834     
          42   29.956430733540859        28.329295150977860       0.46250509102857990       0.40240896849438074     
          43   29.957749914507168        28.328968018183843       0.46241310627583210       0.40228361042133859     
          44   29.959070138214045        28.328640242355718       0.46232084148438352       0.40215792738036743     
          45   29.960391399810813        28.328311823964796       0.46222829750856387       0.40203192041302754     
          46   29.961713694746873        28.327982762920762       0.46213547515542269       0.40190559048034674     
          47   29.963037018476008        28.327653059314738       0.46204237523094888       0.40177893854850721     
          48   29.964361366408845        28.327322713533881       0.46194899854746374       0.40165196560241678     
          49   29.965686734305088        28.326991725274389       0.46185534586237004       0.40152467253218754     
          50   29.967013117630167        28.326660095150263       0.46176141797865183       0.40139706031901190     
          51   29.968340512325838        28.326327822766817       0.46166721562448321       0.40126912981241747     
          52   29.969668914127485        28.325994908434062       0.46157273955991118       0.40114088192797220     
          53   29.970998318906258        28.325661352289270       0.46147799052335636       0.40101231754746663     
          54   29.972328722801102        28.325327153978005       0.46138296921104510       0.40088343748131727     
          55   29.973660121763498        28.324992313819752       0.46128767634809853       0.40075424260085346     
          56   29.974992511887340        28.324656831917242       0.46119211263698395       0.40062473374088531     
          57   29.976325889574383        28.324320707796090       0.46109627873171694       0.40049491165383433     
          58   29.977660250931692        28.323983941894785       0.46100017533197168       0.40036477718294505     
          59   29.978995592462493        28.323646533825283       0.46090380307512113       0.40023433106258272     
          60   29.980331910524679        28.323308483752950       0.46080716262088539       0.40010357407538644     
          61   29.981669201716411        28.322969791383979       0.46071025459106896       0.39997250693931585     
          62   29.983007462559335        28.322630456814036       0.46061307961903930       0.39984113040102975     
          63   29.984346689736160        28.322290479891567       0.46051563831262926       0.39970944516588935     
          64   29.985686880020282        28.321949860404935       0.46041793126512576       0.39957745191853394     
          65   29.987028030219161        28.321608598235674       0.46031995906411716       0.39944515133979391     
          66   29.988370137177849        28.321266693318581       0.46022172229094155       0.39931254410446987     
          67   29.989713197876188        28.320924145439193       0.46012322150549601       0.39917963085475050     
          68   29.991057209422280        28.320580954214744       0.46002445724726937       0.39904641220088066     
          69   29.992402168839106        28.320237119642499       0.45992543006868331       0.39891288878319819     
          70   29.993748073417894        28.319892641211432       0.45982614047985110       0.39877906117010842     
          71   29.995094920157431        28.319547519298194       0.45972658903622438       0.39864493001949231     
          72   29.996442706605539        28.319201753092820       0.45962677620706394       0.39851049583714049     
          73   29.997791430049528        28.318855342558450       0.45952670250200223       0.39837575920796531     
          74   29.999141088044553        28.318508287181135       0.45942636838841971       0.39824072064604060     
          75   30.000491678014747        28.318160586934077       0.45932577435381267       0.39810538070856177     
          76   30.001843197536143        28.317812241547440       0.45922492086153821       0.39796973991343715     
          77   30.003195644488848        28.317463250172544       0.45912380832709304       0.39783379869702290     
          78   30.004549016426758        28.317113612918313       0.45902243721657926       0.39769755759430309     
          79   30.005903311183399        28.316763329367898       0.45892080795199863       0.39756101706547864     
          80   30.007258526701264        28.316412398979676       0.45881892093796650       0.39742417754427689     
          81   30.008614660848984        28.316060821549474       0.45871677659027499       0.39728703949075417     
          82   30.009971711696320        28.315708596545381       0.45861437529288740       0.39714960331285359     
          83   30.011329677346346        28.315355723488086       0.45851171742420938       0.39701186941344935     
          84   30.012688555947129        28.315002201952534       0.45840880335523398       0.39687383818791994     
          85   30.014048345743625        28.314648031424706       0.45830563344142994       0.39673551000891399     
          86   30.015409044939403        28.314293211650273       0.45820220804435574       0.39659688526614539     
          87   30.016770651988161        28.313937741905505       0.45809852748610536       0.39645796428247232     
          88   30.018133165286326        28.313581621762491       0.45799459209734927       0.39631874740232914     
          89   30.019496583389628        28.313224850544287       0.45789040218347771       0.39617923492921486     
          90   30.020860904721616        28.312867428062681       0.45778595807017269       0.39603942720997937     
          91   30.022226128102069        28.312509353306119       0.45768126002077536       0.39589932448291287     
          92   30.023592252174907        28.312150625832921       0.45757630832577972       0.39575892704134846     
          93   30.024959275601301        28.311791245329960       0.45747110327257112       0.39561823517921252     
          94   30.026327197385420        28.311431210772255       0.45736564509453265       0.39547724909668891     
          95   30.027696016348749        28.311070521742305       0.45725993405324966       0.39533596905142898     
          96   30.029065731535550        28.310709177431363       0.45715397037508398       0.39519439524261585     
          97   30.030436341859488        28.310347177496006       0.45704775430642741       0.39505252791140977     
          98   30.031807846580893        28.309984520894133       0.45694128603908707       0.39491036720509631     
          99   30.033180244843440        28.309621207004074       0.45683456578274040       0.39476791330859462     
         100   30.034553535840494        28.309257235268355       0.45672759373889510       0.39462516639886186     
         101   30.035927719020204        28.308892604619086       0.45662037006882883       0.39448212658374143     
         102   30.037302793621237        28.308527314675498       0.45651289496621267       0.39433879403677868     
         103   30.038678759246995        28.308161364294886       0.45640516856725566       0.39419516883170252     
         104   30.040055615332420        28.307794752914486       0.45629719103415323       0.39405125109574746     
         105   30.041433361460175        28.307427479753400       0.45618896250559271       0.39390704091887468     
         106   30.042811997376603        28.307059543767192       0.45608048309425714       0.39376253834876884     
         107   30.044191522796840        28.306690944168672       0.45597175291734954       0.39361774344807066     
         108   30.045571937493172        28.306321680155619       0.45586277208270642       0.39347265626718175     
         109   30.046953241346444        28.305951750820313       0.45575354068079948       0.39332727683083779     
         110   30.048335434308648        28.305581155229049       0.45564405879057640       0.39318160514843109     
         111   30.049718516423187        28.305209892381775       0.45553432647627262       0.39303564120843049     
         112   30.051102487703236        28.304837961502894       0.45542434380646796       0.39288938501292353     
         113   30.052487348380307        28.304465361430271       0.45531411081516232       0.39274283650658004     
         114   30.053873098659661        28.304092091223733       0.45520362754007132       0.39259599564678088     
         115   30.055259738846885        28.303718149846702       0.45509289400280489       0.39244886236732990     
         116   30.056647269239555        28.303343536447702       0.45498191022580720       0.39230143660959926     
         117   30.058035690318189        28.302968249861195       0.45487067620249727       0.39215371826743833     
         118   30.059425002666771        28.302592288848082       0.45475919190968095       0.39200570721095235     
         119   30.060815206798619        28.302215652469975       0.45464745733482054       0.39185740333473562     
         120   30.062206303360387        28.301838339634326       0.45453547244408410       0.39170880650104600     
         121   30.063598293128877        28.301460349084905       0.45442323718284927       0.39155991654014993     
         122   30.064991176851137        28.301081679803971       0.45431075150074873       0.39141073329626197     
         123   30.066384955429260        28.300702330528388       0.45419801532269094       0.39126125657388794     
         124   30.067779629831737        28.300322300007061       0.45408502856280014       0.39111148616437613     
         125   30.069175201033378        28.299941587135439       0.45397179113376512       0.39096142186260008     
         126   30.070571670144005        28.299560190628146       0.45385830292669949       0.39081106342999034     
         127   30.071969038312556        28.299178109274411       0.45374456382618933       0.39066041062236218     
         128   30.073367306911695        28.298795341461489       0.45363057368132098       0.39050946313673285     
         129   30.074766477157244        28.298411886144262       0.45351633236533623       0.39035822072084403     
         130   30.076166550397993        28.298027742097950       0.45340183973018716       0.39020668308931911     
         131   30.077567528222978        28.297642907677758       0.45328709558976876       0.39005484989399258     
         132   30.078969412137532        28.297257381622110       0.45317209977064904       0.38990272081639071     
         133   30.080372203768874        28.296871162509319       0.45305685207984692       0.38975029550801915     
         134   30.081775904798331        28.296484248973687       0.45294135231545957       0.38959757361097397     
         135   30.083180517057496        28.296096639448482       0.45282560025158552       0.38944455473039541     
         136   30.084586042351035        28.295708332581537       0.45270959566609320       0.38929123848374653     
         137   30.085992482703599        28.295319326691871       0.45259333830191772       0.38913762443297151     
         138   30.087399840111033        28.294929620292386       0.45247682790606053       0.38898371215221184     
         139   30.088808116715917        28.294539211747949       0.45236006420204045       0.38882950118092346     
         140   30.090217314584407        28.294148099756534       0.45224304692490941       0.38867499108499648     
         141   30.091627436097749        28.293756282440789       0.45212577575983010       0.38852018134728039     
         142   30.093038483607067        28.293363758163629       0.45200825039625503       0.38836507146465660     
         143   30.094450459474558        28.292970525436935       0.45189047052138831       0.38820966093660525     
         144   30.095863366285315        28.292576582404010       0.45177243578702297       0.38805394920524477     
         145   30.097277206649991        28.292181927338756       0.45165414584046198       0.38789793571160186     
         146   30.098691983211676        28.291786558598691       0.45153560032343154       0.38774161989299827     
         147   30.100107698862221        28.291390474132314       0.45141679883814856       0.38758500112266692     
         148   30.101524356262683        28.290993672615425       0.45129774102253550       0.38742807884460062     
         149   30.102941958571989        28.290596151725705       0.45117842643592621       0.38727085236878261     
         150   30.104360508710080        28.290197909880693       0.45105885467464163       0.38711332107814950     
         151   30.105780009854833        28.289798945070515       0.45093902529402702       0.38695548428903770     
         152   30.107200465227628        28.289399255380712       0.45081893784209892       0.38679734131213250     
         153   30.108621878133576        28.288998838868164       0.45069859185320932       0.38663889144015756     
         154   30.110044252034236        28.288597693404984       0.45057798683665873       0.38648013392788100     
         155   30.111467590293710        28.288195817295662       0.45045712231649082       0.38632106806413813     
         156   30.112891896657324        28.287793208128331       0.45033599775640915       0.38616169303676351     
         157   30.114317174763503        28.287389863939321       0.45021461263637436       0.38600200806991769     
         158   30.115743428365267        28.286985782681676       0.45009296641778607       0.38584201236188492     
         159   30.117170661315324        28.286580962280915       0.44997105854586744       0.38568170508965000     
         160   30.118598877682455        28.286175400326528       0.44984888843138676       0.38552108537537377     
         161   30.120028081534631        28.285769094651016       0.44972645548467721       0.38536015234919180     
         162   30.121458277044038        28.285362043006099       0.44960375909914435       0.38519890511757343     
         163   30.122889468460812        28.284954243177999       0.44948079865537971       0.38503734277215268     
         164   30.124321660229498        28.284545692720950       0.44935757350289290       0.38487546435755032     
         165   30.125754856748198        28.284136389469431       0.44923408299789208       0.38471326893693603     
         166   30.127189062706101        28.283726330809809       0.44911032645030635       0.38455075549968371     
         167   30.128624282791737        28.283315514344878       0.44898630316957405       0.38438792304241737     
         168   30.130060521830710        28.282903937549435       0.44886201244300294       0.38422477052965720     
         169   30.131497784683301        28.282491598069800       0.44873745355184186       0.38406129692449642     
         170   30.132936076425160        28.282078493234607       0.44861262574291244       0.38389750113600424     
         171   30.134375402161691        28.281664620545207       0.44848752825773402       0.38373338207275087     
         172   30.135815767208346        28.281249977217190       0.44836216030422066       0.38356893859120395     
         173   30.137257176946157        28.280834560574210       0.44823652107933859       0.38340416953829143     
         174   30.138699636761398        28.280418368138264       0.44811060977858513       0.38323907376612920     
         175   30.140143152399350        28.280001396811745       0.44798442554042545       0.38307365003379129     
         176   30.141587729463346        28.279583644094870       0.44785796752495266       0.38290789714874879     
         177   30.143033373841892        28.279165107044637       0.44773123484678340       0.38274181384592548     
         178   30.144480091629802        28.278745782484659       0.44760422658747728       0.38257539881093494     
         179   30.145927888765591        28.278325667852172       0.44747694185243736       0.38240865078099395     
         180   30.147376771532979        28.277904760015677       0.44734937969213473       0.38224156840479862     
         181   30.148826746249860        28.277483056036441       0.44722153915098350       0.38207415033025438     
         182   30.150277819483698        28.277060552635227       0.44709341923345963       0.38190639514365915     
         183   30.151729997845568        28.276637246710479       0.44696501893647467       0.38173830142816023     
         184   30.153183287977697        28.276213135320045       0.44683633725130228       0.38156986776577645     
         185   30.154637696820508        28.275788215116183       0.44670737312160597       0.38140109266472944     
         186   30.156093231469576        28.275362482678091       0.44657812546593217       0.38123197459958341     
         187   30.157549899005755        28.274935934854632       0.44644859320438068       0.38106251205639080     
         188   30.159007706821676        28.274508568084343       0.44631877520725166       0.38089270344476223     
         189   30.160466662231489        28.274080379244729       0.44618867035641729       0.38072254720447174     
         190   30.161926772952732        28.273651364587050       0.44605827746953569       0.38055204167301376     
         191   30.163388046751948        28.273221520520966       0.44592759535576548       0.38038118518313674     
         192   30.164850491475033        28.272790843589984       0.44579662281097082       0.38020997605584206     
         193   30.166314115192634        28.272359330095476       0.44566535859484041       0.38003841255866033     
         194   30.167778926077297        28.271926976428677       0.44553380145022159       0.37986649294125091     
         195   30.169244932579662        28.271493778621441       0.44540195007536165       0.37969421538533832     
         196   30.170712143203016        28.271059732919667       0.44526980315938447       0.37952157806884418     
         197   30.172180566670566        28.270624835385835       0.44513735935592930       0.37934857911914616     
         198   30.173650211808127        28.270189082151198       0.44500461730163365       0.37917521664492310     
         199   30.175121087728602        28.269752469029360       0.44487157558705154       0.37900148868640632     
         200   30.176593203534892        28.269314992176248       0.44473823280341490       0.37882739329702908     
         201   30.178066568700881        28.268876647257937       0.44460458748265402       0.37865292843884635     
         202   30.179541192783997        28.268437430077906       0.44447063814261684       0.37847809206171606     
         203   30.181017085577842        28.267997336256943       0.44433638326304026       0.37830288206140922     
         204   30.182494256952531        28.267556361589669       0.44420182131064434       0.37812729632397452     
         205   30.183972717082018        28.267114501548527       0.44406695070334778       0.37795133266331493     
         206   30.185452476332657        28.266671751527124       0.44393176982779153       0.37777498885179839     
         207   30.186933545061049        28.266228107326807       0.44379627707113778       0.37759826267687774     
         208   30.188415934257772        28.265783563674578       0.44366047071971249       0.37742115176282987     
         209   30.189899654592629        28.265338116423983       0.44352434910931443       0.37724365383523456     
         210   30.191384717346843        28.264891760412404       0.44338791047838916       0.37706576646297579     
         211   30.192871133785985        28.264444490959690       0.44325115306678686       0.37688748723354559     
         212   30.194358915609669        28.263996302767428       0.44311407504490230       0.37670881362656439     
         213   30.195848074505736        28.263547191010730       0.44297667458387391       0.37652974313928050     
         214   30.197338622508216        28.263097150473683       0.44283894979918137       0.37635027318613840     
         215   30.198830571833085        28.262646175990806       0.44270089877648255       0.37617040114621525     
         216   30.200323935009894        28.262194262120527       0.44256251955088494       0.37599012432618806     
         217   30.201818724728501        28.261741403483825       0.44242381013103965       0.37580944000220801     
         218   30.203314953895497        28.261287594717121       0.44228476849023973       0.37562834540698781     
         219   30.204812635793896        28.260832830026040       0.44214539254124086       0.37544683768299425     
         220   30.206311783943743        28.260377103596653       0.44200568015818870       0.37526491392402250     
         221   30.207812411918507        28.259920409959943       0.44186562920554318       0.37508257122404609     
         222   30.209314533869794        28.259462742849120       0.44172523745532144       0.37489980653430505     
         223   30.210818163922834        28.259004096559931       0.44158450268241239       0.37471661682935109     
         224   30.212323316680479        28.258544464812363       0.44144342258503189       0.37453299896841274     
         225   30.213830006952950        28.258083841427908       0.44130199482737303       0.37434894977188110     
         226   30.215338249843320        28.257622220069209       0.44116021702603492       0.37416446599567604     
         227   30.216848060811458        28.257159594170457       0.44101808673995391       0.37397954431613267     
         228   30.218359455464778        28.256695957388310       0.44087560150334232       0.37379418138661558     
         229   30.219872449913076        28.256231302836941       0.44073275876971957       0.37360837374142258     
         230   30.221387060381026        28.255765623928010       0.44058955597297694       0.37342211790089175     
         231   30.222903303683818        28.255298913402552       0.44044599045234439       0.37323541024427914     
         232   30.224421196673642        28.254831164475029       0.44030205953964713       0.37304824715844087     
         233   30.225940756746574        28.254362369818001       0.44015776047931437       0.37286062490257388     
         234   30.227462001553718        28.253892522145154       0.44001309047392095       0.37267253968548758     
         235   30.228984949096006        28.253421614044250       0.43986804666918333       0.37248398764106527     
         236   30.230509617811204        28.252949637809834       0.43972262614021218       0.37229496480514629     
         237   30.232036026389832        28.252476585855682       0.43957682592049957       0.37210546716625109     
         238   30.233564194035115        28.252002450151476       0.43943064296085277       0.37191549059464063     
         239   30.235094140254940        28.251527222698190       0.43928407416221660       0.37172503089981823     
         240   30.236625885015208        28.251050895242130       0.43913711635139863       0.37153408379027714     
         241   30.238159448664831        28.250573459400243       0.43898976629286829       0.37134264489278729     
         242   30.239694851789867        28.250094907020802       0.43884202071173700       0.37115070979328751     
         243   30.241232115874265        28.249615228817003       0.43869387618941108       0.37095827385956281     
         244   30.242771262311660        28.249134416422390       0.43854532931956597       0.37076533250692706     
         245   30.244312313279796        28.248652460619958       0.43839637656999547       0.37057188096474608     
         246   30.245855291377335        28.248169352110747       0.43824701433994473       0.37037791437431822     
         247   30.247400219597260        28.247685081555858       0.43809723896426217       0.37018342779562535     
         248   30.248947121370399        28.247199639563387       0.43794704670643486       0.36998841619846029     
         249   30.250496020868606        28.246713016033357       0.43779643371067328       0.36979287437952851     
         250   30.252046942513676        28.246225201239152       0.43764539607942388       0.36959679709687460     
         251   30.253599911470435        28.245736184787003       0.43749392979540125       0.36940017893661448     
         252   30.255154953291083        28.245245956405604       0.43734203077772632       0.36920301441024433     
         253   30.256712094101879        28.244754505577113       0.43718969485236098       0.36900529790503750     
         254   30.258271360834648        28.244261821093200       0.43703691771545228       0.36880702362285422     
         255   30.259832780648576        28.243767892266703       0.43688369502467472       0.36860818573618598     
         256   30.261396381550615        28.243272707666563       0.43673002230103858       0.36840877822190221     
         257   30.262962192168438        28.242776255657120       0.43657589496476989       0.36820879492449693     
         258   30.264530241672912        28.242278524536708       0.43642130834746007       0.36800822957630275     
         259   30.266100559931647        28.241779502297021       0.43626625766771687       0.36780707575855831     
         260   30.267673177618299        28.241279176407264       0.43611073801379258       0.36760532687256914     
         261   30.269248125947449        28.240777534394713       0.43595474438544468       0.36740297621172019     
         262   30.270825436898186        28.240274563407858       0.43579827165847324       0.36720001690250470     
         263   30.272405143227648        28.239770250278447       0.43564131458249677       0.36699644190346181     
         264   30.273987278499867        28.239264581441937       0.43548386777628828       0.36679224399707300     
         265   30.275571876954615        28.238757543259293       0.43532592574844847       0.36658741582637283     
         266   30.277158973787188        28.238249121511618       0.43516748285300527       0.36638194982239153     
         267   30.278748604959539        28.237739301791233       0.43500853331924511       0.36617583825463002     
         268   30.280340807155326        28.237228069673765       0.43484907125866440       0.36596907324578071     
         269   30.281935618453776        28.236715409390406       0.43468909055824811       0.36576164659302551     
         270   30.283533077266718        28.236201305984235       0.43452858504860831       0.36555355005180223     
         271   30.285133223238589        28.235685743581655       0.43436754836134911       0.36534477509856583     
         272   30.286736097143439        28.235168705676678       0.43420597394528360       0.36513531296089097     
         273   30.288341740475897        28.234650175945568       0.43404385513109073       0.36492515472584608     
         274   30.289950196035036        28.234130137172528       0.43388118503866502       0.36471429118790466     
         275   30.291561507565369        28.233608572005707       0.43371795663389084       0.36450271294559111     
         276   30.293175720045223        28.233085462472896       0.43355416268278812       0.36429041032755510     
         277   30.294792879551778        28.232560790275119       0.43338979577275150       0.36407737342947788     
         278   30.296413033433936        28.232034536537174       0.43322484828501356       0.36386359207094726     
         279   30.298036230313453        28.231506681874031       0.43305931239430123       0.36364905579732298     
         280   30.299662520015236        28.230977206575126       0.43289318007969368       0.36343375389976507     
         281   30.301291953650800        28.230446090526382       0.43272644311125646       0.36321767539592653     
         282   30.302924584058864        28.229913312449263       0.43255909297997797       0.36300080891654501     
         283   30.304560465223041        28.229378851100737       0.43239112098993820       0.36278314286119295     
         284   30.306199652719691        28.228842684471577       0.43222251818706514       0.36256466528255832     
         285   30.307842203799662        28.228304789766845       0.43205327534596460       0.36234536386896671     
         286   30.309488177176938        28.227765143821514       0.43188338300326784       0.36212522600051117     
         287   30.311137633348636        28.227223722680819       0.43171283140659172       0.36190423867076316     
         288   30.312790634399509        28.226680501994547       0.43154161054536339       0.36168238853903861     
         289   30.314447244539128        28.226135456155735       0.43136971006530017       0.36145966179422273     
         290   30.316107529713641        28.225588559137446       0.43119711932982530       0.36123604426003136     
         291   30.317771557693035        28.225039784406974       0.43102382740587852       0.36101152137428355     
         292   30.319439398625608        28.224489104051131       0.43084982297565888       0.36078607804936441     
         293   30.321111124520982        28.223936489854292       0.43067509441841761       0.36055969881073391     
         294   30.322786809757520        28.223381912485241       0.43049962972956102       0.36033236766846294     
         295   30.324466531072435        28.222825341652335       0.43032341652189676       0.36010406812429480     
         296   30.326150367540414        28.222266746312247       0.43014644202871588       0.35987478318221638     
         297   30.327838400776965        28.221706094423393       0.42996869307110436       0.35964449529993348     
         298   30.329530715209742        28.221143352626793       0.42979015601450132       0.35941318632363922     
         299   30.331227397809858        28.220578486920143       0.42961081681098018       0.35918083756348562     
         300   30.332928538533505        28.220011462010564       0.42943066092864285       0.35894742968400023     
         301   30.334634230576821        28.219442241076816       0.42924967331071295       0.35871294264492526     
         302   30.336344569863130        28.218870786858826       0.42906783845658830       0.35847735583911911     
         303   30.338059656037252        28.218297060124353       0.42888514026322272       0.35824064784323906     
         304   30.339779592272620        28.217721020211826       0.42870156205539239       0.35800279647381428     
         305   30.341504484919476        28.217142625914981       0.42851708664102300       0.35776377888589544     
         306   30.343234444695106        28.216561833605091       0.42833169612133876       0.35752357127350909     
         307   30.344969586002527        28.215978598723456       0.42814537199868602       0.35728214905406458     
         308   30.346710027652662        28.215392874770572       0.42795809506096238       0.35703948669061902     
         309   30.348455893025260        28.214804613347692       0.42776984535538937       0.35679555766050125     
         310   30.350207309869013        28.214213764850971       0.42758060221955380       0.35655033451742363     
         311   30.351964411147225        28.213620277249273       0.42739034414612709       0.35630378868192969     
         312   30.353727334968752        28.213024096687430       0.42719904879303294       0.35605589047420122     
         313   30.355496224898186        28.212425167234866       0.42700669293320270       0.35580660904346273     
         314   30.357271230440993        28.211823430546730       0.42681325237647871       0.35555591225893479     
         315   30.359052507144831        28.211218826076227       0.42661870195247864       0.35530376669590846     
         316   30.360840217112241        28.210611290713821       0.42642301542792610       0.35505013752057740     
         317   30.362634529191482        28.210000758905814       0.42622616547519282       0.35479498845517854     
         318   30.364435619828797        28.209387161829046       0.42602812353530839       0.35453828157935685     
         319   30.366243673040469        28.208770428014557       0.42582885982122093       0.35427997735524519     
         320   30.368058880977252        28.208150482938990       0.42562834322647902       0.35402003450031977     
         321   30.369881444675361        28.207527248532827       0.42542654120411411       0.35375840982004286     
         322   30.371711574666410        28.206900642879972       0.42522341966790966       0.35349505807451453     
         323   30.373549490958862        28.206270580978813       0.42501894299366544       0.35322993200625219     
         324   30.375395424641859        28.205636972994490       0.42481307376172528       0.35296298196036163     
         325   30.377249617776275        28.204999725300343       0.42460577277242550       0.35269415593930215     
         326   30.379112324788771        28.204358739267249       0.42439699882167364       0.35242339928239530     
         327   30.380983812898727        28.203713911553649       0.42418670863063845       0.35215065458838107     
         328   30.382864363304556        28.203065133406337       0.42397485665401813       0.35187586145313149     
         329   30.384754272245743        28.202412290207082       0.42376139490799308       0.35159895624029580     
         330   30.386653851987532        28.201755261288660       0.42354627281020113       0.35131987187594038     
         331   30.388563431911152        28.201093919647739       0.42332943700262970       0.35103853761855025     
         332   30.390483360639777        28.200428130365736       0.42311083100881541       0.35075487857892784     
         333   30.392414006345060        28.199757751764086       0.42289039518125948       0.35046881569413135     
         334   30.394355759667743        28.199082632940677       0.42266806623089892       0.35018026505854705     
         335   30.396309034643647        28.198402614507579       0.42244377707486469       0.34988913775933905     
         336   30.398274271288493        28.197717526955685       0.42221745641860792       0.34959533930128345     
         337   30.400251937790671        28.197027189979821       0.42198902840024033       0.34929876914172459     
         338   30.402242532960898        28.196331411728440       0.42175841219311683       0.34899932017030433     
         339   30.404246589328586        28.195629987361990       0.42152552150436223       0.34869687803651345     
         340   30.406264676071224        28.194922698265653       0.42129026409934694       0.34839132053124577     
         341   30.408297403324376        28.194209309835557       0.42105254110440077       0.34808251664471840     
         342   30.410345425498395        28.193489570983871       0.42081224646742577       0.34777032587819845     
         343   30.412409446395554        28.192763211813109       0.42056926612922463       0.34745459713460308     
         344   30.414490225093818        28.192029940915607       0.42032347707084405       0.34713516744214812     
         345   30.416588581155548        28.191289444293314       0.42007474646736043       0.34681186086406612     
         346   30.418705402225584        28.190541381970476       0.41982293045727109       0.34648448685385119     
         347   30.420841652144556        28.189785384951531       0.41956787282727487       0.34615283851575140     
         348   30.422998380539667        28.189021051505851       0.41930940345791534       0.34581669054511360     
         349   30.425176733484541        28.188247943419135       0.41904733659492249       0.34547579695083241     
         350   30.427377966807519        28.187465580630189       0.41878146869269639       0.34512988819135976     
         351   30.429603460852427        28.186673436058765       0.41851157602078048       0.34477866802089890     
         352   30.431854739404677        28.185870927681112       0.41823741159741734       0.34442180940789952     
         353   30.434133490226809        28.185057411696995       0.41795870185906669       0.34405895015855720     
         354   30.436441591733935        28.184232171696454       0.41767514233736674       0.34368968717361781     
         355   30.438781144022723        28.183394407408080       0.41738639262867605       0.34331356980815625     
         356   30.441154507841553        28.182543219436560       0.41709207007760041       0.34293009149823661     
         357   30.443564351217219        28.181677592301948       0.41679174221720611       0.34253867978135522     
         358   30.446013709570913        28.180796370935894       0.41648491702499824       0.34213868338022829     
         359   30.448506059628976        28.179898233304453       0.41617103094001417       0.34172935636877755     
         360   30.451045414817195        28.178981654200623       0.41584943339783498       0.34130983770938328     
         361   30.453636448416784        28.178044858748802       0.41551936686390228       0.34087912484212435     
         362   30.456284656384856        28.177085760478551       0.41517994043648132       0.34043603875342432     
         363   30.458996573766093        28.176101880032022       0.41483009475755478       0.33997917757872631     
         364   30.461780071330601        28.175090232901386       0.41446855391468718       0.33950685297754507     
         365   30.464644769301891        28.174047173487686       0.41409375835232781       0.33901700141274460     
         366   30.467602633532554        28.172968168797599       0.41370376819320842       0.33850705625366534     
         367   30.470668852927517        28.171847468752997       0.41329612093245938       0.33797375963931442     
         368   30.473863194062144        28.170677592969426       0.41286761171820602       0.33741287188403812     
         369   30.477212172808567        28.169448511066776       0.41241394105709056       0.33681870568605371     
         370   30.480752742820112        28.168146249007748       0.41192911633401125       0.33618333489091595     
         371   30.484539012854789        28.166750348501925       0.41140436161642124       0.33549515332638080     
         372   30.488655633439024        28.165228802277813       0.41082594431483010       0.33473600237226414     
         373   30.493248019896988        28.163526598431904       0.41017026609839119       0.33387468415382027     
         374   30.498604015271230        28.161534693435627       0.40939058876471207       0.33284942733889228     
         375   30.505449147635399        28.158977243538477       0.40836897973661163       0.33150444466732548     
         376   30.516863826656987        28.154669166729295       0.40660334162340839       0.32917723502710128     
