  0.28090195717222188       0.34234557383511738     
  0.28061427828919400       0.34218836555862880     
  0.28032689402547234       0.34203055566591811     
  0.28003980407932971       0.34187199521855888     
  0.27975300814934811       0.34171268622160128     
  0.27946650593441780       0.34155263199488894     
  0.27918029713373782       0.34139183580101995     
  0.27889438144681511       0.34123030082392491     
  0.27860875857346434       0.34106803026108684     
  0.27832342821380768       0.34090502723105204     
  0.27803839006827435       0.34074129484531046     
  0.27775364383760048       0.34057683614432033     
  0.27746918922282859       0.34041165418508007     
  0.27718502592530714       0.34024575188337058     
  0.27690115364669093       0.34007913221749270     
  0.27661757208893983       0.33991179806118371     
  0.27633428095431933       0.33974375229951370     
  0.27605127994539963       0.33957499773792194     
  0.27576856876505557       0.33940553717781896     
  0.27548614711646630       0.33923537337114340     
  0.27520401470311506       0.33906450903032048     
  0.27492217122878837       0.33889294683394539     
  0.27464061639757653       0.33872068941491956     
  0.27435934991387273       0.33854773941491084     
  0.27407837148237285       0.33837409938540186     
  0.27379768080807537       0.33819977187614308     
  0.27351727759628075       0.33802475937077209     
  0.27323716155259120       0.33784906438787249     
  0.27295733238291070       0.33767268933277134     
  0.27267778979344404       0.33749563659256759     
  0.27239853349069704       0.33731790861290756     
  0.27211956318147634       0.33713950767467221     
  0.27184087857288852       0.33696043609178400     
  0.27156247937234029       0.33678069616934969     
  0.27128436528753808       0.33660029012510900     
  0.27100653602648744       0.33641922019399267     
  0.27072899129749312       0.33623748856488961     
  0.27045173080915841       0.33605509735091049     
  0.27017475427038534       0.33587204871510989     
  0.26989806139037387       0.33568834474454612     
  0.26962165187862180       0.33550398749283783     
  0.26934552544492441       0.33531897898281582     
  0.26906968179937429       0.33513332122422151     
  0.26879412065236086       0.33494701617514938     
  0.26851884171457008       0.33476006582185069     
  0.26824384469698420       0.33457247204538088     
  0.26796912931088163       0.33438423672490775     
  0.26769469526783629       0.33419536175436876     
  0.26742054227971762       0.33400584890539786     
  0.26714667005869003       0.33381570005213629     
  0.26687307831721285       0.33362491690194757     
  0.26659976676803981       0.33343350123395221     
  0.26632673512421862       0.33324145477957384     
  0.26605398309909106       0.33304877917626013     
  0.26578151040629266       0.33285547612666205     
  0.26550931675975181       0.33266154728339492     
  0.26523740187369033       0.33246699419110165     
  0.26496576546262229       0.33227181849708654     
  0.26469440724135440       0.33207602170993344     
  0.26442332692498555       0.33187960538869321     
  0.26415252422890584       0.33168257100807746     
  0.26388199886879743       0.33148492006927427     
  0.26361175056063341       0.33128665401684032     
  0.26334177902067790       0.33108777426332031     
  0.26307208396548531       0.33088828220905364     
  0.26280266511190076       0.33068817924091204     
  0.26253352217705905       0.33048746669835710     
  0.26226465487838452       0.33028614587568206     
  0.26199606293359129       0.33008421809663213     
  0.26172774606068233       0.32988168459089334     
  0.26145970397794965       0.32967854669003677     
  0.26119193640397337       0.32947480553347180     
  0.26092444305762219       0.32927046235128998     
  0.26065722365805261       0.32906551827966146     
  0.26039027792470870       0.32885997450025933     
  0.26012360557732173       0.32865383214139843     
  0.25985720633591031       0.32844709222471036     
  0.25959107992077957       0.32823975588558507     
  0.25932522605252106       0.32803182416138443     
  0.25905964445201263       0.32782329805106164     
  0.25879433484041786       0.32761417857906128     
  0.25852929693918608       0.32740446669925055     
  0.25826453047005171       0.32719416335351481     
  0.25800003515503400       0.32698326946771483     
  0.25773581071643725       0.32677178593353956     
  0.25747185687684998       0.32655971365687420     
  0.25720817335914475       0.32634705345582521     
  0.25694475988647808       0.32613380616822796     
  0.25668161618228985       0.32591997257593097     
  0.25641874197030334       0.32570555350668462     
  0.25615613697452477       0.32549054964945195     
  0.25589380091924274       0.32527496175429776     
  0.25563173352902846       0.32505879056505055     
  0.25536993452873519       0.32484203670529166     
  0.25510840364349785       0.32462470086213585     
  0.25484714059873309       0.32440678364455106     
  0.25458614512013861       0.32418828570687908     
  0.25432541693369315       0.32396920758194370     
  0.25406495576565558       0.32374954984306464     
  0.25380476134256591       0.32352931304589289     
  0.25354483339124367       0.32330849765669373     
  0.25328517163878828       0.32308710421469788     
  0.25302577581257868       0.32286513313132847     
  0.25276664564027307       0.32264258487656516     
  0.25250778084980835       0.32241945986849280     
  0.25224918116940043       0.32219575846768839     
  0.25199084632754309       0.32197148104527518     
  0.25173277605300837       0.32174662795218018     
  0.25147497007484626       0.32152119950104963     
  0.25121742812238401       0.32129519597934852     
  0.25096014992522608       0.32106861764231870     
  0.25070313521325405       0.32084146475546121     
  0.25044638371662592       0.32061373750765088     
  0.25018989516577622       0.32038543609666292     
  0.24993366929141522       0.32015656068486387     
  0.24967770582452944       0.31992711143718827     
  0.24942200449638049       0.31969708845429068     
  0.24916656503850548       0.31946649180033981     
  0.24891138718271638       0.31923532156395840     
  0.24865647066109978       0.31900357778683958     
  0.24840181520601659       0.31877126046489934     
  0.24814742055010208       0.31853836960411547     
  0.24789328642626487       0.31830490515607163     
  0.24763941256768757       0.31807086704873860     
  0.24738579870782590       0.31783625520764336     
  0.24713244458040839       0.31760106951083750     
  0.24687934991943650       0.31736530982235267     
  0.24662651445918393       0.31712897592777417     
  0.24637393793419682       0.31689206766716149     
  0.24612162007929256       0.31665458483387093     
  0.24586956062956075       0.31641652713694263     
  0.24561775932036195       0.31617789431436860     
  0.24536621588732782       0.31593868606129194     
  0.24511493006636084       0.31569890205361290     
  0.24486390159363391       0.31545854191442152     
  0.24461313020559006       0.31521760527592690     
  0.24436261563894243       0.31497609169315693     
  0.24411235763067343       0.31473400073088165     
  0.24386235591803512       0.31449133190233941     
  0.24361261023854866       0.31424808474715105     
  0.24336312033000396       0.31400425869454612     
  0.24311388593045935       0.31375985318393645     
  0.24286490677824157       0.31351486765061276     
  0.24261618261194554       0.31326930145163451     
  0.24236771317043321       0.31302315393486319     
  0.24211949819283460       0.31277642443647402     
  0.24187153741854681       0.31252911220548252     
  0.24162383058723355       0.31228121657121283     
  0.24137637743882548       0.31203273668870496     
  0.24112917771351941       0.31178367179621130     
  0.24088223115177812       0.31153402104158134     
  0.24063553749433053       0.31128378355710667     
  0.24038909648217083       0.31103295844557211     
  0.24014290785655840       0.31078154475474468     
  0.23989697135901777       0.31052954156617951     
  0.23965128673133815       0.31027694782791626     
  0.23940585371557310       0.31002376252499014     
  0.23916067205404057       0.30976998460217220     
  0.23891574148932207       0.30951561296905955     
  0.23867106176426328       0.30926064645944829     
  0.23842663262197239       0.30900508390704834     
  0.23818245380582145       0.30874892410893917     
  0.23793852505944502       0.30849216583464101     
  0.23769484612674027       0.30823480778540768     
  0.23745141675186660       0.30797684867844871     
  0.23720823667924540       0.30771828712893129     
  0.23696530565355992       0.30745912175193341     
  0.23672262341975497       0.30719935111434932     
  0.23648018972303608       0.30693897377065932     
  0.23623800430887024       0.30667798819978659     
  0.23599606692298492       0.30641639286994560     
  0.23575437731136803       0.30615418617560286     
  0.23551293522026759       0.30589136648805781     
  0.23527174039619148       0.30562793217646000     
  0.23503079258590726       0.30536388148418181     
  0.23479009153644179       0.30509921270389723     
  0.23454963699508094       0.30483392402836640     
  0.23430942870936936       0.30456801357785523     
  0.23406946642711057       0.30430147952701109     
  0.23382974989636598       0.30403431992955615     
  0.23359027886545525       0.30376653282691585     
  0.23335105308295565       0.30349811617301881     
  0.23311207229770214       0.30322906790620657     
  0.23287333625878659       0.30295938595369809     
  0.23263484471555815       0.30268906813815832     
  0.23239659741762236       0.30241811222769893     
  0.23215859411484152       0.30214651599529935     
  0.23192083455733395       0.30187427710467163     
  0.23168331849547377       0.30160139324665491     
  0.23144604567989099       0.30132786197077660     
  0.23120901586147094       0.30105368080913841     
  0.23097222879135371       0.30077884726581255     
  0.23073568422093466       0.30050335876602174     
  0.23049938190186370       0.30022721269905250     
  0.23026332158604509       0.29995040635667153     
  0.23002750302563699       0.29967293701197451     
  0.22979192597305159       0.29939480186086265     
  0.22955659018095442       0.29911599806307337     
  0.22932149540226474       0.29883652267769811     
  0.22908664139015408       0.29855637276699737     
  0.22885202789804759       0.29827554526330297     
  0.22861765467962242       0.29799403706939048     
  0.22838352148880822       0.29771184500517239     
  0.22814962807978653       0.29742896586354867     
  0.22791597420699067       0.29714539633088066     
  0.22768255962510558       0.29686113302597122     
  0.22744938408906715       0.29657617257075169     
  0.22721644735406241       0.29629051136520573     
  0.22698374917552921       0.29600414592114288     
  0.22675128930915575       0.29571707253635116     
  0.22651906751088041       0.29542928751377284     
  0.22628708353689156       0.29514078700431379     
  0.22605533714362736       0.29485156716268685     
  0.22582382808777515       0.29456162402226882     
  0.22559255612627183       0.29427095355256055     
  0.22536152101630272       0.29397955161309153     
  0.22513072251530233       0.29368741400708903     
  0.22490016038095317       0.29339453646164215     
  0.22466983437118632       0.29310091457199017     
  0.22443974424418039       0.29280654385017524     
  0.22420988975836187       0.29251141978924627     
  0.22398027067240467       0.29221553767985409     
  0.22375088674522964       0.29191889282150146     
  0.22352173773600467       0.29162148034652147     
  0.22329282340414433       0.29132329531428747     
  0.22306414350930945       0.29102433268159722     
  0.22283569781140716       0.29072458728012379     
  0.22260748607059030       0.29042405388969217     
  0.22237950804725748       0.29012272711413617     
  0.22215176350205282       0.28982060151682765     
  0.22192425219586503       0.28951767145439045     
  0.22169697388982826       0.28921393127015466     
  0.22146992834532114       0.28890937511700060     
  0.22124311532396654       0.28860399705834211     
  0.22101653458763160       0.28829779103496223     
  0.22079018589842725       0.28799075083454589     
  0.22056406901870829       0.28768287015616884     
  0.22033818371107225       0.28737414251926952     
  0.22011252973836057       0.28706456133647484     
  0.21988710686365714       0.28675411985993554     
  0.21966191485028863       0.28644281120754467     
  0.21943695346182399       0.28613062841403369     
  0.21921222246207434       0.28581756419980564     
  0.21898772161509275       0.28550361131648899     
  0.21876345068517394       0.28518876224127854     
  0.21853940943685379       0.28487300930390042     
  0.21831559763490963       0.28455634469577956     
  0.21809201504435935       0.28423876045498331     
  0.21786866143046199       0.28392024836013663     
  0.21764553655871657       0.28360080010215022     
  0.21742264019486235       0.28328040711176067     
  0.21719997210487862       0.28295906068395338     
  0.21697753205498427       0.28263675191263465     
  0.21675531981163756       0.28231347160972403     
  0.21653333514153594       0.28198921050722636     
  0.21631157781161592       0.28166395904049146     
  0.21609004758905254       0.28133770742739078     
  0.21586874424125943       0.28101044569552275     
  0.21564766753588821       0.28068216362856307     
  0.21542681724082860       0.28035285072793109     
  0.21520619312420822       0.28002249630559189     
  0.21498579495439160       0.27969108940578302     
  0.21476562249998102       0.27935861880036156     
  0.21454567552981552       0.27902507297867662     
  0.21432595381297095       0.27869044019341799     
  0.21410645711875961       0.27835470836278969     
  0.21388718521672997       0.27801786513653104     
  0.21366813787666689       0.27767989791166725     
  0.21344931486859037       0.27734079359687669     
  0.21323071596275639       0.27700053898406041     
  0.21301234092965612       0.27665912043383539     
  0.21279418954001580       0.27631652391139910     
  0.21257626156479650       0.27597273512952630     
  0.21235855677519361       0.27562773934452112     
  0.21214107494263718       0.27528152148169677     
  0.21192381583879127       0.27493406603447085     
  0.21170677923555345       0.27458535711165916     
  0.21148996490505526       0.27423537837691758     
  0.21127337261966156       0.27388411304841348     
  0.21105700215197024       0.27353154392318801     
  0.21084085327481211       0.27317765334789723     
  0.21062492576125061       0.27282242306484211     
  0.21040921938458171       0.27246583441548838     
  0.21019373391833343       0.27210786818390337     
  0.20997846913626567       0.27174850456818145     
  0.20976342481237015       0.27138772325427346     
  0.20954860072087000       0.27102550330412795     
  0.20933399663621968       0.27066182322406862     
  0.20911961233310442       0.27029666077692988     
  0.20890544758644042       0.26992999311770088     
  0.20869150217137425       0.26956179676314179     
  0.20847777586328289       0.26919204739788027     
  0.20826426843777318       0.26882072005504742     
  0.20805097967068181       0.26844778893894161     
  0.20783790933807525       0.26807322742848388     
  0.20762505721624910       0.26769700808458052     
  0.20741242308172808       0.26731910257912039     
  0.20720000671126584       0.26693948160000175     
  0.20698780788184473       0.26655811494506304     
  0.20677582637067521       0.26617497136771179     
  0.20656406195519622       0.26579001848777078     
  0.20635251441307442       0.26540322297059316     
  0.20614118352220437       0.26501455017967879     
  0.20593006906070790       0.26462396424377632     
  0.20571917080693419       0.26423142818002227     
  0.20550848853945936       0.26383690347779659     
  0.20529802203708630       0.26344035033675384     
  0.20508777107884457       0.26304172741438370     
  0.20487773544398966       0.26264099176968514     
  0.20466791491200359       0.26223809893304834     
  0.20445830926259390       0.26183300261045817     
  0.20424891827569389       0.26142565470762619     
  0.20403974173146217       0.26101600522155599     
  0.20383077941028255       0.26060400207074491     
  0.20362203109276381       0.26018959105974543     
  0.20341349655973906       0.25977271569996185     
  0.20320517559226631       0.25935331714259963     
  0.20299706797162759       0.25893133388092487     
  0.20278917347932893       0.25850670175972301     
  0.20258149189710017       0.25807935377792612     
  0.20237402300689464       0.25764921982603772     
  0.20216676659088900       0.25721622647264386     
  0.20195972243148308       0.25678029697089316     
  0.20175289031129925       0.25634135069761493     
  0.20154627001318284       0.25589930319117149     
  0.20133986132020146       0.25545406566411250     
  0.20113366401564484       0.25500554485355686     
  0.20092767788302474       0.25455364260644081     
  0.20072190270607451       0.25409825550784199     
  0.20051633826874915       0.25363927453661000     
  0.20031098435522468       0.25317658468396415     
  0.20010584074989837       0.25271006420998504     
  0.19990090723738818       0.25223958453606315     
  0.19969618360253269       0.25176500922368800     
  0.19949166963039083       0.25128619365012522     
  0.19928736510624168       0.25080298410462615     
  0.19908326981558411       0.25031521702114395     
  0.19887938354413687       0.24982271812152862     
  0.19867570607783802       0.24932530133257239     
  0.19847223720284471       0.24882276776114767     
  0.19826897670553331       0.24831490418680957     
  0.19806592437249898       0.24780148190142440     
  0.19786307999055527       0.24728225491948438     
  0.19766044334673424       0.24675695792015692     
  0.19745801422828599       0.24622530442492405     
  0.19725579242267832       0.24568698414042087     
  0.19705377771759688       0.24514166012043145     
  0.19685196990094481       0.24458896541134814     
  0.19665036876084230       0.24402849932357251     
  0.19644897408562662       0.24345982277687719     
  0.19624778566385181       0.24288245313747739     
  0.19604680328428845       0.24229585759894581     
  0.19584602673592344       0.24169944599905380     
  0.19564545580795989       0.24109256149085642     
  0.19544509028981644       0.24047446969010783     
  0.19524492997112777       0.23984434504610158     
  0.19504497464174386       0.23920125453462157     
  0.19484522409172994       0.23854413663440727     
  0.19464567811136618       0.23787177547892221     
  0.19444633649114756       0.23718276749656156     
  0.19424719902178378       0.23647547834344967     
  0.19404826549419849       0.23574798596758439     
  0.19384953569952981       0.23499800493553957     
  0.19365100942912958       0.23422278271141114     
  0.19345268647456348       0.23341895500144375     
  0.19325456662761054       0.23258233732138164     
  0.19305664968026298       0.23170761825568370     
  0.19285893542472618       0.23078788593772503     
  0.19266142365341835       0.22981386901713058     
  0.19246411415897013       0.22877264763153304     
  0.19226700673422459       0.22764530630207816     
  0.19207010117223694       0.22640225762454541     
  0.19187339726627445       0.22499268821247961     
  0.19167689480981601       0.22331605645725544     
  0.19148059359655198       0.22111913442675735     
  0.19128449342038420       0.21732890376142247     
