   1.2875220497595556        3.4924538892697106     
   1.2888574451616481        3.4913993244592758     
   1.2901941319168662        3.4903358555910851     
   1.2915327987546925        3.4892663847562835     
   1.2928734787558391        3.4881909344887787     
   1.2942162171087561        3.4871095164820982     
   1.2955610586775874        3.4860221419173314     
   1.2969080481499684        3.4849288212297713     
   1.2982572299076560        3.4838295645496156     
   1.2996086482183231        3.4827243811582909     
   1.3009623471221994        3.4816132799075845     
   1.3023183704525660        3.4804962691807084     
   1.3036767619129785        3.4793733567250582     
   1.3050375650672847        3.4782445497067211     
   1.3064008232795379        3.4771098549662089     
   1.3077665798486453        3.4759692786355854     
   1.3091348779050958        3.4748228264924723     
   1.3105057604539194        3.4736705038778437     
   1.3118792704883171        3.4725123153915947     
   1.3132554508196470        3.4713482654448597     
   1.3146343442415407        3.4701783578027365     
   1.3160159934265225        3.4690025959343469     
   1.3174004410358824        3.4678209827178788     
   1.3187877296562709        3.4666335206641898     
   1.3201779018805244        3.4654402117153715     
   1.3215710001720498        3.4642410576782261     
   1.3229670670611380        3.4630360596807614     
   1.3243661450538979        3.4618252184611631     
   1.3257682766137469        3.4606085344640691     
   1.3271735042158297        3.4593860077132614     
   1.3285818704109680        3.4581576376458978     
   1.3299934176607144        3.4569234236290622     
   1.3314081885782412        3.4556833642828870     
   1.3328262257258587        3.4544374581082398     
   1.3342475717368198        3.4531857031500728     
   1.3356722693060017        3.4519280970530888     
   1.3371003611877239        3.4506646370996847     
   1.3385318902334971        3.4493953201224477     
   1.3399668993037148        3.4481201427821921     
   1.3414054313729644        3.4468391013123281     
   1.3428475295307656        3.4455521914989298     
   1.3442932369709060        3.4442594087834011     
   1.3457425969346664        3.4429607484177049     
   1.3471956528323339        3.4416562051442576     
   1.3486524481771358        3.4403457734339895     
   1.3501130266245029        3.4390294473549181     
   1.3515774319032492        3.4377072208334658     
   1.3530457079651046        3.4363790872210531     
   1.3545178988722271        3.4350450396535930     
   1.3559940488519056        3.4337050709124535     
   1.3574742022707200        3.4323591735197283     
   1.3589584037040454        3.4310073395644718     
   1.3604466978573011        3.4296495609401694     
   1.3619391296762346        3.4282858290728084     
   1.3634357442234430        3.4269161352694182     
   1.3649365868400825        3.4255404702924861     
   1.3664417029905023        3.4241588248248052     
   1.3679511384260390        3.4227711890170323     
   1.3694649390552960        3.4213775528780581     
   1.3709831510346682        3.4199779060490991     
   1.3725058207398788        3.4185722378857033     
   1.3740329948106977        3.4171605373709868     
   1.3755647201077472        3.4157427932516082     
   1.3771010437409845        3.4143189939688954     
   1.3786420131108503        3.4128891275744149     
   1.3801876757892062        3.4114531820829530     
   1.3817380797419943        3.4100111448607264     
   1.3832932731419054        3.4085630031761642     
   1.3848533044699263        3.4071087439351544     
   1.3864182224438530        3.4056483538985951     
   1.3879880761779952        3.4041818192603732     
   1.3895629149939097        3.4027091261856137     
   1.3911427885928696        3.4012302603652245     
   1.3927277469566619        3.3997452072971219     
   1.3943178404097718        3.3982539521434276     
   1.3959131195822365        3.3967564798442544     
   1.3975136355058653        3.3952527748751438     
   1.3991194394779367        3.3937428216519381     
   1.4007305832174421        3.3922266041067499     
   1.4023471187899104        3.3907041059235423     
   1.4039690985455058        3.3891753107172380     
   1.4055965753438815        3.3876402014447025     
   1.4072296023597839        3.3860987609701336     
   1.4088682331175615        3.3845509719612208     
   1.4105125216263596        3.3829968165697970     
   1.4121625222287681        3.3814362768330737     
   1.4138182897167826        3.3798693344160871     
   1.4154798792997476        3.3782959706912350     
   1.4171473465841444        3.3767161668155738     
   1.4188207476254175        3.3751299036247628     
   1.4205001389526308        3.3735371615764906     
   1.4221855775181744        3.3719379209102205     
   1.4238771207162375        3.3703321616182365     
   1.4255748264752615        3.3687198632206394     
   1.4272787530789588        3.3671010052548453     
   1.4289889594186140        3.3654755666406779     
   1.4307055047983721        3.3638435262076056     
   1.4324284490930819        3.3622048623012923     
   1.4341578525799108        3.3605595532465227     
   1.4358937761067259        3.3589075769248158     
   1.4376362810967296        3.3572489107971184     
   1.4393854294253277        3.3555835322321652     
   1.4411412835615982        3.3539114181704175     
   1.4429039064864517        3.3522325453441910     
   1.4446733617785212        3.3505468900982285     
   1.4464497135713867        3.3488544285056419     
   1.4482330265642955        3.3471551363707697     
   1.4500233660753219        3.3454489891200403     
   1.4518207979890210        3.3437359619415794     
   1.4536253887990123        3.3420160297208410     
   1.4554372056241038        3.3402891670093111     
   1.4572563161800722        3.3385553481217691     
   1.4590827889150291        3.3368145468262265     
   1.4609166928181101        3.3350667368395839     
   1.4627580975691001        3.3333118914796351     
   1.4646070735004320        3.3315499837886886     
   1.4664636916750626        3.3297809863606984     
   1.4683280237707945        3.3280048716455006     
   1.4702001422427882        3.3262216115944101     
   1.4720801201621505        3.3244311780523534     
   1.4739680314054657        3.3226335423467690     
   1.4758639505113729        3.3208286756493894     
   1.4777679528169749        3.3190165486652443     
   1.4796801143865139        3.3171971318462043     
   1.4816005121089917        3.3153703951783493     
   1.4835292234917206        3.3135363086948351     
   1.4854663270125985        3.3116948416654051     
   1.4874119018841712        3.3098459631919646     
   1.4893660280587733        3.3079896422192845     
   1.4913287864339557        3.3061258470708053     
   1.4933002586991595        3.3042545458457262     
   1.4952805274033567        3.3023757062957229     
   1.4972696759045103        3.3004892959507997     
   1.4992677884904055        3.2985952818851119     
   1.5012749504080425        3.2966936306739472     
   1.5032912476779114        3.2947843088473459     
   1.5053167672869454        3.2928672824772063     
   1.5073515971921587        3.2909425172075775     
   1.5093958263130127        3.2890099782902711     
   1.5114495444911811        3.2870696307277303     
   1.5135128425132018        3.2851214392187646     
   1.5155858122062271        3.2831653680077597     
   1.5176685464462651        3.2812013808862277     
   1.5197611390246784        3.2792294415155778     
   1.5218636849304876        3.2772495128470212     
   1.5239762800068675        3.2752615579014637     
   1.5260990212774919        3.2732655390927801     
   1.5282320069563402        3.2712614182358282     
   1.5303753361770873        3.2692491571744862     
   1.5325291092848197        3.2672287171816405     
   1.5346934277673037        3.2652000591432042     
   1.5368683943233308        3.2631631434363300     
   1.5390541126327026        3.2611179304868925     
   1.5412506878172580        3.2590643797808254     
   1.5434582260173000        3.2570024508433750     
   1.5456768347617265        3.2549321024542803     
   1.5479066227241922        3.2528532932389673     
   1.5501476998718058        3.2507659813560670     
   1.5524001774078757        3.2486701246847258     
   1.5546641679991362        3.2465656803722527     
   1.5569397854842657        3.2444526054901859     
   1.5592271451740933        3.2423308564558022     
   1.5615263636600167        3.2402003894539662     
   1.5638375590097897        3.2380611600842006     
   1.5661608505866431        3.2359131237875474     
   1.5684963593175099        3.2337562353134603     
   1.5708442075471201        3.2315904490806293     
   1.5732045191258330        3.2294157190350758     
   1.5755774193277776        3.2272319988659595     
   1.5779630351275979        3.2250392414911122     
   1.5803614948432072        3.2228373998141797     
   1.5827729285118348        3.2206264260290869     
   1.5851974677864731        3.2184062718600037     
   1.5876352459037935        3.2161768886925088     
   1.5900863977737458        3.2139382274277821     
   1.5925510599782802        3.2116902385449668     
   1.5950293708176901        3.2094328720560901     
   1.5975214703664899        3.2071660774420483     
   1.6000275004670843        3.2048898037284630     
   1.6025476047065381        3.2026039995777813     
   1.6050819285239468        3.2003086131356175     
   1.6076306192343419        3.1980035920318817     
   1.6101938260507200        3.1956888834038240     
   1.6127717000850432        3.1933644339443412     
   1.6153643943913278        3.1910301898790183     
   1.6179720639759132        3.1886860970008222     
   1.6205948658903955        3.1863321005546932     
   1.6232329592869565        3.1839681451891955     
   1.6258865053568572        3.1815941751377022     
   1.6285556673892452        3.1792101341668522     
   1.6312406108042850        3.1768159655801247     
   1.6339415033018474        3.1744116119925732     
   1.6366585147396371        3.1719970156360366     
   1.6393918171611743        3.1695721183674128     
   1.6421415851112136        3.1671368611484572     
   1.6449079953336534        3.1646911846692678     
   1.6476912269466031        3.1622350291124430     
   1.6504914614814779        3.1597683341232319     
   1.6533088830117535        3.1572910386749182     
   1.6561436780684644        3.1548030812634922     
   1.6589960356612585        3.1523043999781706     
   1.6618661474973344        3.1497949321549026     
   1.6647542078227129        3.1472746147458963     
   1.6676604135794628        3.1447433841087635     
   1.6705849645092128        3.1422011759219979     
   1.6735280630365605        3.1396479254444065     
   1.6764899144034242        3.1370835673712820     
   1.6794707268457871        3.1345080356126589     
   1.6824707113066821        3.1319212638618410     
   1.6854900818680436        3.1293231849515220     
   1.6885290554952563        3.1267137313513951     
   1.6915878524074208        3.1240928346432799     
   1.6946666957310437        3.1214604262006169     
   1.6977658119593344        3.1188164364824229     
   1.7008854307115950        3.1161607955380783     
   1.7040257850588358        3.1134934325660755     
   1.7071871111247985        3.1108142766586120     
   1.7103696487196287        3.1081232558419787     
   1.7135736411024685        3.1054202975795056     
   1.7167993349247233        3.1027053289575903     
   1.7200469805514649        3.0999782762584376     
   1.7233168319356353        3.0972390652641346     
   1.7266091468925178        3.0944876209319010     
   1.7299241869553699        3.0917238676984562     
   1.7332622174434951        3.0889477295222396     
   1.7366235077673688        3.0861591294672230     
   1.7400083312818400        3.0833579900684169     
   1.7434169654264926        3.0805442332129127     
   1.7468496918580476        3.0777177800498317     
   1.7503067963325842        3.0748785512986725     
   1.7537885690607689        3.0720264667977677     
   1.7572953046130224        3.0691614457833314     
   1.7608273020628389        3.0662834067902343     
   1.7643848649504981        3.0633922678367793     
   1.7679683015238283        3.0604879461662655     
   1.7715779249441526        3.0575703580808815     
   1.7752140528121716        3.0546394197982081     
   1.7788770079369334        3.0516950463933745     
   1.7825671182417573        3.0487371521114115     
   1.7862847163180895        3.0457656511541029     
   1.7900301404208234        3.0427804563448557     
   1.7938037339853274        3.0397814799942129     
   1.7976058455856960        3.0367686341017470     
   1.8014368296089034        3.0337418295189615     
   1.8052970460681281        3.0307009763706456     
   1.8091868604973187        3.0276459843735881     
   1.8131066442969159        3.0245767624825239     
   1.8170567752000606        3.0214932183833598     
   1.8210376364182859        3.0183952598897776     
   1.8250496178058886        3.0152827934444373     
   1.8290931154694048        3.0121557248390545     
   1.8331685316534452        3.0090139595552419     
   1.8372762754846921        3.0058574018933806     
   1.8414167626376070        3.0026859556164038     
   1.8455904158961383        2.9994995233645079     
   1.8497976646922794        2.9962980074745218     
   1.8540389455170079        2.9930813096008979     
   1.8583147024062714        2.9898493302421825     
   1.8626253867536631        2.9866019692013999     
   1.8669714572607568        2.9833391258614230     
   1.8713533806127405        2.9800606984539915     
   1.8757716311956434        2.9767665846843427     
   1.8802266916208876        2.9734566812127832     
   1.8847190523640902        2.9701308843803154     
   1.8892492127070384        2.9667890891583206     
   1.8938176799964088        2.9634311903691053     
   1.8984249707659839        2.9600570814480607     
   1.9030716100647949        2.9566666555462158     
   1.9077581321321326        2.9532598048918830     
   1.9124850809266010        2.9498364203833898     
   1.9172530091361351        2.9463963930784156     
   1.9220624797490247        2.9429396124447509     
   1.9269140654041153        2.9394659674795482     
   1.9318083488227589        2.9359753463860860     
   1.9367459227567172        2.9324676369444971     
   1.9417273914413498        2.9289427249675390     
   1.9467533687218193        2.9254004968801710     
   1.9518244803856268        2.9218408371824185     
   1.9569413629092123        2.9182636302358462     
   1.9621046644965536        2.9146687593148091     
   1.9673150449857137        2.9110561070298426     
   1.9725731762261043        2.9074255551639530     
   1.9778797425658461        2.9037769844385539     
   1.9832354406687052        2.9001102750429872     
   1.9886409801758802        2.8964253061709186     
   1.9940970837236733        2.8927219563554702     
   1.9996044872243541        2.8890001034771609     
   2.0051639409718356        2.8852596238427100     
   2.0107762084195078        2.8815003939390067     
   2.0164420679720649        2.8777222887565470     
   2.0221623124162238        2.8739251828239638     
   2.0279377498306648        2.8701089495363208     
   2.0337692031070826        2.8662734620907369     
   2.0396575117449229        2.8624185919120824     
   2.0456035305712534        2.8585442104321492     
   2.0516081314705499        2.8546501876520765     
   2.0576722023259770        2.8507363936538117     
   2.0637966492627329        2.8468026966882460     
   2.0699823950758391        2.8428489652075175     
   2.0762303820849861        2.8388750653832249     
   2.0825415692054303        2.8348808645547319     
   2.0889169361153983        2.8308662274005161     
   2.0953574807636133        2.8268310189747439     
   2.1018642211650116        2.8227751033488651     
   2.1084381962781267        2.8186983432072585     
   2.1150804651342052        2.8146006012585367     
   2.1217921088851370        2.8104817386600014     
   2.1285742300053299        2.8063416163666854     
   2.1354279534390512        2.8021800945174196     
   2.1423544278663531        2.7979970317736242     
   2.1493548240647140        2.7937922874269159     
   2.1564303386261039        2.7895657184229430     
   2.1635821926469823        2.7853171812124340     
   2.1708116309362508        2.7810465330696843     
   2.1781199261907331        2.7767536287663881     
   2.1855083771823032        2.7724383229340974     
   2.1929783099807261        2.7681004695325586     
   2.2005310789296675        2.7637399216222822     
   2.2081680671243964        2.7593565315910094     
   2.2158906872889088        2.7549501510528502     
   2.2237003823528649        2.7505206310270349     
   2.2315986259977945        2.7460678221194392     
   2.2395869248793079        2.7415915733778600     
   2.2476755480596351        2.7370929458853261     
   2.2558482960597837        2.7325697754146008     
   2.2641157904070575        2.7280227285787539     
   2.2724796718923734        2.7234516530802004     
   2.2809416177860862        2.7188563958838321     
   2.2895033426915723        2.7142368033313460     
   2.2981665995518830        2.7095927211557669     
   2.3069331807040032        2.7049239944839867     
   2.3158049189419883        2.7002304678595914     
   2.3247836886394206        2.6955119852460987     
   2.3338714069018667        2.6907683900355810     
   2.3430700347294953        2.6859995250789570     
   2.3523815782753430        2.6812052326719371     
   2.3618080900793892        2.6763853545917877     
   2.3713516703970243        2.6715397320934011     
   2.3810144685348256        2.6666682059336093     
   2.3907986842514473        2.6617706163802692     
   2.4007065691917573        2.6568468032319146     
   2.4107404283931970        2.6518966058201490     
   2.4209026218069143        2.6469198630387756     
   2.4311955659029509        2.6419164133497035     
   2.4416217353097704        2.6368860948039350     
   2.4521836645240369        2.6318287450531503     
   2.4628839496672197        2.6267442013698510     
   2.4737252503110954        2.6216323006623021     
   2.4847102913761252        2.6164928794838334     
   2.4958418650495999        2.6113257740733746     
   2.5071228328525001        2.6061308203424423     
   2.5185561276993464        2.6009078539153636     
   2.5301447560844044        2.5956567101348393     
   2.5418918003065323        2.5903772240934217     
   2.5538004208256839        2.5850692306321559     
   2.5658738586419125        2.5797325643789932     
   2.5781154378006654        2.5743670597625856     
   2.5905285679931938        2.5689725510235562     
   2.6031167472301653        2.5635488722402529     
   2.6158835646227718        2.5580958573485759     
   2.6288327032651289        2.5526133401635605     
   2.6419679432281065        2.5471011543980104     
   2.6552931646853910        2.5415591336706118     
   2.6688123510825896        2.5359871115560892     
   2.6825295925309947        2.5303849215762577     
   2.6964490892812738        2.5247523972192365     
   2.7105751552531130        2.5190893720008654     
   2.7249122218985224        2.5133956794175383     
   2.7394648419605083        2.5076711530375504     
   2.7542376935860093        2.5019156264795663     
   2.7692355845288232        2.4961289334295316     
   2.7844634564810260        2.4903109076767289     
   2.7999263895848787        2.4844613831443496     
   2.8156296071833973        2.4785801938894032     
   2.8315784807627877        2.4726671741024226     
   2.8477785349869444        2.4667221581597056     
   2.8642354529683911        2.4607449806581014     
   2.8809550819044882        2.4547354763769489     
   2.8979434387524603        2.4486934803313880     
   2.9152067162013191        2.4426188277953367     
   2.9327512889714007        2.4365113542853560     
   2.9505837202870087        2.4303708955864280     
   2.9687107685672283        2.4241972878003732     
   2.9871393945320257        2.4179903673318335     
   3.0058767686415395        2.4117499708623997     
   3.0249302785778664        2.4054759354409607     
   3.0443075373144617        2.3991680984592385     
   3.0640163916376739        2.3928262975823560     
   3.0840649303512517        2.3864503709627702     
   3.1044614940812112        2.3800401569456850     
   3.1252146841171533        2.3735954943357145     
   3.1463333726216973        2.3671162222711604     
   3.1678267128295174        2.3606021802796571     
   3.1897041500184220        2.3540532082104395     
   3.2119754326441252        2.3474691462892978     
   3.2346506241045039        2.3408498351256926     
   3.2577401154819605        2.3341951155536256     
   3.2812546379898633        2.3275048287934426     
   3.3052052764034223        2.3207788164567953     
   3.3296034836929742        2.3140169203498995     
   3.3544610956712599        2.3072189825100278     
   3.3797903459669820        2.3003848453546389     
   3.4056038827776285        2.2935143514716732     
   3.4319147864359518        2.2866073434054099     
   3.4587365859534125        2.2796636640448042     
   3.4860832773661823        2.2726831566649159     
   3.5139693462590254        2.2656656639672721     
   3.5424097856553898        2.2586110288717633     
   3.5714201172199154        2.2515190945540571     
   3.6010164157981377        2.2443897038076348     
   3.6312153326426913        2.2372226991445112     
   3.6620341194388453        2.2300179230000987     
   3.6934906550611570        2.2227752174859381     
   3.7256034766445518        2.2154944233615850     
   3.7583918001767898        2.2081753822357038     
   3.7918755604797392        2.2008179338817357     
   3.8260754373360775        2.1934219177481635     
   3.8610128873431830        2.1859871732666267     
   3.8967101906788693        2.1785135369179534     
   3.9331904809267146        2.1710008440945030     
   3.9704777807028688        2.1634489298357389     
   4.0085970493721002        2.1558576271894503     
   4.0475742327344486        2.1482267657621090     
   4.0874362937962365        2.1405561751492179     
   4.1282112875932864        2.1328456789564139     
   4.1699283764640098        2.1250951026277551     
   4.2126179526400565        2.1173042588310804     
   4.2563116078664232        2.1094729659616407     
   4.3010422957367664        2.1016010271173737     
   4.3468443036072602        2.0936882489422497     
   4.3937534515501389        2.0857344161054376     
   4.4418070286839724        2.0777393180406114     
   4.4910440560239167        2.0697027144631388     
   4.5415052364505275        2.0616243609818588     
   4.5932331828016428        2.0535039848540286     
   4.6462724784289131        2.0453412928226680     
   4.7007150251395124        2.0371286186243478     
   4.7565290261240074        2.0288790101312237     
   4.8137929938712585        2.0205873624238486     
   4.8725637114118330        2.0122527741166976     
   4.9328911930222112        2.0038757013998101     
   4.9948202916167617        1.9954576131447814     
   5.0583797396765799        1.9870023863613924     
   5.1235518443090502        1.9785200693807690     
   5.1901760898935079        1.9700386606342999     
   5.2599432861542930        1.9613467682287364     
   5.3306463027151176        1.9527410786040524     
   5.4045215138760874        1.9439487231568109     
   5.4742513643177357        1.9358538984891764     
   5.5563300173947825        1.9265121756954597     
   5.6362459850466964        1.9176497619659731     
   5.7190035447714038        1.9086914401398243     
   5.8025914730180617        1.8998622240179373     
   5.8877693319121125        1.8910791625293968     
   7.7982955681024499        1.7393882517625223     
   7.5389290782349345        1.7569578854895713     
   6.9288348659499510        1.8000487405790873     
   6.4354552002117984        1.8394413169773596     
   7.2902271661067681        1.7740562588778588     
   6.4845227857817926        1.8346065399761158     
   7.1211847878272385        1.7854483974394528     
   6.4002394836355814        1.8405436287358206     
   6.3218494287457387        1.8464579137021890     
   7.1953162476824870        1.7782662198975989     
   7.3235741512859862        1.7689485645626255     
   7.4589217463940258        1.7594043191990854     
   5.9707480889479729        1.8718321576252659     
   7.7401352972566517        1.7403852020789208     
   7.8806155071931414        1.7312231451055569     
   8.0529284756145856        1.7205237033329963     
   8.2180377108603189        1.7105144331436297     
   8.3863316424742855        1.7006025658508468     
   5.1780886903133920        1.9411522603927760     
   9.1410304732283070        1.6597149001507394     
   9.3515125920478734        1.6492285419918302     
   9.5683452829958231        1.6387697160380932     
   9.7952666648559727        1.6282022068773676     
   10.029634149244501        1.6176423135496545     
   10.277380671087931        1.6068932165182228     
   10.533653447645726        1.5961454526951480     
   10.802367261836705        1.5852841408822238     
   11.083510523400568        1.5743318999138203     
   11.381735741936186        1.5631769937862028     
   11.688169014282838        1.5520928924946653     
   12.010074558307007        1.5408910190994958     
   12.347976690456523        1.5295815568525393     
   12.702738466641545        1.5181661876292560     
   13.075376137554647        1.5066440328878237     
   13.467030188294567        1.4950128778159737     
   13.878958749403212        1.4832696832782581     
   14.312537839885533        1.4714108692656376     
   14.769267477752960        1.4594324439156752     
   15.250781274281630        1.4473300606715949     
   15.758857877955153        1.4350990505512022     
   16.295434978468798        1.4227344263068833     
   16.862625117842782        1.4102308793729676     
   17.462733594021586        1.3975827696438354     
   18.098278704604240        1.3847841093865982     
   18.772014395596752        1.3718285447797607     
   19.486955758123479        1.3587093334873721     
   20.246407651098277        1.3454193194600719     
   21.053996725102426        1.3319509061293244     
   21.913707493500013        1.3182960255452416     
   22.829922807110478        1.3044461049199312     
   23.807469307406144        1.2903920299675553     
   24.851668552305703        1.2761241040227118     
   25.968394399973814        1.2616320033602364     
   27.164137518823537        1.2469047271629694     
   28.446077739721343        1.2319305422264788     
   29.822165190796650        1.2166969209447216     
   31.301211109866411        1.2011904716064359     
   32.892989197854064        1.1853968598724698     
   34.608348387180456        1.1693007195864484     
   36.459337750072550        1.1528855507674620     
   38.459343913070924        1.1361336024985489     
   40.623240964528932        1.1190257372360537     
   42.967551972671195        1.1015412725823841     
   45.510620078528149        1.0836577950438606     
   48.272785126572685        1.0653509390854774     
   51.276558946832381        1.0465941224222657     
   54.550851195775600        1.0273555939500931     
   58.114412400256178        1.0076105544418648     
   62.001549746959057       0.98731886286545001     
   66.244604335260291       0.96644106137489383     
   70.878250527705362       0.94493288201799186     
   75.939024916327796       0.92274425654506853     
   81.464454215090868       0.89981800133154044     
   87.491566259409666       0.87608801708179307     
   94.054265763152586       0.85147696023566755     
   101.17947060487508       0.82589286801344775     
   108.88046087399124       0.79922407758499425     
   117.14661444575378       0.77133213667191380     
   125.92684287806148       0.74204044494558963     
   135.10266117744820       0.71111584211520507     
   144.44315037102379       0.67823673936307061     
   153.52618295013147       0.64293339815062467     
   161.59014405436520       0.60446320107655305     
   167.21747976872723       0.56150574253129482     
   167.48450668179143       0.51119938242217455     
   153.85460522650024       0.44403235435705696     
