   3.4924538892697106        1.1052972056381436     
   3.4913993244592758        1.1065787577396333     
   3.4903358555910851        1.1078588472554902     
   3.4892663847562835        1.1091393452190559     
   3.4881909344887787        1.1104202650025889     
   3.4871095164820982        1.1117016332702057     
   3.4860221419173314        1.1129834762556079     
   3.4849288212297713        1.1142658199210616     
   3.4838295645496156        1.1155486898397147     
   3.4827243811582909        1.1168321113648141     
   3.4816132799075845        1.1181161095256940     
   3.4804962691807084        1.1194007090460392     
   3.4793733567250582        1.1206859344100575     
   3.4782445497067211        1.1219718098500864     
   3.4771098549662089        1.1232583592945140     
   3.4759692786355854        1.1245456064832107     
   3.4748228264924723        1.1258335748741319     
   3.4736705038778437        1.1271222876808187     
   3.4725123153915947        1.1284117679702550     
   3.4713482654448597        1.1297020385105438     
   3.4701783578027365        1.1309931219137455     
   3.4690025959343469        1.1322850405441489     
   3.4678209827178788        1.1335778166123285     
   3.4666335206641898        1.1348714721166939     
   3.4654402117153715        1.1361660289130531     
   3.4642410576782261        1.1374615085956485     
   3.4630360596807614        1.1387579326642256     
   3.4618252184611631        1.1400553224440548     
   3.4606085344640691        1.1413536990674744     
   3.4593860077132614        1.1426530835199491     
   3.4581576376458978        1.1439534966927010     
   3.4569234236290622        1.1452549592387058     
   3.4556833642828870        1.1465574917777772     
   3.4544374581082398        1.1478611147211044     
   3.4531857031500728        1.1491658483744049     
   3.4519280970530888        1.1504717129265079     
   3.4506646370996847        1.1517787284457657     
   3.4493953201224477        1.1530869149115295     
   3.4481201427821921        1.1543962921346331     
   3.4468391013123281        1.1557068798487791     
   3.4455521914989298        1.1570186977041352     
   3.4442594087834011        1.1583317652593679     
   3.4429607484177049        1.1596461019315432     
   3.4416562051442576        1.1609617270945349     
   3.4403457734339895        1.1622786600237538     
   3.4390294473549181        1.1635969199241862     
   3.4377072208334658        1.1649165258742213     
   3.4363790872210531        1.1662374969443485     
   3.4350450396535930        1.1675598521036958     
   3.4337050709124535        1.1688836102623283     
   3.4323591735197283        1.1702087902483178     
   3.4310073395644718        1.1715354108619169     
   3.4296495609401694        1.1728634908094733     
   3.4282858290728084        1.1741930487901262     
   3.4269161352694182        1.1755241033945203     
   3.4255404702924861        1.1768566732319399     
   3.4241588248248052        1.1781907768035502     
   3.4227711890170323        1.1795264326314985     
   3.4213775528780581        1.1808636591528321     
   3.4199779060490991        1.1822024747888009     
   3.4185722378857033        1.1835428979197091     
   3.4171605373709868        1.1848849469191400     
   3.4157427932516082        1.1862286401156430     
   3.4143189939688954        1.1875739958137688     
   3.4128891275744149        1.1889210323234427     
   3.4114531820829530        1.1902697678648657     
   3.4100111448607264        1.1916202207384343     
   3.4085630031761642        1.1929724091773426     
   3.4071087439351544        1.1943263514233839     
   3.4056483538985951        1.1956820656687086     
   3.4041818192603732        1.1970395701771435     
   3.4027091261856137        1.1983988831342687     
   3.4012302603652245        1.1997600227792782     
   3.3997452072971219        1.2011230073242007     
   3.3982539521434276        1.2024878549990339     
   3.3967564798442544        1.2038545840211001     
   3.3952527748751438        1.2052232126652787     
   3.3937428216519381        1.2065937591563043     
   3.3922266041067499        1.2079662417860086     
   3.3907041059235423        1.2093406788516237     
   3.3891753107172380        1.2107170886076735     
   3.3876402014447025        1.2120954894306448     
   3.3860987609701336        1.2134758996704806     
   3.3845509719612208        1.2148583376735584     
   3.3829968165697970        1.2162428218799226     
   3.3814362768330737        1.2176293707060719     
   3.3798693344160871        1.2190180026309401     
   3.3782959706912350        1.2204087361656755     
   3.3767161668155738        1.2218015898367685     
   3.3751299036247628        1.2231965822204258     
   3.3735371615764906        1.2245937319570066     
   3.3719379209102205        1.2259930577107387     
   3.3703321616182365        1.2273945781797950     
   3.3687198632206394        1.2287983121599049     
   3.3671010052548453        1.2302042784104159     
   3.3654755666406779        1.2316124958339858     
   3.3638435262076056        1.2330229833309321     
   3.3622048623012923        1.2344357599096449     
   3.3605595532465227        1.2358508445628822     
   3.3589075769248158        1.2372682563824420     
   3.3572489107971184        1.2386880145604926     
   3.3555835322321652        1.2401101382956243     
   3.3539114181704175        1.2415346468918904     
   3.3522325453441910        1.2429615596941894     
   3.3505468900982285        1.2443908961458976     
   3.3488544285056419        1.2458226757548632     
   3.3471551363707697        1.2472569180956530     
   3.3454489891200403        1.2486936428434394     
   3.3437359619415794        1.2501328697317144     
   3.3420160297208410        1.2515746185793284     
   3.3402891670093111        1.2530189092947785     
   3.3385553481217691        1.2544657618549551     
   3.3368145468262265        1.2559151963909689     
   3.3350667368395839        1.2573672330536279     
   3.3333118914796351        1.2588218921107659     
   3.3315499837886886        1.2602791939171722     
   3.3297809863606984        1.2617391589612992     
   3.3280048716455006        1.2632018077824649     
   3.3262216115944101        1.2646671610767592     
   3.3244311780523534        1.2661352395811016     
   3.3226335423467690        1.2676060641983333     
   3.3208286756493894        1.2690796558926118     
   3.3190165486652443        1.2705560357773820     
   3.3171971318462043        1.2720352250623452     
   3.3153703951783493        1.2735172451128176     
   3.3135363086948351        1.2750021173061630     
   3.3116948416654051        1.2764898632613124     
   3.3098459631919646        1.2779805046755239     
   3.3079896422192845        1.2794740633233270     
   3.3061258470708053        1.2809705611849909     
   3.3042545458457262        1.2824700203398998     
   3.3023757062957229        1.2839724630058069     
   3.3004892959507997        1.2854779114988817     
   3.2985952818851119        1.2869863883070676     
   3.2966936306739472        1.2884979161011252     
   3.2947843088473459        1.2900125176102288     
   3.2928672824772063        1.2915302157392374     
   3.2909425172075775        1.2930510335647942     
   3.2890099782902711        1.2945749943218323     
   3.2870696307277303        1.2961021213752444     
   3.2851214392187646        1.2976324382226567     
   3.2831653680077597        1.2991659685536292     
   3.2812013808862277        1.3007027362433012     
   3.2792294415155778        1.3022427652634891     
   3.2772495128470212        1.3037860798528822     
   3.2752615579014637        1.3053327042940341     
   3.2732655390927801        1.3068826631112063     
   3.2712614182358282        1.3084359810667840     
   3.2692491571744862        1.3099926829870745     
   3.2672287171816405        1.3115527939363287     
   3.2652000591432042        1.3131163391649012     
   3.2631631434363300        1.3146833441425585     
   3.2611179304868925        1.3162538344138013     
   3.2590643797808254        1.3178278358663471     
   3.2570024508433750        1.3194053744690337     
   3.2549321024542803        1.3209864764846395     
   3.2528532932389673        1.3225711683176775     
   3.2507659813560670        1.3241594765925546     
   3.2486701246847258        1.3257514281128804     
   3.2465656803722527        1.3273470499870497     
   3.2444526054901859        1.3289463694459416     
   3.2423308564558022        1.3305494140131295     
   3.2402003894539662        1.3321562113811116     
   3.2380611600842006        1.3337667895183416     
   3.2359131237875474        1.3353811765545913     
   3.2337562353134603        1.3369994009268158     
   3.2315904490806293        1.3386214912848273     
   3.2294157190350758        1.3402474765332071     
   3.2272319988659595        1.3418773857735349     
   3.2250392414911122        1.3435112484546932     
   3.2228373998141797        1.3451490941564614     
   3.2206264260290869        1.3467909527967610     
   3.2184062718600037        1.3484368545582837     
   3.2161768886925088        1.3500868298634865     
   3.2139382274277821        1.3517409094127333     
   3.2116902385449668        1.3533991241729557     
   3.2094328720560901        1.3550615053942239     
   3.2071660774420483        1.3567280846265786     
   3.2048898037284630        1.3583988937083769     
   3.2026039995777813        1.3600739647402398     
   3.2003086131356175        1.3617533301339124     
   3.1980035920318817        1.3634370226127108     
   3.1956888834038240        1.3651250752124962     
   3.1933644339443412        1.3668175212682694     
   3.1910301898790183        1.3685143944284552     
   3.1886860970008222        1.3702157286453940     
   3.1863321005546932        1.3719215582153870     
   3.1839681451891955        1.3736319177926721     
   3.1815941751377022        1.3753468423447255     
   3.1792101341668522        1.3770663671715395     
   3.1768159655801247        1.3787905279090400     
   3.1744116119925732        1.3805193605942376     
   3.1719970156360366        1.3822529015865408     
   3.1695721183674128        1.3839911875710647     
   3.1671368611484572        1.3857342557064549     
   3.1646911846692678        1.3874821434529356     
   3.1622350291124430        1.3892348886529340     
   3.1597683341232319        1.3909925295317911     
   3.1572910386749182        1.3927551047523616     
   3.1548030812634922        1.3945226533525354     
   3.1523043999781706        1.3962952147458942     
   3.1497949321549026        1.3980728288130728     
   3.1472746147458963        1.3998555358071796     
   3.1447433841087635        1.4016433764165757     
   3.1422011759219979        1.4034363918021642     
   3.1396479254444065        1.4052346235187378     
   3.1370835673712820        1.4070381135687624     
   3.1345080356126589        1.4088469044710226     
   3.1319212638618410        1.4106610391018628     
   3.1293231849515220        1.4124805608909310     
   3.1267137313513951        1.4143055136765965     
   3.1240928346432799        1.4161359418688835     
   3.1214604262006169        1.4179718902640792     
   3.1188164364824229        1.4198134042469437     
   3.1161607955380783        1.4216605296548317     
   3.1134934325660755        1.4235133129166269     
   3.1108142766586120        1.4253718008418130     
   3.1081232558419787        1.4272360409019640     
   3.1054202975795056        1.4291060810971197     
   3.1027053289575903        1.4309819699096455     
   3.0999782762584376        1.4328637564348341     
   3.0972390652641346        1.4347514902987633     
   3.0944876209319010        1.4366452217683150     
   3.0917238676984562        1.4385450016551276     
   3.0889477295222396        1.4404508813351846     
   3.0861591294672230        1.4423629128574889     
   3.0833579900684169        1.4442811488583953     
   3.0805442332129127        1.4462056426007925     
   3.0777177800498317        1.4481364480106753     
   3.0748785512986725        1.4500736196015189     
   3.0720264667977677        1.4520172126076571     
   3.0691614457833314        1.4539672829164576     
   3.0662834067902343        1.4559238871087217     
   3.0633922678367793        1.4578870824175190     
   3.0604879461662655        1.4598569268053745     
   3.0575703580808815        1.4618334790291794     
   3.0546394197982081        1.4638167984101176     
   3.0516950463933745        1.4658069451357933     
   3.0487371521114115        1.4678039801921134     
   3.0457656511541029        1.4698079651466014     
   3.0427804563448557        1.4718189625431284     
   3.0397814799942129        1.4738370356654382     
   3.0367686341017470        1.4758622484957535     
   3.0337418295189615        1.4778946659646877     
   3.0307009763706456        1.4799343538405507     
   3.0276459843735881        1.4819813786593516     
   3.0245767624825239        1.4840358078349001     
   3.0214932183833598        1.4860977098155557     
   3.0183952598897776        1.4881671537058994     
   3.0152827934444373        1.4902442097085864     
   3.0121557248390545        1.4923289489270060     
   3.0090139595552419        1.4944214432916501     
   3.0058574018933806        1.4965217658213548     
   3.0026859556164038        1.4986299904535187     
   2.9994995233645079        1.5007461922303997     
   2.9962980074745218        1.5028704470828629     
   2.9930813096008979        1.5050028319562383     
   2.9898493302421825        1.5071434249582312     
   2.9866019692013999        1.5092923052485243     
   2.9833391258614230        1.5114495529837952     
   2.9800606984539915        1.5136152495334847     
   2.9767665846843427        1.5157894773349110     
   2.9734566812127832        1.5179723200472424     
   2.9701308843803154        1.5201638623800124     
   2.9667890891583206        1.5223641903950913     
   2.9634311903691053        1.5245733911953634     
   2.9600570814480607        1.5267915532921301     
   2.9566666555462158        1.5290187663135648     
   2.9532598048918830        1.5312551212095165     
   2.9498364203833898        1.5335007103916436     
   2.9463963930784156        1.5357556273344408     
   2.9429396124447509        1.5380199670874535     
   2.9394659674795482        1.5402938259979024     
   2.9359753463860860        1.5425773018110167     
   2.9324676369444971        1.5448704936106454     
   2.9289427249675390        1.5471735022622981     
   2.9254004968801710        1.5494864297174709     
   2.9218408371824185        1.5518093797686991     
   2.9182636302358462        1.5541424575595812     
   2.9146687593148091        1.5564857698880361     
   2.9110561070298426        1.5588394251187490     
   2.9074255551639530        1.5612035332498282     
   2.9037769844385539        1.5635782060218406     
   2.9001102750429872        1.5659635567959498     
   2.8964253061709186        1.5683597007095575     
   2.8927219563554702        1.5707667546264015     
   2.8890001034771609        1.5731848371646848     
   2.8852596238427100        1.5756140689847431     
   2.8815003939390067        1.5780545723385078     
   2.8777222887565470        1.5805064715731754     
   2.8739251828239638        1.5829698928859763     
   2.8701089495363208        1.5854449645354984     
   2.8662734620907369        1.5879318166311469     
   2.8624185919120824        1.5904305816123752     
   2.8585442104321492        1.5929413937816923     
   2.8546501876520765        1.5954643897638470     
   2.8507363936538117        1.5979997081074107     
   2.8468026966882460        1.6005474898883376     
   2.8428489652075175        1.6031078781528363     
   2.8388750653832249        1.6056810186917614     
   2.8348808645547319        1.6082670590947705     
   2.8308662274005161        1.6108661498871415     
   2.8268310189747439        1.6134784437180505     
   2.8227751033488651        1.6161040958017749     
   2.8186983432072585        1.6187432640676347     
   2.8146006012585367        1.6213961088360322     
   2.8104817386600014        1.6240627932926053     
   2.8063416163666854        1.6267434831788410     
   2.8021800945174196        1.6294383470162963     
   2.7979970317736242        1.6321475563533292     
   2.7937922874269159        1.6348712852230991     
   2.7895657184229430        1.6376097110478156     
   2.7853171812124340        1.6403630141733516     
   2.7810465330696843        1.6431313775734786     
   2.7767536287663881        1.6459149878350439     
   2.7724383229340974        1.6487140345700153     
   2.7681004695325586        1.6515287106262027     
   2.7637399216222822        1.6543592122227406     
   2.7593565315910094        1.6572057389552195     
   2.7549501510528502        1.6600684939005395     
   2.7505206310270349        1.6629476836400912     
   2.7460678221194392        1.6658435182687343     
   2.7415915733778600        1.6687562118253845     
   2.7370929458853261        1.6716816554259628     
   2.7325697754146008        1.6746285697130605     
   2.7280227285787539        1.6775930014943441     
   2.7234516530802004        1.6805751799267394     
   2.7188563958838321        1.6835753382773548     
   2.7142368033313460        1.6865937139796283     
   2.7095927211557669        1.6896305487200407     
   2.7049239944839867        1.6926860885303450     
   2.7002304678595914        1.6957605838763166     
   2.6955119852460987        1.6988542897541330     
   2.6907683900355810        1.7019674657874895     
   2.6859995250789570        1.7051003763210995     
   2.6812052326719371        1.7082532905286998     
   2.6763853545917877        1.7114264825095538     
   2.6715397320934011        1.7146202313985466     
   2.6666682059336093        1.7178348214711043     
   2.6617706163802692        1.7210705422547901     
   2.6568468032319146        1.7243276886407450     
   2.6518966058201490        1.7276065610024616     
   2.6469198630387756        1.7309074653100753     
   2.6419164133497035        1.7342307132537427     
   2.6368860948039350        1.7375766223658264     
   2.6318287450531503        1.7409455161486267     
   2.6267442013698510        1.7443377242027505     
   2.6216323006623021        1.7477535823599148     
   2.6164928794838334        1.7511934328206196     
   2.6113257740733746        1.7546576242862628     
   2.6061308203424423        1.7581465121094184     
   2.6009078539153636        1.7616604584327329     
   2.5956567101348393        1.7651998323408318     
   2.5903772240934217        1.7687650100086378     
   2.5850692306321559        1.7723563748621898     
   2.5797325643789932        1.7759743177323055     
   2.5743670597625856        1.7796192370187798     
   2.5689725510235562        1.7832915388588679     
   2.5635488722402529        1.7869916372960115     
   2.5580958573485759        1.7907199544538650     
   2.5526133401635605        1.7944769207142290     
   2.5471011543980104        1.7982629748995607     
   2.5415591336706118        1.8020785644630857     
   2.5359871115560892        1.8059241456711683     
   2.5303849215762577        1.8098001838068072     
   2.5247523972192365        1.8137071533695786     
   2.5190893720008654        1.8176455382687566     
   2.5133956794175383        1.8216158320508218     
   2.5076711530375504        1.8256185380940078     
   2.5019156264795663        1.8296541698381819     
   2.4961289334295316        1.8337232510097596     
   2.4903109076767289        1.8378263158459800     
   2.4844613831443496        1.8419639093262139     
   2.4785801938894032        1.8461365874166917     
   2.4726671741024226        1.8503449173207529     
   2.4667221581597056        1.8545894777201513     
   2.4607449806581014        1.8588708590270042     
   2.4547354763769489        1.8631896636606760     
   2.4486934803313880        1.8675465063064511     
   2.4426188277953367        1.8719420141873606     
   2.4365113542853560        1.8763768273535779     
   2.4303708955864280        1.8808515989654271     
   2.4241972878003732        1.8853669955781944     
   2.4179903673318335        1.8899236974479778     
   2.4117499708623997        1.8945223988492332     
   2.4054759354409607        1.8991638083656301     
   2.3991680984592385        1.9038486492203821     
   2.3928262975823560        1.9085776596240034     
   2.3864503709627702        1.9133515930526532     
   2.3800401569456850        1.9181712186717106     
   2.3735954943357145        1.9230373216136902     
   2.3671162222711604        1.9279507033696905     
   2.3606021802796571        1.9329121821399071     
   2.3540532082104395        1.9379225932233475     
   2.3474691462892978        1.9429827893827052     
   2.3408498351256926        1.9480936412306160     
   2.3341951155536256        1.9532560376656263     
   2.3275048287934426        1.9584708862328830     
   2.3207788164567953        1.9637391135334732     
   2.3140169203498995        1.9690616656940039     
   2.3072189825100278        1.9744395087850521     
   2.3003848453546389        1.9798736292123404     
   2.2935143514716732        1.9853650342224056     
   2.2866073434054099        1.9909147524016100     
   2.2796636640448042        1.9965238340406448     
   2.2726831566649159        2.0021933515833714     
   2.2656656639672721        2.0079244003643888     
   2.2586110288717633        2.0137180988786065     
   2.2515190945540571        2.0195755892657727     
   2.2443897038076348        2.0254980379851557     
   2.2372226991445112        2.0314866362900830     
   2.2300179230000987        2.0375426007002346     
   2.2227752174859381        2.0436671735926879     
   2.2154944233615850        2.0498616240060246     
   2.2081753822357038        2.0561272475994246     
   2.2008179338817357        2.0624653679329450     
   2.1934219177481635        2.0688773365993018     
   2.1859871732666267        2.0753645337498350     
   2.1785135369179534        2.0819283694015631     
   2.1710008440945030        2.0885702835614834     
   2.1634489298357389        2.0952917466224097     
   2.1558576271894503        2.1020942603716253     
   2.1482267657621090        2.1089793590025194     
   2.1405561751492179        2.1159486088091009     
   2.1328456789564139        2.1230036103608101     
   2.1250951026277551        2.1301459971054562     
   2.1173042588310804        2.1373774397087790     
   2.1094729659616407        2.1446996419795941     
   2.1016010271173737        2.1521143467796087     
   2.0936882489422497        2.1596233318746494     
   2.0857344161054376        2.1672284169654183     
   2.0777393180406114        2.1749314573475469     
   2.0697027144631388        2.1827343531573584     
   2.0616243609818588        2.1906390433609588     
   2.0535039848540286        2.1986475117649862     
   2.0453412928226680        2.2067617854740389     
   2.0371286186243478        2.2149857298982227     
   2.0288790101312237        2.2233177898147041     
   2.0205873624238486        2.2317620177510107     
   2.0122527741166976        2.2403204102578087     
   2.0038757013998101        2.2489950251751010     
   1.9954576131447814        2.2577877553193373     
   1.9870023863613924        2.2667000734361586     
   1.9785200693807690        2.2757323767885778     
   1.9700386606342999        2.2848820079224552     
   1.9613467682287364        2.2941934410202869     
   1.9527410786040524        2.3036082244858083     
   1.9439487231568109        2.3131900854148730     
   1.9358538984891764        2.3227344715236198     
   1.9265121756954597        2.3326946720281887     
   1.9176497619659731        2.3426757529969358     
   1.9086914401398243        2.3528125729989928     
   1.8998622240179373        2.3630553979732634     
   1.8910791625293968        2.3734286379636451     
   1.7393882517625223        2.4089841779073913     
   1.7569578854895713        2.4251622760972449     
   1.8000487405790873        2.4275315324036280     
   1.8394413169773596        2.4291493616707727     
   1.7740562588778588        2.4511451663962927     
   1.8346065399761158        2.4491409627022533     
   1.7854483974394528        2.4688507131180373     
   1.8405436287358206        2.4673474181984481     
   1.8464579137021890        2.4759279155656615     
   1.7782662198975989        2.5114872173665903     
   1.7689485645626255        2.5240751743843721     
   1.7594043191990854        2.5368941604086408     
   1.8718321576252659        2.5211179400334225     
   1.7403852020789208        2.5630940400109719     
   1.7312231451055569        2.5764276530824342     
   1.7205237033329963        2.5902440917421448     
   1.7105144331436297        2.6041391554753850     
   1.7006025658508468        2.6182247371821132     
   1.9411522603927760        2.5652113669694714     
   1.6597149001507394        2.6769655293739465     
   1.6492285419918302        2.6922611454413188     
   1.6387697160380932        2.7077826007424535     
   1.6282022068773676        2.7235650565863416     
   1.6176423135496545        2.7395848071217306     
   1.6068932165182228        2.7558868392009810     
   1.5961454526951480        2.7724370353248347     
   1.5852841408822238        2.7892629844544850     
   1.5743318999138203        2.8063641320932549     
   1.5631769937862028        2.8237610630800587     
   1.5520928924946653        2.8414173304418613     
   1.5408910190994958        2.8593661377662141     
   1.5295815568525393        2.8776099854229154     
   1.5181661876292560        2.8961528529593417     
   1.5066440328878237        2.9149991373597963     
   1.4950128778159737        2.9341534196390930     
   1.4832696832782581        2.9536203583316092     
   1.4714108692656376        2.9734046286259748     
   1.4594324439156752        2.9935108860833979     
   1.4473300606715949        3.0139437404596254     
   1.4350990505512022        3.0347077329355101     
   1.4227344263068833        3.0558073149143512     
   1.4102308793729676        3.0772468261185004     
   1.3975827696438354        3.0990304711588657     
   1.3847841093865982        3.1211622940455896     
   1.3718285447797607        3.1436461499389381     
   1.3587093334873721        3.1664856737113443     
   1.3454193194600719        3.1896842447412768     
   1.3319509061293244        3.2132449474589877     
   1.3182960255452416        3.2371705269034123     
   1.3044461049199312        3.2614633386047505     
   1.2903920299675553        3.2861252919514214     
   1.2761241040227118        3.3111577859675640     
   1.2616320033602364        3.3365616364129229     
   1.2469047271629694        3.3623369926752518     
   1.2319305422264788        3.3884832428880092     
   1.2166969209447216        3.4149989051647571     
   1.2011904716064359        3.4418815025287577     
   1.1853968598724698        3.4691274185968455     
   1.1693007195864484        3.4967317303716055     
   1.1528855507674620        3.5246880136425687     
   1.1361336024985489        3.5529881155262575     
   1.1190257372360537        3.5816218871832843     
   1.1015412725823841        3.6105768680509365     
   1.0836577950438606        3.6398379104772207     
   1.0653509390854774        3.6693867306159063     
   1.0465941224222657        3.6992013671673325     
   1.0273555939500931        3.7292759686174826     
   1.0076105544418648        3.7595379301939422     
  0.98731886286545001        3.7899705905998147     
  0.96644106137489383        3.8205289350383502     
  0.94493288201799186        3.8511590449432229     
  0.92274425654506853        3.8817960092157442     
  0.89981800133154044        3.9123612790631865     
  0.87608801708179307        3.9427591319523083     
  0.85147696023566755        3.9728718854369456     
  0.82589286801344775        4.0025536448209831     
  0.79922407758499425        4.0316202444963007     
  0.77133213667191380        4.0598358618730135     
  0.74204044494558963        4.0868916362915444     
  0.71111584211520507        4.1123714650146290     
  0.67823673936307061        4.1356934942894616     
  0.64293339815062467        4.1560017357979895     
  0.60446320107655305        4.1719422615177626     
  0.56150574253129482        4.1811220062079277     
  0.51119938242217455        4.1784159026148266     
  0.44403235435705696        4.1469886103201157     
