  0.56720397284952984        1.4793460336927271     
  0.56869297362876314        1.4805266877172678     
  0.57017778793470020        1.4817042881665683     
  0.57166184187945945        1.4828808927788182     
  0.57314515232005669        1.4840565202015756     
  0.57462775599821214        1.4852312005329213     
  0.57610968896015280        1.4864049633064953     
  0.57759098674835874        1.4875778376184696     
  0.57907168431829126        1.4887498520625102     
  0.58055181617357599        1.4899210348377379     
  0.58203141629886768        1.4910914136959954     
  0.58351051817527644        1.4922610159553793     
  0.58498915484181802        1.4934298685493541     
  0.58646735888990931        1.4945979980230886     
  0.58794516243310235        1.4957654305103483     
  0.58942259719885792        1.4969321918067813     
  0.59089969446498014        1.4980983073202716     
  0.59237648509372032        1.4992638020983593     
  0.59385299960989213        1.5004287008911608     
  0.59532926809441289        1.5015930280672047     
  0.59680532029573141        1.5027568077025146     
  0.59828118556611631        1.5039200635307952     
  0.59975689293698109        1.5050828190032699     
  0.60123247108105649        1.5062450972596237     
  0.60270794836864128        1.5074069211725969     
  0.60418335278307711        1.5085683132824246     
  0.60565871205221744        1.5097292959002488     
  0.60713405358911121        1.5108898910624704     
  0.60860940448585288        1.5120501205261507     
  0.61008479155193973        1.5132100057995559     
  0.61156024135505016        1.5143695681750193     
  0.61303578012036275        1.5155288286500235     
  0.61451143388497320        1.5166878080489368     
  0.61598722837353925        1.5178465269259176     
  0.61746318907634645        1.5190050056267415     
  0.61893934124515493        1.5201632642855383     
  0.62041570989444061        1.5213213228264622     
  0.62189231982592819        1.5224792009835282     
  0.62336919557572912        1.5236369182590481     
  0.62484636148560457        1.5247944939803117     
  0.62632384169586719        1.5259519472941252     
  0.62780166014945171        1.5271092971704268     
  0.62927984055352770        1.5282665623726721     
  0.63075840645495818        1.5294237615171427     
  0.63223738120604922        1.5305809130463917     
  0.63371678798190323        1.5317380352436074     
  0.63519664974824219        1.5328951462070415     
  0.63667698934584971        1.5340522639168801     
  0.63815782942763177        1.5352094061862758     
  0.63963919249056023        1.5363665906863888     
  0.64112110086255936        1.5375238349368170     
  0.64260357674266388        1.5386811563367446     
  0.64408664215614408        1.5398385721306613     
  0.64557031902078010        1.5409960994600040     
  0.64705462907355060        1.5421537553065585     
  0.64853959396541550        1.5433115565664033     
  0.65002523517368693        1.5444695199818725     
  0.65151157409417360        1.5456276622136420     
  0.65299863196791619        1.5467859997841558     
  0.65448642993503392        1.5479445491194299     
  0.65597498901512485        1.5491033265341372     
  0.65746433013573624        1.5502623482542279     
  0.65895447410708219        1.5514216303972721     
  0.66044544163716801        1.5525811889843348     
  0.66193725335550702        1.5537410399591525     
  0.66342992974832760        1.5549011991373711     
  0.66492349127850592        1.5560616823004290     
  0.66641795828379891        1.5572225051164712     
  0.66791335103239746        1.5583836831837274     
  0.66940968968390302        1.5595452320004790     
  0.67090699437472268        1.5607071670316155     
  0.67240528511518982        1.5618695036288499     
  0.67390458188400937        1.5630322571043471     
  0.67540490457199631        1.5641954426869515     
  0.67690627301628048        1.5653590755495506     
  0.67840870697932043        1.5665231707923886     
  0.67991222619868641        1.5676877434818770     
  0.68141685031653032        1.5688528085966593     
  0.68292259895856311        1.5700183810884303     
  0.68442949169525225        1.5711844758523010     
  0.68593754800804141        1.5723511077008689     
  0.68744678740461063        1.5735182914532524     
  0.68895722932029391        1.5746860418597544     
  0.69046889313138060        1.5758543736114325     
  0.69198179822563555        1.5770233013953789     
  0.69349596392122703        1.5781928398320790     
  0.69501140952929541        1.5793630035238713     
  0.69652815433235327        1.5805338070385795     
  0.69804621757374075        1.5817052649013761     
  0.69956561848424792        1.5828773916154801     
  0.70108637629066806        1.5840502016693820     
  0.70260851019109116        1.5852237095171526     
  0.70413203936227775        1.5863979295851531     
  0.70565698300342683        1.5875728763052179     
  0.70718336024722483        1.5887485640468801     
  0.70871119028216456        1.5899250072112046     
  0.71024049225505970        1.5911022201565623     
  0.71177128534642797        1.5922802172560448     
  0.71330358868804955        1.5934590128348129     
  0.71483742144119833        1.5946386212302417     
  0.71637280279895721        1.5958190567938160     
  0.71790975192395790        1.5970003338433867     
  0.71944828801536287        1.5981824667150515     
  0.72098843026553971        1.5993654697299562     
  0.72253019790208561        1.6005493572265401     
  0.72407361016359162        1.6017341435423214     
  0.72561868630326709        1.6029198430169298     
  0.72716544561277086        1.6041064700101759     
  0.72871390739265329        1.6052940388800438     
  0.73026409097413414        1.6064825639993108     
  0.73181601572143329        1.6076720597574368     
  0.73336970101761068        1.6088625405502965     
  0.73492516632461913        1.6100540208255967     
  0.73648243109259193        1.6112465150144963     
  0.73804151482622349        1.6124400375821186     
  0.73960243706660134        1.6136346030138324     
  0.74116521742142383        1.6148302258387131     
  0.74272987551069714        1.6160269205881650     
  0.74429643104032395        1.6172247018524089     
  0.74586490372200209        1.6184235842191712     
  0.74743531336099256        1.6196235823416325     
  0.74900767978580318        1.6208247108841467     
  0.75058202290550613        1.6220269845665247     
  0.75215836267816238        1.6232304181405630     
  0.75373671915017204        1.6244350264194765     
  0.75531711236125532        1.6256408242062588     
  0.75689956249651080        1.6268478264097774     
  0.75848408978122284        1.6280560479646016     
  0.76007071448001018        1.6292655038305466     
  0.76165945698120596        1.6304762090575489     
  0.76325033772825812        1.6316881787333024     
  0.76484337724765294        1.6329014280049403     
  0.76643859612050502        1.6341159720576930     
  0.76803601503385122        1.6353318261540415     
  0.76963565478819229        1.6365490056395990     
  0.77123753621535263        1.6377675258813715     
  0.77284168025672950        1.6389874023270457     
  0.77444810796339369        1.6402086505055591     
  0.77605684048460999        1.6414312860185478     
  0.77766789905384570        1.6426553245301596     
  0.77928130498635173        1.6438807817652923     
  0.78089707972345668        1.6451076735436960     
  0.78251524482740376        1.6463360157762250     
  0.78413582192240305        1.6475658244205886     
  0.78575883280937076        1.6487971155684737     
  0.78738429931810072        1.6500299053338536     
  0.78901224344011311        1.6512642099542774     
  0.79064268732492737        1.6525000457877699     
  0.79227565316723780        1.6537374292284837     
  0.79391116332296008        1.6549763767942678     
  0.79554924027462048        1.6562169051010449     
  0.79718990665266576        1.6574590308795298     
  0.79883318514599444        1.6587027709076239     
  0.80047909867263300        1.6599481421398141     
  0.80212767021438203        1.6611951615830449     
  0.80377892295199382        1.6624438463986304     
  0.80543288017097137        1.6636942138319166     
  0.80708956530892195        1.6649462812483664     
  0.80874900193353416        1.6662000661173213     
  0.81041121382300785        1.6674555860730949     
  0.81207622484827735        1.6687128588267459     
  0.81374405908695857        1.6699719022521191     
  0.81541474073962916        1.6712327343236917     
  0.81708829420239382        1.6724953731712615     
  0.81876474399535004        1.6737598370268720     
  0.82044411485387614        1.6750261442938355     
  0.82212643167074062        1.6762943135038757     
  0.82381171952313781        1.6775643633376771     
  0.82550000363746323        1.6788363125994490     
  0.82719130948683273        1.6801101802901921     
  0.82888566265044628        1.6813859855029918     
  0.83058308895108135        1.6826637475267592     
  0.83228361440560517        1.6839434858095150     
  0.83398726521283939        1.6852252199502038     
  0.83569406777640809        1.6865089697161884     
  0.83740404870019092        1.6877947550404948     
  0.83911723479931311        1.6890825960308344     
  0.84083365311031910        1.6903725129779335     
  0.84255333088728568        1.6916645263528356     
  0.84427629558451178        1.6929586567952506     
  0.84600257488949626        1.6942549251386683     
  0.84773219672293698        1.6955533524110846     
  0.84946518924173076        1.6968539598380294     
  0.85120158083089692        1.6981567688372168     
  0.85294140011382047        1.6994618010270917     
  0.85468467594703246        1.7007690782237754     
  0.85643143744697703        1.7020786224617122     
  0.85818171399983711        1.7033904560019419     
  0.85993553523408006        1.7047046013124063     
  0.86169293103376543        1.7060210810790268     
  0.86345393154334116        1.7073399182097151     
  0.86521856720679124        1.7086611358649253     
  0.86698686872218822        1.7099847574244775     
  0.86875886704384653        1.7113108064902693     
  0.87053459347652373        1.7126393069573538     
  0.87231407956683238        1.7139702829341141     
  0.87409735715976333        1.7153037587853703     
  0.87588445839504547        1.7166397591307607     
  0.87767541574706176        1.7179783088756466     
  0.87947026198214739        1.7193194331800445     
  0.88126903016601110        1.7206631574659996     
  0.88307175371885149        1.7220095074590942     
  0.88487846635752165        1.7233585091467818     
  0.88668920213573943        1.7247101888098766     
  0.88850399547279990        1.7260645730446558     
  0.89032288110056779        1.7274216887251264     
  0.89214589410110967        1.7287815630320669     
  0.89397306995208425        1.7301442234880084     
  0.89580444442554907        1.7315096978839739     
  0.89764005371754740        1.7328780143764317     
  0.89947993435198070        1.7342492014177684     
  0.90132412328928002        1.7356232878383984     
  0.90317265781194001        1.7370003027631729     
  0.90502557564922970        1.7383802757056412     
  0.90688291489567729        1.7397632365089721     
  0.90874471410149682        1.7411492154146968     
  0.91061101213974860        1.7425382429660639     
  0.91248184838427626        1.7439303501413701     
  0.91435726262862382        1.7453255682955651     
  0.91623729505924734        1.7467239291424379     
  0.91812198633822784        1.7481254648175750     
  0.92001137755392248        1.7495302078435930     
  0.92190551029288048        1.7509381911854724     
  0.92380442657650619        1.7523494482052007     
  0.92570816888384255        1.7537640126813034     
  0.92761678021363814        1.7551819188561009     
  0.92953030403684322        1.7566032014030626     
  0.93144878432073708        1.7580278954468540     
  0.93337226555555064        1.7594560365846557     
  0.93530079270996513        1.7608876608561883     
  0.93723441131343821        1.7623228048063742     
  0.93917316741820800        1.7637615054597018     
  0.94111710762580070        1.7652038003423081     
  0.94306627906533358        1.7666497274683235     
  0.94502072944000270        1.7680993253766841     
  0.94698050707229819        1.7695526331667919     
  0.94894566076618769        1.7710096904003871     
  0.95091623998998609        1.7724705372376950     
  0.95289229484168281        1.7739352144156899     
  0.95487387591623718        1.7754037631529980     
  0.95686103455091442        1.7768762253327992     
  0.95885382268271224        1.7783526434014658     
  0.96085229282596496        1.7798330603550312     
  0.96285649822834962        1.7813175198566817     
  0.96486649280358083        1.7828060661905152     
  0.96688233109478494        1.7842987442382314     
  0.96890406834248133        1.7857955995320842     
  0.97093176058171082        1.7872966783292323     
  0.97296546441782994        1.7888020274515997     
  0.97500523729750799        1.7903116944870281     
  0.97705113738879656        1.7918257277057670     
  0.97910322354297774        1.7933441760364692     
  0.98116155545503658        1.7948670891864544     
  0.98322619356285534        1.7963945175727010     
  0.98529719916432879        1.7979265124113177     
  0.98737463429041172        1.7994631256284239     
  0.98945856178443525        1.8010044099229940     
  0.99154904539312227        1.8025504188367381     
  0.99364614970374676        1.8041012067133284     
  0.99574994011845563        1.8056568286837562     
  0.99786048298088903        1.8072173407632381     
  0.99997784550012558        1.8087827998006691     
   1.0021020958401781        1.8103532635483401     
   1.0042333030280099        1.8119287906001893     
   1.0063715371302326        1.8135094405248569     
   1.0085168690773347        1.8150952737438222     
   1.0106693708845818        1.8166863516964207     
   1.0128291154826716        1.8182827367225611     
   1.0149961768422653        1.8198844921586139     
   1.0171706300649159        1.8214916824089429     
   1.0193525511490995        1.8231043727819669     
   1.0215420172934313        1.8247226297160526     
   1.0237391067467450        1.8263465206767053     
   1.0259438988619021        1.8279761142014253     
   1.0281564740756099        1.8296114798923386     
   1.0303769141654420        1.8312526886074223     
   1.0326053018462553        1.8328998121760045     
   1.0348417212262166        1.8345529237350666     
   1.0370862575161175        1.8362120975256140     
   1.0393389972159977        1.8378774090352414     
   1.0416000280696445        1.8395489349719916     
   1.0438694391054102        1.8412267533011615     
   1.0461473207091492        1.8429109433056781     
   1.0484337645576811        1.8446015855461479     
   1.0507288637119583        1.8462987619346793     
   1.0530327125971051        1.8480025557302553     
   1.0553454070255028        1.8497130515621696     
   1.0576670443640570        1.8514303355596391     
   1.0599977232839353        1.8531544951800152     
   1.0623375440558667        1.8548856194300500     
   1.0646866084182895        1.8566237987805088     
   1.0670450196982351        1.8583691252613272     
   1.0694128827027851        1.8601216923941257     
   1.0717903040006824        1.8618815954032122     
   1.0741773916545190        1.8636489310334614     
   1.0765742555007281        1.8654237977616415     
   1.0789810069156776        1.8672062956383952     
   1.0813977591846808        1.8689965265633335     
   1.0838246271700631        1.8707945940584283     
   1.0862617277796389        1.8726006036138982     
   1.0887091794196608        1.8744146623082092     
   1.0911671026591292        1.8762368792947748     
   1.0936356197698391        1.8780673654845845     
   1.0961148549897244        1.8799062337468575     
   1.0986049346080964        1.8817535989817706     
   1.1011059867996238        1.8836095780144870     
   1.1036181418900972        1.8854742897979548     
   1.1061415321958159        1.8873478553110026     
   1.1086762921570299        1.8892303976672431     
   1.1112225584862259        1.8911220422341875     
   1.1137804698664950        1.8930229164325223     
   1.1163501674739278        1.8949331501222382     
   1.1189317947193631        1.8968528754334719     
   1.1215254970973150        1.8987822266737169     
   1.1241314227406818        1.9007213407378409     
   1.1267497221049041        1.9026703568993319     
   1.1293805480905672        1.9046294169125269     
   1.1320240561304715        1.9065986650915625     
   1.1346804042000929        1.9085782483338218     
   1.1373497528865253        1.9105683161863722     
   1.1400322654118180        1.9125690208790367     
   1.1427281076374676        1.9145805173458577     
   1.1454374483302594        1.9166029634319373     
   1.1481563386972551        1.9186342345523362     
   1.1508930990924515        1.9206790045646462     
   1.1536438776645879        1.9227352127314559     
   1.1564088544951081        1.9248030285198261     
   1.1591882127009272        1.9268826244957287     
   1.1619821384749773        1.9289741763737798     
   1.1647908211437581        1.9310778630788918     
   1.1676144532279473        1.9331938668105368     
   1.1704532305011202        1.9353223731060971     
   1.1733073520526018        1.9374635709075867     
   1.1761770203506952        1.9396176526290945     
   1.1790624413039887        1.9417848142233305     
   1.1819638243303943        1.9439652552541049     
   1.1848813824200415        1.9461591789649475     
   1.1878153322053788        1.9483667923533079     
   1.1907658940285033        1.9505883062432969     
   1.1937332920119721        1.9528239353613870     
   1.1967177541295226        1.9550738984125806     
   1.1997195122805697        1.9573384181597517     
   1.2027388023623191        1.9596177215018566     
   1.2057758643465324        1.9619120395559653     
   1.2088309423556158        1.9642216077393733     
   1.2119042847415382        1.9665466658542741     
   1.2149961441649400        1.9688874581731457     
   1.2181067776764216        1.9712442335262585     
   1.2212364468003090        1.9736172453915182     
   1.2243854176152873        1.9760067519827307     
   1.2275539608443942        1.9784130163450553     
   1.2307423519388736        1.9808363064467787     
   1.2339508711685789        1.9832768952763331     
   1.2371798037103483        1.9857350609385480     
   1.2404294397425371        1.9882110867558838     
   1.2437000745356523        1.9907052613676128     
   1.2469920085481918        1.9932178788333381     
   1.2503055475242255        1.9957492387384357     
   1.2536410025910008        1.9982996463002229     
   1.2569986903587185        2.0008694124763773     
   1.2603789330221480        2.0034588540753768     
   1.2637820584639661        2.0060682938689038     
   1.2672084003617941        2.0086980607075793     
   1.2706582982906121        2.0113484896342624     
   1.2741320978356421        2.0140199220054393     
   1.2776301507027417        2.0167127056116718     
   1.2811528148249824        2.0194271947962021     
   1.2847004544857985        2.0221637505859391     
   1.2882734404252545        2.0249227408115109     
   1.2918721499630565        2.0277045402398399     
   1.2954969671186358        2.0305095307055434     
   1.2991482827301040        2.0333381012424159     
   1.3028264945760759        2.0361906482178069     
   1.3065320075032116        2.0390675754718748     
   1.3102652335556670        2.0419692944590797     
   1.3140265920992742        2.0448962243869384     
   1.3178165099502139        2.0478487923588449     
   1.3216354215145221        2.0508274335253649     
   1.3254837689180889        2.0538325912298911     
   1.3293620021417154        2.0568647171587866     
   1.3332705791636337        2.0599242714976858     
   1.3372099660975016        2.0630117230856677     
   1.3411806373308055        2.0661275495707074     
   1.3451830756708787        2.0692722375714432     
   1.3492177724960415        2.0724462828435102     
   1.3532852278919549        2.0756501904366740     
   1.3573859508059836        2.0788844748655100     
   1.3615204592070493        2.0821496602848999     
   1.3656892802121043        2.0854462806435548     
   1.3698929502783777        2.0887748798840673     
   1.3741320153259402        2.0921360120958976     
   1.3784070309110643        2.0955302417045543     
   1.3827185623790250        2.0989581436476765     
   1.3870671850319245        2.1024203035626008     
   1.3914534842834749        2.1059173179660347     
   1.3958780558218509        2.1094497944404242     
   1.4003415057904645        2.1130183518338073     
   1.4048444509349098        2.1166236204374433     
   1.4093875187680109        2.1202662421770846     
   1.4139713477577012        2.1239468708210936     
   1.4185965874911584        2.1276661721732997     
   1.4232638988218711        2.1314248242553262     
   1.4279739540681455        2.1352235175252741     
   1.4327274371967185        2.1390629550874602     
   1.4375250439553793        2.1429438528680183     
   1.4423674820297550        2.1468669398084645     
   1.4472554713242791        2.1508329581453620     
   1.4521897440365072        2.1548426635492977     
   1.4571710448232709        2.1588968253280556     
   1.4622001310403157        2.1629962266810501     
   1.4672777728873030        2.1671416648900386     
   1.4724047535590070        2.1713339515149821     
   1.4775818694325062        2.1755739126155151     
   1.4828099303326430        2.1798623890269360     
   1.4880897594591811        2.1842002364058910     
   1.4934221938391916        2.1885883256352958     
   1.4988080842980649        2.1930275429023416     
   1.5042482956158865        2.1975187899022695     
   1.5097437069322077        2.2020629842143040     
   1.5152952117274423        2.2066610593873559     
   1.5209037178884848        2.2113139650847242     
   1.5265701479884979        2.2160226673761168     
   1.5322954395724431        2.2207881490315904     
   1.5380805449391413        2.2256114094756416     
   1.5439264318100676        2.2304934653431463     
   1.5498340827299606        2.2354353501728714     
   1.5558044964162756        2.2404381154288302     
   1.5618386862579510        2.2455028295780730     
   1.5679376821092723        2.2506305794160282     
   1.5741025287727994        2.2558224691348605     
   1.5803342880579763        2.2610796218259179     
   1.5866340364474332        2.2664031780036265     
   1.5930028677404220        2.2717942975084631     
   1.5994418908156709        2.2772541580989056     
   1.6059522307766734        2.2827839563791938     
   1.6125350280201443        2.2883849073053466     
   1.6191919177043923        2.2940585693077633     
   1.6259228163189992        2.2998053788706789     
   1.6327298952283320        2.3056272170886070     
   1.6396140799867027        2.3115252159938326     
   1.6465765409710527        2.3175006580584614     
   1.6536184344006961        2.3235548290218597     
   1.6607408952180467        2.3296890152547616     
   1.6679450532938809        2.3359045153054145     
   1.6752321675397901        2.3422027149661604     
   1.6826080763452564        2.3485873902273378     
   1.6900661129738503        2.3550555906835751     
   1.6976182688739136        2.3616155650176358     
   1.7052277206116901        2.3682429727010446     
   1.7129749171018840        2.3749927899484033     
   1.7207932214307795        2.3818205133862800     
   1.7287061051540038        2.3887426067928672     
   1.7367067151654649        2.3957550069324132     
   1.7448019118695084        2.4028629794349134     
   1.7486272789291424        2.4071164791685238     
   1.7671624446908256        2.4230820649808971     
   1.7778506926480895        2.4320751462312078     
   1.7868430014423979        2.4399568207399973     
   1.7944459477420662        2.4469355583971537     
   1.8042438361215323        2.4554329137537523     
   1.8128299855129182        2.4631487492904940     
   1.8219172222063205        2.4712404619485060     
   1.8307798419548400        2.4792187674086059     
   1.8499741132427470        2.4962846050083218     
   1.8594522609351922        2.5047973852386445     
   1.8690452627689438        2.5134287972794835     
   1.8758906887274831        2.5202470968739403     
   1.8885979931742307        2.5310654243440611     
   1.8985758673278221        2.5400843657478211     
   1.9086199833835995        2.5491921442184586     
   1.9188166046757975        2.5584477012332800     
   1.9291453796942730        2.5678380867678197     
   1.9264230052458564        2.5684537316916334     
   1.9717215105403543        2.6067226714282903     
   1.9826878470632456        2.6167832644595106     
   1.9937919195903864        2.6269872192602115     
   2.0050319257863083        2.6373340791855506     
   2.0164116143617643        2.6478271284242716     
   2.0279231526313430        2.6584618770302280     
   2.0395777549468015        2.6692468666255889     
   2.0513707478127974        2.6801795667961299     
   2.0633042835100834        2.6912622642950543     
   2.0753668605951789        2.7024884073712045     
   2.0875896727257492        2.7138788005988097     
   2.0999538913722189        2.7254222291590855     
   2.1124613478235057        2.7371206353522330     
   2.1251130847712729        2.7489754541533897     
   2.1379098439292998        2.7609879141013134     
   2.1508521478901188        2.7731590846710295     
   2.1639403263464634        2.7854898887415427     
   2.1771745297358946        2.7979811076952079     
   2.1905547282275499        2.8106333769859271     
   2.2040807027409306        2.8234471763317681     
   2.2177520335526584        2.8364228181077986     
   2.2315680837261391        2.8495604319503727     
   2.2455279806040216        2.8628599476942229     
   2.2596305946278039        2.8763210760772946     
   2.2738745153323041        2.8899432870501442     
   2.2882580248638535        2.9037257858644585     
   2.3027790682657234        2.9176674863576393     
   2.3174352204086808        2.9317669812745759     
   2.3322236495653756        2.9460225095418009     
   2.3471410764077993        2.9604319195616391     
   2.3621837283616096        2.9749926283693089     
   2.3773472885673153        2.9897015760103036     
   2.3926268384020375        3.0045551742697794     
   2.4080167929480933        3.0195492491571270     
   2.4235108278829194        3.0346789758906318     
   2.4391017967534045        3.0499388054247976     
   2.4547816367403827        3.0653223809263426     
   2.4705412609552617        3.0808224425017285     
   2.4863704349101661        3.0964307181328943     
   2.5022576340872744        3.1121377981928200     
   2.5181898788422035        3.1279329903220896     
   2.5341525421802289        3.1438041508240566     
   2.5501291245195947        3.1597374875648216     
   2.5661009882404651        3.1757173282159812     
   2.5820470426201858        3.1917258458417441     
   2.5979433672851586        3.2077427317075102     
   2.6137627585733139        3.2237448020413613     
   2.6294867137769664        3.2397139774699992     
   2.6450551210379225        3.2556032746749346     
   2.6604392391989284        3.2713857154836479     
   2.6755917464811110        3.2870205991250421     
   2.6904576256358266        3.3024605486946008     
   2.7049724115580247        3.3176500193326106     
   2.7190599450574360        3.3325233815345934     
   2.7326293471571694        3.3470023484972713     
   2.7455709683186234        3.3609925331014474     
   2.7577509290041595        3.3743787830692886     
   2.7690025077053479        3.3870179582243884     
   2.7791144878640988        3.3987290275204876     
   2.7878125197377166        3.4092773543382009     
   2.7947291463893205        3.4183494410184077     
   2.7993522839739220        3.4255095837392719     
   2.8009293289210819        3.4301193104008911     
   2.7982682025576482        3.4311704667270719     
   2.7892539972026089        3.4268802479463876     
   2.7693301575235774        3.4134202146199542     
   2.7234346825891858        3.3781698351521605     
