   34144.678692677728        1.4793460336927271     
   33532.149696606903        1.4805266877172678     
   32930.141119174215        1.4817042881665683     
   32338.677858327832        1.4828808927788182     
   31757.582402518816        1.4840565202015756     
   31186.681108550682        1.4852312005329213     
   30625.802958644381        1.4864049633064953     
   30074.779540919633        1.4875778376184696     
   29533.445014557306        1.4887498520625102     
   29001.636086417802        1.4899210348377379     
   28479.191976936730        1.4910914136959954     
   27965.954390450122        1.4922610159553793     
   27461.767487651072        1.4934298685493541     
   26966.477854691668        1.4945979980230886     
   26479.934471313194        1.4957654305103483     
   26001.988684648659        1.4969321918067813     
   25532.494175938707        1.4980983073202716     
   25071.306931880266        1.4992638020983593     
   24618.285217773391        1.5004287008911608     
   24173.289542946095        1.5015930280672047     
   23736.182635576315        1.5027568077025146     
   23306.829410324488        1.5039200635307952     
   22885.096941792530        1.5050828190032699     
   22470.854433604727        1.5062450972596237     
   22063.973191336601        1.5074069211725969     
   21664.326590368695        1.5085683132824246     
   21271.790051943306        1.5097292959002488     
   20886.241012319140        1.5108898910624704     
   20507.558894231286        1.5120501205261507     
   20135.625080098842        1.5132100057995559     
   19770.322885410664        1.5143695681750193     
   19411.537527735032        1.5155288286500235     
   19059.156104311685        1.5166878080489368     
   18713.067560843418        1.5178465269259176     
   18373.162667067678        1.5190050056267415     
   18039.333989914605        1.5201632642855383     
   17711.475867118468        1.5213213228264622     
   17389.484381761002        1.5224792009835282     
   17073.257334896683        1.5236369182590481     
   16762.694221976373        1.5247944939803117     
   16457.696207258632        1.5259519472941252     
   16158.166098825226        1.5271092971704268     
   15864.008322805848        1.5282665623726721     
   15575.128900826368        1.5294237615171427     
   15291.435424859901        1.5305809130463917     
   15012.837033699785        1.5317380352436074     
   14739.244388523924        1.5328951462070415     
   14470.569651493946        1.5340522639168801     
   14206.726461124059        1.5352094061862758     
   13947.629910188918        1.5363665906863888     
   13693.196522870483        1.5375238349368170     
   13443.344233344340        1.5386811563367446     
   13197.992362806264        1.5398385721306613     
   12957.061599133664        1.5409960994600040     
   12720.473973921178        1.5421537553065585     
   12488.152843219685        1.5433115565664033     
   12260.022864887978        1.5444695199818725     
   12036.009979756185        1.5456276622136420     
   11816.041389861135        1.5467859997841558     
   11600.045539380921        1.5479445491194299     
   11387.952094449072        1.5491033265341372     
   11179.691924104287        1.5502623482542279     
   10975.197080556438        1.5514216303972721     
   10774.400780435573        1.5525811889843348     
   10577.237386414823        1.5537410399591525     
   10383.642387666607        1.5549011991373711     
   10193.552383541710        1.5560616823004290     
   10006.905063948878        1.5572225051164712     
   9823.6391925021271        1.5583836831837274     
   9643.6945884579090        1.5595452320004790     
   9467.0121107326104        1.5607071670316155     
   9293.5336394184360        1.5618695036288499     
   9123.2020604001609        1.5630322571043471     
   8955.9612480577925        1.5641954426869515     
   8791.7560494840545        1.5653590755495506     
   8630.5322681847338        1.5665231707923886     
   8472.2366489338528        1.5676877434818770     
   8316.8168613195594        1.5688528085966593     
   8164.2214854198546        1.5700183810884303     
   8014.3999962112912        1.5711844758523010     
   7867.3027483225997        1.5723511077008689     
   7722.8809627362461        1.5735182914532524     
   7581.0867111979032        1.5746860418597544     
   7441.8729021912413        1.5758543736114325     
   7305.1932677155055        1.5770233013953789     
   7171.0023486179252        1.5781928398320790     
   7039.2554817006048        1.5793630035238713     
   6909.9087861225153        1.5805338070385795     
   6782.9191501445875        1.5817052649013761     
   6658.2442184464580        1.5828773916154801     
   6535.8423794455412        1.5840502016693820     
   6415.6727525031911        1.5852237095171526     
   6297.6951756441395        1.5863979295851531     
   6181.8701937812093        1.5875728763052179     
   6068.1590459457711        1.5887485640468801     
   5956.5236545802363        1.5899250072112046     
   5846.9266130784463        1.5911022201565623     
   5739.3311750074063        1.5922802172560448     
   5633.7012421881436        1.5934590128348129     
   5530.0013542816505        1.5946386212302417     
   5428.1966779003069        1.5958190567938160     
   5328.2529954142165        1.5970003338433867     
   5230.1366949282119        1.5981824667150515     
   5133.8147595820483        1.5993654697299562     
   5039.2547576530542        1.6005493572265401     
   4946.4248323349684        1.6017341435423214     
   4855.2936918877867        1.6029198430169298     
   4765.8306000778630        1.6041064700101759     
   4678.0053664146635        1.6052940388800438     
   4591.7883368907887        1.6064825639993108     
   4507.1503847391223        1.6076720597574368     
   4424.0629012408372        1.6088625405502965     
   4342.4977871325291        1.6100540208255967     
   4262.4274432442135        1.6112465150144963     
   4183.8247622397630        1.6124400375821186     
   4106.6631199832073        1.6136346030138324     
   4030.9163673224443        1.6148302258387131     
   3956.5588215414646        1.6160269205881650     
   3883.5652586535657        1.6172247018524089     
   3811.9109049956778        1.6184235842191712     
   3741.5714298478720        1.6196235823416325     
   3672.5229373532175        1.6208247108841467     
   3604.7419592235606        1.6220269845665247     
   3538.2054471193328        1.6232304181405630     
   3472.8907655005587        1.6244350264194765     
   3408.7756839718586        1.6256408242062588     
   3345.8383708951033        1.6268478264097774     
   3284.0573859226265        1.6280560479646016     
   3223.4116731491686        1.6292655038305466     
   3163.8805547336146        1.6304762090575489     
   3105.4437239681788        1.6316881787333024     
   3048.0812388805557        1.6329014280049403     
   2991.7735157124612        1.6341159720576930     
   2936.5013228257067        1.6353318261540415     
   2882.2457745268721        1.6365490056395990     
   2828.9883246654604        1.6377675258813715     
   2776.7107609502546        1.6389874023270457     
   2725.3951990568198        1.6402086505055591     
   2675.0240767961777        1.6414312860185478     
   2625.5801483792911        1.6426553245301596     
   2577.0464788232312        1.6438807817652923     
   2529.4064386053537        1.6451076735436960     
   2482.6436982368587        1.6463360157762250     
   2436.7422227646011        1.6475658244205886     
   2391.6862669160591        1.6487971155684737     
   2347.4603695072888        1.6500299053338536     
   2304.0493488148791        1.6512642099542774     
   2261.4382975949034        1.6525000457877699     
   2219.6125778839469        1.6537374292284837     
   2178.5578165524230        1.6549763767942678     
   2138.2599004952149        1.6562169051010449     
   2098.7049720632876        1.6574590308795298     
   2059.8794242829708        1.6587027709076239     
   2021.7698968402867        1.6599481421398141     
   1984.3632712569968        1.6611951615830449     
   1947.6466669236315        1.6624438463986304     
   1911.6074366214677        1.6636942138319166     
   1876.2331624762221        1.6649462812483664     
   1841.5116518122707        1.6662000661173213     
   1807.4309333133233        1.6674555860730949     
   1773.9792527979487        1.6687128588267459     
   1741.1450695928861        1.6699719022521191     
   1708.9170525291051        1.6712327343236917     
   1677.2840763480826        1.6724953731712615     
   1646.2352178651952        1.6737598370268720     
   1615.7597525368556        1.6750261442938355     
   1585.8471507807453        1.6762943135038757     
   1556.4870745335293        1.6775643633376771     
   1527.6693737484322        1.6788363125994490     
   1499.3840832022559        1.6801101802901921     
   1471.6214189167258        1.6813859855029918     
   1444.3717751539211        1.6826637475267592     
   1417.6257211201944        1.6839434858095150     
   1391.3739978001090        1.6852252199502038     
   1365.6075149057453        1.6865089697161884     
   1340.3173478321187        1.6877947550404948     
   1315.4947346917857        1.6890825960308344     
   1291.1310733989244        1.6903725129779335     
   1267.2179187824486        1.6916645263528356     
   1243.7469797312917        1.6929586567952506     
   1220.7101164657811        1.6942549251386683     
   1198.0993378058088        1.6955533524110846     
   1175.9067984918497        1.6968539598380294     
   1154.1247965383334        1.6981567688372168     
   1132.7457706597322        1.6994618010270917     
   1111.7622977209876        1.7007690782237754     
   1091.1670902750002        1.7020786224617122     
   1070.9529941192898        1.7033904560019419     
   1051.1129858495660        1.7047046013124063     
   1031.6401705095459        1.7060210810790268     
   1012.5277792711349        1.7073399182097151     
   993.76916719505539        1.7086611358649253     
   975.35781093164019        1.7099847574244775     
   957.28730652091031        1.7113108064902693     
   939.55136733128813        1.7126393069573538     
   922.14382180993380        1.7139702829341141     
   905.05861145708570        1.7153037587853703     
   888.28978876941517        1.7166397591307607     
   871.83151526412212        1.7179783088756466     
   855.67805945400107        1.7193194331800445     
   839.82379491133770        1.7206631574659996     
   824.26319841049860        1.7220095074590942     
   808.99084799521302        1.7233585091467818     
   794.00142117436530        1.7247101888098766     
   779.28969313643506        1.7260645730446558     
   764.85053492331235        1.7274216887251264     
   750.67891171844292        1.7287815630320669     
   736.76988116896484        1.7301442234880084     
   723.11859161582731        1.7315096978839739     
   709.72028054749637        1.7328780143764317     
   696.57027289566599        1.7342492014177684     
   683.66397952552052        1.7356232878383984     
   670.99689557861473        1.7370003027631729     
   658.56459902930533        1.7383802757056412     
   646.36274911052305        1.7397632365089721     
   634.38708489469616        1.7411492154146968     
   622.63342374090223        1.7425382429660639     
   611.09765998848798        1.7439303501413701     
   599.77576349156561        1.7453255682955651     
   588.66377822101640        1.7467239291424379     
   577.75782096286321        1.7481254648175750     
   567.05407995330199        1.7495302078435930     
   556.54881361532853        1.7509381911854724     
   546.23834923376160        1.7523494482052007     
   536.11908170852587        1.7537640126813034     
   526.18747235166222        1.7551819188561009     
   516.44004764166107        1.7566032014030626     
   506.87339804257698        1.7580278954468540     
   497.48417684475180        1.7594560365846557     
   488.26909898812414        1.7608876608561883     
   479.22493997464892        1.7623228048063742     
   470.34853473582695        1.7637615054597018     
   461.63677655487993        1.7652038003423081     
   453.08661598417450        1.7666497274683235     
   444.69505981587577        1.7680993253766841     
   436.45917006865079        1.7695526331667919     
   428.37606290809833        1.7710096904003871     
   420.44290773586692        1.7724705372376950     
   412.65692619249114        1.7739352144156899     
   405.01539113870990        1.7754037631529980     
   397.51562581903494        1.7768762253327992     
   390.15500287166287        1.7783526434014658     
   382.93094341105808        1.7798330603550312     
   375.84091619824011        1.7813175198566817     
   368.88243673436284        1.7828060661905152     
   362.05306638547654        1.7842987442382314     
   355.35041156345289        1.7857955995320842     
   348.77212292995057        1.7872966783292323     
   342.31589449815709        1.7888020274515997     
   335.97946293082299        1.7903116944870281     
   329.76060670901370        1.7918257277057670     
   323.65714534790169        1.7933441760364692     
   317.66693869298160        1.7948670891864544     
   311.78788614076313        1.7963945175727010     
   306.01792594539256        1.7979265124113177     
   300.35503445987314        1.7994631256284239     
   294.79722545729032        1.8010044099229940     
   289.34254946558599        1.8025504188367381     
   283.98909306788124        1.8041012067133284     
   278.73497822831905        1.8056568286837562     
   273.57836167320499        1.8072173407632381     
   268.51743422544399        1.8087827998006691     
   263.55042019739471        1.8103532635483401     
   258.67557674571441        1.8119287906001893     
   253.89119330891961        1.8135094405248569     
   249.19559096335965        1.8150952737438222     
   244.58712189236391        1.8166863516964207     
   240.06416876681519        1.8182827367225611     
   235.62514421023914        1.8198844921586139     
   231.26849026321088        1.8214916824089429     
   226.99267778308473        1.8231043727819669     
   222.79620597831143        1.8247226297160526     
   218.67760184726450        1.8263465206767053     
   214.63541967399757        1.8279761142014253     
   210.66824051711259        1.8296114798923386     
   206.77467176465939        1.8312526886074223     
   202.95334656157038        1.8328998121760045     
   199.20292342275178        1.8345529237350666     
   195.52208570265310        1.8362120975256140     
   191.90954116943087        1.8378774090352414     
   188.36402154133683        1.8395489349719916     
   184.88428204821858        1.8412267533011615     
   181.46910100623361        1.8429109433056781     
   178.11727937553823        1.8446015855461479     
   174.82764035438544        1.8462987619346793     
   171.59902896080061        1.8480025557302553     
   168.43031162954901        1.8497130515621696     
   165.32037583911131        1.8514303355596391     
   162.26812967876572        1.8531544951800152     
   159.27250151038729        1.8548856194300500     
   156.33243956890215        1.8566237987805088     
   153.44691160911827        1.8583691252613272     
   150.61490452499325        1.8601216923941257     
   147.83542403205357        1.8618815954032122     
   145.10749427710763        1.8636489310334614     
   142.43015753236463        1.8654237977616415     
   139.80247382446601        1.8672062956383952     
   137.22352065100242        1.8689965265633335     
   134.69239260979765        1.8707945940584283     
   132.20820113795989        1.8726006036138982     
   129.77007412797585        1.8744146623082092     
   127.37715570074391        1.8762368792947748     
   125.02860584520498        1.8780673654845845     
   122.72360015229680        1.8799062337468575     
   120.46132953123958        1.8817535989817706     
   118.24099990320677        1.8836095780144870     
   116.06183194869662        1.8854742897979548     
   113.92306081258829        1.8873478553110026     
   111.82393584669049        1.8892303976672431     
   109.76372035738592        1.8911220422341875     
   107.74169131279194        1.8930229164325223     
   105.75713913758668        1.8949331501222382     
   103.80936743350456        1.8968528754334719     
   101.89769271779203        1.8987822266737169     
   100.02144423167395        1.9007213407378409     
   98.179963670745337        1.9026703568993319     
   96.372604961486644        1.9046294169125269     
   94.598734038093070        1.9065986650915625     
   92.857728616642703        1.9085782483338218     
   91.148977978420746        1.9105683161863722     
   89.471882753368178        1.9125690208790367     
   87.825854706203145        1.9145805173458577     
   86.210316546679124        1.9166029634319373     
   84.624394435754979        1.9186342345523362     
   83.068146277643351        1.9206790045646462     
   81.540719617002040        1.9227352127314559     
   80.041578896844698        1.9248030285198261     
   78.570198517271635        1.9268826244957287     
   77.126062649494784        1.9289741763737798     
   75.708665054469492        1.9310778630788918     
   74.317508905004317        1.9331938668105368     
   72.952106610958538        1.9353223731060971     
   71.611979647864089        1.9374635709075867     
   70.296658388658841        1.9396176526290945     
   69.005681938341311        1.9417848142233305     
   67.738597972076491        1.9439652552541049     
   66.494962575851147        1.9461591789649475     
   65.274340090427302        1.9483667923533079     
   64.076302957945984        1.9505883062432969     
   62.900431571493378        1.9528239353613870     
   61.746314127371988        1.9550738984125806     
   60.613546480233239        1.9573384181597517     
   59.501732000693124        1.9596177215018566     
   58.410481435753951        1.9619120395559653     
   57.339412771702186        1.9642216077393733     
   56.288151099613522        1.9665466658542741     
   55.256328483286730        1.9688874581731457     
   54.243583829656998        1.9712442335262585     
   53.249562761652037        1.9736172453915182     
   52.273917493194382        1.9760067519827307     
   51.316306706868573        1.9784130163450553     
   50.376395433512592        1.9808363064467787     
   49.453854934257478        1.9832768952763331     
   48.548362584599815        1.9857350609385480     
   47.659601760807291        1.9882110867558838     
   46.787261728205543        1.9907052613676128     
   45.931037531679699        1.9932178788333381     
   45.090629888204674        1.9957492387384357     
   44.265745081302541        1.9982996463002229     
   43.456094857476174        2.0008694124763773     
   42.661396324566411        2.0034588540753768     
   41.881371851993663        2.0060682938689038     
   41.115748972912684        2.0086980607075793     
   40.364260287966928        2.0113484896342624     
   39.626643371119130        2.0140199220054393     
   38.902640677079233        2.0167127056116718     
   38.191999450277052        2.0194271947962021     
   37.494471635982009        2.0221637505859391     
   36.809813792492854        2.0249227408115109     
   36.137787005413585        2.0277045402398399     
   35.478156803367668        2.0305095307055434     
   34.830693075190574        2.0333381012424159     
   34.195169988692406        2.0361906482178069     
   33.571365911031883        2.0390675754718748     
   32.959063330560980        2.0419692944590797     
   32.358048779929945        2.0448962243869384     
   31.768112760696134        2.0478487923588449     
   31.189049669553714        2.0508274335253649     
   30.620657725641550        2.0538325912298911     
   30.062738899285037        2.0568647171587866     
   29.515098842189911        2.0599242714976858     
   28.977546818776986        2.0630117230856677     
   28.449895638763365        2.0661275495707074     
   27.931961591126136        2.0692722375714432     
   27.423564379354396        2.0724462828435102     
   26.924527057547358        2.0756501904366740     
   26.434675968049291        2.0788844748655100     
   25.953840680303266        2.0821496602848999     
   25.481853930138868        2.0854462806435548     
   25.018551561456643        2.0887748798840673     
   24.563772467589292        2.0921360120958976     
   24.117358534712853        2.0955302417045543     
   23.679154585880728        2.0989581436476765     
   23.249008326342960        2.1024203035626008     
   22.826770289617450        2.1059173179660347     
   22.412293784685716        2.1094497944404242     
   22.005434844440625        2.1130183518338073     
   21.606052174496828        2.1166236204374433     
   21.214007103249553        2.1202662421770846     
   20.829163533197153        2.1239468708210936     
   20.451387892759097        2.1276661721732997     
   20.080549088728887        2.1314248242553262     
   19.716518460378751        2.1352235175252741     
   19.359169734149862        2.1390629550874602     
   19.008378978447038        2.1429438528680183     
   18.664024559653008        2.1468669398084645     
   18.325987100632787        2.1508329581453620     
   17.994149437148689        2.1548426635492977     
   17.668396576398290        2.1588968253280556     
   17.348615657252054        2.1629962266810501     
   17.034695909978542        2.1671416648900386     
   16.726528616833562        2.1713339515149821     
   16.424007073838350        2.1755739126155151     
   16.127026554159691        2.1798623890269360     
   15.835484268238515        2.1842002364058910     
   15.549279330783500        2.1885883256352958     
   15.268312722831030        2.1930275429023416     
   14.992487256726541        2.1975187899022695     
   14.721707544368833        2.2020629842143040     
   14.455879961481557        2.2066610593873559     
   14.194912613613004        2.2113139650847242     
   13.938715304986053        2.2160226673761168     
   13.687199507879255        2.2207881490315904     
   13.440278327748732        2.2256114094756416     
   13.197866477552934        2.2304934653431463     
   12.959880240655684        2.2354353501728714     
   12.726237452360870        2.2404381154288302     
   12.496857456061734        2.2455028295780730     
   12.271661089645189        2.2506305794160282     
   12.050570643237656        2.2558224691348605     
   11.833509848272303        2.2610796218259179     
   11.620403830194345        2.2664031780036265     
   11.411179102946974        2.2717942975084631     
   11.205763524255959        2.2772541580989056     
   11.004086278989032        2.2827839563791938     
   10.806077846816969        2.2883849073053466     
   10.611673416392392        2.2940585693077633     
   10.420796961492638        2.2998053788706789     
   10.233389819831814        2.3056272170886070     
   10.049385461710978        2.3115252159938326     
   9.8687202077281757        2.3175006580584614     
   9.6913313693457646        2.3235548290218597     
   9.5171572008458689        2.3296890152547616     
   9.3461370008133304        2.3359045153054145     
   9.1782119166747265        2.3422027149661604     
   9.0133513355453179        2.3485873902273378     
   8.8514504922897075        2.3550555906835751     
   8.6925159749921974        2.3616155650176358     
   8.5362772581443949        2.3682429727010446     
   8.3831247188564202        2.3749927899484033     
   8.2326244812075906        2.3818205133862800     
   8.0848476978153219        2.3887426067928672     
   7.9397004913305773        2.3957550069324132     
   7.7971624882372526        2.4028629794349134     
   7.6356241945453283        2.4071164791685238     
   7.3728432100925785        2.4230820649808971     
   7.2507185097154041        2.4320751462312078     
   7.1223720874520504        2.4399568207399973     
   6.9896336556727352        2.4469355583971537     
   6.8684957671268236        2.4554329137537523     
   6.7437898987611851        2.4631487492904940     
   6.6229860743183115        2.4712404619485060     
   6.5029595859763045        2.4792187674086059     
   6.2738130813629631        2.4962846050083218     
   6.1611293459776428        2.5047973852386445     
   6.0504413479765011        2.5134287972794835     
   5.9311294961265055        2.5202470968739403     
   5.8349605005895651        2.5310654243440611     
   5.7301453159951405        2.5400843657478211     
   5.6269844548378147        2.5491921442184586     
   5.5257428057769742        2.5584477012332800     
   5.4263066064178567        2.5678380867678197     
   5.2856202774372667        2.5684537316916334     
   5.0456368956407118        2.6067226714282903     
   4.9545758239980522        2.6167832644595106     
   4.8651120945674666        2.6269872192602115     
   4.7772049868033974        2.6373340791855506     
   4.6908308285210589        2.6478271284242716     
   4.6059339792492526        2.6584618770302280     
   4.5225130632364454        2.6692468666255889     
   4.4405229106774113        2.6801795667961299     
   4.3599379867762522        2.6912622642950543     
   4.2806983859349588        2.7024884073712045     
   4.2028538308548899        2.7138788005988097     
   4.1263262755453232        2.7254222291590855     
   4.0510917415869727        2.7371206353522330     
   3.9771247988030232        2.7489754541533897     
   3.9043998696935778        2.7609879141013134     
   3.8328914727154650        2.7731590846710295     
   3.7625743163425436        2.7854898887415427     
   3.6934233561386338        2.7979811076952079     
   3.6254138149925481        2.8106333769859271     
   3.5585211851727583        2.8234471763317681     
   3.4927212259077511        2.8364228181077986     
   3.4279899516431680        2.8495604319503727     
   3.3643036186450987        2.8628599476942229     
   3.3016387089030124        2.8763210760772946     
   3.2399719115708421        2.8899432870501442     
   3.1792801030988791        2.9037257858644585     
   3.1195403250799223        2.9176674863576393     
   3.0607297601297909        2.9317669812745759     
   3.0028257063141015        2.9460225095418009     
   2.9458055485343362        2.9604319195616391     
   2.8896467274773272        2.9749926283693089     
   2.8343267055802279        2.9897015760103036     
   2.7798229291292094        3.0045551742697794     
   2.7261127864762877        3.0195492491571270     
   2.6731735610441425        3.0346789758906318     
   2.6209823787994257        3.0499388054247976     
   2.5695161487657603        3.0653223809263426     
   2.5187514953835257        3.0808224425017285     
   2.4686646812722222        3.0964307181328943     
   2.4192315183405677        3.1121377981928200     
   2.3704272647540985        3.1279329903220896     
   2.3222265049475563        3.1438041508240566     
   2.2746030087198141        3.1597374875648216     
   2.2275295647029330        3.1757173282159812     
   2.1809777818772713        3.1917258458417441     
   2.1349178512442899        3.2077427317075102     
   2.0893182571180633        3.2237448020413613     
   2.0441599364704386        3.2397139774699992     
   1.9993780720401686        3.2556032746749346     
   1.9549479127821199        3.2713857154836479     
   1.9108265856470750        3.2870205991250421     
   1.8669666536540803        3.3024605486946008     
   1.8233149334478465        3.3176500193326106     
   1.7798109895027665        3.3325233815345934     
   1.7363850774554452        3.3470023484972713     
   1.6929553900862253        3.3609925331014474     
   1.6494243582336601        3.3743787830692886     
   1.6056725288322076        3.3870179582243884     
   1.5615505073890044        3.3987290275204876     
   1.5168657415101046        3.4092773543382009     
   1.4713611171566818        3.4183494410184077     
   1.4246778263258237        3.4255095837392719     
   1.3762856008008877        3.4301193104008911     
   1.3253365755571465        3.4311704667270719     
   1.2703067970011857        3.4268802479463876     
   1.2078584186945769        3.4134202146199542     
   1.1267353462604051        3.3781698351521605     
