           1  0.48390680073995901       0.62304067598130097        5.9418081297880967E-002   2.3485688756566696E-002
           2  0.48352941858433396       0.62320049109710196        5.9554885274143078E-002   2.3474736120791623E-002
           3  0.48315180881436115       0.62335962855730842        5.9691616906543676E-002   2.3463901668990175E-002
           4  0.48277388618457601       0.62351830838964473        5.9828452282016609E-002   2.3453145593327802E-002
           5  0.48239564526570217       0.62367653603133610        5.9965393341831534E-002   2.3442467269172877E-002
           6  0.48201707717205028       0.62383431819943025        6.0102443495408713E-002   2.3431865907059247E-002
           7  0.48163817312853185       0.62399166147793983        6.0239606107243819E-002   2.3421340735090033E-002
           8  0.48125892442403490       0.62414857232952825        6.0376884514223086E-002   2.3410890997685160E-002
           9  0.48087932246053988       0.62430505709749096        6.0514282012215183E-002   2.3400515954694348E-002
          10  0.48049935868432375       0.62446112200950521        6.0651801875436825E-002   2.3390214881707450E-002
          11  0.48011902463029732       0.62461677318105269        6.0789447344618316E-002   2.3379987069057542E-002
          12  0.47973831191526844       0.62477201661715709        6.0927221629016926E-002   2.3369831821656417E-002
          13  0.47935721221232730       0.62492685821659932        6.1065127914004709E-002   2.3359748458762479E-002
          14  0.47897571725547433       0.62508130377344040        6.1203169359816456E-002   2.3349736313636328E-002
          15  0.47859381886422292       0.62523535898071880        6.1341349095346463E-002   2.3339794732843117E-002
          16  0.47821150889565145       0.62538902943272634        6.1479670231546657E-002   2.3329923076464611E-002
          17  0.47782877928355233       0.62554232062691417        6.1618135850754291E-002   2.3320120717341165E-002
          18  0.47744562202463658       0.62569523796679105        6.1756749010907330E-002   2.3310387040880724E-002
          19  0.47706202913897972       0.62584778676452102        6.1895512756789936E-002   2.3300721445212429E-002
          20  0.47667799273312489       0.62599997224254433        6.2034430102649196E-002   2.3291123340127166E-002
          21  0.47629350494226352       0.62615179953627775        6.2173504048574947E-002   2.3281592147452856E-002
          22  0.47590855796911413       0.62630327369590744        6.2312737569907968E-002   2.3272127300341432E-002
          23  0.47552314404580015       0.62645439968870653        6.2452133628094528E-002   2.3262728243425661E-002
          24  0.47513725545810520       0.62660518240070617        6.2591695164061836E-002   2.3253394432251495E-002
          25  0.47475088451813369       0.62675562663907280        6.2731425106154232E-002   2.3244125333344540E-002
          26  0.47436402361410296       0.62690573713332798        6.2871326356409810E-002   2.3234920423393271E-002
          27  0.47397666514186743       0.62705551853815544        6.3011401809923151E-002   2.3225779189737356E-002
          28  0.47358880153836808       0.62720497543406417        6.3151654345575806E-002   2.3216701129854734E-002
          29  0.47320042528997691       0.62735411232958471        6.3292086823968127E-002   2.3207685750939486E-002
          30  0.47281152891456907       0.62750293366319276        6.3432702092685866E-002   2.3198732569895963E-002
          31  0.47242210493996140       0.62765144380462046        6.3573502992419831E-002   2.3189841113441013E-002
          32  0.47203214596378995       0.62779964705610214        6.3714492340373685E-002   2.3181010917119590E-002
          33  0.47164164456963648       0.62794754765452221        6.3855672953969905E-002   2.3172241526143281E-002
          34  0.47125059340018272       0.62809514977263670        6.3997047630550141E-002   2.3163532494261469E-002
          35  0.47085898511517088       0.62824245752038022        6.4138619159294571E-002   2.3154883384141112E-002
          36  0.47046681239610683       0.62838947494626896        6.4280390320009054E-002   2.3146293767091083E-002
          37  0.47007406794851953       0.62853620603894800        6.4422363882704503E-002   2.3137763222832390E-002
          38  0.46968074448984781       0.62868265472827212        6.4564542611154921E-002   2.3129291339552830E-002
          39  0.46928683478156002       0.62882882488630176        6.4706929253900383E-002   2.3120877713251303E-002
          40  0.46889233159438415       0.62897472032983992        6.4849526554540723E-002   2.3112521948001619E-002
          41  0.46849722770785601       0.62912034481950685        6.4992337251397275E-002   2.3104223655925130E-002
          42  0.46810151591708404       0.62926570206316501        6.5135364076336119E-002   2.3095982456765998E-002
          43  0.46770518905252539       0.62941079571536451        6.5278609749013214E-002   2.3087797977639244E-002
          44  0.46730823993925180       0.62955562937888920        6.5422076988454050E-002   2.3079669853358919E-002
          45  0.46691066142209448       0.62970020660691350        6.5565768506441538E-002   2.3071597725886496E-002
          46  0.46651244635176448       0.62984453090198178        6.5709687011034135E-002   2.3063581244548773E-002
          47  0.46611358761141369       0.62998860571904458        6.5853835199750022E-002   2.3055620065384336E-002
          48  0.46571407806524379       0.63013243446510370        6.5998215773737781E-002   2.3047713851788554E-002
          49  0.46531391059919996       0.63027602050084774        6.6142831426682092E-002   2.3039862273809289E-002
          50  0.46491307810320226       0.63041936714136337        6.6287684849841211E-002   2.3032065008269837E-002
          51  0.46451157348128735       0.63056247765702744        6.6432778729338254E-002   2.3024321738518570E-002
          52  0.46410938962913789       0.63070535527447225        6.6578115752578285E-002   2.3016632154607412E-002
          53  0.46370651946207159       0.63084800317707768        6.6723698600451187E-002   2.3008995952848197E-002
          54  0.46330295587935089       0.63099042450675014        6.6869529957634580E-002   2.3001412836054714E-002
          55  0.46289869180680820       0.63113262236367373        6.7015612500547800E-002   2.2993882513022992E-002
          56  0.46249372014341456       0.63127459980752454        6.7161948912525984E-002   2.2986404699056644E-002
          57  0.46208803381571345       0.63141635985867628        6.7308541868734612E-002   2.2978979115112836E-002
          58  0.46168162572300087       0.63155790549816337        6.7455394051531781E-002   2.2971605488527204E-002
          59  0.46127448878289296       0.63169923966882735        6.7602508137851930E-002   2.2964283552269996E-002
          60  0.46086661590226052       0.63184036527636533        6.7749886807523266E-002   2.2957013045180455E-002
          61  0.46045799998753212       0.63198128518913088        6.7897532740293365E-002   2.2949793711849992E-002
          62  0.46004863393161766       0.63212200223963078        6.8045448619818844E-002   2.2942625302652501E-002
          63  0.45963851062969252       0.63226251922507481        6.8193637129247753E-002   2.2935507573412381E-002
          64  0.45922762297058023       0.63240283890747728        6.8342100953663165E-002   2.2928440285536658E-002
          65  0.45881596382472445       0.63254296401471333        6.8490842783653610E-002   2.2921423206032274E-002
          66  0.45840352608554413       0.63268289724158400        6.8639865303861278E-002   2.2914456106843790E-002
          67  0.45799030259579049       0.63282264124916254        6.8789171213532993E-002   2.2907538765867347E-002
          68  0.45757628621207880       0.63296219866642367        6.8938763208688386E-002   2.2900670965947945E-002
          69  0.45716146977224476       0.63310157209042150        6.9088643991320836E-002   2.2893852495261671E-002
          70  0.45674584612060204       0.63324076408713881        6.9238816262412378E-002   2.2887083146869925E-002
          71  0.45632940805622380       0.63337977719140137        6.9389282736519522E-002   2.2880362719447267E-002
          72  0.45591214839721478       0.63351861390796949        6.9540046123798910E-002   2.2873691016255936E-002
          73  0.45549405992525649       0.63365727671190897        6.9691109145792116E-002   2.2867067845895893E-002
          74  0.45507513541960654       0.63379576804894655        6.9842474525827231E-002   2.2860493021759597E-002
          75  0.45465536763831776       0.63393409033617010        6.9994144994456775E-002   2.2853966362218096E-002
          76  0.45423474933171282       0.63407224596228640        7.0146123285736703E-002   2.2847487690410766E-002
          77  0.45381327321226916       0.63421023728769477        7.0298412145736164E-002   2.2841056834666876E-002
          78  0.45339093200151653       0.63434806664634114        7.0451014319600616E-002   2.2834673627604985E-002
          79  0.45296771837955369       0.63448573634446626        7.0603932565655836E-002   2.2828337907023582E-002
          80  0.45254362501178919       0.63462324866202402        7.0757169648062654E-002   2.2822049515331982E-002
          81  0.45211864457035150       0.63476060585305238        7.0910728330877817E-002   2.2815808299240889E-002
          82  0.45169276966232424       0.63489781014495572        7.1064611398204830E-002   2.2809614110814953E-002
          83  0.45126599289556729       0.63503486374092222        7.1218821636054114E-002   2.2803466806314385E-002
          84  0.45083830686787940       0.63517176881866222        7.1373361835181726E-002   2.2797366246479295E-002
          85  0.45040970412571280       0.63530852753134170        7.1528234802979707E-002   2.2791312296997771E-002
          86  0.44998017721402706       0.63544514200750857        7.1683443349276746E-002   2.2785304827808859E-002
          87  0.44954971864160531       0.63558161435253524        7.1838990296617639E-002   2.2779343713482361E-002
          88  0.44911832089223663       0.63571794664784842        7.1994878476825633E-002   2.2773428833098401E-002
          89  0.44868597643303254       0.63585414095158799        7.2151110728842532E-002   2.2767560070091140E-002
          90  0.44825267769993465       0.63599019929931666        7.2307689902990246E-002   2.2761737312361110E-002
          91  0.44781841709118847       0.63612612370358046        7.2464618862762592E-002   2.2755960452433908E-002
          92  0.44738318698549134       0.63626191615488226        7.2621900479885051E-002   2.2750229387102677E-002
          93  0.44694697973783437       0.63639757862192603        7.2779537635569894E-002   2.2744544017461270E-002
          94  0.44650978765180388       0.63653311305122617        7.2937533228352433E-002   2.2738904249359353E-002
          95  0.44607160303835802       0.63666852136851981        7.3095890157645532E-002   2.2733309992403174E-002
          96  0.44563241813770565       0.63680380547780080        7.3254611345858228E-002   2.2727761161193523E-002
          97  0.44519222518294882       0.63693896726268140        7.3413699720508749E-002   2.2722257674271495E-002
          98  0.44475101635191594       0.63707400858554675        7.3573158227862395E-002   2.2716799454904062E-002
          99  0.44430878382240402       0.63720893128913081        7.3732989817549680E-002   2.2711386430164498E-002
         100  0.44386551972080696       0.63734373719548387        7.3893197456966916E-002   2.2706018531725762E-002
         101  0.44342121612320762       0.63747842810675737        7.4053784131243403E-002   2.2700695695849100E-002
         102  0.44297586509567549       0.63761300580579483        7.4214752831821357E-002   2.2695417862679240E-002
         103  0.44252945865215026       0.63774747205577897        7.4376106568538700E-002   2.2690184976970191E-002
         104  0.44208198878173172       0.63788182860046039        7.4537848361826003E-002   2.2684996987622899E-002
         105  0.44163344742464972       0.63801607716480657        7.4699981249796585E-002   2.2679853847987888E-002
         106  0.44118382648715454       0.63815021945467321        7.4862508283981583E-002   2.2674755515732718E-002
         107  0.44073311784063307       0.63828425715745829        7.5025432529721145E-002   2.2669701952755663E-002
         108  0.44028131330743825       0.63841819194211502        7.5188757070309822E-002   2.2664693125436570E-002
         109  0.43982840467874640       0.63855202545893563        7.5352485001844077E-002   2.2659729004392348E-002
         110  0.43937438370435106       0.63868575934056382        7.5516619436464663E-002   2.2654809564559647E-002
         111  0.43891924208952104       0.63881939520142195        7.5681163503101820E-002   2.2649934785272195E-002
         112  0.43846297150602143       0.63895293463823277        7.5846120344590831E-002   2.2645104650127597E-002
         113  0.43800556355326581       0.63908637922959810        7.6011493128667729E-002   2.2640319147556844E-002
         114  0.43754700981896794       0.63921973053717973        7.6177285030954833E-002   2.2635578269872159E-002
         115  0.43708730183583427       0.63935299010499602        7.6343499247259111E-002   2.2630882013971280E-002
         116  0.43662643109577265       0.63948615946011766        7.6510138989736104E-002   2.2626230381090365E-002
         117  0.43616438902859511       0.63961924011207183        7.6677207492886368E-002   2.2621623377181682E-002
         118  0.43570116703935285       0.63975223355352173        7.6844708003073137E-002   2.2617061012330453E-002
         119  0.43523675646246152       0.63988514126040064        7.7012643791822821E-002   2.2612543301442255E-002
         120  0.43477114861195448       0.64001796469172201        7.7181018141342567E-002   2.2608070263523582E-002
         121  0.43430433472795787       0.64015070528982865        7.7349834360127809E-002   2.2603641922507980E-002
         122  0.43383630602201206       0.64028336448090750        7.7519095769985794E-002   2.2599258306492460E-002
         123  0.43336705363861860       0.64041594367386545        7.7688805717021775E-002   2.2594919448504634E-002
         124  0.43289656867986687       0.64054844426175472        7.7858967564912465E-002   2.2590625386005869E-002
         125  0.43242484217898425       0.64068086762103282        7.8029584702462546E-002   2.2586376161384921E-002
         126  0.43195186516411849       0.64081321511272504        7.8200660525472671E-002   2.2582171820884706E-002
         127  0.43147762855684441       0.64094548808044194        7.8372198465760518E-002   2.2578012416394878E-002
         128  0.43100212324523923       0.64107768785231700        7.8544201970504463E-002   2.2573898004164043E-002
         129  0.43052534008496107       0.64120981574099112        7.8716674502051678E-002   2.2569828644812551E-002
         130  0.43004726984156066       0.64134187304205048        7.8889619554314450E-002   2.2565804404402798E-002
         131  0.42956790323888128       0.64147386103547699        7.9063040639188564E-002   2.2561825353580634E-002
         132  0.42908723094250212       0.64160578098575050        7.9236941291471713E-002   2.2557891567865179E-002
         133  0.42860524357680141       0.64173763414121121        7.9411325063860422E-002   2.2554003127470520E-002
         134  0.42812193169353485       0.64186942173440642        7.9586195536233403E-002   2.2550160117789000E-002
         135  0.42763728576647847       0.64200114498169991        7.9761556317172869E-002   2.2546362629534248E-002
         136  0.42715129624821774       0.64213280508422044        7.9937411027886290E-002   2.2542610757851082E-002
         137  0.42666395351761593       0.64226440322700507        8.0113763317309614E-002   2.2538904603203225E-002
         138  0.42617524788247974       0.64239594057941984        8.0290616861536601E-002   2.2535244271352051E-002
         139  0.42568516958476915       0.64252741829459759        8.0467975362249394E-002   2.2531629873334687E-002
         140  0.42519370881621588       0.64265883751078545        8.0645842542712190E-002   2.2528061525209097E-002
         141  0.42470085571409050       0.64279019934962234        8.0824222148565952E-002   2.2524539348227117E-002
         142  0.42420660033856283       0.64292150491736311        8.1003117954965856E-002   2.2521063469203826E-002
         143  0.42371093267368204       0.64305275530425843        8.1182533766115825E-002   2.2517634020525479E-002
         144  0.42321384266848577       0.64318395158486918        8.1362473403607596E-002   2.2514251139573459E-002
         145  0.42271532016145164       0.64331509481747762        8.1542940728361463E-002   2.2510914969993648E-002
         146  0.42221535498059182       0.64344618604510140        8.1723939611841115E-002   2.2507625660082329E-002
         147  0.42171393685569680       0.64357722629455683        8.1905473961541519E-002   2.2504383364286305E-002
         148  0.42121105541954451       0.64370821657600874        8.2087547720619977E-002   2.2501188243278999E-002
         149  0.42070670028748536       0.64383915788441359        8.2270164845200000E-002   2.2498040462638504E-002
         150  0.42020086097995385       0.64397005119832296        8.2453329326860586E-002   2.2494940194222025E-002
         151  0.41969352694575257       0.64410089748012622        8.2637045185967858E-002   2.2491887615824657E-002
         152  0.41918468754692029       0.64423169767516264        8.2821316476041504E-002   2.2488882911548824E-002
         153  0.41867433212728955       0.64436245271425518        8.3006147264554811E-002   2.2485926270583146E-002
         154  0.41816244988831663       0.64449316350971764        8.3191541668299937E-002   2.2483017889525100E-002
         155  0.41764903001130826       0.64462383095909981        8.3377503818788154E-002   2.2480157970225866E-002
         156  0.41713406155897165       0.64475445594177461        8.3564037890324225E-002   2.2477346721663832E-002
         157  0.41661753354791076       0.64488503932182950        8.3751148079712331E-002   2.2474584358649689E-002
         158  0.41609943491117402       0.64501558194551456        8.3938838616714001E-002   2.2471871102683741E-002
         159  0.41557975451936796       0.64514608464298817        8.4127113758473607E-002   2.2469207181527062E-002
         160  0.41505848112319010       0.64527654822636937        8.4315977806043038E-002   2.2466592830362654E-002
         161  0.41453560343734147       0.64540697349132492        8.4505435080337560E-002   2.2464028290395090E-002
         162  0.41401111006441732       0.64553736121609850        8.4695489944418126E-002   2.2461513810193501E-002
         163  0.41348498955084306       0.64566771216132779        8.4886146787198649E-002   2.2459049644920095E-002
         164  0.41295723033958887       0.64579802706970613        8.5077410037434548E-002   2.2456636057168609E-002
         165  0.41242782082405038       0.64592830666739065        8.5269284148435529E-002   2.2454273316057101E-002
         166  0.41189674928062642       0.64605855166137960        8.5461773617405840E-002   2.2451961698614860E-002
         167  0.41136400391357386       0.64618876274102832        8.5654882972825350E-002   2.2449701489004485E-002
         168  0.41082957283667859       0.64631894057719852        8.5848616779862039E-002   2.2447492978994534E-002
         169  0.41029344410045254       0.64644908582289673        8.6042979632694416E-002   2.2445336467509118E-002
         170  0.40975560562455093       0.64657919911186357        8.6237976174282457E-002   2.2443232261951707E-002
         171  0.40921604529712985       0.64670928105959757        8.6433611067582530E-002   2.2441180676609686E-002
         172  0.40867475088202587       0.64683933226238866        8.6629889022877327E-002   2.2439182034305647E-002
         173  0.40813171005134696       0.64696935329675809        8.6826814788168657E-002   2.2437236665995196E-002
         174  0.40758691040028328       0.64709934472052100        8.7024393145412077E-002   2.2435344910568780E-002
         175  0.40704033942910089       0.64722930707142179        8.7222628915670869E-002   2.2433507115331972E-002
         176  0.40649198454988950       0.64735924086760110        8.7421526957447759E-002   2.2431723635943680E-002
         177  0.40594183308052129       0.64748914660700363        8.7621092168640474E-002   2.2429994836705443E-002
         178  0.40538987223637818       0.64761902476674238        8.7821329488942113E-002   2.2428321090792357E-002
         179  0.40483608913874070       0.64774887580352902        8.8022243897850072E-002   2.2426702780238443E-002
         180  0.40428047082698687       0.64787870015341931        8.8223840411170179E-002   2.2425140295838322E-002
         181  0.40372300423766899       0.64800849823127937        8.8426124087363403E-002   2.2423634037646859E-002
         182  0.40316367620491805       0.64813827043010619        8.8629100027512980E-002   2.2422184415145804E-002
         183  0.40260247346203304       0.64826801712131454        8.8832773375193561E-002   2.2420791847321982E-002
         184  0.40203938264797079       0.64839773865430927        8.9037149314679237E-002   2.2419456762664873E-002
         185  0.40147439030348958       0.64852743535622404        8.9242233072404475E-002   2.2418179599447488E-002
         186  0.40090748287560574       0.64865710753163186        8.9448029915748753E-002   2.2416960805730843E-002
         187  0.40033864670153496       0.64878675546201636        8.9654545158039986E-002   2.2415800839854741E-002
         188  0.39976786800225528       0.64891637940513824        8.9861784160512728E-002   2.2414700170665287E-002
         189  0.39919513290560699       0.64904597959536348        9.0069752325882338E-002   2.2413659277281853E-002
         190  0.39862042743911974       0.64917555624310186        9.0278455100696736E-002   2.2412678649397430E-002
         191  0.39804373752966876       0.64930510953471743        9.0487897975658260E-002   2.2411758787400201E-002
         192  0.39746504897421298       0.64943463963086800        9.0698086494262753E-002   2.2410900203167897E-002
         193  0.39688434747858636       0.64956414666771323        9.0909026241853083E-002   2.2410103419441829E-002
         194  0.39630161865843300       0.64969363075636311        9.1120722845642682E-002   2.2409368970039870E-002
         195  0.39571684797005624       0.64982309198076127        9.1333181994949525E-002   2.2408697401276750E-002
         196  0.39513002079310444       0.64995253039893019        9.1546409417319910E-002   2.2408089270682819E-002
         197  0.39454112239679801       0.65008194604287006        9.1760410889004357E-002   2.2407545147738333E-002
         198  0.39395013793830247       0.65021133891661875        9.1975192235171296E-002   2.2407065614193349E-002
         199  0.39335705244149266       0.65034070899683993        9.2190759336827993E-002   2.2406651264545274E-002
         200  0.39276185082560400       0.65047005623129317        9.2407118122223061E-002   2.2406302705863523E-002
         201  0.39216451791050660       0.65059938054053912        9.2624274566191211E-002   2.2406020557740752E-002
         202  0.39156503837264328       0.65072868181499066        9.2842234702815912E-002   2.2405805453419018E-002
         203  0.39096339679311187       0.65085795991599382        9.3061004611842510E-002   2.2405658039109027E-002
         204  0.39035957762954870       0.65098721467439757        9.3280590427080881E-002   2.2405578974750630E-002
         205  0.38975356520229404       0.65111644589081330        9.3500998341051786E-002   2.2405568934407205E-002
         206  0.38914534373141574       0.65124565333453266        9.3722234594012688E-002   2.2405628605919724E-002
         207  0.38853489731552004       0.65137483674323937        9.3944305480732723E-002   2.2405758691520387E-002
         208  0.38792220990098603       0.65150399582203311        9.4167217359820948E-002   2.2405959908570028E-002
         209  0.38730726535959809       0.65163313024380864        9.4390976631114287E-002   2.2406232988512090E-002
         210  0.38669004739892721       0.65176223964797564        9.4615589762572963E-002   2.2406578678589709E-002
         211  0.38607053963218702       0.65189132363968083        9.4841063269681905E-002   2.2406997741062046E-002
         212  0.38544872550427578       0.65202038178895538        9.5067403737801648E-002   2.2407490954642825E-002
         213  0.38482458838356548       0.65214941363203605        9.5294617795594047E-002   2.2408059113136862E-002
         214  0.38419811146694405       0.65227841866791902        9.5522712143022034E-002   2.2408703027529280E-002
         215  0.38356927784754374       0.65240739635945499        9.5751693531838170E-002   2.2409423524984463E-002
         216  0.38293807045271949       0.65253634613211098        9.5981568784417992E-002   2.2410221450228376E-002
         217  0.38230447214691776       0.65266526737458741        9.6212344763614829E-002   2.2411097664055732E-002
         218  0.38166846559991036       0.65279415943547836        9.6444028411923705E-002   2.2412053046016584E-002
         219  0.38103003335432367       0.65292302162436344        9.6676626732046286E-002   2.2413088493480678E-002
         220  0.38038915785113997       0.65305185321141268        9.6910146779756873E-002   2.2414204921500556E-002
         221  0.37974582137055407       0.65318065342545728        9.7144595681721499E-002   2.2415403264238326E-002
         222  0.37910000607379857       0.65330942145387860        9.7379980623439513E-002   2.2416684474517362E-002
         223  0.37845169395620348       0.65343815644174863        9.7616308863832546E-002   2.2418049525012754E-002
         224  0.37780086689248399       0.65356685749001420        9.7853587721597315E-002   2.2419499407871173E-002
         225  0.37714750663719510       0.65369552365727002        9.8091824576425846E-002   2.2421035134926409E-002
         226  0.37649159477080385       0.65382415395580429        9.8331026884566575E-002   2.2422657739138634E-002
         227  0.37583311274776965       0.65395274735270625        9.8571202165450289E-002   2.2424368274078690E-002
         228  0.37517204188054765       0.65408130276824528        9.8812358006707984E-002   2.2426167814609935E-002
         229  0.37450836332633541       0.65420981907487064        9.9054502068580186E-002   2.2428057457527514E-002
         230  0.37384205812868809       0.65433829509760377        9.9297642072207579E-002   2.2430038321150720E-002
         231  0.37317310715594160       0.65446672961097985        9.9541785818071007E-002   2.2432111546947017E-002
         232  0.37250149113869724       0.65459512133938191        9.9786941175450436E-002   2.2434278299204243E-002
         233  0.37182719065560188       0.65472346895570821       0.10003311608719657        2.2436539765765963E-002
         234  0.37115018615825912       0.65485177108119230       0.10028031856291365        2.2438897157965466E-002
         235  0.37047045793651340       0.65498002628277241       0.10052855668941509        2.2441351711780369E-002
         236  0.36978798609320995       0.65510823307228594       0.10077783863898732        2.2443904688709580E-002
         237  0.36910275066287518       0.65523638990836297       0.10102817263490935        2.2446557374037276E-002
         238  0.36841473146629816       0.65536449519065743       0.10127956699459342        2.2449311080104607E-002
         239  0.36772390815089040       0.65549254726112927       0.10153203011854053        2.2452167145927716E-002
         240  0.36703026030241226       0.65562054440444906       0.10178557045763256        2.2455126935754164E-002
         241  0.36633376725653194       0.65574848484309922       0.10204019656963377        2.2458191842974748E-002
         242  0.36563440822012022       0.65587636673876715       0.10229591708368956        2.2461363288433640E-002
         243  0.36493216229944148       0.65600418819170392       0.10255274069271403        2.2464642720503941E-002
         244  0.36422700838169980       0.65613194723706492       0.10281067618905457        2.2468031617736202E-002
         245  0.36351892519499684       0.65625964184438879       0.10306973244714396        2.2471531488390262E-002
         246  0.36280789135158947       0.65638726991803442       0.10332991841158157        2.2475143870181062E-002
         247  0.36209388529864811       0.65651482929426419       0.10359124311220828        2.2478870331776805E-002
         248  0.36137688524655748       0.65664231773795212       0.10385371568595149        2.2482712474781130E-002
         249  0.36065686936502589       0.65676973294650531       0.10411734531944379        2.2486671930632821E-002
         250  0.35993381557096560       0.65689707254320595       0.10438214131274903        2.2490750365221669E-002
         251  0.35920770163140009       0.65702433407758198       0.10464811304911811        2.2494949477646121E-002
         252  0.35847850521033325       0.65715151502574842       0.10491526998211258        2.2499270999965314E-002
         253  0.35774620374517035       0.65727861278571442       0.10518362167295679        2.2503716700179671E-002
         254  0.35701077453864238       0.65740562467769126       0.10545317776377722        2.2508288381255716E-002
         255  0.35627219467419657       0.65753254794098026       0.10572394800370204        2.2512987883328599E-002
         256  0.35553044113305021       0.65765937973493227       0.10599594221473622        2.2517817082320507E-002
         257  0.35478549073988586       0.65778611713611201       0.10626917030877027        2.2522777891639933E-002
         258  0.35403732009577465       0.65791275713449326       0.10654364230813185        2.2527872264230767E-002
         259  0.35328590564332307       0.65803929663351268       0.10681936832706725        2.2533102192150493E-002
         260  0.35253122370476886       0.65816573245001020       0.10709635856146273        2.2538469706528175E-002
         261  0.35177325038020529       0.65829206130812934       0.10737462331951368        2.2543976880485227E-002
         262  0.35101196163313514       0.65841827984176848       0.10765417299766336        2.2549625828116860E-002
         263  0.35024733321973317       0.65854438458877729       0.10793501810198539        2.2555418706904602E-002
         264  0.34947934078948450       0.65867037199358425       0.10821716921968871        2.2561357716500162E-002
         265  0.34870795973782204       0.65879623839935786       0.10850063706327205        2.2567445102523877E-002
         266  0.34793316537905672       0.65892198005197200       0.10878543242041062        2.2573683154155453E-002
         267  0.34715493276875942       0.65904759309279926       0.10907156620773216        2.2580074208389735E-002
         268  0.34637323686324223       0.65917307356068489       0.10935904942408116        2.2586620648005182E-002
         269  0.34558805242788543       0.65929841738700434       0.10964789317896224        2.2593324904336846E-002
         270  0.34479935397630618       0.65942362039281555       0.10993810871176256        2.2600189459257528E-002
         271  0.34400711598771555       0.65954867829169106       0.11022970732782778        2.2607216842200944E-002
         272  0.34321131265503640       0.65967358667965703       0.11052270047446454        2.2614409636038117E-002
         273  0.34241191804318410       0.65979834103941259       0.11081709969530509        2.2621770474935785E-002
         274  0.34160890604718835       0.65992293673416791       0.11111291664324098        2.2629302046470408E-002
         275  0.34080225044161272       0.66004736900910699       0.11141016306759327        2.2637007091598473E-002
         276  0.33999192465965239       0.66017163298051085       0.11170885088045202        2.2644888410124298E-002
         277  0.33917790216924731       0.66029572364398181       0.11200899204556668        2.2652948854755613E-002
         278  0.33836015609986680       0.66041963586282204       0.11231059869173203        2.2661191339224014E-002
         279  0.33753865950743456       0.66054336437102745       0.11261368303404098        2.2669618834632862E-002
         280  0.33671338523457645       0.66066690376718729       0.11291825741728122        2.2678234373310929E-002
         281  0.33588430597227159       0.66079024851383472       0.11322433429880795        2.2687041048878396E-002
         282  0.33505139423881714       0.66091339293264817       0.11353192625571820        2.2696042018038074E-002
         283  0.33421462234310156       0.66103633120171523       0.11384104599767780        2.2705240502566122E-002
         284  0.33337396246384610       0.66115905735445812       0.11415170634434459        2.2714639789145424E-002
         285  0.33252938658392123       0.66128156527353310       0.11446392024610486        2.2724243232110218E-002
         286  0.33168086653793943       0.66140384869024582       0.11477770077168094        2.2734054253924260E-002
         287  0.33082837401480680       0.66152590118114452       0.11509306110866188        2.2744076346557458E-002
         288  0.32997188042347497       0.66164771615982232       0.11541001460492267        2.2754313075661978E-002
         289  0.32911135715206014       0.66176928688201786       0.11572857469271304        2.2764768077088837E-002
         290  0.32824677532133062       0.66189060643410580       0.11604875496399393        2.2775445063225947E-002
         291  0.32737810593667077       0.66201166773534159       0.11637056912671598        2.2786347821602652E-002
         292  0.32650531979322056       0.66213246352920518       0.11669403103421395        2.2797480218525450E-002
         293  0.32562838761330198       0.66225298638534935       0.11701915464614925        2.2808846198033514E-002
         294  0.32474727981266127       0.66237322868862492       0.11734595410028313        2.2820449788063048E-002
         295  0.32386196676976936       0.66249318264199031       0.11767444363283344        2.2832295097229262E-002
         296  0.32297241860841958       0.66261284025774392       0.11800463764625756        2.2844386320590351E-002
         297  0.32207860543036715       0.66273219335798284       0.11833655064022329        2.2856727737336106E-002
         298  0.32118049702313967       0.66285123356489473       0.11867019730242308        2.2869323717913299E-002
         299  0.32027806317524082       0.66296995230173617       0.11900559241407868        2.2882178720360306E-002
         300  0.31937127329538756       0.66308834078105106       0.11934275096796271        2.2895297299192617E-002
         301  0.31846009694100202       0.66320639001282788       0.11968168801000244        2.2908684097677021E-002
         302  0.31754450323792166       0.66332409078404564       0.12002241881677313        2.2922343860789778E-002
         303  0.31662446134274297       0.66344143366726593       0.12036495875769868        2.2936281428634731E-002
         304  0.31569994023795511       0.66355840901009022       0.12070932335941471        2.2950501742500490E-002
         305  0.31477090867480373       0.66367500692713022       0.12105552832432974        2.2965009848281773E-002
         306  0.31383733538548181       0.66379121730360435       0.12140358946969745        2.2979810894580194E-002
         307  0.31289918885081741       0.66390702978022453       0.12175352279892797        2.2994910139684601E-002
         308  0.31195643750434798       0.66402243375602321       0.12210534444283927        2.3010312949962544E-002
         309  0.31100904964260978       0.66413741837934259       0.12245907068887701        2.3026024804091647E-002
         310  0.31005699332457765       0.66425197253983725       0.12281471801393788        2.3042051297467718E-002
         311  0.30910023670035536       0.66436608487145388       0.12317230298703795        2.3058398138633699E-002
         312  0.30813874755480053       0.66447974373342200       0.12353184241012295        2.3075071160569092E-002
         313  0.30717249359487442       0.66459293721283963       0.12389335323323318        2.3092076317944479E-002
         314  0.30620144265524968       0.66470565312547558       0.12425685249551063        2.3109419685931484E-002
         315  0.30522556219144925       0.66481787899196432       0.12462235748048553        2.3127107472926314E-002
         316  0.30424481964334588       0.66492960204485141       0.12498988560909730        2.3145146016269828E-002
         317  0.30325918235987365       0.66504080921769249       0.12535945446496560        2.3163541786943385E-002
         318  0.30226861756555889       0.66515148713811822       0.12573108180744508        2.3182301393114519E-002
         319  0.30127309240004746       0.66526162212160245       0.12610478556234006        2.3201431582631177E-002
         320  0.30027257390504059       0.66537120016445028       0.12648058382895627        2.3220939246452715E-002
         321  0.29926702905603786       0.66548020693751742       0.12685849487344630        2.3240831421300141E-002
         322  0.29825642479948916       0.66558862777755456       0.12723853711974178        2.3261115292591953E-002
         323  0.29724072786937517       0.66569644767786118       0.12762072920985418        2.3281798201062916E-002
         324  0.29621909369013683       0.66580441375570687       0.12800489858289674        2.3302820049179069E-002
         325  0.29519316400494527       0.66591099602905202       0.12839142698233599        2.3324321315543871E-002
         326  0.29416204474753027       0.66601693045131083       0.12878016115138616        2.3346244502271386E-002
         327  0.29312570264974391       0.66612220058071159       0.12917112037343706        2.3368597591636349E-002
         328  0.29208410438853022       0.66622678959357418       0.12956432411759683        2.3391388737066750E-002
         329  0.29103721660982412       0.66633068027584352       0.12995979203492797        2.3414626266754432E-002
         330  0.28998500593652138       0.66643385501416796       0.13035754395959415        2.3438318687638203E-002
         331  0.28892743897475753       0.66653629578669926       0.13075759991059960        2.3462474689523657E-002
         332  0.28786448232363765       0.66663798415376907       0.13115998009256077        2.3487103149243762E-002
         333  0.28679610258210164       0.66673890124822799       0.13156470489742358        2.3512213134985131E-002
         334  0.28572226635689768       0.66683902776556270       0.13197179490592587        2.3537813910707077E-002
         335  0.28464294027425019       0.66693834395389284       0.13238127088802568        2.3563914940604447E-002
         336  0.28355809098475360       0.66703682960345811       0.13279315380545997        2.3590525893823145E-002
         337  0.28246768517661663       0.66713446403613130       0.13320746481186627        2.3617656649135444E-002
         338  0.28137168958272435       0.66723122609442664       0.13362422525485845        2.3645317299863161E-002
         339  0.28027007099248696       0.66732709413039415       0.13404345667674633        2.3673518158837201E-002
         340  0.27916279626157831       0.66742204599413635       0.13446518081597986        2.3702269763532315E-002
         341  0.27804983232366814       0.66751605902209687       0.13488941960808778        2.3731582881300541E-002
         342  0.27693114619972270       0.66760911002493850       0.13531619518744198        2.3761468514794180E-002
         343  0.27580670501191790       0.66770117527527828       0.13574552988772495        2.3791937907442631E-002
         344  0.27467647599420070       0.66779223049494885       0.13617744624350578        2.3823002549146596E-002
         345  0.27354042650562088       0.66788225084202868       0.13661196699107905        2.3854674182070785E-002
         346  0.27239852404250364       0.66797121089748579       0.13704911506975673        2.3886964806616815E-002
         347  0.27125073625242185       0.66805908465150610       0.13748891362271823        2.3919886687525593E-002
         348  0.27009703094772225       0.66814584548943778       0.13793138599809521        2.3953452360155083E-002
         349  0.26893737611850604       0.66823146617734352       0.13837655575033950        2.3987674636940640E-002
         350  0.26777173995118453       0.66831591884734087       0.13882444663999571        2.4022566613923893E-002
         351  0.26660009083869451       0.66839917498224155       0.13927508263612862        2.4058141677628576E-002
         352  0.26542239739987622       0.66848120540010936       0.13972848791607115        2.4094413511941817E-002
         353  0.26423862849366475       0.66856198023818103       0.14018468686686855        2.4131396105294002E-002
         354  0.26304875323800148       0.66864146893653242       0.14064370408540419        2.4169103757941578E-002
         355  0.26185274102385980       0.66871964022109209       0.14110556438012486        2.4207551089552998E-002
         356  0.26065056153634514       0.66879646208644317       0.14157029277074154        2.4246753046865889E-002
         357  0.25944218477223541       0.66887190177803291       0.14203791448913461        2.4286724911628817E-002
         358  0.25822758105773386       0.66894592577383771       0.14250845498031064        2.4327482308767447E-002
         359  0.25700672106909467       0.66901849976567218       0.14298193990262570        2.4369041214718890E-002
         360  0.25577957585294775       0.66908958863990975       0.14345839512821262        2.4411417966012632E-002
         361  0.25454611684745010       0.66915915645772361       0.14393784674330348        2.4454629268076750E-002
         362  0.25330631590367547       0.66922716643472235       0.14442032104859240        2.4498692204293855E-002
         363  0.25206014530576709       0.66929358092000979       0.14490584456013433        2.4543624245337375E-002
         364  0.25080757779893126       0.66935836137489535       0.14539444400795692        2.4589443258620447E-002
         365  0.24954858660815007       0.66942146835064631       0.14588614633767444        2.4636167518205909E-002
         366  0.24828314546233654       0.66948286146580727       0.14638097871055705        2.4683815714889555E-002
         367  0.24701122862636540       0.66954249938317245       0.14687896850134521        2.4732406966416279E-002
         368  0.24573281091558319       0.66960033978535138       0.14738014330155916        2.4781960828355459E-002
         369  0.24444786773441626       0.66965633935064584       0.14788453091559672        2.4832497304792703E-002
         370  0.24315637509682869       0.66971045372742399       0.14839215936249683        2.4884036859713611E-002
         371  0.24185830965406699       0.66976263750803333       0.14890305687566732        2.4936600428572552E-002
         372  0.24055364872651142       0.66981284420214449       0.14941725190146538        2.4990209430111904E-002
         373  0.23924237033552770       0.66986102620928245       0.14993477309795494        2.5044885778534635E-002
         374  0.23792445323107211       0.66990713479032815       0.15045564933510247        2.5100651896128506E-002
         375  0.23659987692014817       0.66995112003821577       0.15097990969487152        2.5157530726244447E-002
         376  0.23526862170525129       0.66999293084817824       0.15150758346840557        2.5215545746454685E-002
         377  0.23393066872089724       0.67003251488699789       0.15203870015397278        2.5274720982148269E-002
         378  0.23258599995869014       0.67006981856082548       0.15257328945853466        2.5335081020770794E-002
         379  0.23123459830919896       0.67010478698270393       0.15311138129439350        2.5396651026150435E-002
         380  0.22987644759965820       0.67013736393902423       0.15365300577718738        2.5459456753327548E-002
         381  0.22851153262627313       0.67016749185453284       0.15419819322578696        2.5523524563973287E-002
         382  0.22713983919479377       0.67019511175676749       0.15474697415971944        2.5588881442079991E-002
         383  0.22576135416622781       0.67022016323960032       0.15529937929529949        2.5655555010034317E-002
         384  0.22437606549329456       0.67024258442511819       0.15585543954461034        2.5723573545382194E-002
         385  0.22298396225580072       0.67026231192435315       0.15641518601511070        2.5792965998128803E-002
         386  0.22158503471784552       0.67027928079773857       0.15697865000258579        2.5863762008105501E-002
         387  0.22017927436622137       0.67029342451351637       0.15754586299013040        2.5935991923279188E-002
         388  0.21876667394265439       0.67030467490434742       0.15811685664910571        2.6009686818772800E-002
         389  0.21734722752701618       0.67031296212514491       0.15869166282459976        2.6084878515368452E-002
         390  0.21592093053280498       0.67031821460527719       0.15927031354804214        2.6161599600493041E-002
         391  0.21448777980300360       0.67032035900403331       0.15985284101908462        2.6239883447690151E-002
         392  0.21304777363846197       0.67031932016144602       0.16043927760835872        2.6319764238168526E-002
         393  0.21160091185997273       0.67031502104910590       0.16102965585010040        2.6401276982307136E-002
         394  0.21014719585029351       0.67030738271841506       0.16162400844096117        2.6484457542274756E-002
         395  0.20868662861983109       0.67029632424822605       0.16222236823176719        2.6569342654863607E-002
         396  0.20721921486535022       0.67028176269065043       0.16282476822158065        2.6655969955188739E-002
         397  0.20574496100163975       0.67026361301331339       0.16343124156007091        2.6744378001775992E-002
         398  0.20426387525159417       0.67024178804307610       0.16404182153224175        2.6834606301134354E-002
         399  0.20277596771103670       0.67021619840632862       0.16465654155096796        2.6926695333716808E-002
         400  0.20128125037945818       0.67018675246552173       0.16527543515999765        2.7020686581471571E-002
         401  0.19977973723430981       0.67015335625591932       0.16589853602392590        2.7116622555320911E-002
         402  0.19827144432823454       0.67011591342149701       0.16652587791080573        2.7214546823003279E-002
         403  0.19675638982376831       0.67007432514513388       0.16715749469487085        2.7314504039310933E-002
         404  0.19523459403029852       0.67002849007640186       0.16779342035750733        2.7416539977206767E-002
         405  0.19370607955066022       0.66997830426347049       0.16843368895581567        2.7520701557504686E-002
         406  0.19217087136976257       0.66992366107901691       0.16907833460787544        2.7627036880855264E-002
         407  0.19062899676299472       0.66986445113327431       0.16972739153461250        2.7735595264992832E-002
         408  0.18908048552559106       0.66980056220232609       0.17038089400216866        2.7846427275789287E-002
         409  0.18752537006716993       0.66973187914700005       0.17103887630606457        2.7959584762428026E-002
         410  0.18596368538701616       0.66965828382096559       0.17170137279243913        2.8075120896660911E-002
         411  0.18439546918751445       0.66957965498354544       0.17236841783585094        2.8193090210130705E-002
         412  0.18282076200715203       0.66949586821199980       0.17304004581209523        2.8313548632423094E-002
         413  0.18123960727699123       0.66940679580452112       0.17371629109404213        2.8436553532391620E-002
         414  0.17965205123598335       0.66931230667110475       0.17439718809085733        2.8562163764217562E-002
         415  0.17805814344009593       0.66921226625995922       0.17508277110372322        2.8690439700587218E-002
         416  0.17645793638228616       0.66910653642067963       0.17577307445786186        2.8821443289097821E-002
         417  0.17485148588240490       0.66899497531638519       0.17646813239278464        2.8955238091110107E-002
         418  0.17323885126314331       0.66887743731552496       0.17716797902379539        2.9091889328010632E-002
         419  0.17162009493065988       0.66875377284157733       0.17787264848102385        2.9231463943094213E-002
         420  0.16999528284184193       0.66862382827597711       0.17858217478004870        2.9374030644154163E-002
         421  0.16836448477146027       0.66848744584456965       0.17929659175136844        2.9519659952393515E-002
         422  0.16672777414125095       0.66834446347099652       0.18001593310343370        2.9668424263754802E-002
         423  0.16508522789211461       0.66819471462121738       0.18074023247636467        2.9820397912392847E-002
         424  0.16343692725704484       0.66803802821698055       0.18146952321221779        2.9975657211952462E-002
         425  0.16178295680167387       0.66787422840888711       0.18220383866263162        3.0134280544291934E-002
         426  0.16012340602961472       0.66770313453895869       0.18294321170424802        3.0296348384176604E-002
         427  0.15845836681310987       0.66752456078293010       0.18368767553601340        3.0461943433640285E-002
         428  0.15678793700589375       0.66733831625161510       0.18443726257954446        3.0631150599874975E-002
         429  0.15511221668018418       0.66714420452695811       0.18519200563700086        3.0804057165728815E-002
         430  0.15343131181667191       0.66694202376528955       0.18595193676545885        3.0980752769224004E-002
         431  0.15174532970216978       0.66673156613552220       0.18671708869179598        3.1161329604562936E-002
         432  0.15005438411425731       0.66651261804355277       0.18748749320959041        3.1345882363985035E-002
         433  0.14835858902646765       0.66628495940741272       0.18826318310994161        3.1534508491830246E-002
         434  0.14665806360834344       0.66604836384498622       0.18904419063683012        3.1727308138282992E-002
         435  0.14495292784015706       0.66580259809966169       0.18983054878054662        3.1924384364034428E-002
         436  0.14324330417980591       0.66554742192985339       0.19062229075464479        3.2125843191449240E-002
         437  0.14152792899674510       0.66528246231187793       0.19141987349377129        3.2331832969260385E-002
         438  0.13980945001858139       0.66500770713981605       0.19222253049367402        3.2542390195533961E-002
         439  0.13808711446370292       0.66472278414927166       0.19303062226082987        3.2757663868106968E-002
         440  0.13636095249125452       0.66442742876243965       0.19384418734502454        3.2977771498652914E-002
         441  0.13463126427960873       0.66412137787032766       0.19466321052389451        3.3202830606290194E-002
         442  0.13289855090998035       0.66380437881163312       0.19548761915847909        3.3432956612355659E-002
         443  0.13116378139387125       0.66347621438212645       0.19631720793736729        3.3668255496899106E-002
         444  0.12942911293733181       0.66313677029735063       0.19715143836638399        3.3908804067126833E-002
         445  0.12770014629287937       0.66278624596520563       0.19798881624728515        3.4154588570688309E-002
         446  0.12593680758424847       0.66242046553247280       0.19884095538167021        3.4406898192529359E-002
         447  0.12419593445978180       0.66204459884028477       0.19969142665854514        3.4664239328053313E-002
         448  0.12242580627441174       0.66165290386368436       0.20055576950392778        3.4928348642316254E-002
         449  0.12079526395702866       0.66126363851988523       0.20138281972171496        3.5193990593138810E-002
         450  0.11893380358739944       0.66083546295560269       0.20228478011606882        3.5473164403629166E-002
         451  0.11717095685462540       0.66040433513596208       0.20316221321653949        3.5755538452400079E-002
         452  0.11539732161690440       0.65995769138420202       0.20404823168120750        3.6044789415616597E-002
         453  0.11365616260227795       0.65950027997193228       0.20492976883467595        3.6339637048044514E-002
         454  0.11193202015384539       0.65902991552077939       0.20581177461884484        3.6640778913017383E-002
         455   8.3887092264641000E-002  0.65417633982835133       0.21411575693290189        3.7980258921008904E-002
         456   8.6790763721180803E-002  0.65430941233982753       0.21419218341359580        3.8367041057019123E-002
         457   9.4596939163559712E-002  0.65544657028861897       0.21244622139477914        3.8311925681476670E-002
         458  0.10197503311923575       0.65625575717895590       0.21070532571120254        3.8305047720096221E-002
         459   8.9710007697999306E-002  0.65400633519160178       0.21466464385827722        3.9068441858460395E-002
         460  0.10107914850157455       0.65545004162588161       0.21178435376892915        3.8911656914652433E-002
         461   9.1796070719871781E-002  0.65369678239266449       0.21493186833192274        3.9570201314190069E-002
         462  0.10231838895828553       0.65486219291280190       0.21223846977672006        3.9469819036413722E-002
         463  0.10354745997678257       0.65461145070229521       0.21228101941150912        3.9738915095353530E-002
         464   9.0606711863501860E-002  0.65194394602054051       0.21704530814892958        4.0890210243891119E-002
         465   8.8923392313860289E-002  0.65123705739445037       0.21799488679543408        4.1298946829610376E-002
         466   8.7211352628037406E-002  0.65050265464970591       0.21895967682021003        4.1719051095320654E-002
         467  0.10935023694613670       0.65290271827215374       0.21258738543060549        4.1231702063909546E-002
         468   8.3845049696243887E-002  0.64897202865413539       0.22089318841633368        4.2588537253963332E-002
         469   8.2250598284633630E-002  0.64818534031779740       0.22184499547820474        4.3035814037526376E-002
         470   8.0383601491372525E-002  0.64732339342232892       0.22288256876749712        4.3506829080087683E-002
         471   7.8663613945851807E-002  0.64646054587956781       0.22388488630322340        4.3983143527026723E-002
         472   7.6979608936706564E-002  0.64557653025119854       0.22488401372643257        4.4469973525826816E-002
         473  0.12563156565949160       0.65053138928777787       0.20978352205669629        4.3053009698103197E-002
         474   7.0203474391927992E-002  0.64173209874311687       0.22896665034249930        4.6549359253609042E-002
         475   6.8511975785593079E-002  0.64069060426505264       0.23000555022452931        4.7103800615944651E-002
         476   6.6847578521641332E-002  0.63962071262723974       0.23104416448665846        4.7671493313434003E-002
         477   6.5186127560069321E-002  0.63851550230019627       0.23209003641459838        4.8254335593877970E-002
         478   6.3549616601838110E-002  0.63737940484119082       0.23313633002029166        4.8851409684795719E-002
         479   6.1903152045108233E-002  0.63620225830781252       0.23419363795474396        4.9465389135799655E-002
         480   6.0282206809221819E-002  0.63499187558765213       0.23525142057460680        5.0094572236472658E-002
         481   5.8666923881750654E-002  0.63374165789288939       0.23631569839521230        5.0740773004569362E-002
         482   5.7062379291658319E-002  0.63245148136936957       0.23738499429859605        5.1404234104039610E-002
         483   5.5449745171460584E-002  0.63111434649926634       0.23846456665133225        5.2086826965764513E-002
         484   5.3878667764136239E-002  0.62974297509161681       0.23954061203521995        5.2785810973779969E-002
         485   5.2316616001865324E-002  0.62832645882072002       0.24062228007868128        5.3504000143295878E-002
         486   5.0766527042874328E-002  0.62686389258084296       0.24170875210774545        5.4241864488937065E-002
         487   4.9229848610217966E-002  0.62535389164795563       0.24279963436013063        5.4999997720383283E-002
         488   4.7707605235103666E-002  0.62379488307095166       0.24389464801678989        5.5779048192374940E-002
         489   4.6200621138695989E-002  0.62218515959277898       0.24499356351255841        5.6579706412460955E-002
         490   4.4709614773818129E-002  0.62052289914753023       0.24609617213360377        5.7402700800248251E-002
         491   4.3235251549573819E-002  0.61880617382024483       0.24720227013357457        5.8248796042373104E-002
         492   4.1778168880125761E-002  0.61703295092131216       0.24831165070760866        5.9118793345231874E-002
         493   4.0338988476134999E-002  0.61520109007530210       0.24942409951513195        6.0013531656837323E-002
         494   3.8918324128086219E-002  0.61330833878270352       0.25053939147844195        6.0933889288537768E-002
         495   3.7516784714446201E-002  0.61135232591547006       0.25165728877102361        6.1880786045915251E-002
         496   3.6134976022020426E-002  0.60933055430156824       0.25277753906195588        6.2855185609318617E-002
         497   3.4773501468094117E-002  0.60724039226864612       0.25389987393937230        6.3858098190821999E-002
         498   3.3432961994750404E-002  0.60507906410143408       0.25502400742117604        6.4890583479950401E-002
         499   3.2113955745120562E-002  0.60284363954696030       0.25614963437829369        6.5953753849270783E-002
         500   3.0817077309665986E-002  0.60053102212813192       0.25727642889171054        6.7048777875331450E-002
         501   2.9542916774552536E-002  0.59813793622006006       0.25840404246080939        6.8176884187371695E-002
         502   2.8292058777634670E-002  0.59566091285072564       0.25953210199610827        6.9339365655898544E-002
         503   2.7065081252693250E-002  0.59309627385933072       0.26066020762108860        7.0537584003770457E-002
         504   2.5862554128446319E-002  0.59044011434714583       0.26178793019179719        7.1772974857695196E-002
         505   2.4685037942175806E-002  0.58768828316050659       0.26291480849790744        7.3047053300408699E-002
         506   2.3533082289067347E-002  0.58483636106203718       0.26404034610210675        7.4361420001424122E-002
         507   2.2407224234966282E-002  0.58187963634225603       0.26516400773459842        7.5717767984023895E-002
         508   2.1307986567845313E-002  0.57881307737819476       0.26628521518232884        7.7117890138015427E-002
         509   2.0235875997122808E-002  0.57563130174551658       0.26740334256684845        7.8563687566797324E-002
         510   1.9191381229132966E-002  0.57232854125475741       0.26851771090714771        8.0057178906496634E-002
         511   1.8174970937538008E-002  0.56889860223156397       0.26962758182897950        8.1600510765502690E-002
         512   1.7187091657341200E-002  0.56533482022745174       0.27073215025052344        8.3195969459535155E-002
         513   1.6228165581126740E-002  0.56163000811648500       0.27183053584242733        8.4845994265207267E-002
         514   1.5298588255412351E-002  0.55777639630337217       0.27292177300598730        8.6553192461294420E-002
         515   1.4398726217716486E-002  0.55376556351730910       0.27400479904950653        8.8320356476838141E-002
         516   1.3528914561264725E-002  0.54958835621078117       0.27507844016331395        9.0150483557029579E-002
         517   1.2689454462595640E-002  0.54523479412642262       0.27614139468502641        9.2046798447618955E-002
         518   1.1880610678217234E-002  0.54069395887724925       0.27719221300436203        9.4012779741138391E-002
         519   1.1102609060982834E-002  0.53595386154516333       0.27822927326839403        9.6052190692526435E-002
         520   1.0355634133303137E-002  0.53100128406814762       0.27925075179237580        9.8169115553706027E-002
         521   9.6390942757783246E-003  0.52582079750003585       0.28025606818245657       0.10036850394924059     
         522   8.9547161036445527E-003  0.52039806457441473       0.28123986481892338       0.10265412729732058     
         523   8.3016262847225800E-003  0.51471369507289000       0.28220100644261581       0.10503191986584871     
         524   7.6798278392557744E-003  0.50874715657441583       0.28313639365851612       0.10750777937672494     
         525   7.0892714299500654E-003  0.50247515647090479       0.28404243005734792       0.11008825813245209     
         526   6.5298581600348182E-003  0.49587106151497062       0.28491489978662765       0.11278068330409328     
         527   6.0014412700820571E-003  0.48890413757115658       0.28574881211128367       0.11559331363498160     
         528   5.5038279895611849E-003  0.48153853122908596       0.28653819158669813       0.11853554669111337     
         529   5.0367935468459959E-003  0.47373191884918525       0.28727579075996612       0.12161818833896298     
         530   4.6000794787017154E-003  0.46543360639538917       0.28795271508074538       0.12485383650044797     
         531   4.1934223916525685E-003  0.45658176264244632       0.28855780567752920       0.12825741519743214     
         532   3.8165801294727146E-003  0.44709944092866521       0.28907681852704670       0.13184695369825006     
         533   3.4693824595568388E-003  0.43688837986851659       0.28949109796420286       0.13564477875467035     
         534   3.1518180641855555E-003  0.42581900801862183       0.28977543808653433       0.13967942291319688     
         535   2.8641944854766888E-003  0.41371327475756642       0.28989439512372206       0.14398887698309509     
         536   2.6074556030628326E-003  0.40031270595016982       0.28979540247337610       0.14862659864815314     
         537   2.3838838783339254E-003  0.38521213930885784       0.28939444252830326       0.15367389622907662     
         538   2.1989252568309081E-003  0.36769873964706568       0.28854112735077903       0.15926983428652464     
         539   2.0673320966515412E-003  0.34624609635511699       0.28690858939939856       0.16570467398699232     
         540   2.0527793058404084E-003  0.31582954971720523       0.28340449826630909       0.17391034759120433     
