           1   3.5242955101443671       -2.8141848764686728E-003
           2   3.5211111698683326       -2.5059401189668762E-003
           3   3.5179214679008397       -2.2004492727498715E-003
           4   3.5147258394517249       -1.8966881440141137E-003
           5   3.5115242887534648       -1.5946449506678562E-003
           6   3.5083167814406142       -1.2943028278247226E-003
           7   3.5051032834617533       -9.9564529071383134E-004
           8   3.5018837605515336       -6.9865617498177102E-004
           9   3.4986581788849134       -4.0331965450768337E-004
          10   3.4954265042247901       -1.0962020104798853E-004
          11   3.4921887025266747        1.8245740027733603E-004
          12   3.4889447398726841        4.7292806143417465E-004
          13   3.4856945821815426        7.6180640982936865E-004
          14   3.4824381952794323        1.0491067901137185E-003
          15   3.4791755452619104        1.3348432615929440E-003
          16   3.4759065978951940        1.6190296246847424E-003
          17   3.4726313191345790        1.9016794064041775E-003
          18   3.4693496749813870        2.1828058743480483E-003
          19   3.4660616310041044        2.4624220602600388E-003
          20   3.4627671531557724        2.7405407334768483E-003
          21   3.4594662070640223        3.0171744336655593E-003
          22   3.4561587585481468        3.2923354577718555E-003
          23   3.4528447731557872        3.5660358823843552E-003
          24   3.4495242164840145        3.8382875548670370E-003
          25   3.4461970538607520        4.1091021119630255E-003
          26   3.4428632509887844        4.3784909608195477E-003
          27   3.4395227731010305        4.6464653134146161E-003
          28   3.4361755853966844        4.9130361756288821E-003
          29   3.4328216531645745        5.1782143464706998E-003
          30   3.4294609415779194        5.4420104308521289E-003
          31   3.4260934154369758        5.7044348522743427E-003
          32   3.4227190399330829        5.9654978285847982E-003
          33   3.4193377796165940        6.2252094137642544E-003
          34   3.4159495993294922        6.4835794678450576E-003
          35   3.4125544636904648        6.7406176793367578E-003
          36   3.4091523371666805        6.9963335651959113E-003
          37   3.4057431841188417        7.2507364730713952E-003
          38   3.4023269686644406        7.5038355902177223E-003
          39   3.3989036550809284        7.7556399297935563E-003
          40   3.3954732074076865        8.0061583526598312E-003
          41   3.3920355894222847        8.2553995656899914E-003
          42   3.3885907647663234        8.5033721246063898E-003
          43   3.3851386971834478        8.7500844263677102E-003
          44   3.3816793500270235        8.9955447286458323E-003
          45   3.3782126866008499        9.2397611436454419E-003
          46   3.3747386699684960        9.4827416423384214E-003
          47   3.3712572633226889        9.7244940498306676E-003
          48   3.3677684293376187        9.9650260654287059E-003
          49   3.3642721306946290        1.0204345249415159E-002
          50   3.3607683298700164        1.0442459032401707E-002
          51   3.3572569892665132        1.0679374712096568E-002
          52   3.3537380709510671        1.0915099465778955E-002
          53   3.3502115370007379        1.1149640338963263E-002
          54   3.3466773490856023        1.1383004263464613E-002
          55   3.3431354689902451        1.1615198040865415E-002
          56   3.3395858579676334        1.1846228365127054E-002
          57   3.3360284774243434        1.2076101804092687E-002
          58   3.3324632882450951        1.2304824821001148E-002
          59   3.3288902513676168        1.2532403759641930E-002
          60   3.3253093274333865        1.2758844856173290E-002
          61   3.3217204769140936        1.2984154236421297E-002
          62   3.3181236599704214        1.3208337923224622E-002
          63   3.3145188366489178        1.3431401831415890E-002
          64   3.3109059667787379        1.3653351771918842E-002
          65   3.3072850098367512        1.3874193457650286E-002
          66   3.3036559254667122        1.4093932491272554E-002
          67   3.3000186725681355        1.4312574389745869E-002
          68   3.2963732101095009        1.4530124565454994E-002
          69   3.2927194967282198        1.4746588337549937E-002
          70   3.2890574910477484        1.4961970924480372E-002
          71   3.2853871510508483        1.5176277462952470E-002
          72   3.2817084348709784        1.5389512986761389E-002
          73   3.2780213001262020        1.5601682447341059E-002
          74   3.2743257043351015        1.5812790702883106E-002
          75   3.2706216046964776        1.6022842525199810E-002
          76   3.2669089582575208        1.6231842596820645E-002
          77   3.2631877215523044        1.6439795521385303E-002
          78   3.2594578511871046        1.6646705809788109E-002
          79   3.2557193032212055        1.6852577896902865E-002
          80   3.2519720335029079        1.7057416133597236E-002
          81   3.2482159979353993        1.7261224781810025E-002
          82   3.2444511516034695        1.7464008036421674E-002
          83   3.2406774495956765        1.7665770006999093E-002
          84   3.2368948468587768        1.7866514720922488E-002
          85   3.2331032977169007        1.8066246137839581E-002
          86   3.2293027564621490        1.8264968132137849E-002
          87   3.2254931769681274        1.8462684509194194E-002
          88   3.2216745128067075        1.8659398998346344E-002
          89   3.2178467173597038        1.8855115252640609E-002
          90   3.2140097436544188        1.9049836854107216E-002
          91   3.2101635442826315        1.9243567315351928E-002
          92   3.2063080716289361        1.9436310075491736E-002
          93   3.2024432778251586        1.9628068501859719E-002
          94   3.1985691144198416        1.9818845898496917E-002
          95   3.1946855330887152        2.0008645489231647E-002
          96   3.1907924847044375        2.0197470441603915E-002
          97   3.1868899201037459        2.0385323848207904E-002
          98   3.1829777895104359        2.0572208740897491E-002
          99   3.1790560432091284        2.0758128076855176E-002
         100   3.1751246309240337        2.0943084751548824E-002
         101   3.1711835018493018        2.1127081600563091E-002
         102   3.1672326051249322        2.1310121387531300E-002
         103   3.1632718893450629        2.1492206817321335E-002
         104   3.1593013028779846        2.1673340527373242E-002
         105   3.1553207935961001        2.1853525096288795E-002
         106   3.1513303090477671        2.2032763038710712E-002
         107   3.1473297964553653        2.2211056806624274E-002
         108   3.1433192025538284        2.2388408793784009E-002
         109   3.1392984737954279        2.2564821329810858E-002
         110   3.1352675562473249        2.2740296685124228E-002
         111   3.1312263955459230        2.2914837070146188E-002
         112   3.1271749370386153        2.3088444634364436E-002
         113   3.1231131253243762        2.3261121474778879E-002
         114   3.1190409049775076        2.3432869622283192E-002
         115   3.1149582200366672        2.3603691051849118E-002
         116   3.1108650141797765        2.3773587679789987E-002
         117   3.1067612304737335        2.3942561368535564E-002
         118   3.1026468118147297        2.4110613917609935E-002
         119   3.0985217004043486        2.4277747076119294E-002
         120   3.0943858383272826        2.4443962529396401E-002
         121   3.0902391669399392        2.4609261912621694E-002
         122   3.0860816273994027        2.4773646800120286E-002
         123   3.0819131602129959        2.4937118714148720E-002
         124   3.0777337055384413        2.5099679119688023E-002
         125   3.0735432028753733        2.5261329430743107E-002
         126   3.0693415918088487        2.5422070995343660E-002
         127   3.0651288108310353        2.5581905118840176E-002
         128   3.0609047981987922        2.5740833047202205E-002
         129   3.0566694919496462        2.5898855968025547E-002
         130   3.0524228292269675        2.6055975021420430E-002
         131   3.0481647468524202        2.6212191290722942E-002
         132   3.0438951811411346        2.6367505806345726E-002
         133   3.0396140680881087        2.6521919540646088E-002
         134   3.0353213430213639        2.6675433416401440E-002
         135   3.0310169405375817        2.6828048306414942E-002
         136   3.0267007951598259        2.6979765022217439E-002
         137   3.0223728407360535        2.7130584325389506E-002
         138   3.0180330104747415        2.7280506926123049E-002
         139   3.0136812370027508        2.7429533482192348E-002
         140   3.0093174525605919        2.7577664596990736E-002
         141   3.0049415889322599        2.7724900817690745E-002
         142   3.0005535772140828        2.7871242642702576E-002
         143   2.9961533478173479        2.8016690519374610E-002
         144   2.9917408309369158        2.8161244836011790E-002
         145   2.9873159557029019        2.8304905937343694E-002
         146   2.9828786513130074        2.8447674104202569E-002
         147   2.9784288460432911        2.8589549570706474E-002
         148   2.9739664672635140        2.8730532523689956E-002
         149   2.9694914423409173        2.8870623087230651E-002
         150   2.9650036977666141        2.9009821337631081E-002
         151   2.9605031594225473        2.9148127298737947E-002
         152   2.9559897524042675        2.9285540943182919E-002
         153   2.9514634018160244        2.9422062182587805E-002
         154   2.9469240313495328        2.9557690886739874E-002
         155   2.9423715646856703        2.9692426863700661E-002
         156   2.9378059243673134        2.9826269874994260E-002
         157   2.9332270326418204        2.9959219625483424E-002
         158   2.9286348110150682        3.0091275766230829E-002
         159   2.9240291805117860        3.0222437893597132E-002
         160   2.9194100610231564        3.0352705556919268E-002
         161   2.9147773722516943        3.0482078244731703E-002
         162   2.9101310328668468        3.0610555397706740E-002
         163   2.9054709611200740        3.0738136397682414E-002
         164   2.9007970743276883        3.0864820576314678E-002
         165   2.8961092894783995        3.0990607206383025E-002
         166   2.8914075224705513        3.1115495510896540E-002
         167   2.8866916886236345        3.1239484656552019E-002
         168   2.8819617024732054        3.1362573756239520E-002
         169   2.8772174780740323        3.1484761864074784E-002
         170   2.8724589282579900        3.1606047986281638E-002
         171   2.8676859657246081        3.1726431064467597E-002
         172   2.8628985020293465        3.1845909990901422E-002
         173   2.8580964479322719        3.1964483601254035E-002
         174   2.8532797135764034        3.2082150673826249E-002
         175   2.8484482082803164        3.2198909930838404E-002
         176   2.8436018406197054        3.2314760037468471E-002
         177   2.8387405183601735        3.2429699602201101E-002
         178   2.8338641483645755        3.2543727177003046E-002
         179   2.8289726366930310        3.2656841256719638E-002
         180   2.8240658887339558        3.2769040276295236E-002
         181   2.8191438089781053        3.2880322613726420E-002
         182   2.8142063010188112        3.2990686588848739E-002
         183   2.8092532675780597        3.3100130463261213E-002
         184   2.8042846105723074        3.3208652438485586E-002
         185   2.7993002310757724        3.3316250656746593E-002
         186   2.7943000293654143        3.3422923199234678E-002
         187   2.7892839047516631        3.3528668088487201E-002
         188   2.7842517555033446        3.3633483287331956E-002
         189   2.7792034791044871        3.3737366696525495E-002
         190   2.7741389721753156        3.3840316155158590E-002
         191   2.7690581304692756        3.3942329439996755E-002
         192   2.7639608485531730        3.4043404268143007E-002
         193   2.7588470202315634        3.4143538292014775E-002
         194   2.7537165385570437        3.4242729099769331E-002
         195   2.7485692950804732        3.4340974220858023E-002
         196   2.7434051807414965        3.4438271116869146E-002
         197   2.7382240855160407        3.4534617186049221E-002
         198   2.7330258983794224        3.4630009760466152E-002
         199   2.7278105071000733        3.4724446110347529E-002
         200   2.7225777985217952        3.4817923437398868E-002
         201   2.7173276586469628        3.4910438877237659E-002
         202   2.7120599721425998        3.5001989500038633E-002
         203   2.7067746228637883        3.5092572307192427E-002
         204   2.7014714935463098        3.5182184232269709E-002
         205   2.6961504656721176        3.5270822143089298E-002
         206   2.6908114198439397        3.5358482835561311E-002
         207   2.6854542355694657        3.5445163036683436E-002
         208   2.6800787909356734        3.5530859406302184E-002
         209   2.6746849634211896        3.5615568529026920E-002
         210   2.6692726289580890        3.5699286922385554E-002
         211   2.6638416626521577        3.5782011028780314E-002
         212   2.6583919380143599        3.5863737221933700E-002
         213   2.6529233279246913        3.5944461798978811E-002
         214   2.6474357036248573        3.6024180986776511E-002
         215   2.6419289354266220        3.6102890935379772E-002
         216   2.6364028920714269        3.6180587723638080E-002
         217   2.6308574417905772        3.6257267349245392E-002
         218   2.6252924509280469        3.6332925738457700E-002
         219   2.6197077846493286        3.6407558740496171E-002
         220   2.6141033071971504        3.6481162124611721E-002
         221   2.6084788812763380        3.6553731584128002E-002
         222   2.6028343684777595        3.6625262731444952E-002
         223   2.5971696288058066        3.6695751103179575E-002
         224   2.5914845211134665        3.6765192152224291E-002
         225   2.5857789031357479        3.6833581251271230E-002
         226   2.5800526309041611        3.6900913692633264E-002
         227   2.5743055592498489        3.6967184685392951E-002
         228   2.5685375416302207        3.7032389355625028E-002
         229   2.5627484299869154        3.7096522745842631E-002
         230   2.5569380751747457        3.7159579812955368E-002
         231   2.5511063263147253        3.7221555429816533E-002
         232   2.5452530311765571        3.7282444382263691E-002
         233   2.5393780360298335        3.7342241369764828E-002
         234   2.5334811858927675        3.7400941003371546E-002
         235   2.5275623241615381        3.7458537805553860E-002
         236   2.5216212923579078        3.7515026211365932E-002
         237   2.5156579313307583        3.7570400562231931E-002
         238   2.5096720797562395        3.7624655111169858E-002
         239   2.5036635745578635        3.7677784020293981E-002
         240   2.4976322520168255        3.7729781354636671E-002
         241   2.4915779458656848        3.7780641090639833E-002
         242   2.4855004885027179        3.7830357108346480E-002
         243   2.4793997112667694        3.7878923190854952E-002
         244   2.4732754432366342        3.7926333027788584E-002
         245   2.4671275118206935        3.7972580211226514E-002
         246   2.4609557431882108        3.8017658234073437E-002
         247   2.4547599617592977        3.8061560490915802E-002
         248   2.4485399894769717        3.8104280278767444E-002
         249   2.4422956477624362        3.8145810790186641E-002
         250   2.4360267553835224        3.8186145119956993E-002
         251   2.4297331294640778        3.8225276258826657E-002
         252   2.4234145859444758        3.8263197092979429E-002
         253   2.4170709383390494        3.8299900406645548E-002
         254   2.4107019986316121        3.8335378877140336E-002
         255   2.4043075764316266        3.8369625077381730E-002
         256   2.3978874801153087        3.8402631471449844E-002
         257   2.3914415162739533        3.8434390415740260E-002
         258   2.3849694890335491        3.8464894158498630E-002
         259   2.3784712006871174        3.8494134837393279E-002
         260   2.3719464520583040        3.8522104479177699E-002
         261   2.3653950414676594        3.8548794998423563E-002
         262   2.3588167655808854        3.8574198197847132E-002
         263   2.3522114186735417        3.8598305765308982E-002
         264   2.3455787936215482        3.8621109274510346E-002
         265   2.3389186804197180        3.8642600183229181E-002
         266   2.3322308678675592        3.8662769831838695E-002
         267   2.3255151418143241        3.8681609444217280E-002
         268   2.3187712866885337        3.8699110124269520E-002
         269   2.3119990845855165        3.8715262857037747E-002
         270   2.3051983146658124        3.8730058506885268E-002
         271   2.2983687552311909        3.8743487816124134E-002
         272   2.2915101812572161        3.8755541404382754E-002
         273   2.2846223659218263        3.8766209767978399E-002
         274   2.2777050801523702        3.8775483278039147E-002
         275   2.2707580931011990        3.8783352181868125E-002
         276   2.2637811699760562        3.8789806598287235E-002
         277   2.2567740756317889        3.8794836519407294E-002
         278   2.2497365709752808        3.8798431808967138E-002
         279   2.2426684154623220        3.8800582201409028E-002
         280   2.2355693657351159        3.8801277300260839E-002
         281   2.2284391761912916        3.8800506579012684E-002
         282   2.2212775987343418        3.8798259377569089E-002
         283   2.2140843824147760        3.8794524903330796E-002
         284   2.2068592741445707        3.8789292230128947E-002
         285   2.1996020180298110        3.8782550295708873E-002
         286   2.1923123558043898        3.8774287903033944E-002
         287   2.1849900268116400        3.8764493718957738E-002
         288   2.1776347667011060        3.8753156270145084E-002
         289   2.1702463098386313        3.8740263947897535E-002
         290   2.1628243869415646        3.8725805002017388E-002
         291   2.1553687264854302        3.8709767544337303E-002
         292   2.1478790537519288        3.8692139543719417E-002
         293   2.1403550920884515        3.8672908829936681E-002
         294   2.1327965606853114        3.8652063087225130E-002
         295   2.1252031770350683        3.8629589859211499E-002
         296   2.1175746548756718        3.8605476543428274E-002
         297   2.1099107062904965        3.8579710396462463E-002
         298   2.1022110389773641        3.8552278526370998E-002
         299   2.0944753590841332        3.8523167898047550E-002
         300   2.0867033676845645        3.8492365324947375E-002
         301   2.0788947655657917        3.8459857481639048E-002
         302   2.0710492478525691        3.8425630886787854E-002
         303   2.0631665082009549        3.8389671916062351E-002
         304   2.0552462368639097        3.8351966796666304E-002
         305   2.0472881201076163        3.8312501602625559E-002
         306   2.0392918421125388        3.8271262264534922E-002
         307   2.0312570827671950        3.8228234557283969E-002
         308   2.0231835194893053        3.8183404109899399E-002
         309   2.0150708263346040        3.8136756400708460E-002
         310   2.0069186730395776        3.8088276753781791E-002
         311   1.9987267279066909        3.8037950350524596E-002
         312   1.9904946536304551        3.7985762211783847E-002
         313   1.9822221098279464        3.7931697208222204E-002
         314   1.9739087548072787        3.7875740071961150E-002
         315   1.9655542409319822        3.7817875371261245E-002
         316   1.9571582178352644        3.7758087528163564E-002
         317   1.9487203316478905        3.7696360814507557E-002
         318   1.9402402246306454        3.7632679350724008E-002
         319   1.9317175354435834        3.7567027107204165E-002
         320   1.9231518989562335        3.7499387904790904E-002
         321   1.9145429464431512        3.7429745416681648E-002
         322   1.9058903058034260        3.7358083168244960E-002
         323   1.8971935998971878        3.7284384531952153E-002
         324   1.8884576403862494        3.7207396787046321E-002
         325   1.8796722486171682        3.7129569603024493E-002
         326   1.8708416650572928        3.7049655476581567E-002
         327   1.8619654987002225        3.6967637214945892E-002
         328   1.8530433543896416        3.6883497482639527E-002
         329   1.8440748329205190        3.6797218802792742E-002
         330   1.8350595310035280        3.6708783558542457E-002
         331   1.8259970412122131        3.6618173994428016E-002
         332   1.8168869519570991        3.6525372218111585E-002
         333   1.8077288474322639        3.6430360202020395E-002
         334   1.7985223075684658        3.6333119785164847E-002
         335   1.7892669080151118        3.6233632675339855E-002
         336   1.7799622200607799        3.6131880450954057E-002
         337   1.7706078106224556        3.6027844563589984E-002
         338   1.7612032421783881        3.5921506340237386E-002
         339   1.7517480727386536        3.5812846986012836E-002
         340   1.7422418557942509        3.5701847586857127E-002
         341   1.7326841402797455        3.5588489112531541E-002
         342   1.7230744705116137        3.5472752419563491E-002
         343   1.7134123861623349        3.5354618254719750E-002
         344   1.7036974222019658        3.5234067258350876E-002
         345   1.6939291088596569        3.5111079968142445E-002
         346   1.6841069715713772        3.4985636822928434E-002
         347   1.6742305309387133        3.4857718166831919E-002
         348   1.6642993026799278        3.4727304253541202E-002
         349   1.6543127975723815        3.4594375250749820E-002
         350   1.6442705214369910        3.4458911245228929E-002
         351   1.6341719750489516        3.4320892247426737E-002
         352   1.6240166541202830        3.4180298197028947E-002
         353   1.6138040492346262        3.4037108968312246E-002
         354   1.6035336458164431        3.3891304376116427E-002
         355   1.5932049240552666        3.3742864181628196E-002
         356   1.5828173588830281        3.3591768099010100E-002
         357   1.5723704199175195        3.3437995801998799E-002
         358   1.5618635714020690        3.3281526930730276E-002
         359   1.5512962721639378        3.3122341099125485E-002
         360   1.5406679755645671        3.2960417902497152E-002
         361   1.5299781294514212        3.2795736925548713E-002
         362   1.5192261761056021        3.2628277750626378E-002
         363   1.5084115521746553        3.2458019966246088E-002
         364   1.4975336886620971        3.2284943176570824E-002
         365   1.4865920108364288        3.2109027010420288E-002
         366   1.4755859381782130        3.1930251131070175E-002
         367   1.4645148843835785        3.1748595247182987E-002
         368   1.4533782572213827        3.1564039122390142E-002
         369   1.4421754585765254        3.1376562587606571E-002
         370   1.4309058843415587        3.1186145551890476E-002
         371   1.4195689243597254        3.0992768014512784E-002
         372   1.4081639623939104        3.0796410077716274E-002
         373   1.3966903760881764        3.0597051960012056E-002
         374   1.3851475368883703        3.0394674009407208E-002
         375   1.3735348099626472        3.0189256717176871E-002
         376   1.3618515541929266        2.9980780733110279E-002
         377   1.3500971221430054        2.9769226881098287E-002
         378   1.3382708599298181        2.9554576173900227E-002
         379   1.3263721072174053        2.9336809830343924E-002
         380   1.3144001971709982        2.9115909292390274E-002
         381   1.3023544563596465        2.8891856242418079E-002
         382   1.2902342047158517        2.8664632621651975E-002
         383   1.2780387555253527        2.8434220650060293E-002
         384   1.2657674153363272        2.8200602845503742E-002
         385   1.2534194838524293        2.7963762043652807E-002
         386   1.2409942539832393        2.7723681420697588E-002
         387   1.2284910117417966        2.7480344514849708E-002
         388   1.2159090360854541        2.7233735247692792E-002
         389   1.2032475991343796        2.6983837951877199E-002
         390   1.1905059657160202        2.6730637389870804E-002
         391   1.1776833936576905        2.6474118784558076E-002
         392   1.1647791335598869        2.6214267843029049E-002
         393   1.1517924288121366        2.5951070785110275E-002
         394   1.1387225154493583        2.5684514370205580E-002
         395   1.1255686221723076        2.5414585927773459E-002
         396   1.1123299703066851        2.5141273387956353E-002
         397   1.0990057735492242        2.4864565309759001E-002
         398   1.0855952381364513        2.4584450917098266E-002
         399   1.0720975628118807        2.4300920132927839E-002
         400   1.0585119385329727        2.4013963609998967E-002
         401   1.0448375484865982        2.3723572768208356E-002
         402   1.0310735682597367        2.3429739834879282E-002
         403   1.0172191655364928        2.3132457880371327E-002
         404   1.0032734998073900        2.2831720852664716E-002
         405  0.98923572285761929        2.2527523628574908E-002
         406  0.97510497881861713        2.2219862057092588E-002
         407  0.96088040290858456        2.1908732984161183E-002
         408  0.94656112247595015        2.1594134316027525E-002
         409  0.93214625705368193        2.1276065067858507E-002
         410  0.91763491754346516        2.0954525400252333E-002
         411  0.90302620638024622        2.0629516672093118E-002
         412  0.88831921782047563        2.0301041498727468E-002
         413  0.87351303766338273        1.9969103801999122E-002
         414  0.85860674197145559        1.9633708843885600E-002
         415  0.84359939997405442        1.9294863333495282E-002
         416  0.82849007065120905        1.8952575431683272E-002
         417  0.81327780478033229        1.8606854842959208E-002
         418  0.79796164538709158        1.8257712893459122E-002
         419  0.78254062409710323        1.7905162526325125E-002
         420  0.76701376362206353        1.7549218417310275E-002
         421  0.75138007882278390        1.7189897063378812E-002
         422  0.73563857474813932        1.6827216816348578E-002
         423  0.71978824491921234        1.6461197932059690E-002
         424  0.70382807587900198        1.6091862722401373E-002
         425  0.68775703975085234        1.5719235502261508E-002
         426  0.67157410438747533        1.5343342854984066E-002
         427  0.65527821506254502        1.4964213371101209E-002
         428  0.63886831814850897        1.4581878179003471E-002
         429  0.62234333482039150        1.4196370527721491E-002
         430  0.60570218514036822        1.3807726330225201E-002
         431  0.58894375626823681        1.3415983646690499E-002
         432  0.57206693662088470        1.3021183394586355E-002
         433  0.55507057300539231        1.2623368617366015E-002
         434  0.53795350338245673        1.2222585187515289E-002
         435  0.52071452749748615        1.1818881240379220E-002
         436  0.50335241746718740        1.1412307462535409E-002
         437  0.48585682242862060        1.1002737883341940E-002
         438  0.46824332378117739        1.0590499426783140E-002
         439  0.45050420425458904        1.0175637195746212E-002
         440  0.43263771861635242        9.7581531038115621E-003
         441  0.41464355145263954        9.3381348155441302E-003
         442  0.39652260386366778        8.9157032561666405E-003
         443  0.37827864149693097        8.4910567870561948E-003
         444  0.35992270679826804        8.0645940200154698E-003
         445  0.34148685310952953        7.6373066089669983E-003
         446  0.32271746763254577        7.2030294197809042E-003
         447  0.30396955000891035        6.7704159046906298E-003
         448  0.28491319735199117        6.3324356929808090E-003
         449  0.26661287461419381        5.9109236264207610E-003
         450  0.24672950719667955        5.4577481823363527E-003
         451  0.22733620079898106        5.0161726776232207E-003
         452  0.20774173886458946        4.5719501738945567E-003
         453  0.18821377907091028        4.1306160634135836E-003
         454  0.16865003572602791        3.6905270024214509E-003
         455  -1.0655385456162970E-002  -2.4267341708572587E-004
         456  -1.1752422397044269E-002  -2.6319463774759910E-004
         457   2.5541533383964796E-002   5.6133717889661483E-004
         458   6.0468652115638635E-002   1.3043122790503681E-003
         459  -2.3433486044883586E-002  -5.1231448821953407E-004
         460   3.4860808396408531E-002   7.4308769292708021E-004
         461  -3.1424367773073655E-002  -6.7544162352595194E-004
         462   2.1356238841634081E-002   4.4792765760437447E-004
         463   1.7962980579811938E-002   3.7325316384206886E-004
         464  -8.2066252014011840E-002  -1.7167854217197132E-003
         465 -0.10350616176800972       -2.1546516553785366E-003
         466 -0.12530567680752333       -2.5953031748309208E-003
         467  -4.6328483729974413E-003  -9.1590797970830806E-005
         468 -0.16914729674091694       -3.4658972721954839E-003
         469 -0.19085048747927563       -3.8877911453103486E-003
         470 -0.21434933701849399       -4.3423282836978494E-003
         471 -0.23719713249156860       -4.7762986161905552E-003
         472 -0.26004745514330124       -5.2037514301890297E-003
         473   1.6737239006979168E-002   3.0418486601746508E-004
         474 -0.35389421948355726       -6.8902515246311857E-003
         475 -0.37791575392558757       -7.3029090158502896E-003
         476 -0.40201924225605634       -7.7087975320799806E-003
         477 -0.42635215776467950       -8.1094862484301089E-003
         478 -0.45078939895707731       -8.5031192518538745E-003
         479 -0.47553928683386154       -8.8922372869979505E-003
         480 -0.50040127282208091       -9.2734241140219886E-003
         481 -0.52549601230646592       -9.6478897514256090E-003
         482 -0.55079937062191198       -1.0014792400122374E-002
         483 -0.57642191822190902       -1.0375566315809159E-002
         484 -0.60209121937666943       -1.0724831575697369E-002
         485 -0.62799542752768478       -1.1065308801343932E-002
         486 -0.65412363924970962       -1.1396211598292183E-002
         487 -0.68047352363530345       -1.1716867756784488E-002
         488 -0.70704525762833725       -1.2026621434625184E-002
         489 -0.73384025395322172       -1.2324810718952417E-002
         490 -0.76086062170784108       -1.2610757101906067E-002
         491 -0.78810886777006783       -1.2883758684590241E-002
         492 -0.81558775479437917       -1.3143085943630339E-002
         493 -0.84330023103992147       -1.3387978589420868E-002
         494 -0.87124938578008682       -1.3617642703051214E-002
         495 -0.89943843093798115       -1.3831248161272569E-002
         496 -0.92787068918278059       -1.4027925963363774E-002
         497 -0.95654958774121712       -1.4206765433132151E-002
         498 -0.98547865633867404       -1.4366811229163723E-002
         499  -1.0146615258620277       -1.4507060074793188E-002
         500  -1.0441019287786661       -1.4626457184081953E-002
         501  -1.0738036999622769       -1.4723892314727927E-002
         502  -1.1037707767468883       -1.4798195376648504E-002
         503  -1.1340071997626160       -1.4848131560736721E-002
         504  -1.1645171130222634       -1.4872395891429857E-002
         505  -1.1953047633151841       -1.4869607120118644E-002
         506  -1.2263744991452661       -1.4838300864549847E-002
         507  -1.2577307683386885       -1.4776921863668413E-002
         508  -1.2893781147268877       -1.4683815214680873E-002
         509  -1.3213211730485643       -1.4557216412591334E-002
         510  -1.3535646621007158       -1.4395239992599951E-002
         511  -1.3861133756284707       -1.4195866523358358E-002
         512  -1.4189721703119493       -1.3956927648125728E-002
         513  -1.4521459503621728       -1.3676088803522557E-002
         514  -1.4856396480029954       -1.3350829157080746E-002
         515  -1.5194581987356763       -1.2978418194860897E-002
         516  -1.5536065103392120       -1.2555888246212454E-002
         517  -1.5880894240378527       -1.2080002046080729E-002
         518  -1.6229116660544411       -1.1547214187316968E-002
         519  -1.6580777870601544       -1.0953624986910437E-002
         520  -1.6935920864628664       -1.0294924846249387E-002
         521  -1.7294643272762820       -9.5646587305950881E-003
         522  -1.7656850309689147       -8.7609267940060853E-003
         523  -1.8022643719758307       -7.8759351486112905E-003
         524  -1.8392043844274972       -6.9028857748119066E-003
         525  -1.8765060648112495       -5.8340187578047598E-003
         526  -1.9141690330758645       -4.6604060809194436E-003
         527  -1.9521911092733120       -3.3716750814760665E-003
         528  -1.9905677578386041       -1.9556389242807448E-003
         529  -2.0292912968318828       -3.9780390108257180E-004
         530  -2.0683498303048946        1.3193535772808573E-003
         531  -2.1077257623681338        3.2173530076922141E-003
         532  -2.1473935031529372        5.3232107216709679E-003
         533  -2.1873160289795930        7.6717117404880852E-003
         534  -2.2274393271183657        1.0309090031237922E-002
         535  -2.2676828891152674        1.3299349803729044E-002
         536  -2.3079220905054401        1.6736020741369817E-002
         537  -2.3479517698058667        2.0766519251171900E-002
         538  -2.3873979442537672        2.5651259197477128E-002
         539  -2.4254400251110502        3.1949192388438075E-002
         540  -2.4593221377436816        4.1505707765435051E-002
