   1.6611295911103452E-005  0.56718736155361871     
   1.6959127871197468E-005  0.56867601450089189     
   1.7314243252952846E-005  0.57016047369144729     
   1.7676794567458874E-005  0.57164416508489202     
   1.8046937519308161E-005  0.57312710538253742     
   1.8424831073467249E-005  0.57460933116713864     
   1.8810637523546887E-005  0.57609087832262929     
   1.9204522561502243E-005  0.57757178222579719     
   1.9606655348792609E-005  0.57905207766294242     
   2.0017208589030764E-005  0.58053179896498697     
   2.0436358602153979E-005  0.58201097994026552     
   2.0864285400148104E-005  0.58348965388987628     
   2.1301172764356859E-005  0.58496785366905368     
   2.1747208324410606E-005  0.58644561168158493     
   2.2202583638807139E-005  0.58792295984946352     
   2.2667494277180314E-005  0.58939992970458077     
   2.3142139904291280E-005  0.59087655232507585     
   2.3626724365778010E-005  0.59235285836935458     
   2.4121455775701077E-005  0.59382887815411645     
   2.4626546605921917E-005  0.59530464154780693     
   2.5142213777353009E-005  0.59678017808195405     
   2.5668678753118915E-005  0.59825551688736323     
   2.6206167633667540E-005  0.59973068676934738     
   2.6754911253873420E-005  0.60120571616980256     
   2.7315145282174341E-005  0.60268063322335907     
   2.7887110321783304E-005  0.60415546567275535     
   2.8471052014020585E-005  0.60563024100020346     
   2.9067221143808704E-005  0.60710498636796739     
   2.9675873747376981E-005  0.60857972861210552     
   3.0297271222221373E-005  0.61005449428071756     
   3.0931680439366194E-005  0.61152930967461083     
   3.1579373857977491E-005  0.61300420074650475     
   3.2240629642375371E-005  0.61447919325533085     
   3.2915731781497187E-005  0.61595431264175771     
   3.3604970210862244E-005  0.61742958410613558     
   3.4308640937089695E-005  0.61890503260421781     
   3.5027046165024483E-005  0.62038068284827563     
   3.5760494427525190E-005  0.62185655933150064     
   3.6509300717968890E-005  0.62333268627501115     
   3.7273786625531613E-005  0.62480908769897903     
   3.8054280473300501E-005  0.62628578741539387     
   3.8851117459278609E-005  0.62776280903199244     
   3.9664639800342363E-005  0.62924017591372738     
   4.0495196879212665E-005  0.63071791125807897     
   4.1343145394504183E-005  0.63219603806065472     
   4.2208849513916670E-005  0.63367457913238934     
   4.3092681030633187E-005  0.63515355706721155     
   4.3995019522994415E-005  0.63663299432632670     
   4.4916252517515261E-005  0.63811291317511420     
   4.5856775655315750E-005  0.63959333571490495     
   4.6816992862037005E-005  0.64107428386969734     
   4.7797316521314140E-005  0.64255577942614261     
   4.8798167651883047E-005  0.64403784398849218     
   4.9819976088394341E-005  0.64552049904469166     
   5.0863180666014203E-005  0.64700376589288455     
   5.1928229408891035E-005  0.64848766573600658     
   5.3015579722567118E-005  0.64997221959396434     
   5.4125698590421060E-005  0.65145744839558317     
   5.5259062774222012E-005  0.65294337290514193     
   5.6416159018884435E-005  0.65443001377601506     
   5.7597484261510270E-005  0.65591739153086337     
   5.8803545844807578E-005  0.65740552658989149     
   6.0034861734978664E-005  0.65889443924534719     
   6.1291960744171115E-005  0.66038414967642378     
   6.2575382757585368E-005  0.66187467797274946     
   6.3885678965339710E-005  0.66336604406936228     
   6.5223412099188564E-005  0.66485826786640678     
   6.6589156674198743E-005  0.66635136912712467     
   6.7983499235486328E-005  0.66784536753316193     
   6.9407038610118908E-005  0.66934028264529288     
   7.0860386164293734E-005  0.67083613398855835     
   7.2344166065900923E-005  0.67233294094912388     
   7.3859015552583444E-005  0.67383072286845680     
   7.5405585205412125E-005  0.67532949898679095     
   7.6984539228288981E-005  0.67682928847705215     
   7.8596555733202882E-005  0.67833011042358726     
   8.0242327031458116E-005  0.67983198387165500     
   8.1922559930999562E-005  0.68133492775659932     
   8.3637976039966215E-005  0.68283896098252317     
   8.5389312076598482E-005  0.68434410238317567     
   8.7177320185636314E-005  0.68585037068785581     
   8.9002768261342699E-005  0.68735778463634933     
   9.0866440277289392E-005  0.68886636288001657     
   9.2769136623050634E-005  0.69037612399475756     
   9.4711674447944604E-005  0.69188708655118758     
   9.6694888011974303E-005  0.69339926903321503     
   9.8719629044117076E-005  0.69491268990025135     
   1.0078676710811465E-004  0.69642736756524515     
   1.0289718997592463E-004  0.69794332038376483     
   1.0505180400899162E-004  0.69946056668023893     
   1.0725153454750039E-004  0.70097912475612056     
   1.0949732630778130E-004  0.70249901286478333     
   1.1179014378803771E-004  0.70402024921848971     
   1.1413097168256637E-004  0.70554285203174427     
   1.1652081530465524E-004  0.70706683943192017     
   1.1896070101833274E-004  0.70859222958114620     
   1.2145167667916016E-004  0.71011904057838049     
   1.2399481208425395E-004  0.71164729053434372     
   1.2659119943172884E-004  0.71317699748861785     
   1.2924195378976531E-004  0.71470817948740861     
   1.3194821357549491E-004  0.71624085458538167     
   1.3471114104391630E-004  0.71777504078291399     
   1.3753192278704847E-004  0.71931075609257578     
   1.4041177024353359E-004  0.72084801849529623     
   1.4335192021891466E-004  0.72238684598186675     
   1.4635363541680340E-004  0.72392725652817480     
   1.4941820498117308E-004  0.72546926809828594     
   1.5254694505000726E-004  0.72701289866772090     
   1.5574119932053806E-004  0.72855816619333280     
   1.5900233962632513E-004  0.73010508863450785     
   1.6233176652641367E-004  0.73165368395490682     
   1.6573090990683220E-004  0.73320397010770388     
   1.6920122959468542E-004  0.73475596509502439     
   1.7274421598510254E-004  0.73630968687660681     
   1.7636139068131869E-004  0.73786515343554215     
   1.8005430714815407E-004  0.73942238275945316     
   1.8382455137918059E-004  0.74098139287004461     
   1.8767374257785629E-004  0.74254220176811925     
   1.9160353385292477E-004  0.74410482750647100     
   1.9561561292837174E-004  0.74566928810907374     
   1.9971170286825341E-004  0.74723560165812430     
   2.0389356281669637E-004  0.74880378622298649     
   2.0816298875339713E-004  0.75037385991675276     
   2.1252181426494103E-004  0.75194584086389749     
   2.1697191133226805E-004  0.75351974723883974     
   2.2151519113463450E-004  0.75509559717012065     
   2.2615360487040191E-004  0.75667340889164036     
   2.3088914459501851E-004  0.75825320063662782     
   2.3572384407654623E-004  0.75983499063593363     
   2.4065977966909849E-004  0.76141879720153682     
   2.4569907120457353E-004  0.76300463865705359     
   2.5084388290305400E-004  0.76459253336474986     
   2.5609642430227342E-004  0.76618249969620278     
   2.6145895120654615E-004  0.76777455608264467     
   2.6693376665556240E-004  0.76936872102153675     
   2.7252322191347641E-004  0.77096501299343911     
   2.7822971747869832E-004  0.77256345053925080     
   2.8405570411483612E-004  0.77416405225927887     
   2.9000368390322192E-004  0.77576683680070679     
   2.9607621131748027E-004  0.77737182284252826     
   3.0227589432059448E-004  0.77897902909203109     
   3.0860539548494513E-004  0.78058847432797174     
   3.1506743313580455E-004  0.78220017739426795     
   3.2166478251877188E-004  0.78381415713988423     
   3.2840027699165836E-004  0.78543043253237910     
   3.3527680924132241E-004  0.78704902250885944     
   3.4229733252599424E-004  0.78866994610758712     
   3.4946486194360488E-004  0.79029322246298372     
   3.5678247572667917E-004  0.79191887069151112     
   3.6425331656434395E-004  0.79354691000639577     
   3.7188059295201095E-004  0.79517735968166847     
   3.7966758056933228E-004  0.79681023907209647     
   3.8761762368699835E-004  0.79844556752230744     
   3.9573413660300139E-004  0.80008336453603002     
   4.0402060510897302E-004  0.80172364960927300     
   4.1248058798721887E-004  0.80336644236400656     
   4.2111771853911177E-004  0.80501176245243222     
   4.2993570614547727E-004  0.80665962960277648     
   4.3893833785965973E-004  0.80831006359567448     
   4.4812948003394859E-004  0.80996308434297393     
   4.5751307998005003E-004  0.81161871176829725     
   4.6709316766434304E-004  0.81327696591929421     
   4.7687385743861962E-004  0.81493786688219050     
   4.8685934980707433E-004  0.81660143485258674     
   4.9705393323029069E-004  0.81826769006211975     
   5.0746198596700494E-004  0.81993665286790918     
   5.1808797795442737E-004  0.82160834369278624     
   5.2893647272794937E-004  0.82328278305040981     
   5.4001212938103440E-004  0.82495999150808219     
   5.5131970456615746E-004  0.82663998978226660     
   5.6286405453764377E-004  0.82832279859590863     
   5.7465013723727277E-004  0.83000843881384412     
   5.8668301442356917E-004  0.83169693139118162     
   5.9896785384566458E-004  0.83338829735899378     
   6.1150993146268909E-004  0.83508255784494545     
   6.2431463370963701E-004  0.83677973406648132     
   6.3738745981066535E-004  0.83847984733950243     
   6.5073402414085081E-004  0.84018291908617826     
   6.6436005863738175E-004  0.84188897082864833     
   6.7827141526125164E-004  0.84359802416925056     
   6.9247406851050011E-004  0.84531010082098579     
   7.0697411798606566E-004  0.84702522260495094     
   7.2177779101138698E-004  0.84874341145071941     
   7.3689144530683561E-004  0.85046468938559006     
   7.5232157172016592E-004  0.85218907854210035     
   7.6807479701413719E-004  0.85391660115001833     
   7.8415788671249331E-004  0.85564727956026454     
   8.0057774800555888E-004  0.85738113625183154     
   8.1734143271665306E-004  0.85911819380136345     
   8.3445614033063591E-004  0.86085847489343481     
   8.5192922108586172E-004  0.86260200232225526     
   8.6976817913088605E-004  0.86434879902766037     
   8.8798067574725472E-004  0.86609888804644097     
   9.0657453263979951E-004  0.86785229251120677     
   9.2555773529580919E-004  0.86960903574122794     
   9.4493843641455173E-004  0.87136914113041786     
   9.6472495940861530E-004  0.87313263220035475     
   9.8492580197854325E-004  0.87489953259306696     
   1.0055496397623474E-003  0.87666986610729947     
   1.0266053300614151E-003  0.87844365665208601     
   1.0481019156444523E-003  0.88022092825036669     
   1.0700486286310783E-003  0.88200170509022047     
   1.0924548944567225E-003  0.88378601146306490     
   1.1153303359205751E-003  0.88557387179981883     
   1.1386847773182662E-003  0.88736531069548163     
   1.1625282486611038E-003  0.88916035285190664     
   1.1868709899836615E-003  0.89095902311112596     
   1.2117234557415411E-003  0.89276134649634276     
   1.2370963193012556E-003  0.89456734810624783     
   1.2630004775240960E-003  0.89637705324002326     
   1.2894470554460022E-003  0.89819048729653472     
   1.3164474110554309E-003  0.90000767587822461     
   1.3440131401712416E-003  0.90182864467176871     
   1.3721560814227663E-003  0.90365341956780698     
   1.4008883213341133E-003  0.90548202657434318     
   1.4302221995149693E-003  0.90731449190198188     
   1.4601703139600732E-003  0.90915084182578854     
   1.4907455264596794E-003  0.91099110285781659     
   1.5219609681232766E-003  0.91283530166050053     
   1.5538300450190199E-003  0.91468346501422837     
   1.5863664439312007E-003  0.91653561989429666     
   1.6195841382383063E-003  0.91839179341568422     
   1.6534973939141655E-003  0.92025201289896630     
   1.6881207756547199E-003  0.92211630580085147     
   1.7234691531331395E-003  0.92398469973070940     
   1.7595577073858616E-003  0.92585722250625224     
   1.7964019373323883E-003  0.92773390209951079     
   1.8340176664316057E-003  0.92961476665430542     
   1.8724210494774453E-003  0.93149984450607315     
   1.9116285795368968E-003  0.93338916413042827     
   1.9516570950332461E-003  0.93528275421840501     
   1.9925237869776748E-003  0.93718064363123033     
   2.0342462063522556E-003  0.93908286141944841     
   2.0768422716475761E-003  0.94098943679368596     
   2.1203302765581628E-003  0.94290039916344459     
   2.1647288978390552E-003  0.94481577817445916     
   2.2100572033269018E-003  0.94673560356286079     
   2.2563346601290031E-003  0.94865990532985711     
   2.3035811429838451E-003  0.95058871369869902     
   2.3518169427966759E-003  0.95252205897344056     
   2.4010627753538148E-003  0.95445997177556063     
   2.4513397902194544E-003  0.95640248289249274     
   2.5026695798187394E-003  0.95834962324614625     
   2.5550741887110568E-003  0.96030142403963858     
   2.6085761230574878E-003  0.96225791668052330     
   2.6631983602864945E-003  0.96421913273449844     
   2.7189643589620358E-003  0.96618510398351931     
   2.7758980688582804E-003  0.96815586251285257     
   2.8340239412453210E-003  0.97013144047658462     
   2.8933669393901981E-003  0.97211187035811775     
   2.9539525492779019E-003  0.97409718483951868     
   3.0158067905567687E-003  0.97608741675242094     
   3.0789562277131386E-003  0.97808259922732343     
   3.1434279814800004E-003  0.98008276558137530     
   3.2092497404844619E-003  0.98208794942384436     
   3.2764497731392148E-003  0.98409818451727249     
   3.3450569397828972E-003  0.98611350484465232     
   3.4151007050747468E-003  0.98813394468804749     
   3.4866111506487414E-003  0.99015953855309802     
   3.5596189880327611E-003  0.99219032113042283     
   3.6341555718382244E-003  0.99422632740905081     
   3.7102529132259079E-003  0.99626759258689968     
   3.7879436936537766E-003  0.99831415214652419     
   3.8672612789126442E-003   1.0003660417490974     
   3.9482397334557728E-003   1.0024232973967768     
   4.0309138350284870E-003   1.0044859552423062     
   4.1153190896041306E-003   1.0065540517949776     
   4.2014917466328050E-003   1.0086276237360388     
   4.2894688146093681E-003   1.0107067080276559     
   4.3792880769674769E-003   1.0127913419879484     
   4.4709881083063773E-003   1.0148815630407930     
   4.5646082909574937E-003   1.0169774090024739     
   4.6601888318979429E-003   1.0190789179148469     
   4.7577707800181756E-003   1.0211861280818839     
   4.8573960437512465E-003   1.0232990780318587     
   4.9591074090711180E-003   1.0254178067563708     
   5.0629485578680012E-003   1.0275423532883874     
   5.1689640867083036E-003   1.0296727571395083     
   5.2771995259875085E-003   1.0318090579901300     
   5.3877013594841056E-003   1.0339512958565136     
   5.5005170443228604E-003   1.0360995110253217     
   5.6156950313562791E-003   1.0382537440740540     
   5.7332847859726680E-003   1.0404140359231766     
   5.8533368093400375E-003   1.0425804277483410     
   5.9759026600947687E-003   1.0447529610518635     
   6.1010349764844965E-003   1.0469316776206206     
   6.2287874989745834E-003   1.0491166195265282     
   6.3592150933279683E-003   1.0513078292707290     
   6.4923737741683467E-003   1.0535053495097668     
   6.6283207290367043E-003   1.0557092233268299     
   6.7671143429516370E-003   1.0579194940753378     
   6.9088142234838869E-003   1.0601362054747512     
   7.0534812263559205E-003   1.0623594014764293     
   7.2011774815776315E-003   1.0645891265191048     
   7.3519664201292306E-003   1.0668254252343898     
   7.5059128012029261E-003   1.0690683426995251     
   7.6630827400149875E-003   1.0713179241756625     
   7.8235437362001413E-003   1.0735742154484806     
   7.9873647028006322E-003   1.0758372624672625     
   8.1546159958622126E-003   1.0781071117837766     
   8.3253694446499635E-003   1.0803838099750109     
   8.4996983824966160E-003   1.0826674042766327     
   8.6776776782971042E-003   1.0849579420915421     
   8.8593837686623128E-003   1.0872554712210620     
   9.0448946907463069E-003   1.0895600399173502     
   9.2342901157608584E-003   1.0918716966838629     
   9.4276513831918120E-003   1.0941904905069053     
   9.6250615357318502E-003   1.0965164706600841     
   9.8266053549447337E-003   1.0988496868020852     
   1.0032369397676407E-002   1.1011901890885494     
   1.0242442033228466E-002   1.1035380278332665     
   1.0456913481310096E-002   1.1058932539926176     
   1.0675875850784618E-002   1.1082559188685785     
   1.0899423179227341E-002   1.1106260739180875     
   1.1127651473311892E-002   1.1130037712673699     
   1.1360658750042033E-002   1.1153890633548620     
   1.1598545078847035E-002   1.1177820030117203     
   1.1841412624558352E-002   1.1201826435059132     
   1.2089365691286217E-002   1.1225910385088067     
   1.2342510767215101E-002   1.1250072421193102     
   1.2600956570337050E-002   1.1274313088414809     
   1.2864814095142788E-002   1.1298632935423247     
   1.3134196660290373E-002   1.1323032516699689     
   1.3409219957271998E-002   1.1347471187399831     
   1.3690002100100001E-002   1.1372030969923514     
   1.3976663676033133E-002   1.1396672139885546     
   1.4269327797365165E-002   1.1421395266977430     
   1.4568120154297617E-002   1.1446200925466297     
   1.4873169068920068E-002   1.1471089694060572     
   1.5184605550320300E-002   1.1496062155934379     
   1.5502563350848790E-002   1.1521118898770986     
   1.5827179023561143E-002   1.1546260514775590     
   1.6158591980863519E-002   1.1571487600717383     
   1.6496944554385870E-002   1.1596800757963093     
   1.6842382056108929E-002   1.1622200592478797     
   1.7195052840771358E-002   1.1647687714896229     
   1.7555108369583381E-002   1.1673262740504582     
   1.7922703275274822E-002   1.1698926289301039     
   1.8297995428505021E-002   1.1724678985999983     
   1.8681146005663417E-002   1.1750521460063086     
   1.9072319558089794E-002   1.1776454345714329     
   1.9471684082744075E-002   1.1802478281978257     
   1.9879411094355780E-002   1.1828593912679632     
   2.0295675699084331E-002   1.1854801886474480     
   2.0720656669721661E-002   1.1881102856858943     
   2.1154536522469722E-002   1.1907497482190685     
   2.1597501595325488E-002   1.1933986425696144     
   2.2049742128107418E-002   1.1960570355483142     
   2.2511452344157461E-002   1.1987249944561515     
   2.2982830533754155E-002   1.2014025870815332     
   2.3464079139272065E-002   1.2040898817051220     
   2.3955404842124557E-002   1.2067869470967489     
   2.4457018651527121E-002   1.2094938525170518     
   2.4969135995119195E-002   1.2122106677152291     
   2.5491976811483828E-002   1.2149374629310532     
   2.6025765644604442E-002   1.2176743088910480     
   2.6570731740299561E-002   1.2204212768078921     
   2.7127109144676684E-002   1.2231784383795488     
   2.7695136804648100E-002   1.2259458657863527     
   2.8275058670550982E-002   1.2287236316881676     
   2.8867123800916702E-002   1.2315118092212314     
   2.9471586469433573E-002   1.2343104719945326     
   3.0088706274149758E-002   1.2371196940876443     
   3.0718748248962476E-002   1.2399395500416497     
   3.1361982977441930E-002   1.2427701148582002     
   3.2018686709038645E-002   1.2456114639937030     
   3.2689141477723858E-002   1.2484636733472585     
   3.3373635223114692E-002   1.2513268192626839     
   3.4072461914135148E-002   1.2542009785111194     
   3.4785921675266757E-002   1.2570862282877897     
   3.5514320915442620E-002   1.2599826462031931     
   3.6257972459640853E-002   1.2628903102704632     
   3.7017195683232994E-002   1.2658092988928429     
   3.7792316649146084E-002   1.2687396908540656     
   3.8583668247896351E-002   1.2716815653077707     
   3.9391590340555699E-002   1.2746350017587185     
   4.0216429904711359E-002   1.2776000800455025     
   4.1058541183482102E-002   1.2805768803310400     
   4.1918285837654765E-002   1.2835654830804342     
   4.2796033101006201E-002   1.2865659690407092     
   4.3692159938878039E-002   1.2895784192247557     
   4.4607051210071517E-002   1.2926029148874301     
   4.5541099832132489E-002   1.2956395374986731     
   4.6494706950097241E-002   1.2986883687207815     
   4.7468282108772145E-002   1.3017494903872693     
   4.8462243428620322E-002   1.3048229844633346     
   4.9477017785331576E-002   1.3079089330206519     
   5.0513040993152097E-002   1.3110074182138973     
   5.1570757992053573E-002   1.3141185222200509     
   5.2650623038820864E-002   1.3172423272395568     
   5.3753099902141450E-002   1.3203789154237988     
   5.4878662061779687E-002   1.3235283688492847     
   5.6027792911921573E-002   1.3266907694671035     
   5.7200985968777998E-002   1.3298661990631464     
   5.8398745082534446E-002   1.3330547392009404     
   5.9621584653739179E-002   1.3362564711681117     
   6.0870029854222199E-002   1.3394714759362423     
   6.2144616852640666E-002   1.3426998340822691     
   6.3445893044746529E-002   1.3459416257232644     
   6.4774417288476258E-002   1.3491969304692248     
   6.6130760143962755E-002   1.3524658273471957     
   6.7515504118573738E-002   1.3557483947032973     
   6.8929243917080385E-002   1.3590447101510652     
   7.0372586697064782E-002   1.3623548504996537     
   7.1846152329675311E-002   1.3656788916257039     
   7.3350573665842037E-002   1.3690169083639130     
   7.4886496808066888E-002   1.3723689745162122     
   7.6454581387904619E-002   1.3757351626486025     
   7.8055500849254195E-002   1.3791155439740166     
   7.9689942737581940E-002   1.3825101883027338     
   8.1358608995201448E-002   1.3859191638921016     
   8.3062216262735966E-002   1.3893425372962711     
   8.4801496186893380E-002   1.3927803732456128     
   8.6577195734685697E-002   1.3962327345979573     
   8.8390077514228754E-002   1.3996996819449523     
   9.0240920102258482E-002   1.4031812737369331     
   9.2130518378505846E-002   1.4066775659195589     
   9.4059683867072655E-002   1.4101886117488138     
   9.6029245084956721E-002   1.4137144618472510     
   9.8040047897873961E-002   1.4172551638295683     
  0.10009295588353162        1.4208107620049530     
  0.10218885070250847        1.4243812972859895     
  0.10432863247690012        1.4279668070955429     
  0.10651322017689469        1.4315673247622467     
  0.10874355201544128        1.4351828797946262     
  0.11102058585118393        1.4388134968787767     
  0.11334529959983186        1.4424591968164437     
  0.11571869165414465        1.4461199946038064     
  0.11814178131271059        1.4497959007965617     
  0.12061560921770451        1.4534869195550950     
  0.12314123780181048        1.4571930502561659     
  0.12571975174450500        1.4609142847029282     
  0.12835225843789258        1.4646506093025293     
  0.13103988846229675        1.4684020023533741     
  0.13378379607180935        1.4721684347048640     
  0.13658515969000654        1.4759498683301377     
  0.13944518241604625        1.4797467352883460     
  0.14236509254136145        1.4835577237776376     
  0.14534614407717378        1.4873837511511583     
  0.14838961729305181        1.4912244626936508     
  0.15149681926674849        1.4950797217043041     
  0.15466908444554986        1.4989493499551463     
  0.15790777521937938        1.5028331199986673     
  0.16121428250590153        1.5067307707879793     
  0.16459002634787909        1.5106421411919111     
  0.16803645652303711        1.5145716198222194     
  0.17155505316669764        1.5185110598071527     
  0.17514732740745165        1.5224709414664621     
  0.17881482201614385        1.5264128985955463     
  0.18255911206844269        1.5304158050334413     
  0.18638180562128814        1.5344114158094913     
  0.19028454440350323        1.5384215607505005     
  0.19426900452086343        1.5424377106446014     
  0.19833689717593544        1.5464650146935730     
  0.20248996940298289        1.5461373095261595     
  0.21105882438604581        1.5561036203047798     
  0.21547828720063966        1.5623724054474499     
  0.21999029128483599        1.5668527101575620     
  0.22459677440504272        1.5698491733370235     
  0.22929971490349429        1.5749441212180380     
  0.23410113254789183        1.5787288529650263     
  0.23900308939882803        1.5829141328074925     
  0.24400769069537967        1.5867721512594604     
  0.25433346891780451        1.5956406443249425     
  0.25965908044652675        1.5997931804886656     
  0.26509620753108820        1.6039490552378557     
  0.27064718524965281        1.6052435034778303     
  0.27631439757571757        1.6122835955985131     
  0.28210027840195195        1.6164755889258702     
  0.28800731258548123        1.6206126707981183     
  0.29403803701505787        1.6247785676607396     
  0.30019504170057248        1.6289503379937005     
  0.30648097088538817        1.6199420343604682     
  0.32613958538629578        1.6455819251540584     
  0.33296877992092122        1.6497190671423243     
  0.33994097426324166        1.6538509453271448     
  0.34705916275539994        1.6579727630309085     
  0.35432640243951724        1.6620852119222469     
  0.36174581437060066        1.6661773382607423     
  0.36932058495693548        1.6702571699898661     
  0.37705396732855162        1.6743167804842456     
  0.38494928273434426        1.6783550007757391     
  0.39300992196844264        1.6823569386267365     
  0.40123934682645773        1.6863503258992916     
  0.40964109159221085        1.6903127997800078     
  0.41821876455560164        1.6942425832679042     
  0.42697604956225998        1.6981370352090128     
  0.43591670759563789        1.7019931363336620     
  0.44504457839224260        1.7058075694978760     
  0.45436358209067867        1.7095767442557845     
  0.46387772091522900        1.7132968088206657     
  0.47359108089468943        1.7169636473328604     
  0.48350783361718669        1.7205728691237441     
  0.49363223802174883        1.7241197955309093     
  0.50396864222739124        1.7275994414987479     
  0.51452148540049270        1.7310064952035289     
  0.52529529966128796        1.7343352949665158     
  0.53629471203026668        1.7375798033020373     
  0.54752444641533871        1.7407335784485147     
  0.55898932564060966        1.7437897426251139     
  0.57069427351762747        1.7467409468910533     
  0.58264431696001662        1.7495793326053592     
  0.59484458814237351        1.7522964882654259     
  0.60730032670438161        1.7548834016572279     
  0.62001688200107719        1.7573304065662381     
  0.63299971540022582        1.7596271230018117     
  0.64625440262781420        1.7617623903202793     
  0.65978663616265609        1.7637241917202633     
  0.67360222768112832        1.7654995690722761     
  0.68770711055311473        1.7670745261872682     
  0.70210734239019790        1.7684339185650639     
  0.71680910764721883        1.7695613272629473     
  0.73181872027831507        1.7704389138089593     
  0.74714262644855711        1.7710472523936465     
  0.76278740730239047        1.7713651348778383     
  0.77875978179002292        1.7713693427295720     
  0.79506660955301056        1.7710343786874543     
  0.81171489387026674        1.7703321487499191     
  0.82871178466574513        1.7692315826194134     
  0.84606458157911468        1.7676981769941993     
  0.86378073710073633        1.7657059766762300     
  0.88186785977226390        1.7631872612656587     
  0.90033371745429247        1.7601055217446360     
  0.91918624066240229        1.7564055058187087     
  0.93843352597307506        1.7520240996627514     
  0.95808383950092968        1.7468885720570948     
  0.97814562044874953        1.7409143246086864     
  0.99862748473187546        1.7340018624252940     
   1.0195382286784607        1.7260327396401625     
   1.0408868328072289        1.7168640961969306     
   1.0626824656843354        1.7063200420210125     
   1.0849344878609706        1.6941800000031282     
   1.1076524558934342        1.6801600638442824     
   1.1308461264473870        1.6638830199419337     
   1.1545254604880237        1.6448268234858983     
   1.1787006275580154        1.6222287013630665     
   1.2033820101449995        1.5948861924126490     
   1.2285802081405444        1.5606737890620648     
   1.2543060433924824        1.5150241141310952     
   1.2805705643525420        1.4428641182366437     
