   1.5267410819654423        1.9657128073042682     
   1.5253895920165965        1.9660097324426795     
   1.5240349309033092        1.9663009246877761     
   1.5226779152593781        1.9665884694969051     
   1.5213185406032712        1.9668723938855075     
   1.5199567898080086        1.9671527266740898     
   1.5185926458978780        1.9674294960194534     
   1.5172260918484253        1.9677027293813458     
   1.5158571108637808        1.9679724536858347     
   1.5144856860129723        1.9682386951453188     
   1.5131118004873128        1.9685014794202715     
   1.5117354375696306        1.9687608316110781     
   1.5103565805107912        1.9690167762142672     
   1.5089752125602300        1.9692693371464911     
   1.5075913171163398        1.9695185378498692     
   1.5062048774722947        1.9697644011632907     
   1.5048158770374285        1.9700069494550436     
   1.5034242992735105        1.9702462046043330     
   1.5020301274893684        1.9704821879022265     
   1.5006333451910250        1.9707149202538345     
   1.4992339357773785        1.9709444220253582     
   1.4978318827591479        1.9711707131751988     
   1.4964271695606290        1.9713938131572497     
   1.4950197796579128        1.9716137410062771     
   1.4936096964403471        1.9718305152750244     
   1.4921969034853959        1.9720441541928302     
   1.4907813841984261        1.9722546754823354     
   1.4893631219968098        1.9724620964643531     
   1.4879421003637634        1.9726664341003055     
   1.4865183027592714        1.9728677049539900     
   1.4850917125089413        1.9730659251369567     
   1.4836623131320998        1.9732611104969626     
   1.4822300878981902        1.9734532763846966     
   1.4807950202263316        1.9736424378819082     
   1.4793570934640390        1.9738286096860338     
   1.4779162909181434        1.9740118061349454     
   1.4764725958734792        1.9741920412262053     
   1.4750259915326762        1.9743693285897714     
   1.4735764611919175        1.9745436815902746     
   1.4721239880660713        1.9747151132462570     
   1.4706685552811105        1.9748836362178193     
   1.4692101459260176        1.9750492628573835     
   1.4677487431557259        1.9752120052619790     
   1.4662843299795869        1.9753718751646707     
   1.4648168894057321        1.9755288840282572     
   1.4633464043618529        1.9756830429930650     
   1.4618728578506375        1.9758343629828281     
   1.4603962326736131        1.9759828545474403     
   1.4589165116557066        1.9761285279978866     
   1.4574336775535257        1.9762713933589278     
   1.4559477131133307        1.9764114604063978     
   1.4544586009558673        1.9765487386086047     
   1.4529663237273855        1.9766832372127841     
   1.4514708639179641        1.9768149651548446     
   1.4499722040868956        1.9769439311825225     
   1.4484703265847534        1.9770701437077327     
   1.4469652138472935        1.9771936109775119     
   1.4454568481054575        1.9773143409115745     
   1.4439452116316855        1.9774323412463726     
   1.4424302865908862        1.9775476194582127     
   1.4409120550943910        1.9776601827913125     
   1.4393904991381414        1.9777700382328454     
   1.4378656006882786        1.9778771925633298     
   1.4363373416367609        1.9779816523321345     
   1.4348057037430988        1.9780834238313161     
   1.4332706688567349        1.9781825132262181     
   1.4317322185276231        1.9782789263331033     
   1.4301903343530364        1.9783726688231278     
   1.4286449978072935        1.9784637461278609     
   1.4270961903781398        1.9785521635204553     
   1.4255438932964895        1.9786379259638838     
   1.4239880878776889        1.9787210383079250     
   1.4224287552341310        1.9788015051310932     
   1.4208658764547271        1.9788793308423949     
   1.4192994325105304        1.9789545196328975     
   1.4177294043268689        1.9790270755173855     
   1.4161557726276537        1.9790970022474899     
   1.4145785181876720        1.9791643034642661     
   1.4129976215658950        1.9792289825408549     
   1.4114130632510253        1.9792910426725168     
   1.4098248237749063        1.9793504869423317     
   1.4082328833380706        1.9794073181066318     
   1.4066372221622623        1.9794615388078713     
   1.4050378204294425        1.9795131515317783     
   1.4034346580731749        1.9795621584966219     
   1.4018277150366820        1.9796085617963919     
   1.4002169711012724        1.9796523633148144     
   1.3986024059412201        1.9796935647500149     
   1.3969839991705384        1.9797321676450352     
   1.3953617302721437        1.9797681733526191     
   1.3937355785636294        1.9798015830128610     
   1.3921055232956938        1.9798323976145267     
   1.3904715436326773        1.9798606179855589     
   1.3888336185100976        1.9798862447105419     
   1.3871917269426675        1.9799092783121779     
   1.3855458476213967        1.9799297190192813     
   1.3838959592460534        1.9799475669615521     
   1.3822420402766102        1.9799628220246821     
   1.3805840692232587        1.9799754840232637     
   1.3789220243804463        1.9799855525443697     
   1.3772558838378632        1.9799930269592552     
   1.3755856256887935        1.9799979065433719     
   1.3739112278159902        1.9800001903544273     
   1.3722326680322015        1.9799998773119898     
   1.3705499239623065        1.9799969661359220     
   1.3688629731190767        1.9799914553865654     
   1.3671717929023970        1.9799833434683727     
   1.3654763605292042        1.9799726285908363     
   1.3637766531241213        1.9799593088174581     
   1.3620726476736831        1.9799433820471577     
   1.3603643210090981        1.9799248460002130     
   1.3586516498660262        1.9799036982557427     
   1.3569346106881017        1.9798799361381247     
   1.3552131799392380        1.9798535569003459     
   1.3534873338838385        1.9798245575957969     
   1.3517570486629154        1.9797929351257735     
   1.3500223001861125        1.9797586861745862     
   1.3482830643235992        1.9797218073219016     
   1.3465393166783675        1.9796822949160426     
   1.3447910328384887        1.9796401452138648     
   1.3430381881123883        1.9795953542343805     
   1.3412807577587189        1.9795479178906707     
   1.3395187167918019        1.9794978318734422     
   1.3377520401121967        1.9794450917340076     
   1.3359807023737182        1.9793896928046313     
   1.3342046783070123        1.9793316303878228     
   1.3324239422088211        1.9792708994565842     
   1.3306384683151247        1.9792074948768399     
   1.3288482308079379        1.9791414114113466     
   1.3270532035248288        1.9790726435459762     
   1.3252533602068728        1.9790011856388534     
   1.3234486744190830        1.9789270318766397     
   1.3216391196338710        1.9788501763169284     
   1.3198246690793833        1.9787706128057285     
   1.3180052957137500        1.9786883349601974     
   1.3161809725111429        1.9786033363362028     
   1.3143516722011621        1.9785156102760442     
   1.3125173672862305        1.9784251499213468     
   1.3106780300669920        1.9783319482232791     
   1.3088336327273060        1.9782359980004245     
   1.3069841473075783        1.9781372919111861     
   1.3051295456020828        1.9780358224056769     
   1.3032697991630799        1.9779315817231475     
   1.3014048795057083        1.9778245620098696     
   1.2995347577390388        1.9777147551079821     
   1.2976594050608716        1.9776021528405920     
   1.2957787923283519        1.9774867467644281     
   1.2938928900651003        1.9773685281707276     
   1.2920016688566431        1.9772474883178430     
   1.2901050989713199        1.9771236182103209     
   1.2882031504770068        1.9769969086661974     
   1.2862957931669634        1.9768673502693663     
   1.2843829969048961        1.9767349335819961     
   1.2824647310101134        1.9765996487707120     
   1.2805409648671076        1.9764614859762675     
   1.2786116674385104        1.9763204350157699     
   1.2766768076300434        1.9761764856089239     
   1.2747363541019530        1.9760296272541140     
   1.2727902753807032        1.9758798493040226     
   1.2708385395779938        1.9757271407942589     
   1.2688811148033001        1.9755714906868860     
   1.2669179687976624        1.9754128876581400     
   1.2649490692042815        1.9752513202496846     
   1.2629743833438538        1.9750867767403468     
   1.2609938784810757        1.9749192453064717     
   1.2590075214950744        1.9747487138183859     
   1.2570152791031772        1.9745751699774523     
   1.2550171177735108        1.9743986012615651     
   1.2530130038600287        1.9742189950059306     
   1.2510029032792112        1.9740363382119008     
   1.2489867819896343        1.9738506178245454     
   1.2469646055508163        1.9736618204782705     
   1.2449363392792210        1.9734699325807827     
   1.2429019483266399        1.9732749403658689     
   1.2408613975928584        1.9730768298349239     
   1.2388146517630683        1.9728755867818983     
   1.2367616752810788        1.9726711967750115     
   1.2347024323111917        1.9724636451308564     
   1.2326368867839734        1.9722529169444893     
   1.2305650024560857        1.9720389971216954     
   1.2284867428138544        1.9718218703217634     
   1.2264020710766490        1.9716015209552327     
   1.2243109502097669        1.9713779331940571     
   1.2222133429569833        1.9711510909873580     
   1.2201092118261649        1.9709209780528534     
   1.2179985191126010        1.9706875778882209     
   1.2158812268267487        1.9704508737279445     
   1.2137572966659649        1.9702108485232306     
   1.2116266901281496        1.9699674850095528     
   1.2094893684806503        1.9697207656862021     
   1.2073452927625175        1.9694706728176072     
   1.2051944236473000        1.9692171883452729     
   1.2030367216322144        1.9689602940038222     
   1.2008721470450263        1.9686999713223865     
   1.1987006597207566        1.9684362014277006     
   1.1965222193938900        1.9681689652753775     
   1.1943367855470168        1.9678982435654262     
   1.1921443174003272        1.9676240167229049     
   1.1899447738218469        1.9673462648530713     
   1.1877381134583995        1.9670649678050929     
   1.1855242947717417        1.9667801052064289     
   1.1833032758301221        1.9664916563247805     
   1.1810750145385587        1.9661996002073374     
   1.1788394685098436        1.9659039155989200     
   1.1765965950083361        1.9656045809136617     
   1.1743463511201873        1.9653015743242195     
   1.1720886936614971        1.9649948737097847     
   1.1698235790403770        1.9646844565722821     
   1.1675509636175014        1.9643703002443398     
   1.1652708032996142        1.9640523816519078     
   1.1629830538600672        1.9637306774913281     
   1.1606876706064104        1.9634051640368697     
   1.1583846088073564        1.9630758173932603     
   1.1560738232564700        1.9627426132259529     
   1.1537552685887427        1.9624055269493357     
   1.1514288990030213        1.9620645335630542     
   1.1490946687338919        1.9617196079247201     
   1.1467525314527662        1.9613707243892127     
   1.1444024405830526        1.9610178569964527     
   1.1420443494195569        1.9606609795380334     
   1.1396782108630878        1.9603000653953500     
   1.1373039776142129        1.9599350876499220     
   1.1349216019680157        1.9595660189638853     
   1.1325310360162764        1.9591928316821796     
   1.1301322316639741        1.9588154978582655     
   1.1277251403811177        1.9584339890861051     
   1.1253097134292107        1.9580482766392064     
   1.1228859017914581        1.9576583314214544     
   1.1204536561183205        1.9572641239315109     
   1.1180129269210586        1.9568656243776137     
   1.1155636642959630        1.9564628025018049     
   1.1131058180995519        1.9560556276837795     
   1.1106393378894668        1.9556440689007675     
   1.1081641730416707        1.9552280947951086     
   1.1056802725961128        1.9548076735701529     
   1.1031875851524151        1.9543827729284662     
   1.1006860594060808        1.9539533603921273     
   1.0981756434981569        1.9535194028952176     
   1.0956562852068206        1.9530808669045912     
   1.0931279324457919        1.9526377187083110     
   1.0905905324327105        1.9521899239121454     
   1.0880440322334315        1.9517374477607814     
   1.0854883788913376        1.9512802552104094     
   1.0829235189081488        1.9508183106108128     
   1.0803493985132309        1.9503515778574148     
   1.0777659638624377        1.9498800205111504     
   1.0751731608235779        1.9494036016589458     
   1.0725709346659442        1.9489222837174154     
   1.0699592309310930        1.9484360289586846     
   1.0673379945044277        1.9479447989400094     
   1.0647071700710975        1.9474485547679572     
   1.0620667023289196        1.9469472572263222     
   1.0594165354517300        1.9464408664416508     
   1.0567566134962529        1.9459293421201509     
   1.0540868800402887        1.9454126433242191     
   1.0514072786981743        1.9448907287763473     
   1.0487177528892138        1.9443635567116839     
   1.0460182455504912        1.9438310846916911     
   1.0433086994272525        1.9432932697741474     
   1.0405890572457424        1.9427500686156807     
   1.0378592612721369        1.9422014371818548     
   1.0351192536963407        1.9416473309880020     
   1.0323689763250645        1.9410877048877186     
   1.0296083710287933        1.9405225133515220     
   1.0268373791053602        1.9399517100529604     
   1.0240559420359829        1.9393752483331221     
   1.0212640007258111        1.9387930807222498     
   1.0184614961944478        1.9382051593517677     
   1.0156483691875657        1.9376114357043170     
   1.0128245599269836        1.9370118604564062     
   1.0099900090431000        1.9364063840353156     
   1.0071446565021838        1.9357949559425669     
   1.0042884422962040        1.9351775251833445     
   1.0014213062613728        1.9345540401247130     
  0.99854318830271693        1.9339244486417799     
  0.99565402745645082        1.9332886975110883     
  0.99275376349161171        1.9326467333885593     
  0.98984233534126276        1.9319985018411556     
  0.98691968222348758        1.9313439480123584     
  0.98398574305955289        1.9306830162552560     
  0.98104045674188189        1.9300156502879606     
  0.97808376204724390        1.9293417931167092     
  0.97511559749439625        1.9286613869441576     
  0.97213590168160335        1.9279743733613837     
  0.96914461301419530        1.9272806931567235     
  0.96614166991468231        1.9265802864407877     
  0.96312701083817231        1.9258730926389884     
  0.96010057371766877        1.9251590501250411     
  0.95706229705184120        1.9244380968871657     
  0.95401211888389481        1.9237101698726524     
  0.95094997744388388        1.9229752053800799     
  0.94787581075496996        1.9222331387813507     
  0.94478955721325075        1.9214839048774863     
  0.94169115462909636        1.9207274372829861     
  0.93858054134051450        1.9199636690916349     
  0.93545765533022074        1.9191925323218559     
  0.93232243517969360        1.9184139584741182     
  0.92917481888796249        1.9176278778002838     
  0.92601474515533466        1.9168342200521826     
  0.92284215184790941        1.9160329135353156     
  0.91965697814919112        1.9152238864055406     
  0.91645916220738355        1.9144070651931326     
  0.91324864302179898        1.9135823759529449     
  0.91002535961702247        1.9127497437318426     
  0.90678925081483475        1.9119090923924240     
  0.90354025610612188        1.9110603451524151     
  0.90027831470933162        1.9102034239506698     
  0.89700336640627010        1.9093382499604152     
  0.89371535118320500        1.9084647433342146     
  0.89041420883686051        1.9075828229367637     
  0.88709988029265896        1.9066924071342570     
  0.88377230578678134        1.9057934126361615     
  0.88043142602277313        1.9048857551896610     
  0.87707718299510584        1.9039693500745782     
  0.87370951797107954        1.9030441107953087     
  0.87032837295076237        1.9021099499833352     
  0.86693369036674350        1.9011667791658151     
  0.86352541295944596        1.9002145086628361     
  0.86010348393758751        1.8992530476534220     
  0.85666784693336540        1.8982823041194850     
  0.85321844613224473        1.8973021848947900     
  0.84975522641570567        1.8963125957037337     
  0.84627813266038510        1.8953134407174748     
  0.84278521834505193        1.8943077275402740     
  0.83928043536965380        1.8932893400449469     
  0.83576162849252078        1.8922611000862333     
  0.83222874582603990        1.8912229072541604     
  0.82868173610430218        1.8901746597795297     
  0.82512054877879359        1.8891162545525524     
  0.82154513405232932        1.8880475871034375     
  0.81795544290621058        1.8869685515777761     
  0.81435142714040754        1.8858790407191839     
  0.81073303940238151        1.8847789458437174     
  0.80710023321987845        1.8836681568157025     
  0.80345296304757041        1.8825465620313866     
  0.79979118428735152        1.8814140483845858     
  0.79611485334030019        1.8802705012514875     
  0.79242392763457670        1.8791158044588243     
  0.78871836567124176        1.8779498402623678     
  0.78499812706158389        1.8767724893186852     
  0.78126317257162370        1.8755836306602907     
  0.77751346415694844        1.8743831416632004     
  0.77374896501458357        1.8731708980241919     
  0.76996963962165144        1.8719467737280520     
  0.76617545378402740        1.8707106410199077     
  0.76236637468012836        1.8694623703730222     
  0.75854237091089316        1.8682018304589578     
  0.75470341254752871        1.8669288881147732     
  0.75084947117671885        1.8656434083071145     
  0.74698051996591797        1.8643452541074568     
  0.74309653369704165        1.8630342866454004     
  0.73919748883358050        1.8617103650817832     
  0.73528336356776247        1.8603733465670769     
  0.73135413788451642        1.8590230862089054     
  0.72740979360668356        1.8576594370254724     
  0.72345031446555486        1.8562822499134384     
  0.71947568615755830        1.8548913736050274     
  0.71548589640087379        1.8534866546226823     
  0.71148093500188059        1.8520679372383722     
  0.70746079391952155        1.8506350634290543     
  0.70342546733190148        1.8491878728316591     
  0.69937495170271979        1.8477262026952908     
  0.69530924584249110        1.8462498878281208     
  0.69122835099695745        1.8447587605591316     
  0.68713227090108175        1.8432526506751759     
  0.68302101185171249        1.8417313853675241     
  0.67889458280734605        1.8401947891935193     
  0.67475299542401146        1.8386426839935266     
  0.67059626417635765        1.8370748888611927     
  0.66642440641252043        1.8354912200670457     
  0.66223744243398430        1.8338914909955475     
  0.65803539558876822        1.8322755120879608     
  0.65381829236322753        1.8306430907811222     
  0.64958616245747947        1.8289940314319235     
  0.64533903886268984        1.8273281352397328     
  0.64107695797208220        1.8256452001876233     
  0.63679995968357206        1.8239450209745292     
  0.63250808746086917        1.8222273889160796     
  0.62820138845193052        1.8204920918794576     
  0.62387991359119277        1.8187389142041437     
  0.61954371768132277        1.8169676366040330     
  0.61519285950225666        1.8151780360841716     
  0.61082740193625895        1.8133698858641145     
  0.60644741205884911        1.8115429552729845     
  0.60205296122483198        1.8096970096375680     
  0.59764412522715560        1.8078318102138051     
  0.59322098438942072        1.8059471140698180     
  0.58878362363546477        1.8040426739468911     
  0.58433213273069151        1.8021182382320786     
  0.57986660622295838        1.8001735507227268     
  0.57538714372236199        1.7982083506133526     
  0.57089384994975678        1.7962223723214035     
  0.56638683489723496        1.7942153453824223     
  0.56186621391872960        1.7921869942917101     
  0.55733210789779986        1.7901370383914981     
  0.55278464338972688        1.7880651917359656     
  0.54822395267058321        1.7859711628830426     
  0.54365017397943272        1.7838546548140097     
  0.53906345167252490        1.7817153647842705     
  0.53446393626238908        1.7795529840875104     
  0.52985178459938898        1.7773671979106387     
  0.52522716012488813        1.7751576852297510     
  0.52059023291618922        1.7729241185554840     
  0.51594117973650144        1.7706661636689085     
  0.51128018444205603        1.7683834796027480     
  0.50660743819254905        1.7660757184723670     
  0.50192313907602271        1.7637425248912493     
  0.49722749277361494        1.7613835360981482     
  0.49252071278089105        1.7589983817731663     
  0.48780302024162647        1.7565866835660082     
  0.48307464422473617        1.7541480549197750     
  0.47833582206140512        1.7516821009386938     
  0.47358679943019399        1.7491884180557440     
  0.46882782999277639        1.7466665933688086     
  0.46405917691638227        1.7441162053193213     
  0.45928111156154494        1.7415368223201908     
  0.45449391461624150        1.7389280031319221     
  0.44969787653893500        1.7362892967276917     
  0.44489329612866657        1.7336202407892869     
  0.44008048188860405        1.7309203622058988     
  0.43525975274147755        1.7281891770942612     
  0.43043143737420803        1.7254261898152421     
  0.42559587372295837        1.7226308920391507     
  0.42075341125341903        1.7198027638957989     
  0.41590440786174715        1.7169412710946665     
  0.41104923470549531        1.7140458679222597     
  0.40618826817313947        1.7111159906579410     
  0.40132190085623409        1.7081510651054068     
  0.39645052989060947        1.7051504972267644     
  0.39157456811108904        1.7021136808311605     
  0.38669442992541819        1.6990399861800194     
  0.38181054695412170        1.6959287710864897     
  0.37692334888345758        1.6927793655796812     
  0.37203327850726359        1.6895910824745952     
  0.36714077846213289        1.6863632063918956     
  0.36224629623113558        1.6830949965915325     
  0.35734615914685081        1.6797824594774970     
  0.35244832448926444        1.6764306856419593     
  0.34755062049059821        1.6730367419332504     
  0.34265320446100850        1.6695995696556891     
  0.33775702877487579        1.6661186726249344     
  0.33286362494222826        1.6625939882025531     
  0.32797587337558776        1.6590265129858046     
  0.32310007650535616        1.6554199928754127     
  0.31825244258409963        1.6517862180502003     
  0.31331701879261942        1.6480297494361169     
  0.30845840775633787        1.6442826708477145     
  0.30352754986380109        1.6404211732930098     
  0.29900814620180860        1.6368457522873678     
  0.29384002492006600        1.6326721507753936     
  0.28896604590712432        1.6286837160588488     
  0.28407358731416810        1.6246178528256563     
  0.27928506827928590        1.6205771557386515     
  0.27455611118794748        1.6165230513414492     
  0.19769604672847568        1.5416922050340467     
  0.20575857574082917        1.5511993097487422     
  0.22702563125754088        1.5730231093215463     
  0.24738785554446799        1.5920534614328916     
  0.21399368477269190        1.5600625741051668     
  0.24512004205014692        1.5894864979259689     
  0.21985072918370768        1.5655976682557451     
  0.24871406294429818        1.5918295657915225     
  0.25218463335956559        1.5942732803426234     
  0.21698567403063498        1.5612805458669639     
  0.21252271348953192        1.5564258510730935     
  0.20799392309653486        1.5514103961025505     
  0.26852672535864991        1.6033054322666160     
  0.19912565914456631        1.5412595429343545     
  0.19494404905868257        1.5362790960468744     
  0.19005161787895308        1.5304720854540432     
  0.18556166581184311        1.5249527673317866     
  0.18117861488671619        1.5194239509641305     
  0.31419948105249818        1.6269527793402778     
  0.16366333821126799        1.4960515619394714     
  0.15932246880120521        1.4899060731906251     
  0.15506398325902812        1.4837057327790650     
  0.15082556618800214        1.4773766406893654     
  0.14666327927662573        1.4709790342730287     
  0.14248815956331512        1.4644050569549076     
  0.13839027329375467        1.4577551794013932     
  0.13431916713931499        1.4509649737429089     
  0.13028762600611932        1.4440442739077008     
  0.12624861540953561        1.4369283783766671     
  0.12232599445574084        1.4297668980389244     
  0.11843829273950073        1.4224527263599951     
  0.11459276505525760        1.4149887917972817     
  0.11079290401149640        1.4073732836177597     
  0.10704112047620043        1.3996029124116232     
  0.10333930726332520        1.3916735705526484     
   9.9689078265490283E-002   1.3835806050127679     
   9.6091900941002797E-002   1.3753189683246347     
   9.2549159050959090E-002   1.3668832848647161     
   8.9062183303280862E-002   1.3582678773683139     
   8.5632270468678690E-002   1.3494667800825235     
   8.2260690643401260E-002   1.3404737356634819     
   7.8948691475605307E-002   1.3312821878973624     
   7.5697499643085697E-002   1.3218852700007497     
   7.2508320294475154E-002   1.3122757890921231     
   6.9382335928567213E-002   1.3024462088511934     
   6.6320704233893676E-002   1.2923886292534785     
   6.3324555452108355E-002   1.2820947640079636     
   6.0394989748650124E-002   1.2715559163806742     
   5.7533073856302207E-002   1.2607629516889394     
   5.4739837618387285E-002   1.2497062673015440     
   5.2016270340897501E-002   1.2383757596266578     
   4.9363316779368761E-002   1.2267607872433430     
   4.6781873056612577E-002   1.2148501303036239     
   4.4272782233420037E-002   1.2026319449295493     
   4.1836829784792140E-002   1.1900937124416866     
   3.9474738825552122E-002   1.1772221821191695     
   3.7187165135103312E-002   1.1640033064713327     
   3.4974692050694756E-002   1.1504221678217750     
   3.2837825188416048E-002   1.1364628943980324     
   3.0776986994790881E-002   1.1221085637726711     
   2.8792511223740949E-002   1.1073410912748078     
   2.6884637315716969E-002   1.0921410999203367     
   2.5053504758851857E-002   1.0764877678235323     
   2.3299147446630936E-002   1.0603586475972298     
   2.1621488136885050E-002   1.0437294509485924     
   2.0020333080582046E-002   1.0265737893416835     
   1.8493966732020462E-002   1.0088616272180726     
   1.7045091265044835E-002  0.99056546317681982     
   1.5671342480160270E-002  0.97164752038528979     
   1.4372023910744196E-002  0.95206903746414961     
   1.3146297733745883E-002  0.93178658428424599     
   1.1993188860250893E-002  0.91075106768481762     
   1.0911586208823475E-002  0.88890641512271695     
   9.9002430865962332E-003  0.86618777399519686     
   8.9577985101405022E-003  0.84251916172552710     
   8.0827671461242007E-003  0.81781010086732353     
   7.2735777701326597E-003  0.79195049981486154     
   6.5286012662348928E-003  0.76480353540567891     
   5.8462057994971743E-003  0.73619423914609250     
   5.2248489189205861E-003  0.70589099319628446     
   4.6632429071626720E-003  0.67357349645590792     
   4.1606761124625170E-003  0.63877272203816216     
   3.7177112093242193E-003  0.60074548986722887     
   3.3379750029739930E-003  0.55816776752832087     
   3.0341032091909326E-003  0.50816527921298360     
   2.8674145900122691E-003  0.44116493976704468     
