   5.2296034750505012        5.2134790422551447     
   4.9868323484611858        4.9935650343100306     
   4.7684961399970192        4.7959816062403595     
   4.5692355836566882        4.6160873182480318     
   4.3854403866404841        4.4506989378061519     
   4.2142797799590399        4.2972379152909896     
   4.0544804267899988        4.1546390094129713     
   3.9044588837215293        4.0214335423881424     
   3.7631443472680455        3.8966391387151624     
   3.6297367743353512        3.7795235379580872     
   3.5035605996051977        3.6694605948257935     
   3.3840861712821138        3.5659608009541488     
   3.2708636179148241        3.4686047793842807     
   3.1635363736940016        3.3770628860292344     
