   1.2908447090833616E-004   6.9121380405645327     
   4.4566342556667663E-004   6.4205983752806954     
   1.1409574612162104E-003   6.0024915879694447     
   2.3821166996202529E-003   5.6394108338462168     
   4.3110137897618825E-003   5.3190980494389208     
   7.0637252969078194E-003   5.0323577743547174     
   1.0691708886788940E-002   4.7744705836527421     
   1.5264554926782147E-002   4.5404639723249929     
   2.0829851050140832E-002   4.3268946917013933     
   2.7409251897855404E-002   4.1312054078767879     
   3.5026266874401225E-002   3.9512566065663801     
   4.3685492263164545E-002   3.7853724425087529     
   5.3399841564210328E-002   3.6321106124468518     
   6.4154219300351006E-002   3.4903280169412598     
