           1  -3.6014217577361749        8.0445285942682965E-002
           2  -3.2526802355919084        7.9209460494849004E-002
           3  -2.9444236520011504        7.7123367047065017E-002
           4  -2.6657946905147365        7.4366460390777434E-002
           5  -2.4091951038630364        7.1037053300533337E-002
           6  -2.1683699755952159        6.7165466441666766E-002
           7  -1.9407404850490604        6.2828319615335637E-002
           8  -1.7228145934022119        5.8038704515145589E-002
           9  -1.5122483290506936        5.2811758730198832E-002
          10  -1.3073958868096656        4.7173328827083250E-002
          11  -1.1068093789703519        4.1136716153917785E-002
          12 -0.90944620974083168        3.4722713909189906E-002
          13 -0.71433693896948847        2.7945289047520916E-002
          14 -0.52087859650638513        2.0830042415348693E-002
