           1   16.736253320917548        18.645780509878556        1.2180186208686048        1.7764204933193855     
           2   17.430207716318325        19.216805478245107        1.1274788704702527        1.5957919705869779     
           3   18.054313241302918        19.721656064036384        1.0476695026630474        1.4426086986435915     
           4   18.623892696336895        20.174494314403489       0.97627997744432560        1.3101606268630783     
           5   19.149266296425544        20.584538853174013       0.91173410258632970        1.1939453329273404     
           6   19.638509880438722        20.958483949719085       0.85275860947586257        1.0905304635962805     
           7   20.095289187509096        21.300011914168088       0.79883935124939220       0.99824441163919542     
           8   20.524119480333130        21.612788316859870       0.74925803535594493       0.91522008768978336     
           9   20.928059900224717        21.899379133084075       0.70353927111092573       0.84018083246919073     
          10   21.309399418341872        22.161801159801733       0.66133225415449748       0.77218312701181835     
          11   21.670068210143224        22.401686447155477       0.62233830050453964       0.71043300785155272     
          12   22.011580426288560        22.620398406739017       0.58632649256979497       0.65431011901134495     
          13   22.335221926498431        22.819033691055161       0.55310031121281289       0.60327928252467777     
          14   22.642011961067901        22.998602988885406       0.52250767824269617       0.55691635851842725     
