   1.7223999087063084        2.2233508090792030E-004
   1.8699796020985069        8.3338151521103151E-004
   1.9879758134335945        2.2681958370544247E-003
   2.0843926608455217        4.9652665659660113E-003
   2.1647224639459481        9.3321483930783027E-003
   2.2332776700275803        1.5775259972793172E-002
   2.2920600122659303        2.4506038402197214E-002
   2.3434215773464468        3.5771287384011294E-002
   2.3889693231184990        4.9761875163914102E-002
   2.4298467090072733        6.6600280520355312E-002
   2.4670449458777828        8.6411374665457952E-002
   2.5013038048843992       0.10927068801610146     
   2.5332948003784819       0.13527754097564876     
   2.5634910341123835       0.16445876597692943     
