  0.64636764592417595        5.5503017496803624     
  0.63608732734197948        5.4938886817252657     
  0.62535715840292383        5.4354393689724549     
  0.61414998907432028        5.3748511747195771     
  0.60243582561099407        5.3120079671083751     
  0.59018177227233182        5.2467819368219910     
  0.57735160840810340        5.1790316647214034     
  0.56390530319509991        5.1085999088574781     
  0.54979848290008626        5.0353112224046788     
  0.53498188512326106        4.9589695878615387     
  0.51940097002178365        4.8793573700107125     
  0.50298864648658104        4.7961729561788324     
  0.48569084534238671        4.7092576414282172     
  0.46743338572199089        4.6182962811564492     
  0.44814638094074438        4.5230265854228442     
  0.42776470403445715        4.4232238744297065     
  0.40623648047999694        4.3187447071283538     
  0.38353496054160680        4.2095842028845407     
  0.35967327775435615        4.0959416311095813     
  0.33472056730353728        3.9782839680282587     
  0.30881664630251138        3.8573917817887491     
  0.28218282725219984        3.7343783105565800     
  0.25509679075152619        3.6104883394157867     
  0.22793793317642380        3.4873694889084090     
  0.20109382505602150        3.3664836074132189     
  0.17497298715669907        3.2492257963872504     
