   1.4139095366494324E-008   1.1966924933673833     
   3.3053254115763364E-008   1.2306229101359847     
   7.6325707237596488E-008   1.2655154036932907     
   1.7392042751437063E-007   1.3013972930235056     
   3.9065829740745842E-007   1.3382967217397093     
   8.6405146929288085E-007   1.3762427390157221     
   1.8797191838847378E-006   1.4152654437660404     
   4.0175075008220012E-006   1.4553962517710890     
   8.4258753680528969E-006   1.4966683942241628     
   1.7319571889978822E-005   1.5391178358336164     
   3.4848084972401601E-005   1.5827849214133389     
   6.8542709561491427E-005   1.6277172193767473     
   1.3163223442068026E-004   1.6739742590113380     
   2.4649194626172229E-004   1.7216349479933468     
   4.4950358347152470E-004   1.7708086187125438     
   7.9731386095674851E-004   1.8216502846792655     
   1.3740706213829269E-003   1.8743799826557563     
   2.2985370530368308E-003   1.9293046601961730     
   3.7292186316517173E-003   1.9868391292540744     
   5.8650780885558884E-003   2.0475206441149312     
   8.9395146903152711E-003   2.1120106851211182     
   1.3206535364678499E-002   2.1810789337935699     
   1.8919013030847621E-002   2.2555657320210925     
   2.6307524412841000E-002   2.3363384455328422     
   3.5556965664356815E-002   2.4242346692734547     
   4.6796117121442424E-002   2.5200269630494350     
