  0.64636764592417595        1.3990997517893875     
  0.63608732734197948        1.4279144594953412     
  0.62535715840292383        1.4577554055126067     
  0.61414998907432028        1.4886695826202598     
  0.60243582561099407        1.5207076426266377     
  0.59018177227233182        1.5539240313241083     
  0.57735160840810340        1.5883775466911969     
  0.56390530319509991        1.6241320644631263     
  0.54979848290008626        1.6612575137043315     
  0.53498188512326106        1.6998312545371952     
  0.51940097002178365        1.7399399417045360     
  0.50298864648658104        1.7816894651359418     
  0.48569084534238671        1.8251843197780127     
  0.46743338572199089        1.8705681424426812     
  0.44814638094074438        1.9180118022269550     
  0.42776470403445715        1.9677312189974114     
  0.40623648047999694        2.0200044877644405     
  0.38353496054160680        2.0751930880980458     
  0.35967327775435615        2.1337658736124441     
  0.33472056730353728        2.1963227257865294     
  0.30881664630251138        2.2636131355901492     
  0.28218282725219984        2.3365431801407599     
  0.25509679075152619        2.4161914563536753     
  0.22793793317642380        2.5037399573675394     
  0.20109382505602150        2.6005078887209856     
  0.17497298715669907        2.7078894793128137     
