   1.1966924933673833        1.9478283960491967     
   1.2306229101359847        1.9715363190572091     
   1.2655154036932907        1.9957720231733189     
   1.3013972930235056        2.0205450177401700     
   1.3382967217397093        2.0458648811698215     
   1.3762427390157221        2.0717414084814365     
   1.4152654437660404        2.0981847464574193     
   1.4553962517710890        2.1252056658343661     
   1.4966683942241628        2.1528160929367681     
   1.5391178358336164        2.1810301193114068     
   1.5827849214133389        2.2098658092998047     
   1.6277172193767473        2.2393478768982571     
   1.6739742590113380        2.2695150946786797     
   1.7216349479933468        2.3004257699329340     
   1.7708086187125438        2.3321722791119246     
   1.8216502846792655        2.3648981782290917     
   1.8743799826557563        2.3988206200638351     
   1.9293046601961730        2.4342559257719598     
   1.9868391292540744        2.4716443413636693     
   2.0475206441149312        2.5115676500904502     
   2.1120106851211182        2.5547520347210106     
   2.1810789337935699        2.6020500590888878     
   2.2555657320210925        2.6543969102869132     
   2.3363384455328422        2.7127589133965757     
   2.4242346692734547        2.7780652816926068     
   2.5200269630494350        2.8511641081254915     
