   1.4139095366494324E-008   1.9478283960491967     
   3.3053254115763364E-008   1.9715363190572091     
   7.6325707237596488E-008   1.9957720231733189     
   1.7392042751437063E-007   2.0205450177401700     
   3.9065829740745842E-007   2.0458648811698215     
   8.6405146929288085E-007   2.0717414084814365     
   1.8797191838847378E-006   2.0981847464574193     
   4.0175075008220012E-006   2.1252056658343661     
   8.4258753680528969E-006   2.1528160929367681     
   1.7319571889978822E-005   2.1810301193114068     
   3.4848084972401601E-005   2.2098658092998047     
   6.8542709561491427E-005   2.2393478768982571     
   1.3163223442068026E-004   2.2695150946786797     
   2.4649194626172229E-004   2.3004257699329340     
   4.4950358347152470E-004   2.3321722791119246     
   7.9731386095674851E-004   2.3648981782290917     
   1.3740706213829269E-003   2.3988206200638351     
   2.2985370530368308E-003   2.4342559257719598     
   3.7292186316517173E-003   2.4716443413636693     
   5.8650780885558884E-003   2.5115676500904502     
   8.9395146903152711E-003   2.5547520347210106     
   1.3206535364678499E-002   2.6020500590888878     
   1.8919013030847621E-002   2.6543969102869132     
   2.6307524412841000E-002   2.7127589133965757     
   3.5556965664356815E-002   2.7780652816926068     
   4.6796117121442424E-002   2.8511641081254915     
