           1  0.87267643264205841       0.69624671828355245       0.17642971435850596     
           2  0.88694853667814710       0.71134735024173523       0.17560118643641187     
           3  0.90153838847920142       0.72695771823436584       0.17458067024483559     
           4  0.91645164399141832       0.74309899926400402       0.17335264472741430     
           5  0.93169401454343481       0.75979383411426482       0.17190018042916999     
           6  0.94727127712106518       0.77706632185516455       0.17020495526590063     
           7  0.96318928432384943       0.79494218999340605       0.16824709433044338     
           8  0.97945398498241532       0.81344899251704139       0.16600499246537392     
           9  0.99607146535270852       0.83261633641396482       0.16345512893874370     
          10   1.0130480304508624       0.85247614153849949       0.16057188891236296     
          11   1.0303903440842970       0.87306286822396395       0.15732747586033302     
          12   1.0481056970517266       0.89441687929568958       0.15368881775603704     
          13   1.0662024791139242       0.91657370404276539       0.14962877507115879     
          14   1.0846908626657759       0.93957932492132135       0.14511153774445451     
          15   1.1035839514302987       0.96348093975705273       0.14010301167324601     
          16   1.1228993702399406       0.98832920530169410       0.13457016493824647     
          17   1.1426613768045870        1.0141783146143768       0.12848306219021022     
          18   1.1629033851175294        1.0410862560458936       0.12181712907163589     
          19   1.1836705920379427        1.0691155362451243       0.11455505579281833     
          20   1.2050221617195940        1.0983346294638390       0.10668753225575500     
          21   1.2270322553362438        1.1288203463741942        9.8211908962049677E-002
          22   1.2497892538726780        1.1606606406665980        8.9128613206080010E-002
          23   1.2733926052842968        1.1939676705895732        7.9424934694723559E-002
          24   1.2979486292212434        1.2288621146098295        6.9086514611413907E-002
          25   1.3235645590816152        1.2655029661049204        5.8061592976694776E-002
          26   1.3503442877227383        1.3040775163654801        4.6266771357258207E-002
