           1   5.7350151811055436      -0.24697915013152105     
           2   5.6107048115102076      -0.24196443860758876     
           3   5.4824789638056988      -0.23678423337986576     
           4   5.3501859024348342      -0.23143115550183868     
           5   5.2136570376469420      -0.22589724133820521     
           6   5.0727097733334974      -0.22017382444892597     
           7   4.9271450311974139      -0.21425140397915854     
           8   4.7767442334488708      -0.20811947088800409     
           9   4.6212657082019657      -0.20176627640934353     
          10   4.4604404455627602      -0.19517852046980444     
          11   4.2939684014514556      -0.18834096075072271     
          12   4.1214289529345987      -0.18123539405292455     
          13   3.9425840278078130      -0.17384170143123878     
          14   3.7569558055348620      -0.16613503399304097     
          15   3.5640956352712587      -0.15808658151226940     
          16   3.3635384174092549      -0.14966315808256603     
          17   3.1548320757407486      -0.14082791357906554     
          18   2.9375837907504141      -0.13154243091891082     
          19   2.7115227206078223      -0.12177072296608848     
          20   2.4765752823122575      -0.11148540563310139     
          21   2.2329424220741378      -0.10067572151303761     
          22   1.9811724641385642       -8.9356492416967193E-002
          23   1.7219808208577618       -7.7570944548740250E-002
          24   1.4566845610838843       -6.5403980084205671E-002
          25   1.1865311452396596       -5.2968075821256733E-002
          26  0.91290019835955849       -4.0402946294751274E-002
