           1  0.63182494770533781        8.9334331905360600E-009   2.9963463200176337E-002  0.20495122718010203     
           2  0.63753159868947695        2.1072493938312153E-008   2.9499040521410520E-002  0.20760721071624211     
           3  0.64318529541320080        4.9091572557234981E-008   2.9038925179987869E-002  0.21030404246782727     
           4  0.64878488338984086        1.1283694428402222E-007   2.8583217246181500E-002  0.21304173950657873     
           5  0.65432927153925291        2.5561915916338707E-007   2.8132010059148858E-002  0.21582029077080159     
           6  0.65981742115895514        5.7011621221743473E-007   2.7685397888730839E-002  0.21863965259666490     
           7  0.66524832990857752        1.2504800477764364E-006   2.7243482767078192E-002  0.22149973787383914     
           8  0.67062100066030850        2.6942249003615459E-006   2.6806387890370518E-002  0.22440039493207961     
           9  0.67593438284724250        5.6953388668526179E-006   2.6374283105424591E-002  0.22734136731433563     
          10  0.68118726557264753        1.1797871816623563E-005   2.5947431873501053E-002  0.23032221971766056     
          11  0.68637809133561989        2.3918962050058511E-005   2.5526273701984036E-002  0.23334220394162336     
          12  0.69150466094604601        4.7397603135642443E-005   2.5111538809196837E-002  0.23640003318791863     
          13  0.69656355853017726        9.1690217625347537E-005   2.4704575971345712E-002  0.23949351359425125     
          14  0.70154950020531415        1.7292630170454641E-004   2.4307555439124454E-002  0.24261896532866342     
          15  0.70645419696608336        3.1755369309475286E-004   2.3924059384819098E-002  0.24577039631853109     
          16  0.71126497829457447        5.6710142600736510E-004   2.3559720422544752E-002  0.24893838543579799     
          17  0.71596316009378558        9.8378394427735185E-004   2.3223016143105849E-002  0.25210872321860578     
          18  0.72052239994612255        1.6561474338191854E-003   2.2926104097339483E-002  0.25526096359774508     
          19  0.72490743288289017        2.7033383049296909E-003   2.2685525273267389E-002  0.25836718698258637     
          20  0.72907370477226363        4.2760742108020680E-003   2.2522540000284589E-002  0.26139140573074976     
          21  0.73296840546348219        6.5523818281777585E-003   2.2462854503604173E-002  0.26429007803803523     
          22  0.73653314538745462        9.7270510318173114E-003   2.2535599898221934E-002  0.26701403504345084     
          23  0.73970833987107265        1.3994551721047485E-002   2.2771488549755046E-002  0.26951197695921003     
          24  0.74243748056561476        1.9531692144988073E-002   2.3200966685289461E-002  0.27173422041426387     
          25  0.74467201743274103        2.6478277355063286E-002   2.3851969837616709E-002  0.27363715019875556     
          26  0.74637354622532437        3.4927383885506605E-002   2.4748845504873804E-002  0.27518573025083376     
