   34144.678692677728        1.4793460336927271     
   34489.841472711414        1.4786913453485273     
   34838.342600511744        1.4780357377192064     
   35190.272446174007        1.4773797867174094     
   35545.663264276111        1.4767234887140128     
   35904.547374297545        1.4760668380643480     
   36266.957363716916        1.4754098290740605     
   36632.926088935288        1.4747524559890355     
   37002.486675943423        1.4740947129853690     
   37375.672523903704        1.4734365941950742     
   37752.517305739850        1.4727780936945056     
   38133.054968619712        1.4721192054927916     
   38517.319735111087        1.4714599235284800     
   38905.346106870398        1.4708002416958845     
   39297.168863611092        1.4701401538161336     
   39692.823065902019        1.4694796536533625     
   40092.344054277848        1.4688187348888155     
   40495.767454101595        1.4681573911602672     
   40903.129173621950        1.4674956160247541     
   41314.465405978750        1.4668334029665711     
   41729.812631202658        1.4661707454049457     
   42149.207617346372        1.4655076366917423     
   42572.687420710085        1.4648440701005931     
   43000.289387820405        1.4641800388349415     
   43432.051155756199        1.4635155360186487     
   43868.010653347337        1.4628505546965040     
   44308.206103995959        1.4621850878505385     
   44752.676022494066        1.4615191283574105     
   45201.459220796954        1.4608526690348744     
   45654.594805979170        1.4601857026106804     
   46112.122181908453        1.4595182217295717     
   46574.081049026274        1.4588502189417254     
   47040.511407991915        1.4581816867278594     
   47511.453556555236        1.4575126174617377     
   47986.948092527513        1.4568430034298525     
   48467.035915858258        1.4561728368427851     
   48951.758225841491        1.4555021098020913     
   49441.156523010119        1.4548308143119240     
   49935.272610468477        1.4541589422842454     
   50434.148593787846        1.4534864855324592     
   50937.826880423701        1.4528134357613049     
   51446.350183507602        1.4521397845944510     
   51959.761514219899        1.4514655235069078     
   52478.104193125357        1.4507906439158034     
   53001.421839382834        1.4501151370884509     
   53529.758378135433        1.4494389942008163     
   54063.158038998277        1.4487622063226067     
   54601.665351572010        1.4480847643812975     
   55145.325151377459        1.4474066592080572     
   55694.182575349238        1.4467278815024465     
   56248.283062460803        1.4460484218383374     
   56807.672354470917        1.4453682706703841     
   57372.396494774155        1.4446874183273266     
   57942.501825692940        1.4440058549942232     
   58518.034991543689        1.4433235707383765     
   59099.042933394529        1.4426405554745607     
   59685.572888892399        1.4419567989691344     
   60277.672398225091        1.4412722908865825     
   60875.389292316155        1.4405870207120055     
   61478.771696222022        1.4399009777822229     
   62087.868030261801        1.4392141513000369     
   62702.727002501590        1.4385265302912689     
   63323.397612627021        1.4378381036395380     
   63949.929146286937        1.4371488600576283     
   64582.371176542860        1.4364587881071937     
   65220.773555749343        1.4357678761568815     
   65865.186418814075        1.4350761124155176     
   66515.660179271508        1.4343834849188373     
   67172.245524981685        1.4336899815159740     
   67834.993416647252        1.4329955898741733     
   68503.955082260960        1.4323002974601440     
   69179.182020241904        1.4316040915741930     
   69860.725984024917        1.4309069592749335     
   70548.638992984299        1.4302088874617465     
   71242.973317767421        1.4295098628063121     
   71943.781479693833        1.4288098717691016     
   72651.116245309342        1.4281089005887342     
   73365.030625252330        1.4274069352962184     
   74085.577864698804        1.4267039616838724     
   74812.811439538622        1.4259999653072666     
   75546.785053698011        1.4252949314953078     
   76287.552629458907        1.4245888453222904     
   77035.168305919433        1.4238816916264279     
   77789.686425554872        1.4231734549660093     
   78551.161534244704        1.4224641196486336     
   79319.648372748052        1.4217536697161852     
   80095.201867218944        1.4210420889272952     
   80877.877124180246        1.4203293607639305     
   81667.729418593299        1.4196154684048901     
   82464.814190249323        1.4189003947427776     
   83269.187030968897        1.4181841223568539     
   84080.903680971576        1.4174666335322226     
   84900.020004799502        1.4167479101836320     
   85726.592002154590        1.4160279339468589     
   86560.675780283345        1.4153066860896086     
   87402.327551478927        1.4145841475432968     
   88251.603615860746        1.4138602988683748     
   89108.560356016984        1.4131351202753044     
   89973.254216288202        1.4124085915792117     
   90845.741693982112        1.4116806922102001     
   91726.079326558698        1.4109514012072037     
   92614.323673607360        1.4102206971920470     
   93510.531302694741        1.4094885583628145     
   94414.758774870425        1.4087549624882443     
   95327.062627006322        1.4080198868907310     
   96247.499350281403        1.4072833084170522     
   97176.125382792117        1.4065452034690011     
   98112.997077431311        1.4058055479363856     
   99058.170689735256        1.4050643172138639     
   100011.70235832513        1.4043214861906224     
   100973.64807547821        1.4035770292045282     
   101944.06367408735        1.4028309200633919     
   102923.00479577896        1.4020831319965523     
   103910.52687136490        1.4013336376573693     
   104906.68508754788        1.4005824090776096     
   105911.53437658565        1.3998294177097030     
   106925.12936595849        1.3990746343262701     
   107947.52436505230        1.3983180290587427     
   108978.77332739787        1.3975595713510116     
   110018.92982276395        1.3967992299523260     
   111068.04699582794        1.3960369728679478     
   112126.17753564181        1.3952727673514578     
   113193.37364742537        1.3945065799084695     
   114269.68699135882        1.3937383761944409     
   115355.16866704884        1.3929681210701135     
   116449.86915711846        1.3921957785252446     
   117553.83828518221        1.3914213116561929     
   118667.12517007440        1.3906446826361272     
   119789.77818022839        1.3898658526909613     
   120921.84487914984        1.3890847820528924     
   122063.37197371507        1.3883014299290612     
   123214.40526198898        1.3875157544741932     
   124374.98956348456        1.3867277127166631     
   125545.16867492368        1.3859372605683569     
   126724.98529410042        1.3851443527444418     
   127914.48095020995        1.3843489427118212     
   129113.69594848396        1.3835509826851196     
   130322.66928141459        1.3827504235336288     
   131541.43855606328        1.3819472147435463     
   132770.03990846817        1.3811413043517853     
   134008.50793420285        1.3803326389324639     
   135256.87557294924        1.3795211634663549     
   136515.17403025547        1.3787068213217020     
   137783.43267427100        1.3778895541769294     
   139061.67893411688        1.3770693019574074     
   140349.93818052145        1.3762460027364090     
   141648.23361429144        1.3754195926689521     
   142956.58614828219        1.3745900059190332     
   144275.01426528223        1.3737571745384323     
   145603.53389518126        1.3729210284074043     
   146942.15825787964        1.3720814951022284     
   148290.89772888101        1.3712384998342229     
   149649.75965097241        1.3703919652707559     
   151018.74818930306        1.3695418114781694     
   152397.86413698309        1.3686879557613163     
   153787.10472811505        1.3678303125391018     
   155186.46343232493        1.3669687931946446     
   156595.92975364177        1.3661033059537282     
   158015.48896566866        1.3652337556397174     
   159445.12192255195        1.3643600436203083     
   160884.80475029605        1.3634820675083505     
   162334.50860668777        1.3625997210398268     
   163794.19937382467        1.3617128938287535     
   165263.83734743888        1.3608214711422555     
   166743.37691788250        1.3599253336857453     
   168232.76618845796        1.3590243572864618     
   169731.94662062958        1.3581184126651982     
   171240.85261627485        1.3572073651117733     
   172759.41109534734        1.3562910741861354     
   174287.54099865406        1.3553693933093103     
   175825.15281665087        1.3544421694467159     
   177372.14804897408        1.3535092426971493     
   178928.41859748072        1.3525704458014138     
   180493.84615870714        1.3516256037003531     
   182068.30156866155        1.3506745330543581     
   183651.64400482882        1.3497170415544741     
   185243.72029582554        1.3487529274952967     
   186844.36396156187        1.3477819789190035     
   188453.39432982562        1.3468039729742665     
   190070.61553476145        1.3458186751398866     
   191695.81538425453        1.3448258382989726     
   193328.76414946481        1.3438252017731305     
   194969.21326204154        1.3428164902954058     
   196616.89385727793        1.3417994128284869     
   198271.51515884168        1.3407736612354855     
   199932.76275657985        1.3397389089031191     
   201600.29665967135        1.3386948091353466     
   203273.74911823674        1.3376409933276137     
   204952.72229729177        1.3365770690784404     
   206636.78557649435        1.3355026178921137     
   208325.47265415534        1.3344171927899580     
   210018.27817230302        1.3333203154065632     
   211714.65410520724        1.3322114729897900     
   213414.00542060021        1.3310901145838752     
   215115.68551276295        1.3299556472076577     
   216818.99076139453        1.3288074310948608     
   218523.15442296606        1.3276447743794695     
   220227.33962852700        1.3264669269609275     
   221930.63139877349        1.3252730735009079     
   223632.02730187186        1.3240623251142534     
   225330.42670914787        1.3228337098136649     
   227024.61819113491        1.3215861612019020     
   228713.26480248224        1.3203185052343778     
   230394.88655178377        1.3190294442923332     
   232067.83966936619        1.3177175382984141     
   233730.29172046849        1.3163811819016418     
   235380.19145341791        1.3150185766497491     
   237015.23214045470        1.3136276970067553     
   238632.80642399445        1.3122062482502397     
   240229.94995522455        1.3107516135655957     
   241803.27074764669        1.3092607874687432     
   243348.85886377571        1.3077302901504184     
   244862.16945890628        1.3061560559273144     
   246337.86917642065        1.3045332860055543     
   247769.63024559192        1.3028562500119751     
   249149.84869149420        1.3011180129012960     
   250430.21642998024        1.2992680729067430     
   251670.71171581745        1.2973730092675619     
   252822.27626871382        1.2953818703535727     
   253864.93983433666        1.2932757401484680     
   254771.50620104405        1.2910285946665221     
   255503.15196591560        1.2886028850502296     
   256000.78791849958        1.2859408219911823     
   256165.74679153474        1.2829447858075422     
   255807.20615089402        1.2794236959039955     
   254439.62082623574        1.2748851307213442     
