   3.4924538892697106        1.1052972056381436     
   3.4930397418671699        1.1045868962894678     
   3.4936227617566118        1.1038761769773231     
   3.4942039213099223        1.1031655506706330     
   3.4947832157846905        1.1024550147780789     
   3.4953606426012609        1.1017445643940325     
   3.4959361990487983        1.1010341945859734     
   3.4965098823653995        1.1003239003776319     
   3.4970816898000550        1.0996136767294906     
   3.4976516184462128        1.0989035185867946     
   3.4982196653192603        1.0981934208566251     
   3.4987858273905896        1.0974833783934475     
   3.4993501016288251        1.0967733859921274     
   3.4999124848138425        1.0960634384336581     
   3.5004729737205107        1.0953535304375632     
   3.5010315650022203        1.0946436566899929     
   3.5015882553367152        1.0939338118019535     
   3.5021430411965779        1.0932239903749665     
   3.5026959190407281        1.0925141869420263     
   3.5032468852851890        1.0918043959791186     
   3.5037959362209987        1.0910946119224145     
   3.5043430680501473        1.0903848291624283     
   3.5048882769092522        1.0896750420297234     
   3.5054315588447311        1.0889652448073115     
   3.5059729098295884        1.0882554317181259     
   3.5065123257618787        1.0875455969261252     
   3.5070498023838823        1.0868357345637132     
   3.5075853354720552        1.0861258386645276     
   3.5081189206036285        1.0854159032403348     
   3.5086505532999110        1.0847059222305249     
   3.5091802289858314        1.0839958895162054     
   3.5097079430359441        1.0832857989022422     
   3.5102336906437150        1.0825756441582191     
   3.5107574669881574        1.0818654189622239     
   3.5112792671444408        1.0811551169304106     
   3.5117990859865706        1.0804447316395454     
   3.5123169183822212        1.0797342565731469     
   3.5128327590985897        1.0790236851426291     
   3.5133466027527764        1.0783130106991083     
   3.5138584438720084        1.0776022265208181     
   3.5143682769017790        1.0768913258011592     
   3.5148760960526113        1.0761803016951081     
   3.5153818956633565        1.0754691472104110     
   3.5158856696878731        1.0747578553561072     
   3.5163874121756367        1.0740464189976731     
   3.5168871169466418        1.0733348309513333     
   3.5173847776656100        1.0726230839618212     
   3.5178803880052065        1.0719111706483155     
   3.5183739413991368        1.0711990835781899     
   3.5188654312026766        1.0704868152138234     
   3.5193548506548966        1.0697743579236971     
   3.5198421928292749        1.0690617039943020     
   3.5203274506478119        1.0683488456224377     
   3.5208106169598281        1.0676357748883147     
   3.5212916843829305        1.0669224838009455     
   3.5217706454915132        1.0662089642415051     
   3.5222474927340413        1.0654952079779147     
   3.5227222182203746        1.0647812067344828     
   3.5231948140829656        1.0640669520755988     
   3.5236652722792128        1.0633524354587225     
   3.5241335845369739        1.0626376482555100     
   3.5245997425216253        1.0619225816900251     
   3.5250637376544249        1.0612072268949162     
   3.5255255612427412        1.0604915748686639     
   3.5259852043411888        1.0597756165105370     
   3.5264426579435826        1.0590593425589196     
   3.5268979128195781        1.0583427436424497     
   3.5273509595213923        1.0576258102666274     
   3.5278017884554744        1.0569085327928880     
   3.5282503898187518        1.0561909014513424     
   3.5286967536684850        1.0554729063145198     
   3.5291408697373594        1.0547545373527916     
   3.5295827277681679        1.0540357843222914     
   3.5300223170928184        1.0533166368954689     
   3.5304596269250732        1.0525970845596373     
   3.5308946462611166        1.0518771166461971     
   3.5313273638997669        1.0511567223179252     
   3.5317577683496646        1.0504358905944418     
   3.5321858479347936        1.0497146103098993     
   3.5326115907753612        1.0489928701179241     
   3.5330349846813185        1.0482706585143897     
   3.5334560172700460        1.0475479637971583     
   3.5338746758316999        1.0468247741000889     
   3.5342909475224538        1.0461010773292370     
   3.5347048191668353        1.0453768612144767     
   3.5351162773074307        1.0446521132895668     
   3.5355253082341180        1.0439268208729815     
   3.5359318979270551        1.0432009710810737     
   3.5363360321328736        1.0424745507950792     
   3.5367376962469446        1.0417475466909480     
   3.5371368753963943        1.0410199452052407     
   3.5375335543004276        1.0402917325694947     
   3.5379277175827588        1.0395628947028339     
   3.5383193492954605        1.0388334173540819     
   3.5387084332978933        1.0381032859750094     
   3.5390949530333566        1.0373724857761748     
   3.5394788916624993        1.0366410016792651     
   3.5398602318944619        1.0359088183580953     
   3.5402389561359109        1.0351759201785118     
   3.5406150464126358        1.0344422912187090     
   3.5409884843059327        1.0337079152710789     
   3.5413592510350846        1.0329727758088358     
   3.5417273273926142        1.0322368559890287     
   3.5420926937431356        1.0315001386474139     
   3.5424553300025030        1.0307626062861366     
   3.5428152156963506        1.0300242410405036     
   3.5431723297805813        1.0292850247296079     
   3.5435266508295209        1.0285449387717371     
   3.5438781569050768        1.0278039642174095     
   3.5442268255087823        1.0270620817458198     
   3.5445726337168098        1.0263192716075540     
   3.5449155579795271        1.0255755136683256     
   3.5452555742518426        1.0248307873503180     
   3.5455926579011177        1.0240850716458043     
   3.5459267837843171        1.0233383450671043     
   3.5462579259865681        1.0225905857179800     
   3.5465860581415916        1.0218417711631274     
   3.5469111531563713        1.0210918784977614     
   3.5472331833034216        1.0203408842957304     
   3.5475521201173308        1.0195887646154944     
   3.5478679345245219        1.0188354949411735     
   3.5481805966929238        1.0180810501933442     
   3.5484900759316318        1.0173254047470242     
   3.5487963409684324        1.0165685323054015     
   3.5490993595669060        1.0158104059971542     
   3.5493990987153907        1.0150509982858713     
   3.5496955245473654        1.0142902809605669     
   3.5499886023246456        1.0135282251106992     
   3.5502782963498691        1.0127648011170307     
   3.5505645700050046        1.0119999786061089     
   3.5508473856705787        1.0112337264317950     
   3.5511267046895592        1.0104660126568310     
   3.5514024874154315        1.0096968044812367     
   3.5516746930098946        1.0089260682766441     
   3.5519432795389720        1.0081537695041387     
   3.5522082039398741        1.0073798726723200     
   3.5524694218096555        1.0066043413608239     
   3.5527268875432876        1.0058271381217418     
   3.5529805541965622        1.0050482244625463     
   3.5532303734961848        1.0042675607877822     
   3.5534762956053005        1.0034851064156904     
   3.5537182693322498        1.0027008194382232     
   3.5539562418775130        1.0019146567353134     
   3.5541901588451208        1.0011265739059683     
   3.5544199640945031        1.0003365252307506     
   3.5546455998055526       0.99954446357858473     
   3.5548670062917456       0.99875034036767962     
   3.5550841219326328       0.99795410551549202     
   3.5552968831812222       0.99715570732754277     
   3.5555052243316281       0.99635509247620946     
   3.5557090775756768       0.99555220587669901     
   3.5559083727038567       0.99474699067063321     
   3.5561030372721207       0.99393938804863635     
   3.5562929962396925       0.99312933724543750     
   3.5564781719786787       0.99231677539717555     
   3.5566584841064310       0.99150163745349751     
   3.5568338493989895       0.99068385605715181     
   3.5570041814820303       0.98986336147471188     
   3.5571693910339164       0.98904008135704591     
   3.5573293851405823       0.98821394077231739     
   3.5574840675750945       0.98738486190989316     
   3.5576333382991052       0.98655276403270609     
   3.5577770933946526       0.98571756327252302     
   3.5579152248787143       0.98487917245587542     
   3.5580476203206257       0.98403750096121556     
   3.5581741628440398       0.98319245444255576     
   3.5582947306264057       0.98234393468951520     
   3.5584091967602092       0.98149183936202156     
   3.5585174288337371       0.98063606177769458     
   3.5586192887775097       0.97977649057265714     
   3.5587146323506023       0.97891300948789683     
   3.5588033087539475       0.97804549705558697     
   3.5588851603765290       0.97717382619924842     
   3.5589600222190940       0.97629786391732232     
   3.5590277213159567       0.97541747093327036     
   3.5590880765684787       0.97453250111119116     
   3.5591408975977528       0.97364280122276137     
   3.5591859846950293       0.97274821020173308     
   3.5592231278589859       0.97184855870195652     
   3.5592521059697040       0.97094366851527436     
   3.5592726860941308       0.97003335184677508     
   3.5592846226321111       0.96911741057212519     
   3.5592876561694196       0.96819563547701493     
   3.5592815124571020       0.96726780534646761     
   3.5592659013045020       0.96633368593388924     
   3.5592405150287068       0.96539302894553791     
   3.5592050271021405       0.96444557079535964     
   3.5591590905471331       0.96349103120121393     
   3.5591023359305396       0.96252911177549283     
   3.5590343694818509       0.96155949423817111     
   3.5589547705295397       0.96058183863833890     
   3.5588630892047641       0.95959578108675103     
   3.5587588430793700       0.95860093153670312     
   3.5586415144131829       0.95759687077361144     
   3.5585105457688111       0.95658314759751550     
   3.5583653360062302       0.95555927514217809     
   3.5582052352357376       0.95452472682592959     
   3.5580295391859251       0.95347893166359055     
   3.5578374824302790       0.95242126894957002     
   3.5576282308982003       0.95135106188533691     
   3.5574008728329081       0.95026757030490405     
   3.5571544083790054       0.94916998202607883     
   3.5568877369926737       0.94805740277885964     
   3.5565996429538238       0.94692884400628319     
   3.5562887775586036       0.94578320847171682     
   3.5559536378828809       0.94461927284272906     
   3.5555925410435645       0.94343566642446319     
   3.5552035924503351       0.94223084522607525     
   3.5547846465090878       0.94100305982892296     
   3.5543332579185680       0.93975031492651118     
   3.5538466192265865       0.93847031854628749     
   3.5533214813534846       0.93716041661907479     
   3.5527540502464241       0.93581750775348449     
   3.5521398497706929       0.93443793082367188     
   3.5514735373459634       0.93301731340158800     
   3.5507486504098305       0.93155036318360063     
   3.5499189812370551       0.92999692643204246     
   3.5490450036765031       0.92841086758202618     
   3.5480800156153247       0.92675181688987696     
   3.5470064355066211       0.92500531800473174     
   3.5458000885886407       0.92315147853831658     
   3.5444261140063706       0.92116159090500505     
   3.5428308902149999       0.91899146418707034     
   3.5409238901393261       0.91656643560707951     
   3.5385280172539746       0.91374033791093590     
   3.5351871260136196       0.91013648764014565     
