   1.2875220497595556        1.1052972056381436     
   1.2867814547968910        1.1045868962894678     
   1.2860412911837322        1.1038761769773231     
   1.2853016885869104        1.1031655506706330     
   1.2845626411757656        1.1024550147780789     
   1.2838241409317157        1.1017445643940325     
   1.2830861798199014        1.1010341945859734     
   1.2823487497664956        1.1003239003776319     
   1.2816118426391254        1.0996136767294906     
   1.2808754502970041        1.0989035185867946     
   1.2801395645676623        1.0981934208566251     
   1.2794041772300422        1.0974833783934475     
   1.2786692800065655        1.0967733859921274     
   1.2779348646142368        1.0960634384336581     
   1.2772009227106240        1.0953535304375632     
   1.2764674459258385        1.0946436566899929     
   1.2757344258164085        1.0939338118019535     
   1.2750018539365544        1.0932239903749665     
   1.2742697217739549        1.0925141869420263     
   1.2735380207622573        1.0918043959791186     
   1.2728067422993090        1.0910946119224145     
   1.2720758777405825        1.0903848291624283     
   1.2713454183842641        1.0896750420297234     
   1.2706153554833324        1.0889652448073115     
   1.2698856802328919        1.0882554317181259     
   1.2691563837714306        1.0875455969261252     
   1.2684274572082597        1.0868357345637132     
   1.2676988915541934        1.0861258386645276     
   1.2669706778004526        1.0854159032403348     
   1.2662428068675458        1.0847059222305249     
   1.2655152696177738        1.0839958895162054     
   1.2647880568373047        1.0832857989022422     
   1.2640611592792237        1.0825756441582191     
   1.2633345676029173        1.0818654189622239     
   1.2626082724064285        1.0811551169304106     
   1.2618822642497141        1.0804447316395454     
   1.2611565335966135        1.0797342565731469     
   1.2604310708381459        1.0790236851426291     
   1.2597058663043488        1.0783130106991083     
   1.2589809102503571        1.0776022265208181     
   1.2582561928444096        1.0768913258011592     
   1.2575317042158844        1.0761803016951081     
   1.2568074343404310        1.0754691472104110     
   1.2560833731968293        1.0747578553561072     
   1.2553595106132185        1.0740464189976731     
   1.2546358363672110        1.0733348309513333     
   1.2539123401615853        1.0726230839618212     
   1.2531890115669275        1.0719111706483155     
   1.2524658400995767        1.0711990835781899     
   1.2517428151654195        1.0704868152138234     
   1.2510199260705668        1.0697743579236971     
   1.2502971620343588        1.0690617039943020     
   1.2495745121803548        1.0683488456224377     
   1.2488519655088108        1.0676357748883147     
   1.2481295109426203        1.0669224838009455     
   1.2474071372687743        1.0662089642415051     
   1.2466848331529619        1.0654952079779147     
   1.2459625872118314        1.0647812067344828     
   1.2452403878914822        1.0640669520755988     
   1.2445182235223831        1.0633524354587225     
   1.2437960823407446        1.0626376482555100     
   1.2430739524243954        1.0619225816900251     
   1.2423518217504774        1.0612072268949162     
   1.2416296781503608        1.0604915748686639     
   1.2409075093461632        1.0597756165105370     
   1.2401853028859957        1.0590593425589196     
   1.2394630461965228        1.0583427436424497     
   1.2387407265689641        1.0576258102666274     
   1.2380183311366639        1.0569085327928880     
   1.2372958468878359        1.0561909014513424     
   1.2365732606387356        1.0554729063145198     
   1.2358505590886202        1.0547545373527916     
   1.2351277287061253        1.0540357843222914     
   1.2344047558606925        1.0533166368954689     
   1.2336816267196382        1.0525970845596373     
   1.2329583272765459        1.0518771166461971     
   1.2322348433381718        1.0511567223179252     
   1.2315111605494895        1.0504358905944418     
   1.2307872643500970        1.0497146103098993     
   1.2300631399789186        1.0489928701179241     
   1.2293387724959892        1.0482706585143897     
   1.2286141467414209        1.0475479637971583     
   1.2278892473688559        1.0468247741000889     
   1.2271640587803101        1.0461010773292370     
   1.2264385651774208        1.0453768612144767     
   1.2257127505408481        1.0446521132895668     
   1.2249865986095507        1.0439268208729815     
   1.2242600928936382        1.0432009710810737     
   1.2235332166398365        1.0424745507950792     
   1.2228059528611110        1.0417475466909480     
   1.2220782843006481        1.0410199452052407     
   1.2213501934661253        1.0402917325694947     
   1.2206216625203514        1.0395628947028339     
   1.2198926734231854        1.0388334173540819     
   1.2191632078026604        1.0381032859750094     
   1.2184332470103296        1.0373724857761748     
   1.2177027720724349        1.0366410016792651     
   1.2169717637290838        1.0359088183580953     
   1.2162402023733523        1.0351759201785118     
   1.2155080680699808        1.0344422912187090     
   1.2147753405558046        1.0337079152710789     
   1.2140419992054925        1.0329727758088358     
   1.2133080230320916        1.0322368559890287     
   1.2125733906813163        1.0315001386474139     
   1.2118380804170030        1.0307626062861366     
   1.2111020700864175        1.0300242410405036     
   1.2103653371689276        1.0292850247296079     
   1.2096278586903442        1.0285449387717371     
   1.2088896112534815        1.0278039642174095     
   1.2081505710323666        1.0270620817458198     
   1.2074107137140391        1.0263192716075540     
   1.2066700145389624        1.0255755136683256     
   1.2059284482413066        1.0248307873503180     
   1.2051859890596825        1.0240850716458043     
   1.2044426106853781        1.0233383450671043     
   1.2036982863298455        1.0225905857179800     
   1.2029529885937875        1.0218417711631274     
   1.2022066895329282        1.0210918784977614     
   1.2014593606031114        1.0203408842957304     
   1.2007109726639327        1.0195887646154944     
   1.1999614959170628        1.0188354949411735     
   1.1992108999141271        1.0180810501933442     
   1.1984591535697657        1.0173254047470242     
   1.1977062250346775        1.0165685323054015     
   1.1969520817870989        1.0158104059971542     
   1.1961966905400305        1.0150509982858713     
   1.1954400172269102        1.0142902809605669     
   1.1946820269740173        1.0135282251106992     
   1.1939226840855817        1.0127648011170307     
   1.1931619519947774        1.0119999786061089     
   1.1923997932405876        1.0112337264317950     
   1.1916361694445379        1.0104660126568310     
   1.1908710412345396        1.0096968044812367     
   1.1901043682728072        1.0089260682766441     
   1.1893361091691714        1.0081537695041387     
   1.1885662214338513        1.0073798726723200     
   1.1877946614930424        1.0066043413608239     
   1.1870213845856976        1.0058271381217418     
   1.1862463447392422        1.0050482244625463     
   1.1854694947045235        1.0042675607877822     
   1.1846907859638023        1.0034851064156904     
   1.1839101685848110        1.0027008194382232     
   1.1831275912253640        1.0019146567353134     
   1.1823430010570886        1.0011265739059683     
   1.1815563437167298        1.0003365252307506     
   1.1807675632054386       0.99954446357858473     
   1.1799766018396969       0.99875034036767962     
   1.1791834001877393       0.99795410551549202     
   1.1783878969507837       0.99715570732754277     
   1.1775900289264023       0.99635509247620946     
   1.1767897308747339       0.99555220587669901     
   1.1759869354855053       0.99474699067063321     
   1.1751815731900725       0.99393938804863635     
   1.1743735721378437       0.99312933724543750     
   1.1735628580395305       0.99231677539717555     
   1.1727493540613185       0.99150163745349751     
   1.1719329806870538       0.99068385605715181     
   1.1711136556270363       0.98986336147471188     
   1.1702912935635690       0.98904008135704591     
   1.1694658061540286       0.98821394077231739     
   1.1686371017179229       0.98738486190989316     
   1.1678050851609623       0.98655276403270609     
   1.1669696577433488       0.98571756327252302     
   1.1661307168782737       0.98487917245587542     
   1.1652881559558874       0.98403750096121556     
   1.1644418640374126       0.98319245444255576     
   1.1635917256759714       0.98234393468951520     
   1.1627376206145130       0.98149183936202156     
   1.1618794235314771       0.98063606177769458     
   1.1610170036583944       0.97977649057265714     
   1.1601502245164881       0.97891300948789683     
   1.1592789435506798       0.97804549705558697     
   1.1584030116762025       0.97717382619924842     
   1.1575222728989341       0.97629786391732232     
   1.1566365638977714       0.97541747093327036     
   1.1557457133744728       0.97453250111119116     
   1.1548495417321143       0.97364280122276137     
   1.1539478602543647       0.97274821020173308     
   1.1530404705649251       0.97184855870195652     
   1.1521271639423865       0.97094366851527436     
   1.1512077204840914       0.97003335184677508     
   1.1502819082426337       0.96911741057212519     
   1.1493494823255259       0.96819563547701493     
   1.1484101838367196       0.96726780534646761     
   1.1474637386828128       0.96633368593388924     
   1.1465098563672251       0.96539302894553791     
   1.1455482285473222       0.96444557079535964     
   1.1445785274020803       0.96349103120121393     
   1.1436004039666783       0.96252911177549283     
   1.1426134860670638       0.96155949423817111     
   1.1416173762150723       0.96058183863833890     
   1.1406116489912512       0.95959578108675103     
   1.1395958484109816       0.95860093153670312     
   1.1385694844650218       0.95759687077361144     
   1.1375320297701030       0.95658314759751550     
   1.1364829152950233       0.95555927514217809     
   1.1354215256269904       0.95452472682592959     
   1.1343471934953651       0.95347893166359055     
   1.1332591935414891       0.95242126894957002     
   1.1321567348891348       0.95135106188533691     
   1.1310389526294768       0.95026757030490405     
   1.1299048977221979       0.94916998202607883     
   1.1287535252004235       0.94805740277885964     
   1.1275836799328254       0.94692884400628319     
   1.1263940797814587       0.94578320847171682     
   1.1251832952333833       0.94461927284272906     
   1.1239497245436525       0.94343566642446319     
   1.1226915633969430       0.94223084522607525     
   1.1214067673131622       0.94100305982892296     
   1.1200930043575448       0.93975031492651118     
   1.1187475956948953       0.93847031854628749     
   1.1173674390455883       0.93716041661907479     
   1.1159489089807193       0.93581750775348449     
   1.1144877253409937       0.93443793082367188     
   1.1129787758212280       0.93301731340158800     
   1.1114158717961984       0.93155036318360063     
   1.1097548968047031       0.92999692643204246     
   1.1080534137148093       0.92841086758202618     
   1.1062668489992911       0.92675181688987696     
   1.1043783077985385       0.92500531800473174     
   1.1023645403680244       0.92315147853831658     
   1.1001919912222218       0.92116159090500505     
   1.0978090020345745       0.91899146418707034     
   1.0951282834996698       0.91656643560707951     
   1.0919789209108863       0.91374033791093590     
   1.0879202951889775       0.91013648764014565     
