           1  0.48390680073995901       0.62304067598130097        5.9418081297880967E-002   2.3485688756566696E-002
           2  0.48411628838156917       0.62295186185450691        5.9342261004737905E-002   2.3491775311330367E-002
           3  0.48432569328498304       0.62286283994567582        5.9266422734396730E-002   2.3497898317792549E-002
           4  0.48453501214340255       0.62277366928739442        5.9190612390796274E-002   2.3504046408531747E-002
           5  0.48474424592713133       0.62268434884291057        5.9114829611681637E-002   2.3510219705581557E-002
           6  0.48495339625103573       0.62259487733390395        5.9039073777313621E-002   2.3516418360897705E-002
           7  0.48516246473377750       0.62250525346727004        5.8963344265295980E-002   2.3522642528469178E-002
           8  0.48537145300655621       0.62241547593530466        5.8887640448512003E-002   2.3528892364192158E-002
           9  0.48558036272050825       0.62232554341560531        5.8811961693044652E-002   2.3535168025750675E-002
          10  0.48578919552758826       0.62223545457081897        5.8736307363449126E-002   2.3541469672939519E-002
          11  0.48599795308948207       0.62214520804874474        5.8660676820287312E-002   2.3547797467500926E-002
          12  0.48620663708319406       0.62205480248120959        5.8585069418445851E-002   2.3554151573210547E-002
          13  0.48641524920467505       0.62196423648475618        5.8509484506306254E-002   2.3560532155777608E-002
          14  0.48662379114873272       0.62187350865972257        5.8433921431021968E-002   2.3566939383153847E-002
          15  0.48683226462979151       0.62178261759047238        5.8358379532993991E-002   2.3573373425318223E-002
          16  0.48704067136933260       0.62169156184481766        5.8282858149152066E-002   2.3579834454459232E-002
          17  0.48724901311325169       0.62160033997364572        5.8207356608199770E-002   2.3586322644834321E-002
          18  0.48745729160490381       0.62150895051114385        5.8131874238018910E-002   2.3592838173067988E-002
          19  0.48766550860884117       0.62141739197374224        5.8056410359026638E-002   2.3599381217992980E-002
          20  0.48787366590654119       0.62132566286064317        5.7980964285461352E-002   2.3605951960652086E-002
          21  0.48808176528860547       0.62123376165268585        5.7905535327322233E-002   2.3612550584526666E-002
          22  0.48828980855783971       0.62114168681299498        5.7830122789685100E-002   2.3619177275438202E-002
          23  0.48849779753400607       0.62104943678566249        5.7754725971155441E-002   2.3625832221631466E-002
          24  0.48870573404978629       0.62095700999641201        5.7679344165166006E-002   2.3632515613784887E-002
          25  0.48891361995470684       0.62086440485130856        5.7603976658653251E-002   2.3639227645090501E-002
          26  0.48912145711479482       0.62077161973682582        5.7528622732184460E-002   2.3645968511256586E-002
          27  0.48932924740241529       0.62067865302027703        5.7453281662897447E-002   2.3652738410631823E-002
          28  0.48953699272144974       0.62058550304775506        5.7377952717187708E-002   2.3659537544074183E-002
          29  0.48974469497802631       0.62049216814548602        5.7302635159070914E-002   2.3666366115240031E-002
          30  0.48995235609924459       0.62039864661847477        5.7227328244754662E-002   2.3673224330440522E-002
          31  0.49015997802838834       0.62030493675043785        5.7152031224043040E-002   2.3680112398778989E-002
          32  0.49036756273137233       0.62021103680305745        5.7076743338427216E-002   2.3687030532132558E-002
          33  0.49057511218064381       0.62011694501659986        5.7001463825617125E-002   2.3693978945295194E-002
          34  0.49078262837722986       0.62002265960797087        5.6926191913250268E-002   2.3700957855951582E-002
          35  0.49099011333902542       0.61992817877162343        5.6850926822228046E-002   2.3707967484711729E-002
          36  0.49119756909104395       0.61983350067856191        5.6775667769229550E-002   2.3715008055342286E-002
          37  0.49140499768793433       0.61973862347616726        5.6700413960627305E-002   2.3722079794562083E-002
          38  0.49161240120439864       0.61964354528737242        5.6625164594930381E-002   2.3729182932227779E-002
          39  0.49181978173023805       0.61954826421010523        5.6549918864073533E-002   2.3736317701474142E-002
          40  0.49202714137631015       0.61945277831782819        5.6474675951957133E-002   2.3743484338612366E-002
          41  0.49223448227800043       0.61935708565785585        5.6399435033200752E-002   2.3750683083260699E-002
          42  0.49244180657688008       0.61926118425177301        5.6324195278244844E-002   2.3757914178543501E-002
          43  0.49264911646456278       0.61916507209390748        5.6248955841239262E-002   2.3765177870770888E-002
          44  0.49285641412225006       0.61906874715236926        5.6173715876611872E-002   2.3772474410009663E-002
          45  0.49306370177921166       0.61897220736669312        5.6098474522887055E-002   2.3779804049716701E-002
          46  0.49327098167431255       0.61887545064862637        5.6023230913235626E-002   2.3787167047081115E-002
          47  0.49347825606520784       0.61877847488158277        5.5947984172958966E-002   2.3794563663001238E-002
          48  0.49368552724961351       0.61868127791884076        5.5872733413460295E-002   2.3801994162073053E-002
          49  0.49389279753555315       0.61858385758449674        5.5797477740472050E-002   2.3809458812818936E-002
          50  0.49410006926222988       0.61848621167173234        5.5722216248155751E-002   2.3816957887653603E-002
          51  0.49430734479583127       0.61838833794261916        5.5646948020264167E-002   2.3824491662998049E-002
          52  0.49451462652429484       0.61829023412780670        5.5571672131522289E-002   2.3832060419359230E-002
          53  0.49472191686023342       0.61819189792555618        5.5496387646723225E-002   2.3839664441441206E-002
          54  0.49492921825124941       0.61809332700081199        5.5421093617802154E-002   2.3847304018125830E-002
          55  0.49513653316180550       0.61799451898506874        5.5345789088780802E-002   2.3854979442740384E-002
          56  0.49534386409590375       0.61789547147552415        5.5270473089537434E-002   2.3862691012891946E-002
          57  0.49555121359012372       0.61779618203335118        5.5195144637416524E-002   2.3870439030767163E-002
          58  0.49575858418652119       0.61769664818551251        5.5119802744918123E-002   2.3878223803239205E-002
          59  0.49596597847849189       0.61759686742153597        5.5044446406819020E-002   2.3886045641745797E-002
          60  0.49617339908880626       0.61749683719306370        5.4969074606048343E-002   2.3893904862600745E-002
          61  0.49638084866194954       0.61739655491470691        5.4893686315980371E-002   2.3901801787006047E-002
          62  0.49658832988749219       0.61729601796107447        5.4818280493646579E-002   2.3909736741136452E-002
          63  0.49679584547797079       0.61719522366762569        5.4742856085908918E-002   2.3917710056314025E-002
          64  0.49700339818584066       0.61709416932912087        5.4667412024700573E-002   2.3925722069028727E-002
          65  0.49721099078856718       0.61699285219897892        5.4591947230946063E-002   2.3933773121167741E-002
          66  0.49741862611317628       0.61689126948730544        5.4516460607697513E-002   2.3941863560014414E-002
          67  0.49762630701617194       0.61678941836179069        5.4440951045759578E-002   2.3949993738388728E-002
          68  0.49783403638754614       0.61668729594546912        5.4365417422257929E-002   2.3958164014857345E-002
          69  0.49804181715955181       0.61658489931613991        5.4289858598266870E-002   2.3966374753751060E-002
          70  0.49824965230094770       0.61648222550527088        5.4214273420228838E-002   2.3974626325362375E-002
          71  0.49845754482689625       0.61637927149657368        5.4138660717085743E-002   2.3982919106017235E-002
          72  0.49866549777730657       0.61627603422628952        5.4063019306274461E-002   2.3991253478330116E-002
          73  0.49887351426001186       0.61617251057961120        5.3987347981513369E-002   2.3999629831128338E-002
          74  0.49908159739969732       0.61606869739273784        5.3911645527011443E-002   2.4008048559842978E-002
          75  0.49928975037662759       0.61596459144908011        5.3835910706430949E-002   2.4016510066500487E-002
          76  0.49949797641535154       0.61586018947909138        5.3760142266004972E-002   2.4025014759925075E-002
          77  0.49970627878906765       0.61575548815874759        5.3684338933163545E-002   2.4033563055880794E-002
          78  0.49991466080945990       0.61565048410916234        5.3608499419291522E-002   2.4042155377258213E-002
          79  0.50012312584246998       0.61554517389387287        5.3532622415097084E-002   2.4050792154237836E-002
          80  0.50033167730643446       0.61543955401847195        5.3456706591139061E-002   2.4059473824382734E-002
          81  0.50054031866222970       0.61533362092897670        5.3380750600282682E-002   2.4068200832970139E-002
          82  0.50074905342889087       0.61522737101011082        5.3304753073299460E-002   2.4076973633043109E-002
          83  0.50095788516956574       0.61512080058435192        5.3228712622563394E-002   2.4085792685703961E-002
          84  0.50116681751652636       0.61501390590959160        5.3152627835049614E-002   2.4094658460154298E-002
          85  0.50137585414992691       0.61490668317824015        5.3076497277960585E-002   2.4103571434059855E-002
          86  0.50158499880535723       0.61479912851574248        5.3000319496552172E-002   2.4112532093660356E-002
          87  0.50179425528062305       0.61469123797802305        5.2924093011986612E-002   2.4121540934045511E-002
          88  0.50200362743023408       0.61458300755068174        5.2847816322773335E-002   2.4130598459330591E-002
          89  0.50221311917772826       0.61447443314625139        5.2771487901125791E-002   2.4139705182888757E-002
          90  0.50242273450330843       0.61436551060340305        5.2695106196221322E-002   2.4148861627603348E-002
          91  0.50263247745683681       0.61425623568423549        5.2618669630413867E-002   2.4158068326098559E-002
          92  0.50284235214336070       0.61414660407325505        5.2542176603011706E-002   2.4167325821027125E-002
          93  0.50305236276475784       0.61403661137270960        5.2465625478507368E-002   2.4176634665237291E-002
          94  0.50326251356326357       0.61392625310436166        5.2389014602067442E-002   2.4185995422184695E-002
          95  0.50347280887096457       0.61381552470454104        5.2312342285642729E-002   2.4195408666055625E-002
          96  0.50368325308639650       0.61370442152278371        5.2235606814079745E-002   2.4204874982190608E-002
          97  0.50389385069304415       0.61359293881917354        5.2158806439887059E-002   2.4214394967256102E-002
          98  0.50410460624236308       0.61348107176272393        5.2081939387640011E-002   2.4223969229664341E-002
          99  0.50431552437616189       0.61336881542728638        5.2005003847451353E-002   2.4233598389850893E-002
         100  0.50452660981869801       0.61325616479062262        5.1927997977094215E-002   2.4243283080542393E-002
         101  0.50473786737423987       0.61314311473095273        5.1850919902213861E-002   2.4253023947207724E-002
         102  0.50494930193973053       0.61302966002432835        5.1773767712659430E-002   2.4262821648298748E-002
         103  0.50516091850227707       0.61291579534107343        5.1696539462743857E-002   2.4272676855752399E-002
         104  0.50537272214087747       0.61280151524421045        5.1619233170671158E-002   2.4282590255210651E-002
         105  0.50558471802971061       0.61268681418529625        5.1541846817152209E-002   2.4292562546526709E-002
         106  0.50579691145002093       0.61257168650043659        5.1464378341743666E-002   2.4302594444184193E-002
         107  0.50600930777015574       0.61245612640984015        5.1386825648292916E-002   2.4312686677608275E-002
         108  0.50622191247631876       0.61234012801086035        5.1309186595751198E-002   2.4322839991724118E-002
         109  0.50643473115941640       0.61222368527656834        5.1231459001670844E-002   2.4333055147335587E-002
         110  0.50664776951496249       0.61210679205177665        5.1153640641759590E-002   2.4343332921664386E-002
         111  0.50686103336441302       0.61198944204836137        5.1075729243644431E-002   2.4353674108749956E-002
         112  0.50707452863657954       0.61187162884223900        5.0997722491532567E-002   2.4364079520065172E-002
         113  0.50728826138921634       0.61175334586812802        5.0919618019822956E-002   2.4374549984987996E-002
         114  0.50750223780276182       0.61163458641632362        5.0841413414488487E-002   2.4385086351332630E-002
         115  0.50771646419770977       0.61151534362623883        5.0763106207622505E-002   2.4395689486008901E-002
         116  0.50793094700627184       0.61139561048534496        5.0684693885054879E-002   2.4406360275520938E-002
         117  0.50814569282086963       0.61127537981992575        5.0606173872203952E-002   2.4417099626656051E-002
         118  0.50836070836573810       0.61115464429298838        5.0527543541526401E-002   2.4427908467097526E-002
         119  0.50857600051578944       0.61103339639778820        5.0448800206770339E-002   2.4438787746119368E-002
         120  0.50879157629189131       0.61091162845265223        5.0369941123611324E-002   2.4449738435308680E-002
         121  0.50900744288312749       0.61078933259495660        5.0290963483122980E-002   2.4460761529197995E-002
         122  0.50922360763909025       0.61066650077439166        5.0211864412956331E-002   2.4471858046189131E-002
         123  0.50944007806269387       0.61054312474953143        5.0132640979066313E-002   2.4483029029185317E-002
         124  0.50965686185616843       0.61041919607677142        5.0053290172041395E-002   2.4494275546550801E-002
         125  0.50987396688136577       0.61029470610769698        4.9973808917508966E-002   2.4505598692906329E-002
         126  0.51009140119296048       0.61016964597994627        4.9894194066236630E-002   2.4516999590025717E-002
         127  0.51030917303962675       0.61004400660954161        4.9814442392958312E-002   2.4528479387869825E-002
         128  0.51052729087139703       0.60991777868379426        4.9734550593633256E-002   2.4540039265460192E-002
         129  0.51074576334069033       0.60979095265305627        4.9654515284264067E-002   2.4551680432005448E-002
         130  0.51096459931773497       0.60966351872217794        4.9574332995857215E-002   2.4563404127916307E-002
         131  0.51118380789419371       0.60953546684097282        4.9494000172339674E-002   2.4575211626019354E-002
         132  0.51140339838862370       0.60940678669673853        4.9413513168379074E-002   2.4587104232574812E-002
         133  0.51162338036977217       0.60927746770088542        4.9332868241532719E-002   2.4599083288794378E-002
         134  0.51184376364146056       0.60914749898289644        4.9252061555767924E-002   2.4611150171868729E-002
         135  0.51206455827074027       0.60901686937715260        4.9171089172432202E-002   2.4623306296452058E-002
         136  0.51228577460015778       0.60888556741082323        4.9089947045583254E-002   2.4635553116161748E-002
         137  0.51250742323568022       0.60875358129489610        4.9008631024303535E-002   2.4647892124943935E-002
         138  0.51272951508119358       0.60862089890963167        4.8927136841870590E-002   2.4660324858705465E-002
         139  0.51295206134040583       0.60848750779151595        4.8845460113748011E-002   2.4672852897028683E-002
         140  0.51317507353585035       0.60835339511950115        4.8763596331037627E-002   2.4685477864885084E-002
         141  0.51339856349807378       0.60821854770322004        4.8681540862079223E-002   2.4698201434323816E-002
         142  0.51362254341488667       0.60808295196327788        4.8599288937077371E-002   2.4711025326658458E-002
         143  0.51384702582081976       0.60794659391770411        4.8516835649407418E-002   2.4723951314397939E-002
         144  0.51407202361945181       0.60780945916571316        4.8434175947936149E-002   2.4736981223246961E-002
         145  0.51429755009174061       0.60767153286886866        4.8351304632635032E-002   2.4750116934559998E-002
         146  0.51452361892735410       0.60753279973249563        4.8268216344249631E-002   2.4763360387588040E-002
         147  0.51475024423171734       0.60739324398469574        4.8184905559906122E-002   2.4776713582143998E-002
         148  0.51497744054180794       0.60725284935806845        4.8101366587126444E-002   2.4790178581079441E-002
         149  0.51520522286037496       0.60711159906449697        4.8017593551721006E-002   2.4803757513241466E-002
         150  0.51543360665780835       0.60696947577380822        4.7933580394975570E-002   2.4817452576405628E-002
         151  0.51566260791259655       0.60682646158762799        4.7849320859985167E-002   2.4831266040396250E-002
         152  0.51589224310962944       0.60668253801523642        4.7764808489391283E-002   2.4845200250379309E-002
         153  0.51612252930021907       0.60653768594187074        4.7680036605874894E-002   2.4859257630565283E-002
         154  0.51635348409540704       0.60639188560294444        4.7594998311085795E-002   2.4873440687775455E-002
         155  0.51658512571118975       0.60624511655033408        4.7509686469815161E-002   2.4887752015544096E-002
         156  0.51681747299258785       0.60609735761966055        4.7424093699948183E-002   2.4902194298329159E-002
         157  0.51705054544995765       0.60594858689503572        4.7338212358930348E-002   2.4916770315941056E-002
         158  0.51728436327345340       0.60579878167187784        4.7252034535663241E-002   2.4931482948397692E-002
         159  0.51751894741364957       0.60564791841237642        4.7165552024147808E-002   2.4946335181190712E-002
         160  0.51775431955643614       0.60549597270979805        4.7078756326170174E-002   2.4961330110365682E-002
         161  0.51799050222322207       0.60534291923555772        4.6991638618770704E-002   2.4976470948722643E-002
         162  0.51822751877397966       0.60518873169460152        4.6904189748347168E-002   2.4991761031761928E-002
         163  0.51846539347105003       0.60503338277068208        4.6816400207642953E-002   2.5007203824523903E-002
         164  0.51870415153005300       0.60487684407147746        4.6728260116122439E-002   2.5022802928539048E-002
         165  0.51894381915581445       0.60471908606878455        4.6639759203606641E-002   2.5038562089505268E-002
         166  0.51918442363026041       0.60456007803121026        4.6550886779483297E-002   2.5054485205591281E-002
         167  0.51942599334479311       0.60439978795702343        4.6461631716459159E-002   2.5070576336158001E-002
         168  0.51966855788179633       0.60423818249965522        4.6371982420725898E-002   2.5086839711121512E-002
         169  0.51991214807168684       0.60407522688854343        4.6281926807818466E-002   2.5103279741042650E-002
         170  0.52015679609669496       0.60391088483673505        4.6191452264649858E-002   2.5119901028619069E-002
         171  0.52040253554708960       0.60374511845390566        4.6100545624924154E-002   2.5136708379948258E-002
         172  0.52064940151143213       0.60357788814446678        4.6009193133697786E-002   2.5153706817409638E-002
         173  0.52089743069702399       0.60340915249382854        4.5917380402595728E-002   2.5170901593865445E-002
         174  0.52114666151692068       0.60323886815275751        4.5825092373716368E-002   2.5188298207470407E-002
         175  0.52139713418779610       0.60306698971311767        4.5732313279787842E-002   2.5205902417548397E-002
         176  0.52164889091016864       0.60289346955597534        4.5639026579113867E-002   2.5223720263341187E-002
         177  0.52190197591686938       0.60271825771668164        4.5545214927679850E-002   2.5241758081832044E-002
         178  0.52215643570678205       0.60254130170188680        4.5450860096432441E-002   2.5260022530177041E-002
         179  0.52241231916322373       0.60236254631687736        4.5355942920516798E-002   2.5278520607956045E-002
         180  0.52266967771897754       0.60218193346904669        4.5260443233348380E-002   2.5297259682102474E-002
         181  0.52292856556968625       0.60199940194549428        4.5164339784944198E-002   2.5316247514927046E-002
         182  0.52318903988919196       0.60181488717537102        4.5067610158089050E-002   2.5335492294177378E-002
         183  0.52345116104384937       0.60162832096844354        4.4970230681975948E-002   2.5355002666276077E-002
         184  0.52371499285736134       0.60143963122536859        4.4872176329385824E-002   2.5374787772951567E-002
         185  0.52398060291110682       0.60124874161365294        4.4773420600472159E-002   2.5394857292115689E-002
         186  0.52424806283051750       0.60105557121661268        4.4673935407254180E-002   2.5415221482570551E-002
         187  0.52451744864766470       0.60086003414049338        4.4573690933247576E-002   2.5435891233602969E-002
         188  0.52478884120799896       0.60066203906689553        4.4472655474965615E-002   2.5456878121500548E-002
         189  0.52506232657140395       0.60046148877474137        4.4370795281881058E-002   2.5478194470381153E-002
         190  0.52533799653286595       0.60025827958190514        4.4268074355182055E-002   2.5499853422509804E-002
         191  0.52561594912780896       0.60005230074008420        4.4164454245663912E-002   2.5521869015302609E-002
         192  0.52589628929542909       0.59984343373163951        4.4059893798444903E-002   2.5544256269873153E-002
         193  0.52617912950484458       0.59963155150422520        4.3954348900639428E-002   2.5567031288458882E-002
         194  0.52646459064272333       0.59941651755717440        4.3847772142803255E-002   2.5590211369266796E-002
         195  0.52675280280520809       0.59919818496209909        4.3740112498492904E-002   2.5613815131174777E-002
         196  0.52704390637067289       0.59897639520061974        4.3631314908776003E-002   2.5637862660495451E-002
         197  0.52733805316370763       0.59875097684430389        4.3521319824365308E-002   2.5662375677971656E-002
         198  0.52763540780990970       0.59852174403795344        4.3410062675389618E-002   2.5687377730733037E-002
         199  0.52793614926252364       0.59828849475464674        4.3297473269586405E-002   2.5712894413277225E-002
         200  0.52824047264603058       0.59805100874722339        4.3183475072180157E-002   2.5738953626411151E-002
         201  0.52854859135080046       0.59780904517519462        4.3067984382648243E-002   2.5765585877695257E-002
         202  0.52886073952961266       0.59756233980749307        4.2950909356927303E-002   2.5792824635191822E-002
         203  0.52917717499598449       0.59731060173231876        4.2832148867477868E-002   2.5820706743989185E-002
         204  0.52949818275093297       0.59705350942404067        4.2711591124173311E-002   2.5849272923521724E-002
         205  0.52982407912762097       0.59679070605501527        4.2589112045874664E-002   2.5878568360780008E-002
         206  0.53015521681541966       0.59652179384154269        4.2464573290121335E-002   2.5908643425674747E-002
         207  0.53049199099762567       0.59624632715439529        4.2337819847791947E-002   2.5939554542405048E-002
         208  0.53083484682883542       0.59596380409184202        4.2208677109081889E-002   2.5971365255553349E-002
         209  0.53118428870145573       0.59567365604024092        4.2076947227958517E-002   2.6004147550753243E-002
         210  0.53154089193072818       0.59537523458157837        4.1942404545972180E-002   2.6037983510369147E-002
         211  0.53190531739268931       0.59506779497040141        4.1804789845869827E-002   2.6072967403937858E-002
         212  0.53227833040860739       0.59475047490812727        4.1663802948900604E-002   2.6109208372805174E-002
         213  0.53266082534884829       0.59442226690481670        4.1519093072330697E-002   2.6146833925709389E-002
         214  0.53305385807107974       0.59408198176587834        4.1370246108878732E-002   2.6185994557274443E-002
         215  0.53345868967520926       0.59372819938591059        4.1216767475125753E-002   2.6226869971737440E-002
         216  0.53387684672658442       0.59335920103643203        4.1058058508216533E-002   2.6269677647143559E-002
         217  0.53431908142541096       0.59296321706804067        4.0889648799578897E-002   2.6315894184602055E-002
         218  0.53477144358435902       0.59255532362084551        4.0717494628157685E-002   2.6363635029877645E-002
         219  0.53524480645128558       0.59212358547609911        4.0537095659954496E-002   2.6414399278570387E-002
         220  0.53574333614374769       0.59166331898477575        4.0346816785401168E-002   2.6468779216747441E-002
         221  0.53627276553387204       0.59116808068963611        4.0144407961059364E-002   2.6527589596806830E-002
         222  0.53684136821255690       0.59062857386423473        3.9926621929156657E-002   2.6592005844891325E-002
         223  0.53746188057829769       0.59003049074928671        3.9688459831358922E-002   2.6663836783105181E-002
         224  0.53815582266699080       0.58934966233265440        3.9421475445049842E-002   2.6746137638965009E-002
         225  0.53896532904218575       0.58853877841586666        3.9109132559472334E-002   2.6844888466917103E-002
         226  0.53999901953931317       0.58747589273896816        3.8708810972911865E-002   2.6975502995303744E-002
