  0.12221311729307750        2.8506015543284549     
  0.11735338093996341        2.8418728815655321     
  0.10734692754321060        2.7837475493375301     
   9.9051569984695831E-002   2.7268027060179802     
   9.2163371049217180E-002   2.6727725645700144     
   8.6396521936393786E-002   2.6219435271464824     
   8.1493806965797527E-002   2.5738931001407415     
   7.7208174276791164E-002   2.5277188736346545     
   6.9322606294958067E-002   2.4499378111747712     
   7.0235608820231429E-002   2.4417248773521507     
   6.7271729205987910E-002   2.4006086282344423     
   6.4610650686863919E-002   2.3608131183963619     
   6.2193555026455474E-002   2.3220988837071230     
   6.0082846191907555E-002   2.2851500887415335     
   5.8053823249710680E-002   2.2483112151259497     
   5.6285853977549268E-002   2.2131357281613289     
   5.4555274736056626E-002   2.1779390406285319     
   5.3055232111515284E-002   2.1443328732075884     
   5.1557700562248766E-002   2.1105835610995718     
   5.0272406517510151E-002   2.0783929429021075     
   4.9062650814917508E-002   2.0467327068133851     
   4.7835722828256932E-002   2.0149295449322491     
   4.6798642556925035E-002   1.9846123743464488     
   4.5812089170870332E-002   1.9547327872654627     
   4.4889083737476757E-002   1.9254142346807839     
   4.3919751934643425E-002   1.8958526821256270     
   4.3123742437946970E-002   1.8677141942156144     
   4.2356016786478157E-002   1.8399221187236376     
   4.1635591767244996E-002   1.8126305346929719     
   4.0955831458311255E-002   1.7858003377677347     
   4.0314369381722621E-002   1.7594225774127386     
   3.9603765421862155E-002   1.7327341646595193     
   3.9052265388929253E-002   1.7073807734995408     
   3.8509369175646464E-002   1.6822841734245912     
   3.7999516431845098E-002   1.6576227734874780     
   3.7516442110550600E-002   1.6333552002895844     
   3.7059325216304416E-002   1.6094779912000714     
   3.6626592976205664E-002   1.5859818590790511     
   3.6105791439643979E-002   1.5621056781070599     
   3.5740323147123693E-002   1.5395045626380617     
   3.5370625487292237E-002   1.5170924945668238     
   3.5024692450781256E-002   1.4950584658511603     
   3.4696593395025732E-002   1.4733622983570942     
   3.4095953472857050E-002   1.4501126169800971     
   3.4126296592151002E-002   1.4311888294533690     
   3.3521200781088299E-002   1.4083838996836493     
   3.3325541522395939E-002   1.3884328975641038     
   3.3071931745486866E-002   1.3683283414581180     
   3.2841253542884877E-002   1.3485854365965737     
   3.2622806516008213E-002   1.3291345617966512     
   3.2417352246048622E-002   1.3099785209219823     
   3.2224354854913699E-002   1.2911118785984936     
   3.2043318458400201E-002   1.2725293871214935     
   3.1873712305943172E-002   1.2542255493644623     
   3.1715252086143161E-002   1.2361963030206280     
   3.1567634186827072E-002   1.2184374119523942     
   3.1430322296023223E-002   1.2009432461008283     
   3.1303115665387432E-002   1.1837101219811981     
   3.1185761923739359E-002   1.1667340180396144     
   3.1077843306053368E-002   1.1500099553326790     
   3.0979157940455884E-002   1.1335341810598831     
   3.0889440070592140E-002   1.1173025711340920     
   3.0808424079071198E-002   1.1013110028540825     
   3.0735993809661154E-002   1.0855561753522680     
   3.0671977510162929E-002   1.0700344706272353     
   3.0615960537798088E-002   1.0547409763813984     
   3.0567949796674945E-002   1.0396730608546820     
   3.0527837930862441E-002   1.0248274669061148     
   3.0495258246753931E-002   1.0101995953091050     
   3.0470295986213453E-002  0.99578722101935302     
   3.0452642204391454E-002  0.98158608537416936     
   3.0442262602305897E-002  0.96759336232473137     
   3.0439091234110746E-002  0.95380606641677124     
   3.0442873089137321E-002  0.94022028964265303     
   3.0453617441717887E-002  0.92683346011760503     
   3.0471222641443300E-002  0.91364246845598374     
   3.0495588485763732E-002  0.90064423410445105     
   3.0526666118810348E-002  0.88783594231320795     
   3.0564358211825057E-002  0.87521456767714090     
   3.0608660927544783E-002  0.86277754248993777     
   3.0659482475321829E-002  0.85052190717035014     
   3.0716752981407816E-002  0.83844482764958184     
   3.0780401971768855E-002  0.82654349280256745     
   3.0850456866765841E-002  0.81481555377928816     
   3.0926898633256098E-002  0.80325846490591313     
   3.1009657705034888E-002  0.79186947958327480     
   3.1098661434902555E-002  0.78064586594687968     
   3.1194018680178938E-002  0.76958569798930831     
   3.1295567783987045E-002  0.75868590409959846     
   3.1403524626501901E-002  0.74794503885152197     
   3.1517577239013647E-002  0.73735945273183734     
   3.1638021899091116E-002  0.72692806247981967     
   3.1764664537478997E-002  0.71664776573312472     
   3.1897629641927654E-002  0.70651679222517083     
   3.2036862615275684E-002  0.69653266005055514     
   3.2182379628091597E-002  0.68669319771614989     
   3.2334258748508787E-002  0.67699649132051287     
   3.2492500478753190E-002  0.66744034012239228     
   3.2657079702271274E-002  0.65802246708363610     
   3.2828237934686783E-002  0.64874162692710513     
   3.3005671338751874E-002  0.63959452663590921     
   3.3189747624687446E-002  0.63058042047887253     
   3.3380382920599243E-002  0.62169688161500847     
   3.3577429026408874E-002  0.61294128789172708     
   3.3781218495190078E-002  0.60431278029127655     
   3.3991734222583142E-002  0.59580923701452781     
   3.4208967419458509E-002  0.58742859327974395     
   3.4433119902919168E-002  0.57916953769656176     
   3.4664129776248553E-002  0.57102985117468308     
   3.4902073873636960E-002  0.56300781834191560     
   3.5147068081584625E-002  0.55510186688642738     
   3.5399220698373597E-002  0.54731040752233073     
   3.5658515846979003E-002  0.53963145424099823     
   3.5925106262446764E-002  0.53206359330215436     
   3.6199087404116634E-002  0.52460523063332754     
   3.6480515317911182E-002  0.51725465940687521     
   3.6769506255896159E-002  0.51001037859145182     
   3.7066055561793897E-002  0.50287052105058860     
   3.7370518218812702E-002  0.49583434613920074     
   3.7683010140016446E-002  0.48890036601396225     
   3.8003318791768236E-002  0.48206612133237547     
   3.8331738920307966E-002  0.47533070608480510     
   3.8668467811431004E-002  0.46869291465567692     
   3.9013490512613561E-002  0.46215092769857941     
   3.9367013888971653E-002  0.45570358641607217     
   3.9729205567230766E-002  0.44934962032526876     
   4.0100162331246726E-002  0.44308756406347921     
   4.0479893534042098E-002  0.43691572329635520     
   4.0868718075545062E-002  0.43083327451834202     
   4.1266821743550564E-002  0.42483901877430286     
   4.1674249253561127E-002  0.41893138374065469     
   4.1638196267311293E-002  0.41190706179276571     
   4.1701499573896558E-002  0.40522384278719492     
   4.2812929978232883E-002  0.40135021317295227     
   4.3230595672981098E-002  0.39570740176144870     
   4.3689649522920614E-002  0.39022564275067845     
   4.4155755354466197E-002  0.38481482605203854     
   4.4632838751290101E-002  0.37948330955544923     
   4.5120662251999656E-002  0.37422887162937063     
   4.5619450147675461E-002  0.36905045669864872     
   4.6129456866871386E-002  0.36394708158172606     
   4.6650943527328251E-002  0.35891777578858830     
   4.7184091673384068E-002  0.35396137970199382     
   4.7729065860212576E-002  0.34907669856829060     
   4.8286172004087170E-002  0.34426286950246177     
   4.8855733905076824E-002  0.33951906214233529     
   4.9401711353297545E-002  0.33476318511045294     
   4.9729533597242997E-002  0.32956205319988841     
   5.0639297390122795E-002  0.32569260109494774     
   5.0954452775492064E-002  0.32055120452820196     
   5.1897254293502101E-002  0.31681120039416361     
   5.2241300689376290E-002  0.31181588214051498     
   5.3210678843705284E-002  0.30818496588685235     
   5.3585731857784272E-002  0.30333348838451063     
   5.4582993775239626E-002  0.29980882149208393     
   5.4990205578330308E-002  0.29509680798021798     
   5.6016770622399910E-002  0.29167573684629533     
   5.5377610244041427E-002  0.28492332497169875     
   5.7574531352847895E-002  0.28389690762555708     
   5.7978579351331251E-002  0.27931040288703324     
   5.9079676660561666E-002  0.27611153610166028     
   5.9184105359378403E-002  0.27100995318870402     
   6.0726863093333402E-002  0.26869037458996187     
   6.0854499312304841E-002  0.26370026144714637     
   6.2435280198041135E-002  0.26146286531845275     
   6.2602568757476384E-002  0.25660820352585695     
   6.4220102953640348E-002  0.25444574727993902     
   6.4429180041702658E-002  0.24972319247548322     
   6.6085556076307811E-002  0.24763431390524110     
   6.7014864821063280E-002  0.24424239344520238     
   6.8003508736972362E-002  0.24096694341649441     
   6.9010884964104763E-002  0.23773413947749458     
   7.0041160405727110E-002  0.23454971817419190     
   7.1094547856560969E-002  0.23141244370495434     
   7.2171621285458176E-002  0.22832169386973553     
   7.3273123909088772E-002  0.22527711190814603     
   7.3700369742947455E-002  0.22111310432903458     
   7.5584341662965085E-002  0.21937748408042959     
   7.6026806385995155E-002  0.21526217137052861     
   7.7967173236270199E-002  0.21359916476464572     
   7.8466709751103661E-002  0.20959372607068427     
   8.0459146503604667E-002  0.20799150120312584     
   8.1019793876322480E-002  0.20409440356344830     
   8.2809639818117550E-002  0.20214798836600578     
   8.4111571871644780E-002  0.19941870055861674     
   8.5496474972247022E-002  0.19681099659042708     
   8.6908028934468959E-002  0.19423457410369588     
   8.8352888306041863E-002  0.19169804608191657     
   8.9831304423579811E-002  0.18919997761849058     
   9.1343851132574400E-002  0.18673941830577315     
   9.2891917837173654E-002  0.18431662529758491     
   9.4476209327371691E-002  0.18193078169428950     
   9.6097216665989874E-002  0.17958072700709263     
   9.7756804902343772E-002  0.17726731680108396     
   9.9455391179652214E-002  0.17498921011658514     
  0.10119385517653824       0.17274572375613165     
  0.10297377828552048       0.17053716956872433     
  0.10479582286764505       0.16836246517793355     
  0.10666140405223977       0.16622159423641905     
  0.10857132248450387       0.16411359807356568     
  0.11052720780813957       0.16203868450836975     
  0.11252988145606498       0.15999583655986274     
  0.11458084750505375       0.15798498545553047     
  0.11668123582724894       0.15600546615647251     
  0.11883269421503784       0.15405731593388938     
  0.12103644951621320       0.15213990792892798     
  0.12329364617163560       0.15025243801612914     
  0.12530137977560046       0.14794570186383724     
  0.12772120445629781       0.14619097026661304     
  0.13014619369233241       0.14438692760798413     
  0.13263886672276759       0.14262297084636646     
  0.13519253410779372       0.14088633972017398     
  0.13780942400180543       0.13917743186918383     
  0.14049143688064228       0.13749607970686373     
  0.14324098916510886       0.13584282605891809     
  0.14605877966722558       0.13421550656565731     
  0.14894782170050669       0.13261542033558044     
  0.15190992275954490       0.13104192705168602     
  0.15494683262925202       0.12949418153710152     
  0.15806095852860147       0.12797228333595889     
  0.16125448816400517       0.12647587776948940     
  0.16452958242169977       0.12500443913492423     
  0.16788890008271506       0.12355818053552597     
  0.17133460925626681       0.12213633201484365     
  0.17486920264628780       0.12073853419440414     
  0.17849573776151301       0.11936536511737060     
  0.18221648026787712       0.11801574431439270     
  0.18603441207768290       0.11668980183609054     
  0.18995224405552594       0.11538692579224873     
  0.19397284329289610       0.11410657128407729     
  0.19809988972527445       0.11284996178823244     
  0.20233604524974386       0.11161563746292454     
  0.20668465733683455       0.11040348825361088     
  0.21114921541061138       0.10921356531099363     
  0.21573315416863573       0.10804540803890864     
  0.22044008932904846       0.10689865776858987     
  0.22527391054831511       0.10577375714092563     
  0.23023840144469260       0.10467008105087898     
  0.23533757072698297       0.10358727622543321     
  0.24057560574457190       0.10252565418381365     
  0.24595678392294457       0.10148436774383798     
  0.25148553296077308       0.10046398209414965     
  0.25716651497213727        9.9463507454229688E-002
  0.26300437932173909        9.8483623535808223E-002
  0.26900417766049334        9.7523456605715625E-002
  0.27517099975369624        9.6583047417705889E-002
  0.28150998893448814        9.5662582085333250E-002
  0.28802686400984201        9.4761349172738318E-002
  0.29472700774721122        9.3879776259278624E-002
  0.30161637884193904        9.3017500641576517E-002
  0.30870141998938910        9.2173952466515649E-002
  0.31598763280922837        9.1349975433571179E-002
  0.32348249129389445        9.0544388701904205E-002
  0.33119211142393601        8.9757773014302475E-002
  0.33912370046075863        8.8989820387854510E-002
  0.34728449470547668        8.8240452619101808E-002
  0.35568218111280431        8.7509479069979038E-002
  0.36432503189402105        8.6796575660903333E-002
  0.37321956459068628        8.6102561733695529E-002
  0.38237593778441065        8.5426393856246313E-002
  0.39180166717790099        8.4768618228890785E-002
  0.40150716976620637        8.4128574220549188E-002
  0.41150056538248925        8.3506763155818647E-002
  0.42122105696113155        8.3098601439499542E-002
  0.43179629309673173        8.2505739875042242E-002
  0.44267780088747349        8.1934657004280737E-002
  0.45388824966016494        8.1381309352569348E-002
  0.46543857247524878        8.0845804472919489E-002
  0.47734057923965967        8.0328124170956888E-002
  0.48960711952671521        7.9828132710375838E-002
  0.50224899477523000        7.9346255403479712E-002
  0.51528182544612622        7.8881994906202832E-002
  0.52871900840186614        7.8435481419322675E-002
  0.54257263875966444        7.8007134356854926E-002
  0.55685979829535792        7.7596603514659926E-002
  0.57159681283033315        7.7203840267483781E-002
  0.58679926498971546        7.6829017745713393E-002
  0.60248205596544147        7.6472462252872547E-002
  0.61866430374188119        7.6134032327897005E-002
  0.63536603378349210        7.5813631792254782E-002
  0.65260176666444725        7.5511863742386928E-002
  0.67039887581450519        7.5228069728355274E-002
  0.68877003493604694        7.4963179430938928E-002
  0.70774093073556166        7.4716927975704006E-002
  0.72733429128878480        7.4489462907803422E-002
  0.74757597982056301        7.4280790384659554E-002
  0.76848421804898315        7.4091560168651607E-002
  0.79009029285875598        7.3921560137096956E-002
  0.81242001921538742        7.3771084208165763E-002
  0.83550186225133749        7.3640342425262573E-002
  0.85779430198839968        7.3610356282408668E-002
  0.88383706910881610        7.3448807744243366E-002
  0.90785305114973069        7.3445275019694084E-002
  0.93570381573002681        7.3330506531360917E-002
  0.96143625512507036        7.3362718411330879E-002
  0.99122319704898953        7.3296483956954386E-002
   1.0188202876379777        7.3366043387975227E-002
   1.0506936386897536        7.3349728139830622E-002
   1.0803203441881792        7.3458356768270699E-002
   1.1144473918148166        7.3493416586314558E-002
   1.1462897564020307        7.3642958520638957E-002
   1.1828519591449538        7.3731110655044563E-002
   1.2193399312446283        7.3877903496947755E-002
   1.2568546645072010        7.4056665244678979E-002
   1.2956842701535340        7.4262488946259628E-002
   1.3359304501791998        7.4495052907700671E-002
   1.3776721107885219        7.4754717286046074E-002
   1.4209848242931320        7.5042066892110307E-002
   1.4659280590449806        7.5358008952964337E-002
   1.5125819746249047        7.5703270971772874E-002
   1.5610243561017203        7.6078723389576428E-002
   1.6113326068245462        7.6485331136083828E-002
   1.6635969777088531        7.6924040828464907E-002
   1.7178948644143213        7.7395989605428803E-002
   1.7773181282814812        7.7886420989569077E-002
   1.8342085910998518        7.8438562849682661E-002
   1.9138191275285257        7.8953175234464115E-002
   1.9620461566600216        7.9625912960167258E-002
   2.0450993101117825        8.0251267276382821E-002
   2.0983198189477621        8.0983394708613321E-002
   2.1854701500164673        8.1716432061805538E-002
   2.2487726066254630        8.2514542204688568E-002
   2.3397237503424435        8.3357894913681521E-002
   2.4091887040166964        8.4237698519295190E-002
   2.5046364279272058        8.5190838344485972E-002
   2.5886884467422155        8.6176433208408162E-002
   2.6843511094446035        8.7232883595772109E-002
   2.7822383932466379        8.8345022533418444E-002
   2.8827789396896866        8.9513997091737157E-002
   2.9863181617704608        9.0741426025940972E-002
   3.0931259113222702        9.2029185302530389E-002
   3.2035213948671455        9.3379778021670815E-002
   3.3180179906982188        9.4797084849428670E-002
   3.4374819042659155        9.6287463068509077E-002
   3.5623146627487365        9.7855763226588760E-002
   3.6887423059265174        9.9483210817491452E-002
   3.6970087068847270       0.10045522410733945     
   3.7537049827358109       0.10172216089570335     
   3.8791882505432751       0.10343800176404397     
   4.0530195353006029       0.10552106304985787     
   4.2406457697554156       0.10777306174269910     
   4.4408682475431034       0.11019478498285466     
   4.6543866454933607       0.11279977164591679     
   4.8895776586713922       0.11566256784343217     
   5.1403903874091013       0.11875027976630750     
   5.4172957116936651       0.12216233119096685     
   5.7180675465878030       0.12590033604972817     
   6.0496635962171563       0.13004703220765279     
   6.1466347408295983       0.13217486130854778     
   6.8211727138451606       0.13983400569011392     
   7.2599295871615874       0.14553871426930776     
   7.7604760815307072       0.15211650684344538     
   8.3451612319176185       0.15989455776967976     
   9.0501281311703679       0.16942007277169505     
   9.9527044881247164       0.18186618346724898     
   11.292105480187749       0.20089682373627454     
   13.720440288408367       0.23847746286263777     
   10.854081843305947       0.19974553478257215     
