  0.14381212339773100        2.9880963687008646     
  0.12696244499594986        2.9022032606593831     
  0.11490136496789523        2.8303054430559738     
  0.10568050424112926        2.7669734308137879     
   9.8306481824344094E-002   2.7094264185049179     
   9.2189784842684544E-002   2.6560142591797371     
   8.6987806951417529E-002   2.6057661733336124     
   8.2523057928201013E-002   2.5581523352383662     
   8.1761946825071055E-002   2.5199935240325306     
   7.5085684646610501E-002   2.4688191706951219     
   7.2002694655951327E-002   2.4267249573377279     
   6.9230910711077703E-002   2.3860232020966352     
   6.6734394603808533E-002   2.3465938754693187     
   6.4392193401646244E-002   2.3081381154107969     
   6.2339644886151083E-002   2.2709207502741351     
   6.0377115406584490E-002   2.2344848455463877     
   5.8663143369851456E-002   2.1991423313642970     
   5.6993388731889826E-002   2.1644436969299958     
   5.5547098312114310E-002   2.1307383174954855     
   5.4108366117582615E-002   2.0975689106984703     
   5.2782430200596850E-002   2.0651332691625837     
   5.1640270697259752E-002   2.0335513367504370     
   5.0470129807748447E-002   2.0023966846529118     
   4.9390518250420956E-002   1.9718869968747668     
   4.8377169031545562E-002   1.9419628583893678     
   4.7527173708807990E-002   1.9127893282569590     
   4.6616241081635985E-002   1.8839431337671950     
   4.5777766216480643E-002   1.8556591255600143     
   4.4985555997115415E-002   1.8278795014532159     
   4.4239442387323115E-002   1.8005941945292925     
   4.3535707515788793E-002   1.7737873128576811     
   4.2977485116531267E-002   1.7476225539548074     
   4.2329234559531317E-002   1.7216945462365727     
   4.1738368801069098E-002   1.6962439931755158     
   4.1175971842455555E-002   1.6712148153328674     
   4.0644655778961918E-002   1.6466036578448962     
   4.0141815003753835E-002   1.6223989292068766     
   3.9665904403236835E-002   1.5985910392664677     
   3.9330702739594596E-002   1.5753454649673544     
   3.8881167840160893E-002   1.5522669163084271     
   3.8480257326311967E-002   1.5295977979616078     
   3.8096573984195727E-002   1.5072845253655922     
   3.7734208705886445E-002   1.4853270615107856     
   3.7698497688464817E-002   1.4641501817606322     
   3.7031687328430922E-002   1.4423974372001376     
   3.7073152582411908E-002   1.4219384054208368     
   3.6713187727148808E-002   1.4012269882075155     
   3.6447062295512436E-002   1.3809421090367902     
   3.6187003735734462E-002   1.3609587628437951     
   3.5943211276691631E-002   1.3412855678077291     
   3.5713705751316910E-002   1.3219149182222008     
   3.5497977443345666E-002   1.3028412869452042     
   3.5295548216028462E-002   1.2840593039578834     
   3.5106045033541519E-002   1.2655638407903889     
   3.4928891849703401E-002   1.2473496274923779     
   3.4763591302329797E-002   1.2294116024949835     
   3.4609953032043332E-002   1.2117451707024489     
   3.4467472895590982E-002   1.1943454587722719     
   3.4335749179451716E-002   1.1772078129477508     
   3.4214604707095232E-002   1.1603279254275150     
   3.4103668073045088E-002   1.1437013512535588     
   3.4002675449285251E-002   1.1273238511398944     
   3.3911399739009994E-002   1.1111913050912745     
   3.3829482632931972E-002   1.0952995300464350     
   3.3756658642470530E-002   1.0796445222359943     
   3.3692959939632700E-002   1.0642226594211963     
   3.3637982053827148E-002   1.0490299323395693     
   3.3591472761839325E-002   1.0340625645076686     
   3.3553491755936651E-002   1.0193171571035629     
   3.3523621877048979E-002   1.0047898988449313     
   3.3501905671313122E-002  0.99047749577093303     
   3.3488101869192592E-002  0.97637643579438738     
   3.3482024555389747E-002  0.96248332288596949     
   3.3483717079933570E-002  0.94879503178265756     
   3.3492947243419086E-002  0.93530823500857463     
   3.3509623531946385E-002  0.92201979123741162     
   3.3533669359609060E-002  0.90892662457095874     
   3.3564967006953564E-002  0.89602567408274902     
   3.3603467364607766E-002  0.88331398926258542     
   3.3649032193879734E-002  0.87078859202608017     
   3.3701634628027458E-002  0.85844664776441870     
   3.3761237962040801E-002  0.84628535860206633     
   3.3827818765710574E-002  0.83430198189060600     
   3.3901255069883056E-002  0.82249373976097750     
   3.3981490071128946E-002  0.81085795237595437     
   3.4068535352039450E-002  0.79939203593719144     
   3.4162418092690827E-002  0.78809345796879848     
   3.4262969490817162E-002  0.77695957691988848     
   3.4370339625924298E-002  0.76598803333456689     
   3.4484258357916846E-002  0.75517619264739533     
   3.4605068807754033E-002  0.74452191034217707     
   3.4732428130173333E-002  0.73402257792829351     
   3.4866564639155065E-002  0.72367603657364898     
   3.5007350752443989E-002  0.71347990857266586     
   3.5154874630925863E-002  0.70343200301482967     
   3.5309150847042718E-002  0.69353011081253257     
   3.5470133271567832E-002  0.68377201629777873     
   3.5637872417308286E-002  0.67415560198341618     
   3.5812459051571231E-002  0.66467880731878826     
   3.5993680895950689E-002  0.65533940924171397     
   3.6181970965790143E-002  0.64613562678019398     
   3.6376986544394328E-002  0.63706521815141970     
   3.6578920390227247E-002  0.62812630927002611     
   3.6788051640401075E-002  0.61931710149142982     
   3.7004101320444398E-002  0.61063548819686053     
   3.7227210953031262E-002  0.60207964608391507     
   3.7457520521545121E-002  0.59364777551075987     
   3.7694928374519474E-002  0.58533796483569622     
   3.7939654838175477E-002  0.57714851321803018     
   3.8191763783816633E-002  0.56907765507242958     
   3.8451281172175986E-002  0.56112363003206811     
   3.8718249845687995E-002  0.55328471322671380     
   3.8992869953096025E-002  0.54555928797707087     
   3.9275148565264768E-002  0.53794565817929940     
   3.9565169972802364E-002  0.53044219312873464     
   3.9863074538604715E-002  0.52304731367489510     
   4.0168938370173130E-002  0.51575943023252968     
   4.0482994917460290E-002  0.50857705310358325     
   4.0805048027223942E-002  0.50149850387492911     
   4.1135201066198154E-002  0.49452227630036466     
   4.1473967737878287E-002  0.48764707749056574     
   4.1821252845506557E-002  0.48087134352169036     
   4.2177088981559939E-002  0.47419359473026046     
   4.2541778676809437E-002  0.46761249487157341     
   4.2915362871545591E-002  0.46112660715430936     
   4.3297938967919537E-002  0.45473454100475014     
   4.3689703240967784E-002  0.44843496821461593     
   4.4090972632094050E-002  0.44222662888067621     
   4.4501687646605080E-002  0.43610812003555122     
   4.4921966322914716E-002  0.43007813475655637     
   4.5352112947346535E-002  0.42413546010863384     
   4.6370469222680476E-002  0.41851009095750452     
   4.7296391826751404E-002  0.41292249647690910     
   4.6883789917339526E-002  0.40688894440145329     
   4.7392705427079698E-002  0.40129656014593906     
   4.7872434372011101E-002  0.39576992214572043     
   4.8367432476376940E-002  0.39032499991252889     
   4.8873103368625652E-002  0.38495881913459828     
   4.9390221606722087E-002  0.37967046592548148     
   4.9918980906870920E-002  0.37445882212656922     
   5.0459548479232771E-002  0.36932277519581569     
   5.1012097295917852E-002  0.36426122988532161     
   5.1576919235863772E-002  0.35927314656912046     
   5.2154345546308517E-002  0.35435751138547555     
   5.2744535538025515E-002  0.34951326504350499     
   5.3347640256164466E-002  0.34473936037817127     
   5.4012832950092543E-002  0.34005058079589401     
   5.5007185814192741E-002  0.33553012416849498     
   5.5240378489987758E-002  0.33083083298056903     
   5.6319587063796805E-002  0.32645880592855081     
   5.6569345634577592E-002  0.32189152228151768     
   5.7680091422449578E-002  0.31764669405296098     
   5.7957924110979796E-002  0.31321091139763091     
   5.9100367306236495E-002  0.30908938018403520     
   5.9407264356057150E-002  0.30478135049122873     
   6.0583057824117596E-002  0.30077975780176802     
   6.0920001992538012E-002  0.29659582606643142     
   6.3719953560382667E-002  0.29314884068470415     
   6.2413261124554677E-002  0.28862426207000363     
   6.3763489091986897E-002  0.28488062294877026     
   6.4147068336577795E-002  0.28092989738795171     
   6.6037841199207525E-002  0.27742615724027564     
   6.5849621674729866E-002  0.27343191121131938     
   6.7810181666371080E-002  0.27003856893436329     
   6.7645207741044600E-002  0.26615655876284716     
   6.9656630015883667E-002  0.26286519259799934     
   6.9520237407327906E-002  0.25909329816228394     
   7.1584653814252858E-002  0.25590108998746997     
   7.1477439000985174E-002  0.25223605117357056     
   7.2541780054878574E-002  0.24889537359665503     
   7.3570307793594622E-002  0.24559050626181347     
   7.4626593219463022E-002  0.24233555853861319     
   7.5705540402350627E-002  0.23912855711105957     
   7.6808205590070261E-002  0.23596895636279835     
   7.7935125963481289E-002  0.23285609880434488     
   7.9086600612914906E-002  0.22978928310984539     
   8.1419085610917388E-002  0.22701051712458239     
   8.1411846285803502E-002  0.22378014361122783     
   8.3878553999346267E-002  0.22110039898576553     
   8.3896668781017023E-002  0.21795922854604069     
   8.6438090563052059E-002  0.21536287570234192     
   8.6493956955315462E-002  0.21231058682145670     
   8.9112231830909633E-002  0.20979515226364812     
   8.9659478269928997E-002  0.20691505532912804     
   9.1150795503442406E-002  0.20425116473404029     
   9.2581847064619735E-002  0.20161007269399703     
   9.4054642601954036E-002  0.19901038348404468     
   9.5559492170151986E-002  0.19644960808222131     
   9.7098284184387817E-002  0.19392741749618544     
   9.8672410414082257E-002  0.19144338934660876     
  0.10028180345415963       0.18899684913424583     
  0.10192775604133733       0.18658736571198761     
  0.10361207968410180       0.18421459420529496     
  0.10533397115787745       0.18187775446150506     
  0.10709555413029162       0.17957656090620572     
  0.10889815359077397       0.17731059256389201     
  0.11074174070625857       0.17507921510417754     
  0.11262827382622172       0.17288211534310355     
  0.11455824289653022       0.17071874974088749     
  0.11653355748224481       0.16858879685296235     
  0.11855443397878151       0.16649167867755801     
  0.12062298340295911       0.16442710535914004     
  0.12273992176963813       0.16239457943072724     
  0.12490693952874388       0.16039374840057471     
  0.12712463864965637       0.15842410488775022     
  0.12939474966849851       0.15648530494090140     
  0.13171939615677092       0.15457705638694014     
  0.13490352241708270       0.15280715677595022     
  0.13722295452751945       0.15094156405968606     
  0.13974257087863828       0.14912431995651940     
  0.14230143950321103       0.14733329707541234     
  0.14492405639780712       0.14557115967363901     
  0.14761074648138370       0.14383737382367703     
  0.15036293627463698       0.14213155153106874     
  0.15318060983240195       0.14045313102673140     
  0.15606941305359642       0.13880224234070143     
  0.15902788687141289       0.13717814767392950     
  0.16205863802647466       0.13558060565484850     
  0.16516487806226546       0.13400943893440645     
  0.16834780978119665       0.13246423328953832     
  0.17160971595278945       0.13094469952407944     
  0.17495338436864105       0.12945060155868215     
  0.17837990586970770       0.12798151358201368     
  0.18189284615538745       0.12653728016848553     
  0.18549490665286231       0.12511764499922878     
  0.18918640899774458       0.12372210018810514     
  0.19297208525352663       0.12235060060252766     
  0.19685359026743304       0.12100277448808607     
  0.20083470659060931       0.11967846504852322     
  0.20491922194059814       0.11837750690233922     
  0.20910582603761665       0.11709923230784508     
  0.21340113558374071       0.11584375025060052     
  0.21780799808446030       0.11461079132916216     
  0.22232883066009620       0.11340004374239741     
  0.22696778579555191       0.11221135445357815     
  0.23172887107761972       0.11104454855884961     
  0.23661351348166462       0.10989921423316536     
  0.24162684604047091       0.10877527023618624     
  0.24677330837314854       0.10767256284004972     
  0.25205506076174217       0.10659073569062746     
  0.25747867509855177       0.10552980559897215     
  0.26304558741851686       0.10448934643494552     
  0.26876338996317667       0.10346944103921747     
  0.27463324356870017       0.10246963350954905     
  0.28066277050049759       0.10148998864476563     
  0.28685607497796189       0.10053027579129567     
  0.29321672703794693        9.9590219079827277E-002
  0.29975248073057692        9.8669858850491399E-002
  0.30646616604194310        9.7768847691132588E-002
  0.31336441236694990        9.6887121035414095E-002
  0.32045522612417621        9.6024701159463821E-002
  0.32773980266600578        9.5181103734066200E-002
  0.33522978983884699        9.4356593342880157E-002
  0.34292808337857178        9.3550792942171099E-002
  0.35084242934931137        9.2763662627514384E-002
  0.35897965381894142        9.1995085369952961E-002
  0.36734752863610581        9.1244996662441388E-002
  0.37595501890040317        9.0513396873267621E-002
  0.38480432276821430        8.9799830144147941E-002
  0.39390948415415211        8.9104606209178511E-002
  0.40327491099977475        8.8427392766454976E-002
  0.41291328339868233        8.7768372518935892E-002
  0.42282980887670490        8.7127242655683196E-002
  0.43158130751729967        8.6416268900160742E-002
  0.44209092478937906        8.5812511656843032E-002
  0.45287991468270650        8.5224834631218535E-002
  0.46398859502458717        8.4655000818259052E-002
  0.47542685635921306        8.4102922373736927E-002
  0.48720603416078306        8.3568579237444374E-002
  0.49933906017718593        8.3052022430452843E-002
  0.51183431545354674        8.2553032943788476E-002
  0.52470915484382752        8.2071868388235228E-002
  0.53797590601913003        8.1608486165734434E-002
  0.55164436985403431        8.1162694638875932E-002
  0.56573273535116086        8.0734726169380627E-002
  0.58025710026840160        8.0324674222957693E-002
  0.59523188891350642        7.9932523252503732E-002
  0.61067025006707254        7.9558175447761392E-002
  0.62659154991779265        7.9201820987088042E-002
  0.64301582924893774        7.8863651224860873E-002
  0.65995489738930613        7.8543436340262299E-002
  0.67743832095891565        7.8241766624049414E-002
  0.69547496364740080        7.7958225715215351E-002
  0.71409123456543133        7.7693194154957068E-002
  0.73330902957039124        7.7446807427294276E-002
  0.75315383524079516        7.7219329058634337E-002
  0.77364157145795698        7.7010569429443732E-002
  0.79480388543150970        7.6820999572097370E-002
  0.81666541288067018        7.6650744610566313E-002
  0.83925372378555363        7.6500020543708913E-002
  0.86088694942327404        7.6298917334714667E-002
  0.88650885597892892        7.6249273677503032E-002
  0.90988799579604562        7.6096247198465500E-002
  0.93720338597118935        7.6086750606746800E-002
  0.96230195365596871        7.5976298559613048E-002
  0.99143331559901948        7.6007516293466568E-002
   1.0183960460921326        7.5940882056987680E-002
   1.0494896797731796        7.6013978503806576E-002
   1.0784779155038213        7.5992655322225766E-002
   1.1116979572217935        7.6109081846091775E-002
   1.1428934794153005        7.6134893373811213E-002
   1.1784192749550637        7.6296235312548949E-002
   1.2139576185977448        7.6438018187099943E-002
   1.2505169738259632        7.6595082078687315E-002
   1.2883606867406803        7.6775304700913719E-002
   1.3275854487137708        7.6980580473938257E-002
   1.3682678484980535        7.7212007589427797E-002
   1.4104818202007887        7.7470500821216953E-002
   1.4542890190796034        7.7756496632493594E-002
   1.4997688468335906        7.8070922229678236E-002
   1.5469997918818024        7.8414584430496800E-002
   1.5960613844484994        7.8788234795823558E-002
   1.6470445455478198        7.9192880620916312E-002
   1.7000321230193487        7.9629190246815557E-002
   1.7573381910657371        8.0162616105193582E-002
   1.8133211558668021        8.0626839352506960E-002
   1.8863475994402099        8.1543140263749800E-002
   1.9374125221884151        8.1805446669630189E-002
   2.0140480319764071        8.2745793464455597E-002
   2.0703767645152031        8.3093280325401447E-002
   2.1513507427051883        8.4071627231329382E-002
   2.2166527413428851        8.4593183081931284E-002
   2.3020189643695317        8.5603048124330450E-002
   2.3737528602393878        8.6218687876903982E-002
   2.4643354103885877        8.7274336130427316E-002
   2.5484499096738591        8.8121884814064660E-002
   2.6417329462374588        8.9152119225322596E-002
   2.7379588215376374        9.0206236987020155E-002
   2.8375355461376039        9.1292046406187793E-002
   2.9408185619052460        9.2415634308175273E-002
   3.0481192235604384        9.3581667788327563E-002
   3.1597894476571944        9.4795410710080463E-002
   3.2763184023339540        9.6064842536087908E-002
   3.3984385440577936        9.7402801217250173E-002
   3.5265921645331226        9.8814974643589404E-002
   3.6584995545347807       0.10024804963905386     
   3.7147000036012532       0.10001437262654418     
   3.8051068721161507       0.10048237238267629     
   3.9450183386624955       0.10193732030501833     
   4.1213196619053578       0.10407002723818924     
   4.3107975479813296       0.10638539425985602     
   4.5130379691786651       0.10886586368677414     
   4.7289904904517748       0.11152117016739876     
   4.9649470068701120       0.11446277842685591     
   5.2174428966613489       0.11761100921399353     
   5.4944937910044072       0.12110440906931136     
   5.7955915113879959       0.12491666805696980     
   6.1268314650927644       0.12914217388275459     
   6.3011091932773331       0.13041841719993891     
   6.8978291739678115       0.13907090952325121     
   7.3414013948738708       0.14479249669408256     
   7.8472267545696726       0.15138842559613655     
   8.4373635580804898       0.15918959483525749     
   9.1480936775965418       0.16874345487368092     
   10.056243582103978       0.18122935499391118     
   11.398140056817219       0.20033459953911323     
   13.918675194067134       0.23763377126739332     
   11.499292247576326       0.19626452233353012     
