  0.14381212339773100        12.645857882502249     
  0.12696244499594986        12.581425358197844     
  0.11490136496789523        12.530411765577945     
  0.10568050424112926        12.487560077253836     
   9.8306481824344094E-002   12.450156500100487     
   9.2189784842684544E-002   12.416581617976536     
   8.6987806951417529E-002   12.385879561734146     
   8.2523057928201013E-002   12.357527260027748     
   8.1761946825071055E-002   12.338215414979217     
   7.5085684646610501E-002   12.305889571180249     
   7.2002694655951327E-002   12.282233196762427     
   6.9230910711077703E-002   12.259700927213515     
   6.6734394603808533E-002   12.238174897055844     
   6.4392193401646244E-002   12.217363809808408     
   6.2339644886151083E-002   12.197525752775753     
   6.0377115406584490E-002   12.178217254126110     
   5.8663143369851456E-002   12.159741443436962     
   5.6993388731889826E-002   12.141664680460980     
   5.5547098312114310E-002   12.124325116572678     
   5.4108366117582615E-002   12.107284256935236     
   5.2782430200596850E-002   12.090734091772983     
   5.1640270697259752E-002   12.074790190944135     
   5.0470129807748447E-002   12.059047570533433     
   4.9390518250420956E-002   12.043715899249815     
   4.8377169031545562E-002   12.028740596192957     
   4.7527173708807990E-002   12.014278972526602     
   4.6616241081635985E-002   11.999933999260243     
   4.5777766216480643E-002   11.985929286859371     
   4.4985555997115415E-002   11.972212580298315     
   4.4239442387323115E-002   11.958776561712689     
   4.3535707515788793E-002   11.945608505252459     
   4.2977485116531267E-002   11.932861737881263     
   4.2329234559531317E-002   11.920163249454358     
   4.1738368801069098E-002   11.907738014120760     
   4.1175971842455555E-002   11.895536387442483     
   4.0644655778961918E-002   11.883557382781465     
   4.0141815003753835E-002   11.871792454721845     
   3.9665904403236835E-002   11.860234903991220     
   3.9330702739594596E-002   11.849036189626897     
   3.8881167840160893E-002   11.837840799533733     
   3.8480257326311967E-002   11.826870087218813     
   3.8096573984195727E-002   11.816077695589176     
   3.7734208705886445E-002   11.805465539041272     
   3.7698497688464817E-002   11.795412728926483     
   3.7031687328430922E-002   11.784716550163562     
   3.7073152582411908E-002   11.775036315239969     
   3.6713187727148808E-002   11.765005881777524     
   3.6447062295512436E-002   11.755227091545533     
   3.6187003735734462E-002   11.745591549525738     
   3.5943211276691631E-002   11.736108573791514     
   3.5713705751316910E-002   11.726773222393103     
   3.5497977443345666E-002   11.717582361453527     
   3.5295548216028462E-002   11.708532978314642     
   3.5106045033541519E-002   11.699622255101875     
   3.4928891849703401E-002   11.690847237594550     
   3.4763591302329797E-002   11.682205137442857     
   3.4609953032043332E-002   11.673693549143159     
   3.4467472895590982E-002   11.665309814668340     
   3.4335749179451716E-002   11.657051448497700     
   3.4214604707095232E-002   11.648916241754959     
   3.4103668073045088E-002   11.640901853751641     
   3.4002675449285251E-002   11.633006101549736     
   3.3911399739009994E-002   11.625226885559975     
   3.3829482632931972E-002   11.617562038960855     
   3.3756658642470530E-002   11.610009528963861     
   3.3692959939632700E-002   11.602567621787591     
   3.3637982053827148E-002   11.595234248757787     
   3.3591472761839325E-002   11.588007518330288     
   3.3553491755936651E-002   11.580885832683105     
   3.3523621877048979E-002   11.573867241655737     
   3.3501905671313122E-002   11.566950201484842     
   3.3488101869192592E-002   11.560132976028921     
   3.3482024555389747E-002   11.553413908799778     
   3.3483717079933570E-002   11.546791546883370     
   3.3492947243419086E-002   11.540264259608499     
   3.3509623531946385E-002   11.533830551848702     
   3.3533669359609060E-002   11.527488966574527     
   3.3564967006953564E-002   11.521238044406278     
   3.3603467364607766E-002   11.515076400412674     
   3.3649032193879734E-002   11.509002613712115     
   3.3701634628027458E-002   11.503015364013017     
   3.3761237962040801E-002   11.497113345869252     
   3.3827818765710574E-002   11.491295284106538     
   3.3901255069883056E-002   11.485559863982996     
   3.3981490071128946E-002   11.479905834326718     
   3.4068535352039450E-002   11.474332006295974     
   3.4162418092690827E-002   11.468837218014563     
   3.4262969490817162E-002   11.463420212539821     
   3.4370339625924298E-002   11.458079937248446     
   3.4484258357916846E-002   11.452815118540471     
   3.4605068807754033E-002   11.447624844207949     
   3.4732428130173333E-002   11.442507839063133     
   3.4866564639155065E-002   11.437463157792514     
   3.5007350752443989E-002   11.432489679252511     
   3.5154874630925863E-002   11.427586412158517     
   3.5309150847042718E-002   11.422752342116489     
   3.5470133271567832E-002   11.417986439087750     
   3.5637872417308286E-002   11.413287737510318     
   3.5812459051571231E-002   11.408655303336378     
   3.5993680895950689E-002   11.404088074947518     
   3.6181970965790143E-002   11.399585305174586     
   3.6376986544394328E-002   11.395145901141614     
   3.6578920390227247E-002   11.390769030413592     
   3.6788051640401075E-002   11.386453905130313     
   3.7004101320444398E-002   11.382199507396660     
   3.7227210953031262E-002   11.378005015577504     
   3.7457520521545121E-002   11.373869617074096     
   3.7694928374519474E-002   11.369792411927500     
   3.7939654838175477E-002   11.365772642838756     
   3.8191763783816633E-002   11.361809498713320     
   3.8451281172175986E-002   11.357902165292796     
   3.8718249845687995E-002   11.354049846640304     
   3.8992869953096025E-002   11.350251816118227     
   3.9275148565264768E-002   11.346507284342081     
   3.9565169972802364E-002   11.342815501432865     
   3.9863074538604715E-002   11.339175747167008     
   4.0168938370173130E-002   11.335587288005264     
   4.0482994917460290E-002   11.332049452744112     
   4.0805048027223942E-002   11.328561434816923     
   4.1135201066198154E-002   11.325122540713085     
   4.1473967737878287E-002   11.321732217582147     
   4.1821252845506557E-002   11.318389720688018     
   4.2177088981559939E-002   11.315094358061131     
   4.2541778676809437E-002   11.311845530292540     
   4.2915362871545591E-002   11.308642563957221     
   4.3297938967919537E-002   11.305484812654393     
   4.3689703240967784E-002   11.302371666957043     
   4.4090972632094050E-002   11.299302558115148     
   4.4501687646605080E-002   11.296276817248618     
   4.4921966322914716E-002   11.293293835078803     
   4.5352112947346535E-002   11.290353061130139     
   4.6370469222680476E-002   11.287607073709978     
   4.7296391826751404E-002   11.284870546678111     
   4.6883789917339526E-002   11.281824432894760     
   4.7392705427079698E-002   11.279055366905119     
   4.7872434372011101E-002   11.276315556075382     
   4.8367432476376940E-002   11.273615656307296     
   4.8873103368625652E-002   11.270953944237199     
   4.9390221606722087E-002   11.268330032025663     
   4.9918980906870920E-002   11.265743395223993     
   5.0459548479232771E-002   11.263193510077262     
   5.1012097295917852E-002   11.260679860476081     
   5.1576919235863772E-002   11.258201962942829     
   5.2154345546308517E-002   11.255759347502773     
   5.2744535538025515E-002   11.253351511739801     
   5.3347640256164466E-002   11.250977958203698     
   5.4012832950092543E-002   11.248648144539882     
   5.5007185814192741E-002   11.246415234860926     
   5.5240378489987758E-002   11.244058981666083     
   5.6319587063796805E-002   11.241900225589461     
   5.6569345634577592E-002   11.239608845292345     
   5.7680091422449578E-002   11.237511394848697     
   5.7957924110979796E-002   11.235285228667784     
   5.9100367306236495E-002   11.233247234881127     
   5.9407264356057150E-002   11.231084454283707     
   6.0583057824117596E-002   11.229104391202529     
   6.0920001992538012E-002   11.227003207071789     
   6.3719953560382667E-002   11.225348374782252     
   6.2413261124554677E-002   11.223023887572644     
   6.3763489091986897E-002   11.221172511801775     
   6.4147068336577795E-002   11.219186515031723     
   6.6037841199207525E-002   11.217468012964821     
   6.5849621674729866E-002   11.215442100819899     
   6.7810181666371080E-002   11.213777262071256     
   6.7645207741044600E-002   11.211807700511024     
   6.9656630015883667E-002   11.210191907634279     
   6.9520237407327906E-002   11.208277671604860     
   7.1584653814252858E-002   11.206709610364204     
   7.1477439000985174E-002   11.204849084252110     
   7.2541780054878574E-002   11.203179478551878     
   7.3570307793594622E-002   11.201526048460213     
   7.4626593219463022E-002   11.199897369158560     
   7.5705540402350627E-002   11.198292339075437     
   7.6808205590070261E-002   11.196710710871866     
   7.7935125963481289E-002   11.195152167988502     
   7.9086600612914906E-002   11.193616367474085     
   8.1419085610917388E-002   11.192247109436751     
   8.1411846285803502E-002   11.190605200623910     
   8.3878553999346267E-002   11.189285222986360     
   8.3896668781017023E-002   11.187688266068246     
   8.6438090563052059E-002   11.186408763912500     
   8.6493956955315462E-002   11.184856621928104     
   8.9112231830909633E-002   11.183616401921372     
   8.9659478269928997E-002   11.182157949991264     
   9.1150795503442406E-002   11.180822895082638     
   9.2581847064619735E-002   11.179497586920659     
   9.4054642601954036E-002   11.178192980481715     
   9.5559492170151986E-002   11.176907668643636     
   9.7098284184387817E-002   11.175641512013234     
   9.8672410414082257E-002   11.174394315761536     
  0.10028180345415963        11.173165736774211     
  0.10192775604133733        11.171955572612200     
  0.10361207968410180        11.170763670006133     
  0.10533397115787745        11.169589622871557     
  0.10709555413029162        11.168433310025845     
  0.10889815359077397        11.167294531659696     
  0.11074174070625857        11.166172963739065     
  0.11262827382622172        11.165068466763815     
  0.11455824289653022        11.163980767518508     
  0.11653355748224481        11.162909720020018     
  0.11855443397878151        11.161855030019863     
  0.12062298340295911        11.160816568314393     
  0.12273992176963813        11.159794085055026     
  0.12490693952874388        11.158787413697361     
  0.12712463864965637        11.157796298289744     
  0.12939474966849851        11.156820575216283     
  0.13171939615677092        11.155860109505262     
  0.13490352241708270        11.154975992688742     
  0.13722295452751945        11.154035626805292     
  0.13974257087863828        11.153120648383922     
  0.14230143950321103        11.152218597813235     
  0.14492405639780712        11.151331006545551     
  0.14761074648138370        11.150457599277136     
  0.15036293627463698        11.149598182526267     
  0.15318060983240195        11.148752466108942     
  0.15606941305359642        11.147920545378838     
  0.15902788687141289        11.147102030140470     
  0.16205863802647466        11.146296807969016     
  0.16516487806226546        11.145504800627496     
  0.16834780978119665        11.144725797898470     
  0.17160971595278945        11.143959658527219     
  0.17495338436864105        11.143206270457425     
  0.17837990586970770        11.142465416152515     
  0.18189284615538745        11.141737027167888     
  0.18549490665286231        11.141020978697917     
  0.18918640899774458        11.140317007367676     
  0.19297208525352663        11.139625103873847     
  0.19685359026743304        11.138945079215896     
  0.20083470659060931        11.138276861740197     
  0.20491922194059814        11.137620374607167     
  0.20910582603761665        11.136975265971889     
  0.21340113558374071        11.136341608675636     
  0.21780799808446030        11.135719268118240     
  0.22232883066009620        11.135108086410714     
  0.22696778579555191        11.134507991581383     
  0.23172887107761972        11.133918899984717     
  0.23661351348166462        11.133340598084082     
  0.24162684604047091        11.132773052545261     
  0.24677330837314854        11.132216189886897     
  0.25205506076174217        11.131669826416406     
  0.25747867509855177        11.131133980954063     
  0.26304558741851686        11.130608431420548     
  0.26876338996317667        11.130093231186429     
  0.27463324356870017        11.129588142642273     
  0.28066277050049759        11.129093208258720     
  0.28685607497796189        11.128608311460503     
  0.29321672703794693        11.128133310543852     
  0.29975248073057692        11.127668234406793     
  0.30646616604194310        11.127212902822293     
  0.31336441236694990        11.126767287195985     
  0.32045522612417621        11.126331405901578     
  0.32773980266600578        11.125905004293678     
  0.33522978983884699        11.125488230028422     
  0.34292808337857178        11.125080886129716     
  0.35084242934931137        11.124682956322481     
  0.35897965381894142        11.124294382432812     
  0.36734752863610581        11.123915134384049     
  0.37595501890040317        11.123545216521780     
  0.38480432276821430        11.123184389272080     
  0.39390948415415211        11.122832821594869     
  0.40327491099977475        11.122490339623957     
  0.41291328339868233        11.122157043745601     
  0.42282980887670490        11.121832775867798     
  0.43158130751729967        11.121471010895995     
  0.44209092478937906        11.121165685315761     
  0.45287991468270650        11.120868434337604     
  0.46398859502458717        11.120580194967280     
  0.47542685635921306        11.120300922115277     
  0.48720603416078306        11.120030606799880     
  0.49933906017718593        11.119769277100310     
  0.51183431545354674        11.119516818397386     
  0.52470915484382752        11.119273367517952     
  0.53797590601913003        11.119038902531674     
  0.55164436985403431        11.118813322720751     
  0.56573273535116086        11.118596750816078     
  0.58025710026840160        11.118389235939151     
  0.59523188891350642        11.118190769469855     
  0.61067025006707254        11.118001299643399     
  0.62659154991779265        11.117820925671651     
  0.64301582924893774        11.117649747079120     
  0.65995489738930613        11.117487642144432     
  0.67743832095891565        11.117334919236725     
  0.69547496364740080        11.117191358411123     
  0.71409123456543133        11.117057157329898     
  0.73330902957039124        11.116932385024896     
  0.75315383524079516        11.116817177042581     
  0.77364157145795698        11.116711431783992     
  0.79480388543150970        11.116615392799588     
  0.81666541288067018        11.116529122631361     
  0.83925372378555363        11.116452730831767     
  0.86088694942327404        11.116349781540471     
  0.88650885597892892        11.116325459103770     
  0.90988799579604562        11.116246985412996     
  0.93720338597118935        11.116242924871390     
  0.96230195365596871        11.116186038288451     
  0.99143331559901948        11.116202519065503     
   1.0183960460921326        11.116167845780186     
   1.0494896797731796        11.116205455748556     
   1.0784779155038213        11.116193748926268     
   1.1116979572217935        11.116253222128876     
   1.1428934794153005        11.116265403112839     
   1.1784192749550637        11.116347539997221     
   1.2139576185977448        11.116419227818403     
   1.2505169738259632        11.116498526475954     
   1.2883606867406803        11.116589511040328     
   1.3275854487137708        11.116693155004883     
   1.3682678484980535        11.116810018338494     
   1.4104818202007887        11.116940565341523     
   1.4542890190796034        11.117085012413067     
   1.4997688468335906        11.117243828993768     
   1.5469997918818024        11.117417421493716     
   1.5960613844484994        11.117606167194859     
   1.6470445455478198        11.117810574527699     
   1.7000321230193487        11.118030976413719     
   1.7573381910657371        11.118301058661157     
   1.8133211558668021        11.118535175527722     
   1.8863475994402099        11.119001701909653     
   1.9374125221884151        11.119131104913418     
   2.0140480319764071        11.119609054766659     
   2.0703767645152031        11.119781753078469     
   2.1513507427051883        11.120278321041997     
   2.2166527413428851        11.120539834443772     
   2.3020189643695317        11.121051655949310     
   2.3737528602393878        11.121360810916435     
   2.4643354103885877        11.121895200518750     
   2.5484499096738591        11.122322508807965     
   2.6417329462374588        11.122842982078778     
   2.7379588215376374        11.123375230995006     
   2.8375355461376039        11.123923245943171     
   2.9408185619052460        11.124490129201519     
   3.0481192235604384        11.125078251944309     
   3.1597894476571944        11.125690286137470     
   3.2763184023339540        11.126330285815678     
   3.3984385440577936        11.127004777633637     
   3.5265921645331226        11.127716628390960     
   3.6584995545347807        11.128438595682697     
   3.7147000036012532        11.128310429239963     
   3.8051068721161507        11.128539956092343     
   3.9450183386624955        11.129272146344043     
   4.1213196619053578        11.130348927111420     
   4.3107975479813296        11.131517845774521     
   4.5130379691786651        11.132769844122159     
   4.7289904904517748        11.134109754556416     
   4.9649470068701120        11.135594078596554     
   5.2174428966613489        11.137182132070269     
   5.4944937910044072        11.138944053484032     
   5.7955915113879959        11.140866201016603     
   6.1268314650927644        11.142996118166861     
   6.3011091932773331        11.143630407187487     
   6.8978291739678115        11.147998060328153     
   7.3414013948738708        11.150878316697106     
   7.8472267545696726        11.154197314881250     
   8.4373635580804898        11.158120883599477     
   9.1480936775965418        11.162923153860655     
   10.056243582103978        11.169194624459100     
   11.398140056817219        11.178781014140014     
   13.918675194067134        11.197455063312333     
   11.499292247576326        11.176695907294416     
