   2.8506015543284549        12.762836628266978     
   2.8418728815655321        12.632580606709071     
   2.7837475493375301        12.569880197546047     
   2.7268027060179802        12.521625163450498     
   2.6727725645700144        12.481258140757765     
   2.6219435271464824        12.445513101119293     
   2.5738931001407415        12.412967557815762     
   2.5277188736346545        12.383415745283699     
   2.4499378111747712        12.397993152209580     
   2.4417248773521507        12.328982068525910     
   2.4006086282344423        12.304515206130592     
   2.3608131183963619        12.281232384997709     
   2.3220988837071230        12.259118047563705     
   2.2851500887415335        12.237038854120462     
   2.2483112151259497        12.216898134151720     
   2.2131357281613289        12.196528915389186     
   2.1779390406285319        12.177948246046199     
   2.1443328732075884        12.158951638896912     
   2.1105835610995718        12.141669158059448     
   2.0783929429021075        12.123803363008859     
   2.0467327068133851        12.106601970411603     
   2.0149295449322491        12.090866605490486     
   1.9846123743464488        12.074416896277803     
   1.9547327872654627        12.058556102668984     
   1.9254142346807839        12.043071675426297     
   1.8958526821256270        12.028961918212712     
   1.8677141942156144        12.014017561587856     
   1.8399221187236376        11.999599712903542     
   1.8126305346929719        11.985472268444074     
   1.7858003377677347        11.971653226010602     
   1.7594225774127386        11.958123899038476     
   1.7327341646595193        11.945846662524504     
   1.7073807734995408        11.932658851416743     
   1.6822841734245912        11.919936194557387     
   1.6576227734874780        11.907424332373612     
   1.6333552002895844        11.895155563885851     
   1.6094779912000714        11.883114281950061     
   1.5859818590790511        11.871293568113231     
   1.5621056781070599        11.860658979894279     
   1.5395045626380617        11.849054245696582     
   1.5170924945668238        11.837867296165225     
   1.4950584658511603        11.826838608610210     
   1.4733622983570942        11.816005443170486     
   1.4501126169800971        11.807790664525136     
   1.4311888294533690        11.794606705339683     
   1.4083838996836493        11.787008027946548     
   1.3884328975641038        11.776314822640497     
   1.3683283414581180        11.766385567317197     
   1.3485854365965737        11.756545939730362     
   1.3291345617966512        11.746874500505601     
   1.3099785209219823        11.737357116397447     
   1.2911118785984936        11.727990593556301     
   1.2725293871214935        11.718771832327862     
   1.2542255493644623        11.709698363334219     
   1.2361963030206280        11.700766178644042     
   1.2184374119523942        11.691971773110485     
   1.2009432461008283        11.683313680122854     
   1.1837101219811981        11.674788198505754     
   1.1667340180396144        11.666392294032669     
   1.1500099553326790        11.658124371166512     
   1.1335341810598831        11.649981485701167     
   1.1173025711340920        11.641961365027196     
   1.1013110028540825        11.634061925057544     
   1.0855561753522680        11.626280221688310     
   1.0700344706272353        11.618613887341752     
   1.0547409763813984        11.611062355025371     
   1.0396730608546820        11.603622332182759     
   1.0248274669061148        11.596291470765573     
   1.0101995953091050        11.589069259311163     
  0.99578722101935302        11.581952332488834     
  0.98158608537416936        11.574940021379398     
  0.96759336232473137        11.568029981498700     
  0.95380606641677124        11.561220194398746     
  0.94022028964265303        11.554509918746767     
  0.92683346011760503        11.547896850955134     
  0.91364246845598374        11.541379473662056     
  0.90064423410445105        11.534956340224175     
  0.88783594231320795        11.528625775518016     
  0.87521456767714090        11.522386467740375     
  0.86277754248993777        11.516236631184047     
  0.85052190717035014        11.510175063412024     
  0.83844482764958184        11.504200496894619     
  0.82654349280256745        11.498311723482583     
  0.81481555377928816        11.492507044955772     
  0.80325846490591313        11.486785093150974     
  0.79186947958327480        11.481144830749939     
  0.78064586594687968        11.475585280853029     
  0.76958569798930831        11.470104541959939     
  0.75868590409959846        11.464702211014725     
  0.74794503885152197        11.459375939230057     
  0.73735945273183734        11.454126183575253     
  0.72692806247981967        11.448950287934096     
  0.71664776573312472        11.443848166817805     
  0.70651679222517083        11.438818150397230     
  0.69653266005055514        11.433859515047411     
  0.68669319771614989        11.428971214837738     
  0.67699649132051287        11.424151948362859     
  0.66744034012239228        11.419400828144537     
  0.65802246708363610        11.414717120252927     
  0.64874162692710513        11.410098874369167     
  0.63959452663590921        11.405546723851511     
  0.63058042047887253        11.401058214488597     
  0.62169688161500847        11.396633019541444     
  0.61294128789172708        11.392271105454384     
  0.60431278029127655        11.387970317581967     
  0.59580923701452781        11.383730108850081     
  0.58742859327974395        11.379549910935278     
  0.57916953769656176        11.375428276964154     
  0.57102985117468308        11.371364925125029     
  0.56300781834191560        11.367359000481759     
  0.55510186688642738        11.363409518504346     
  0.54731040752233073        11.359515560752737     
  0.53963145424099823        11.355676740150834     
  0.53206359330215436        11.351892010611261     
  0.52460523063332754        11.348160590191858     
  0.51725465940687521        11.344481877130415     
  0.51001037859145182        11.340855057980756     
  0.50287052105058860        11.337279809507283     
  0.49583434613920074        11.333754466271486     
  0.48890036601396225        11.330278318973201     
  0.48206612133237547        11.326851886103391     
  0.47533070608480510        11.323473820716590     
  0.46869291465567692        11.320143180429302     
  0.46215092769857941        11.316859810421292     
  0.45570358641607217        11.313622783428285     
  0.44934962032526876        11.310431343550029     
  0.44308756406347921        11.307285008460134     
  0.43691572329635520        11.304183610145781     
  0.43083327451834202        11.301125947812722     
  0.42483901877430286        11.298111314047336     
  0.41893138374065469        11.295139489540823     
  0.41190706179276571        11.293681763981809     
  0.40522384278719492        11.291955579990219     
  0.40135021317295227        11.286922309102394     
  0.39570740176144870        11.284200995025797     
  0.39022564275067845        11.281420990754972     
  0.38481482605203854        11.278690814684182     
  0.37948330955544923        11.275998279345011     
  0.37422887162937063        11.273344204812840     
  0.36905045669864872        11.270728009992030     
  0.36394708158172606        11.268149052388415     
  0.35891777578858830        11.265606701680655     
  0.35396137970199382        11.263100586087592     
  0.34907669856829060        11.260630403088253     
  0.34426286950246177        11.258195469859240     
  0.33951906214233529        11.255795089470448     
  0.33476318511045294        11.253528432550199     
  0.32956205319988841        11.251924642424310     
  0.32569260109494774        11.248803121726805     
  0.32055120452820196        11.247355762232665     
  0.31681120039416361        11.244301229146767     
  0.31181588214051498        11.242898095576518     
  0.30818496588685235        11.239929037169958     
  0.30333348838451063        11.238566708689039     
  0.29980882149208393        11.235680492534271     
  0.29509680798021798        11.234358347002129     
  0.29167573684629533        11.231552299052140     
  0.28492332497169875        11.232957058688100     
  0.28389690762555708        11.227396153118391     
  0.27931040288703324        11.226325522096346     
  0.27611153610166028        11.223644404396836     
  0.27100995318870402        11.223406071581653     
  0.26869037458996187        11.219830236861181     
  0.26370026144714637        11.219644810657929     
  0.26146286531845275        11.216152854433917     
  0.25660820352585695        11.215985460503722     
  0.25444574727993902        11.212581354539800     
  0.24972319247548322        11.212431202975546     
  0.24763431390524110        11.209111539743951     
  0.24424239344520238        11.207490068094579     
  0.24096694341649441        11.205809949411378     
  0.23773413947749458        11.204161318242612     
  0.23454971817419190        11.202535917295879     
  0.23141244370495434        11.200934139652873     
  0.22832169386973553        11.199355637296019     
  0.22527711190814603        11.197799747194335     
  0.22111310432903458        11.197716105041735     
  0.21937748408042959        11.194688001240559     
  0.21526217137052861        11.194700868648166     
  0.21359916476464572        11.191732525576175     
  0.20959372607068427        11.191761360869609     
  0.20799150120312584        11.188863794073823     
  0.20409440356344830        11.188906548802741     
  0.20214798836600578        11.186582388780824     
  0.19941870055861674        11.185308543863846     
  0.19681099659042708        11.183952718274597     
  0.19423457410369588        11.182626966205440     
  0.19169804608191657        11.181319587544836     
  0.18919997761849058        11.180031469373773     
  0.18673941830577315        11.178762906474793     
  0.18431662529758491        11.177512691339203     
  0.18193078169428950        11.176280980349617     
  0.17958072700709263        11.175068377657929     
  0.17726731680108396        11.173872958067349     
  0.17498921011658514        11.172695581520053     
  0.17274572375613165        11.171536291263667     
  0.17053716956872433        11.170393884960834     
  0.16836246517793355        11.169268937492397     
  0.16622159423641905        11.168160686659297     
  0.16411359807356568        11.167069578218129     
  0.16203868450836975        11.165994588593104     
  0.15999583655986274        11.164936263361152     
  0.15798498545553047        11.163893955877779     
  0.15600546615647251        11.162867789192312     
  0.15405731593388938        11.161857001478598     
  0.15213990792892798        11.160861692458305     
  0.15025243801612914        11.159882203275501     
  0.14794570186383724        11.159497045085800     
  0.14619097026661304        11.158453943969953     
  0.14438692760798413        11.157527032829728     
  0.14262297084636646        11.156600154436592     
  0.14088633972017398        11.155689174952579     
  0.13917743186918383        11.154792954168423     
  0.13749607970686373        11.153911094352921     
  0.13584282605891809        11.153042276374315     
  0.13421550656565731        11.152188731702442     
  0.13261542033558044        11.151348175115501     
  0.13104192705168602        11.150520864655299     
  0.12949418153710152        11.149707344544769     
  0.12797228333595889        11.148906926422702     
  0.12647587776948940        11.148119530379986     
  0.12500443913492423        11.147345314061191     
  0.12355818053552597        11.146583465074229     
  0.12213633201484365        11.145834487538774     
  0.12073853419440414        11.145098353084322     
  0.11936536511737060        11.144373786450583     
  0.11801574431439270        11.143661743456901     
  0.11668980183609054        11.142961567395410     
  0.11538692579224873        11.142273611061968     
  0.11410657128407729        11.141598151706955     
  0.11284996178823244        11.140933074858268     
  0.11161563746292454        11.140279915682500     
  0.11040348825361088        11.139638391145366     
  0.10921356531099363        11.139008005000058     
  0.10804540803890864        11.138388972619998     
  0.10689865776858987        11.137781381128164     
  0.10577375714092563        11.137184221395769     
  0.10467008105087898        11.136597966704828     
  0.10358727622543321        11.136022729830257     
  0.10252565418381365        11.135457704905606     
  0.10148436774383798        11.134903715614051     
  0.10046398209414965        11.134359616482080     
   9.9463507454229688E-002   11.133826461002808     
   9.8483623535808223E-002   11.133302952213786     
   9.7523456605715625E-002   11.132790008428318     
   9.6583047417705889E-002   11.132287259640504     
   9.5662582085333250E-002   11.131794134079719     
   9.4761349172738318E-002   11.131311361227212     
   9.3879776259278624E-002   11.130838038351015     
   9.3017500641576517E-002   11.130374415377776     
   9.2173952466515649E-002   11.129921062147535     
   9.1349975433571179E-002   11.129476486637524     
   9.0544388701904205E-002   11.129042183839392     
   8.9757773014302475E-002   11.128617063921450     
   8.8989820387854510E-002   11.128201360453822     
   8.8240452619101808E-002   11.127794979439731     
   8.7509479069979038E-002   11.127398008377186     
   8.6796575660903333E-002   11.127010754094442     
   8.6102561733695529E-002   11.126631788219001     
   8.5426393856246313E-002   11.126262541413144     
   8.4768618228890785E-002   11.125902020797437     
   8.4128574220549188E-002   11.125551113201823     
   8.3506763155818647E-002   11.125208910479849     
   8.3098601439499542E-002   11.124564764570376     
   8.2505739875042242E-002   11.124249349871503     
   8.1934657004280737E-002   11.123936691303292     
   8.1381309352569348E-002   11.123633142084611     
   8.0845804472919489E-002   11.123338475097407     
   8.0328124170956888E-002   11.123052679502040     
   7.9828132710375838E-002   11.122775957705812     
   7.9346255403479712E-002   11.122507594047910     
   7.8881994906202832E-002   11.122248429643379     
   7.8435481419322675E-002   11.121998281376737     
   7.8007134356854926E-002   11.121756478583901     
   7.7596603514659926E-002   11.121523687432852     
   7.7203840267483781E-002   11.121300089610937     
   7.6829017745713393E-002   11.121085500568636     
   7.6472462252872547E-002   11.120879472853829     
   7.6134032327897005E-002   11.120682415131729     
   7.5813631792254782E-002   11.120494695198417     
   7.5511863742386928E-002   11.120315414301537     
   7.5228069728355274E-002   11.120146045798130     
   7.4963179430938928E-002   11.119985114017025     
   7.4716927975704006E-002   11.119833418777397     
   7.4489462907803422E-002   11.119691017867915     
   7.4280790384659554E-002   11.119558286982578     
   7.4091560168651607E-002   11.119434341430356     
   7.3921560137096956E-002   11.119320062132818     
   7.3771084208165763E-002   11.119215354184952     
   7.3640342425262573E-002   11.119120332715614     
   7.3610356282408668E-002   11.118857749883064     
   7.3448807744243366E-002   11.118937837709243     
   7.3445275019694084E-002   11.118719900495329     
   7.3330506531360917E-002   11.118814056852248     
   7.3362718411330879E-002   11.118624075305146     
   7.3296483956954386E-002   11.118731472290527     
   7.3366043387975227E-002   11.118569737464924     
   7.3349728139830622E-002   11.118690756837312     
   7.3458356768270699E-002   11.118557809098467     
   7.3493416586314558E-002   11.118693180611876     
   7.3642958520638957E-002   11.118589922415143     
   7.3731110655044563E-002   11.118740323509314     
   7.3877903496947755E-002   11.118807321179744     
   7.4056665244678979E-002   11.118866359736128     
   7.4262488946259628E-002   11.118933440956900     
   7.4495052907700671E-002   11.119011605859933     
   7.4754717286046074E-002   11.119102102887329     
   7.5042066892110307E-002   11.119205704233064     
   7.5358008952964337E-002   11.119322187137499     
   7.5703270971772874E-002   11.119452207470236     
   7.6078723389576428E-002   11.119596112312941     
   7.6485331136083828E-002   11.119754080020673     
   7.6924040828464907E-002   11.119926675717302     
   7.7395989605428803E-002   11.120113795102128     
   7.7886420989569077E-002   11.120423932028086     
   7.8438562849682661E-002   11.120576003866566     
   7.8953175234464115E-002   11.121416968438607     
   7.9625912960167258E-002   11.121163676497012     
   8.0251267276382821E-002   11.121935293598895     
   8.0983394708613321E-002   11.121749259262181     
   8.1716432061805538E-002   11.122474552857467     
   8.2514542204688568E-002   11.122478078574026     
   8.3357894913681521E-002   11.123145188263786     
   8.4237698519295190E-002   11.123207864974550     
   8.5190838344485972E-002   11.123837890125650     
   8.6176433208408162E-002   11.124136279672800     
   8.7232883595772109E-002   11.124632227906726     
   8.8345022533418444E-002   11.125110304413660     
   8.9513997091737157E-002   11.125580709422971     
   9.0741426025940972E-002   11.126050713662421     
   9.2029185302530389E-002   11.126525293172694     
   9.3379778021670815E-002   11.127009696180624     
   9.4797084849428670E-002   11.127511799491476     
   9.6287463068509077E-002   11.128044171324127     
   9.7855763226588760E-002   11.128610467413793     
   9.9483210817491452E-002   11.129151338648237     
  0.10045522410733945        11.127899684423722     
  0.10172216089570335        11.127384854516027     
  0.10343800176404397        11.127874057790962     
  0.10552106304985787        11.128997203294777     
  0.10777306174269910        11.130225270240453     
  0.11019478498285466        11.131532109616236     
  0.11279977164591679        11.132919011867024     
  0.11566256784343217        11.134476861439882     
  0.11875027976630750        11.136121400764814     
  0.12216233119096685        11.137959198387737     
  0.12590033604972817        11.139950609994507     
  0.13004703220765279        11.142154023976762     
  0.13217486130854778        11.141996130838294     
  0.13983400569011392        11.147288176805432     
  0.14553871426930776        11.150184294307921     
  0.15211650684344538        11.153520339447251     
  0.15989455776967976        11.157465608481250     
  0.16942007277169505        11.162294465626230     
  0.18186618346724898        11.168603200214708     
  0.20089682373627454        11.178259264256798     
  0.23847746286263777        11.196673435957692     
  0.19974553478257215        11.173465994213920     
