           1  0.51327471938556490        7.3815127281212617E-002  0.24757113827632443       0.50777675249122833     
           2  0.51337354131746038        6.5179160001894054E-002  0.24675788160711223       0.51155834919375132     
           3  0.51254381696383378        5.8891984174999565E-002  0.24661864765158417       0.51415704303781895     
           4  0.51115631618207247        5.4019257240159525E-002  0.24688312332989751       0.51604667969018780     
           5  0.50940156310657436        5.0077475504828925E-002  0.24741270010979041       0.51747202634111822     
           6  0.50739309762191720        4.6776460500427781E-002  0.24812495084184669       0.51857972687389065     
           7  0.50519750712457845        4.3946023222090208E-002  0.24897159003983102       0.51945572189842459     
           8  0.50285035111105947        4.1496748653954182E-002  0.24992681794913052       0.52014521006641634     
           9  0.49983251651302207        4.0867279636579164E-002  0.25136285219061155       0.51992864304023467     
          10  0.49784075748775392        3.7380714120955186E-002  0.25206240094192550       0.52114635292309186     
          11  0.49520233685775694        3.5655902653682625E-002  0.25322537808137202       0.52148736264006612     
          12  0.49249706701410351        3.4096020471921049E-002  0.25443582624328442       0.52175074042007752     
          13  0.48973276219116918        3.2682019402478613E-002  0.25568814017273878       0.52194606951188738     
          14  0.48693137677504772        3.1354579386628750E-002  0.25696661167125662       0.52210302202364756     
          15  0.48407129376131758        3.0176832552660252E-002  0.25828673238202388       0.52219009721795195     
          16  0.48118721343971177        2.9052695918022273E-002  0.25962369982063571       0.52225528793088416     
          17  0.47825385412257110        2.8055874411576410E-002  0.26099563422400884       0.52226181189558507     
          18  0.47530587965194876        2.7089292765556359E-002  0.26237778590625677       0.52225811691839275     
          19  0.47231497306028325        2.6235726242863175E-002  0.26379044734399532       0.52220289943372034     
          20  0.46931688615575473        2.5393969901279415E-002  0.26520810979587911       0.52214663621040436     
          21  0.46629537219129613        2.4612202935548416E-002  0.26664244049240654       0.52206528051279300     
          22  0.46324020475092559        2.3921849571191828E-002  0.26810080118704138       0.52194315415869208     
          23  0.46018528256060015        2.3225610946448885E-002  0.26955902519559694       0.52182874882484864     
          24  0.45711267116444204        2.2577031727646045E-002  0.27102998782488003       0.52169534852935129     
          25  0.45402679054359996        2.1964530790977863E-002  0.27251059134652877       0.52154870493088989     
          26  0.45091374897487690        2.1430656075218813E-002  0.27401082408225574       0.52136759620960915     
          27  0.44780784750047326        2.0875118577330546E-002  0.27550623983694827       0.52120196870318414     
          28  0.44468958009439985        2.0356895636466379E-002  0.27701084038097940       0.52102240964658364     
          29  0.44156340601040001        1.9863975327357855E-002  0.27852150408912291       0.52083487712910082     
          30  0.43842988997090371        1.9395893858248203E-002  0.28003789287258607       0.52063957484880852     
          31  0.43529009810992231        1.8950662395832592E-002  0.28155931081257535       0.52043746534124813     
          32  0.43213011859717304        1.8571865740414896E-002  0.28309577269213709       0.52020681865469931     
          33  0.42898355478368078        1.8158545512619979E-002  0.28462331843062516       0.51999787565879918     
          34  0.42583013235808126        1.7773455110969665E-002  0.28615651129627967       0.51977935905135253     
          35  0.42267435049869412        1.7404027154662417E-002  0.28769220110613225       0.51955749573414767     
          36  0.41951631194181754        1.7051096092534787E-002  0.28923038186870520       0.51933183953279660     
          37  0.41635682331631452        1.6713318577114122E-002  0.29077054404316116       0.51910302805581032     
          38  0.41319653497633563        1.6389814256120034E-002  0.29231228980322987       0.51887146806457374     
          39  0.41002123788440176        1.6126423424152006E-002  0.29386586809829840       0.51861431646593770     
          40  0.40686434361187274        1.5819360832150117E-002  0.29540741022738304       0.51838318916503712     
          41  0.40370515244483363        1.5534678150035199E-002  0.29695181225628725       0.51814518335832782     
          42  0.40054809484280218        1.5259510129407461E-002  0.29849596648291171       0.51790666860057466     
          43  0.39739305610463105        1.4995312517322191E-002  0.30004002221063547       0.51766688793577775     
          44  0.39420353517849160        1.4860881059711025E-002  0.30161025855171092       0.51736670912966432     
          45  0.39109562629831607        1.4482930948596108E-002  0.30312337264669353       0.51719180353212146     
          46  0.38790896578845907        1.4381008276761144E-002  0.30469462214808640       0.51688367888398290     
          47  0.38477609953015091        1.4126357174970522E-002  0.30622883377590959       0.51665558873427586     
          48  0.38163866813741276        1.3909608311980680E-002  0.30776801557472955       0.51641267064237362     
          49  0.37850732604582332        1.3697046021623067E-002  0.30930457111648224       0.51617166283175764     
          50  0.37538125084184615        1.3492407608317250E-002  0.31083915700931120       0.51593067301661699     
          51  0.37226102010259909        1.3294820534629295E-002  0.31237142178356275       0.51569010181089525     
          52  0.36914703648303671        1.3103973174352735E-002  0.31390113925159580       0.51545007080527672     
          53  0.36603969279012255        1.2919571625854016E-002  0.31542808961926155       0.51521069274419240     
          54  0.36293936432466772        1.2741365668426718E-002  0.31695206503322432       0.51497205864846129     
          55  0.35984644167987423        1.2569037443936929E-002  0.31847284583876606       0.51473429316276265     
          56  0.35676130023085589        1.2402304033713252E-002  0.31999022258116533       0.51449750356588486     
          57  0.35368427755475446        1.2240996234342228E-002  0.32150401235062598       0.51426174061457886     
          58  0.35061573748831398        1.2084838428646107E-002  0.32301401241705441       0.51402710800292650     
          59  0.34755602687085302        1.1933596564444390E-002  0.32452003148986225       0.51379368879539888     
          60  0.34450546440087371        1.1787118283910162E-002  0.32602189781957081       0.51356152548870515     
          61  0.34146438212738139        1.1645187946839644E-002  0.32751942908266152       0.51333069209398752     
          62  0.33843309562430973        1.1507630711810320E-002  0.32901245400322782       0.51310124240439514     
          63  0.33541191126495151        1.1374287400131119E-002  0.33050080705607177       0.51287322249234391     
          64  0.33240114170809126        1.1244958650580634E-002  0.33198431718604232       0.51264669848670197     
          65  0.32940108482865194        1.1119479977020280E-002  0.33346282310727304       0.51242171925975766     
          66  0.32641200619951244        1.0997786648695310E-002  0.33493618611619957       0.51219828419593105     
          67  0.32343420498626951        1.0879673982921985E-002  0.33640424199397662       0.51197646233841487     
          68  0.32046796046765003        1.0764990765091268E-002  0.33786683997465206       0.51175629625379360     
          69  0.31751351954361823        1.0653687260405225E-002  0.33932385196457093       0.51153777818832336     
          70  0.31457116428098536        1.0545564764778810E-002  0.34077512304541191       0.51132097453688530     
          71  0.31164113216676076        1.0440571813152048E-002  0.34222052989791363       0.51110587864071966     
          72  0.30872367888810481        1.0338570008036757E-002  0.34365993476400680       0.51089252717030986     
          73  0.30581904960891132        1.0239440928511522E-002  0.34509320648597369       0.51068094699547018     
          74  0.30292746575061130        1.0143137558934734E-002  0.34652023028527806       0.51047112964690833     
          75  0.30004916510405355        1.0049530857262009E-002  0.34794087818025599       0.51026310754825277     
          76  0.29718436868284426        9.9585363141412673E-003  0.34935503341050156       0.51005689114216923     
          77  0.29433329090711463        9.8700752588048099E-003  0.35076258293735268       0.50985248811980954     
          78  0.29149614376697869        9.7840584481928318E-003  0.35216341433855824       0.50964991157609385     
          79  0.28867312867020967        9.7004180583086068E-003  0.35355742186697847       0.50944916412562136     
          80  0.28586444798010680        9.6190620131682714E-003  0.35494449785260324       0.50925026058499578     
          81  0.28307029055464467        9.5399315063222061E-003  0.35632454347434583       0.50905319941473537     
          82  0.28029084067655091        9.4629657706615019E-003  0.35769746210531161       0.50885798021086692     
          83  0.27752627642265493        9.3881085815480658E-003  0.35906316053863041       0.50866460048638040     
          84  0.27477677707987919        9.3152776070653826E-003  0.36042154343839489       0.50847307089930327     
          85  0.27204251201666846        9.2444099210193947E-003  0.36177252162812695       0.50828339264008626     
          86  0.26932364084051358        9.1754619791150124E-003  0.36311601201703192       0.50809555745440205     
          87  0.26662031708484374        9.1083947442582320E-003  0.36445193484003946       0.50790955502983948     
          88  0.26393270124521095        9.0431180903936242E-003  0.36578020383913390       0.50772540061772420     
          89  0.26126092874446089        8.9796268519315280E-003  0.36710075037967344       0.50754306745514643     
          90  0.25860515534034056        8.9178069894455241E-003  0.36841348922028949       0.50736258304600734     
          91  0.25596549492229559        8.8577035641968557E-003  0.36971836550751319       0.50718389606237380     
          92  0.25334209679625797        8.7991861693234464E-003  0.37101529631207519       0.50700704252284101     
          93  0.25073507177750398        8.7422705874335288E-003  0.37230422661707352       0.50683198603339297     
          94  0.24814454608748315        8.6868831621905260E-003  0.37358508844371452       0.50665873481936907     
          95  0.24557062873879509        8.6330046663499818E-003  0.37485782562749587       0.50648727027024087     
          96  0.24301342793871081        8.5805977849448874E-003  0.37612238138021953       0.50631758296600438     
          97  0.24047305010423112        8.5296111354174874E-003  0.37737869897456283       0.50614967066737426     
          98  0.23794959154290221        8.4800171851565683E-003  0.37862672817305448       0.50598351950228371     
          99  0.23544314180316867        8.4317978747992569E-003  0.37986642264918202       0.50581911109261013     
         100  0.23295380069666327        8.3848647657745919E-003  0.38109772691402866       0.50565646222582961     
         101  0.23048163132022517        8.3392796925763346E-003  0.38232061249903637       0.50549551525989433     
         102  0.22802673011293068        8.2949252930803168E-003  0.38353502395417521       0.50533630176126454     
         103  0.22558916265533782        8.2518080216676289E-003  0.38474092840694857       0.50517879201342497     
         104  0.22316898654033407        8.2099522013817823E-003  0.38593829796582363       0.50502294763403588     
         105  0.22076628042852728        8.1692578091148629E-003  0.38712708713276733       0.50486879221066805     
         106  0.21838109896703695        8.1297192394006804E-003  0.38830726779935321       0.50471630264595857     
         107  0.21601349270465420        8.0913298359152237E-003  0.38947881385154104       0.50456545658055518     
         108  0.21366351818697013        8.0540310143056761E-003  0.39064169324886450       0.50441625765787168     
         109  0.21133121383184333        8.0178333093127892E-003  0.39179588692177703       0.50426867540628861     
         110  0.20901662058025844        7.9827134000928571E-003  0.39294137262072154       0.50412269638217033     
         111  0.20671977661249541        7.9486402543764711E-003  0.39407812905256573       0.50397831118539127     
         112  0.20444071512891770        7.9155866869925623E-003  0.39520613763727508       0.50383550871946436     
         113  0.20217945914457480        7.8835573576116983E-003  0.39632538667495815       0.50369426228872449     
         114  0.19993603516886854        7.8525174848073139E-003  0.39743586050292284       0.50355456499778195     
         115  0.19771046267215420        7.8224480610251789E-003  0.39853754786621920       0.50341640233134100     
         116  0.19550275518633992        7.7933409024956574E-003  0.39963044108450740       0.50327975461520280     
         117  0.19331292476506787        7.7651749610459266E-003  0.40071453250681882       0.50314460877865230     
         118  0.19114097423127857        7.7379590883232593E-003  0.40178982073231606       0.50301093711393474     
         119  0.18898691743885879        7.7116202426096387E-003  0.40285629433638975       0.50287875279605132     
         120  0.18685075391098077        7.6861433314989059E-003  0.40391395226132443       0.50274804043502175     
         121  0.18473246637827742        7.6615883507113614E-003  0.40496280598642248       0.50261874757265135     
         122  0.18263205429101753        7.6379013201989272E-003  0.40600285233637179       0.50249087855659402     
         123  0.18054950912541795        7.6150527119597210E-003  0.40703409347788722       0.50236442580423668     
         124  0.17848481058806248        7.5930613092096075E-003  0.40805654011680159       0.50223935795871522     
         125  0.17643794324326756        7.5718983585939927E-003  0.40907019790812749       0.50211566747532865     
         126  0.17440888653020686        7.5515453244477003E-003  0.41007507564677170       0.50199334194946332     
         127  0.17239761381408289        7.5320005869882493E-003  0.41107118607768034       0.50187236078644448     
         128  0.17040409214268781        7.5132821630600815E-003  0.41205854615871190       0.50175269385035526     
         129  0.16842829611162904        7.4953434244096253E-003  0.41303716557527226       0.50163434331393320     
         130  0.16647019213987316        7.4781683650765240E-003  0.41400705975061969       0.50151729634993569     
         131  0.16452973881654273        7.4617712980052705E-003  0.41496824968040241       0.50140152528922444     
         132  0.16259222836867981        7.5394779214169030E-003  0.41593312093686879       0.50124067397214112     
         133  0.16067546726763574        7.5993698568364680E-003  0.41688673647121227       0.50109028554257240     
         134  0.15880948527136018        7.4455905443432755E-003  0.41780351263365217       0.50104759366804930     
         135  0.15693840582098226        7.4377356372693007E-003  0.41873078138877168       0.50093402883771121     
         136  0.15508571075410385        7.4243305101125336E-003  0.41964863915351980       0.50082478199538261     
         137  0.15325027908750202        7.4123225257506746E-003  0.42055801606511112       0.50071638457391099     
         138  0.15143216699924872        7.4009599510892667E-003  0.42145884366421144       0.50060919065332554     
         139  0.14963130211868539        7.3903231709442569E-003  0.42235116188283051       0.50050314138704044     
         140  0.14784762323413278        7.3804026813509187E-003  0.42323500028830630       0.50039822275328849     
         141  0.14608106741536492        7.3711847031436781E-003  0.42411038909309645       0.50029442305172478     
         142  0.14433156936236741        7.3626560591856030E-003  0.42497735971576645       0.50019173047793852     
         143  0.14259905922994576        7.3548201610130664E-003  0.42583594672358394       0.50009012518871299     
         144  0.14088346449155795        7.3476848888537980E-003  0.42668618626593952       0.49998958531657034     
         145  0.13918471408301608        7.3412330983015604E-003  0.42752811242966632       0.49989010161050640     
         146  0.13750273504508517        7.3354464434239024E-003  0.42836176018911509       0.49979166560695831     
         147  0.13583656624680926        7.3369177612030885E-003  0.42918795187982040       0.49969098701723397     
         148  0.13418146748703313        7.3809449148802934E-003  0.43001092047915701       0.49957052541612973     
         149  0.13255659054768301        7.3224762331963421E-003  0.43081346583739344       0.49950227291258331     
         150  0.13093378824275848        7.3741368865307688E-003  0.43162081736048424       0.49938065800271314     
         151  0.12934160182369586        7.3167697784945612E-003  0.43240722243714824       0.49931446064585627     
         152  0.12775173249973112        7.3687316099608127E-003  0.43319825172226423       0.49919526589477770     
         153  0.12619172203577883        7.3138102491835284E-003  0.43396884510800443       0.49913039063933928     
         154  0.12463444397449587        7.3659414179012587E-003  0.43474371469721784       0.49901361641779468     
         155  0.12310626921839044        7.3134066793448622E-003  0.43549866046145574       0.49895002831491075     
         156  0.12158120521915651        7.3657611861180682E-003  0.43625756038783708       0.49883558419052859     
         157  0.12008451473842358        7.3155488771377251E-003  0.43699702787455758       0.49877325224481650     
         158  0.11856906979237197        7.5552156208677137E-003  0.43776085747472482       0.49856818969252176     
         159  0.11712687883530826        7.3102704734521705E-003  0.43846321775717284       0.49860488601844322     
         160  0.11566367633622769        7.3751195644041556E-003  0.43919208374838581       0.49848893638992864     
         161  0.11422907868398534        7.3274605163659292E-003  0.43990091163611944       0.49842997207733625     
         162  0.11279061292724687        7.4484485852508147E-003  0.44062041887238607       0.49828841242001959     
         163  0.11139406034255721        7.3352567303694213E-003  0.44130698616537795       0.49826420851920450     
         164  0.10998621069480562        7.4581849280105326E-003  0.44201139885292684       0.49812388683526559     
         165  0.10861939945384168        7.3475818407626285E-003  0.44268336730633900       0.49810056884827703     
         166  0.10724201165592526        7.4701171280758694E-003  0.44337264485102218       0.49796258653069048     
         167  0.10590449969659881        7.3625059614118365E-003  0.44403024947468905       0.49793989832478497     
         168  0.10455714257992026        7.4846868553910687E-003  0.44470460694338848       0.49780418082640021     
         169  0.10324853939255239        7.3799411763719796E-003  0.44534803451447091       0.49778213049207742     
         170  0.10194183517464626        7.3950421856298718E-003  0.44599670381337847       0.49770160028662447     
         171  0.10065016639690123        7.4048637212965384E-003  0.44663764663346711       0.49762468780446184     
         172   9.9372753186140139E-002   7.4158500291201766E-003  0.44727157977556303       0.49754818127950778     
         173   9.8109546444500498E-002   7.4274362322104279E-003  0.44789849863044850       0.49747234820828079     
         174   9.6860432815053368E-002   7.4396760372018068E-003  0.44851846204565804       0.49739714919745731     
         175   9.5625303920531729E-002   7.4525701063428229E-003  0.44913152366271653       0.49732257133255364     
         176   9.4404053224711446E-002   7.4660956536231164E-003  0.44973773505643116       0.49724861349225125     
         177   9.3186380027055496E-002   7.5871498531943143E-003  0.45034764706724761       0.49712220338184809     
         178   9.2003209996033355E-002   7.4901511899975676E-003  0.45092934663811662       0.49710493604408279     
         179   9.0812538962630529E-002   7.6172244531947418E-003  0.45152615648471006       0.49697734496075380     
         180   8.9656073109566886E-002   7.5218458698799815E-003  0.45209471217275132       0.49696105524369544     
         181   8.8492513244927809E-002   7.6491238740171537E-003  0.45267807750070865       0.49683512180459855     
         182   8.7362232853250468E-002   7.5563052079292946E-003  0.45323378583847124       0.49681929638889122     
         183   8.6225338226325748E-002   7.6837323297229334E-003  0.45380392458172575       0.49669500193735366     
         184   8.5117471456555016E-002   7.6315880824502956E-003  0.45435057342558416       0.49666067742839837     
         185   8.4015583620943052E-002   7.6580872817349445E-003  0.45489824202253287       0.49658814609794372     
         186   8.2927142328335215E-002   7.6775480085478848E-003  0.45543888629514889       0.49651992538863288     
         187   8.1851292174321175E-002   7.6984940319638952E-003  0.45597336086303791       0.49645177371777605     
         188   8.0787997127755584E-002   7.7200599789720228E-003  0.45650163961517226       0.49638410987421011     
         189   7.9737138502089036E-002   7.7423393343257329E-003  0.45702378604240024       0.49631687685908660     
         190   7.8698601699953505E-002   7.7653807259522034E-003  0.45753985935513586       0.49625004007261975     
         191   7.7672281766741527E-002   7.7891164939684803E-003  0.45804990810178653       0.49618362275893524     
         192   7.6658065194842209E-002   7.8135845677808086E-003  0.45855399038933942       0.49611759588428739     
         193   7.5655835963104281E-002   7.8388585043764961E-003  0.45905216737029064       0.49605191286164324     
         194   7.4665493924246540E-002   7.8648129835052587E-003  0.45954448234052614       0.49598662593518916     
         195   7.3686921857009813E-002   7.8915417284319625E-003  0.46003099804114078       0.49592167875799653     
         196   7.2720007937551040E-002   7.9190745935057358E-003  0.46051177135780352       0.49585704680833226     
         197   7.1764648118199395E-002   7.9473420537815222E-003  0.46098685032204179       0.49579275500730963     
         198   7.0820727883859264E-002   7.9764163326756371E-003  0.46145629526911081       0.49572875804686029     
         199   6.9888141068440227E-002   8.0062626401053438E-003  0.46192015702201328       0.49566506384884090     
         200   6.8966774662284944E-002   8.0369435994724087E-003  0.46237849468761516       0.49560163210787506     
         201   6.8056524670112126E-002   8.0684027608281250E-003  0.46283135693564975       0.49553848173043236     
         202   6.7157278272092141E-002   8.1007112624024765E-003  0.46327880321311088       0.49547556841874640     
         203   6.6268929987967878E-002   8.1338432824808043E-003  0.46372088444269094       0.49541289610722555     
         204   6.5391370307930088E-002   8.1678359367543200E-003  0.46415765673091008       0.49535043761081460     
         205   6.4524495197239948E-002   8.2026531360006143E-003  0.46458916980362430       0.49528820218617803     
         206   6.3668196136614646E-002   8.2383303009421170E-003  0.46501547916712910       0.49522616371014011     
         207   6.2822363773352971E-002   8.2749238213670542E-003  0.46543664178262523       0.49516428576256072     
         208   6.1983678726578957E-002   8.3618165925842970E-003  0.46585675755076744       0.49507805091627849     
         209   6.1159008344995131E-002   8.3924198210734487E-003  0.46626712356911715       0.49502035184966497     
         210   6.0343927374189588E-002   8.4326155481830901E-003  0.46667320725784600       0.49495848259212372     
         211   5.9538974736863065E-002   8.4724818116009310E-003  0.46707425003740971       0.49489735950477504     
         212   5.8743958090082864E-002   8.5134126952775852E-003  0.46747041634812370       0.49483628278430686     
         213   5.7958779425730890E-002   8.5553386961819983E-003  0.46786175127515112       0.49477527912436908     
         214   5.7183337172072683E-002   8.5982544831754437E-003  0.46824830485211039       0.49471434346769833     
         215   5.6417535169759017E-002   8.6420724425446717E-003  0.46863012041344432       0.49465351169291938     
         216   5.5661259039267073E-002   8.6870200280826006E-003  0.46900726581083668       0.49459266341394026     
         217   5.4914418885351965E-002   8.7329239941091336E-003  0.46937977702817024       0.49453187720228642     
         218   5.4176911952538521E-002   8.7798365635086278E-003  0.46974770755690393       0.49447111983027975     
         219   5.3448634685103011E-002   8.8278372303596114E-003  0.47011111258942784       0.49441034463076383     
         220   5.2729490553409662E-002   8.8768942455448169E-003  0.47047003838308771       0.49434956023928484     
         221   5.2019380492389689E-002   8.9270311103390714E-003  0.47082453515894818       0.49428874796328437     
         222   5.1318204898234979E-002   8.9782936266695826E-003  0.47117465450631868       0.49422787813598235     
         223   5.0625869724653813E-002   9.0306378760558314E-003  0.47152044086325900       0.49416696570789481     
         224   4.9942274933549080E-002   9.0841425311381074E-003  0.47186194763655698       0.49410596487893677     
         225   4.9267323875284479E-002   9.1388376432822282E-003  0.47219922416906579       0.49404485406811327     
         226   4.8600926726873064E-002   9.1946348014196235E-003  0.47253231064794110       0.49398367057269921     
         227   4.7942983283215945E-002   9.2516574574371489E-003  0.47286126273498863       0.49392234663184981     
         228   4.7293402008796705E-002   9.3098759813926603E-003  0.47318612434011759       0.49386089054355653     
         229   4.6652087108719729E-002   9.3693582263192719E-003  0.47350694622323525       0.49379926230981824     
         230   4.6018943909279075E-002   9.4301661804174972E-003  0.47382377830153949       0.49373742492794925     
         231   4.5393889909827442E-002   9.4921268466550985E-003  0.47413665303063962       0.49367545809531455     
         232   4.4776825754841612E-002   9.5554254639184880E-003  0.47444562865133832       0.49361326380598353     
         233   4.4167661572177760E-002   9.6200699471079825E-003  0.47475075007530504       0.49355083213683881     
         234   4.3566309186620654E-002   9.6860465776375769E-003  0.47505206032576597       0.49348816398032563     
         235   4.2972677772393074E-002   9.7534135237057860E-003  0.47534960721747854       0.49342522463106275     
         236   4.2386677862426780E-002   9.8222170097908915E-003  0.47564343733705933       0.49336198539009452     
         237   4.1808225787470205E-002   9.8923911960080609E-003  0.47593358892635568       0.49329847324807297     
         238   4.1237231708205563E-002   9.9640222370938111E-003  0.47622011069075076       0.49323463984126842     
         239   4.0673608215410308E-002   1.0037160862790075E-002  0.47650304839712315       0.49317045446091712     
         240   4.0117272830247908E-002   1.0111761640823525E-002  0.47678244070376219       0.49310593419475063     
         241   3.9568136367253051E-002   1.0187951327959140E-002  0.47705833796123642       0.49304101075124207     
         242   3.9026119317944481E-002   1.0265648480653837E-002  0.47733077560482051       0.49297571923367739     
         243   3.8491132963377285E-002   1.0345007378760656E-002  0.47759980506604388       0.49290997783418211     
         244   3.7963099907772989E-002   1.0425929263594319E-002  0.47786545993398233       0.49284383039180141     
         245   3.7441933542960285E-002   1.0508556801062746E-002  0.47812779001117617       0.49277720100118194     
         246   3.6927553782690858E-002   1.0592893136640287E-002  0.47838683514778946       0.49271008306690739     
         247   3.6419882129356700E-002   1.0678918637077785E-002  0.47864263327958095       0.49264248136415711     
         248   3.5918835092036451E-002   1.0766759923790427E-002  0.47889523191350430       0.49257432815423619     
         249   3.5424337089712397E-002   1.0856360772461561E-002  0.47914466578895099       0.49250564650463441     
         250   3.4936308206407210E-002   1.0947795691371442E-002  0.47939097809972675       0.49243639466911504     
         251   3.4454667909276829E-002   1.1041178395900702E-002  0.47963421426924341       0.49236651150969241     
         252   3.3979345304144981E-002   1.1136383924700547E-002  0.47987440337633114       0.49229605439724333     
         253   3.3510257336998230E-002   1.1233636524527597E-002  0.48011159742529314       0.49222490746710329     
         254   3.3047332817637484E-002   1.1332858503926201E-002  0.48034582794619579       0.49215310475682039     
         255   3.2590495590499764E-002   1.1434128646668956E-002  0.48057713649433703       0.49208060271243459     
         256   3.2139671628550588E-002   1.1537488195071543E-002  0.48080556174388517       0.49200737647024662     
         257   3.1694786861795249E-002   1.1643001624328599E-002  0.48103114352293558       0.49193338969667449     
         258   3.1255767030503805E-002   1.1750762484699657E-002  0.48125392315927923       0.49185859168862206     
         259   3.0822545881306052E-002   1.1860648893848188E-002  0.48147392761234054       0.49178303871070500     
         260   3.0395045861514543E-002   1.1972896836150989E-002  0.48169120671205562       0.49170660949063283     
         261   2.9973200301256407E-002   1.2087439683867600E-002  0.48190579029643016       0.49162933298638573     
         262   2.9556935391701504E-002   1.2204451239790188E-002  0.48211772333710989       0.49155111889621450     
         263   2.9146185505835066E-002   1.2323876046917228E-002  0.48232703571184693       0.49147199074563058     
         264   2.8742162546921395E-002   1.2404580092875093E-002  0.48253114858511503       0.49141235768571379     
         265   2.8342195199231892E-002   1.2529827286189527E-002  0.48273539062180054       0.49133089540889896     
         266   2.7947563563838755E-002   1.2656890202380816E-002  0.48293707217435167       0.49124880393626646     
         267   2.7558174882441944E-002   1.2786678845146109E-002  0.48313628301354916       0.49116562788926121     
         268   2.7173964168106683E-002   1.2919232359260860E-002  0.48333305725211445       0.49108134411092386     
         269   2.6794866237845154E-002   1.3054620515609197E-002  0.48352743059229014       0.49099591429737122     
         270   2.6420815724695661E-002   1.3192945293084147E-002  0.48371944036664288       0.49090928421123714     
         271   2.6051751666688518E-002   1.3334180480685314E-002  0.48390911557226590       0.49082146327982046     
         272   2.5687607464554646E-002   1.3478522802686464E-002  0.48409649871560567       0.49073235034664808     
         273   2.5328321348125637E-002   1.3626026625201560E-002  0.48428162307382533       0.49064191494960774     
         274   2.4973834171154098E-002   1.3776675014185452E-002  0.48446451719624734       0.49055016205701357     
         275   2.4624082060062072E-002   1.3930649299350362E-002  0.48464522151265943       0.49045699829538525     
         276   2.4279003761822453E-002   1.4088064320240710E-002  0.48482377196152404       0.49036236333371475     
         277   2.3938540147793490E-002   1.4248982470002928E-002  0.48500020090792068       0.49026622291336708     
         278   2.3602633788740855E-002   1.4413426278011914E-002  0.48517453797442489       0.49016856260362718     
         279   2.3271224466962951E-002   1.4581552607239173E-002  0.48534682061483292       0.49006930135488580     
         280   2.2944252775408437E-002   1.4753517724876496E-002  0.48551708586206543       0.48996835845746184     
         281   2.2621665004643816E-002   1.4929278606914963E-002  0.48568535835927928       0.48986575214359085     
         282   2.2303398599552722E-002   1.5109176898958429E-002  0.48585168562211245       0.48976130979597710     
         283   2.1989403406583292E-002   1.5293079534821544E-002  0.48601608621716891       0.48965509441547211     
         284   2.1679620808531634E-002   1.5481227188074771E-002  0.48617860086751852       0.48954698357625737     
         285   2.1373995767497048E-002   1.5673744094304908E-002  0.48633926294450869       0.48943691267628769     
         286   2.1072472587950235E-002   1.5870813547621244E-002  0.48649810898452683       0.48932478784634775     
         287   2.0775001204864172E-002   1.6072404579172070E-002  0.48665516245180201       0.48921062158519224     
         288   2.0481525114409937E-002   1.6278795740496062E-002  0.48681046488136204       0.48909427283199058     
         289   2.0191992298773685E-002   1.6490101727561327E-002  0.48696404773210511       0.48897568187833618     
         290   1.9906350491512348E-002   1.6706478776982121E-002  0.48711594458648738       0.48885476843974207     
         291   1.9625255996057765E-002   1.6895126766096988E-002  0.48726425452470490       0.48874780680035618     
         292   1.9346621588233408E-002   1.7150951371242049E-002  0.48741457178489778       0.48860769752153321     
         293   1.9072955579945022E-002   1.7354253326543178E-002  0.48755990228875812       0.48849383848276873     
         294   1.8801769921997533E-002   1.7621082433147351E-002  0.48770705598414893       0.48834863763061037     
         295   1.8535401268460098E-002   1.7836652852436470E-002  0.48784935833657794       0.48822905458324317     
         296   1.8271471639829187E-002   1.8114945708749303E-002  0.48799346712630082       0.48807852398684637     
         297   1.8012205848917950E-002   1.8343559217935630E-002  0.48813287597601190       0.48795282239971466     
         298   1.7755339185787838E-002   1.8634045236356672E-002  0.48827407183071664       0.48779659010256293     
         299   1.7502985102129980E-002   1.8876582888039586E-002  0.48841072546980085       0.48766432290956774     
         300   1.7252991328319249E-002   1.9180115215657829E-002  0.48854914501734886       0.48750195582747158     
         301   1.7007360571663535E-002   1.9437601499419130E-002  0.48868318747518297       0.48736260505394680     
         302   1.6764054109253794E-002   1.9755084488734313E-002  0.48881896780404033       0.48719364496023315     
         303   1.6524393227543517E-002   2.0059913051281426E-002  0.48895233440380848       0.48703112608665056     
         304   1.6288028616566596E-002   2.0368456255179541E-002  0.48908424869799222       0.48686692308297980     
         305   1.6054851695636883E-002   2.0684439756110513E-002  0.48921494438391355       0.48669918487512270     
         306   1.5824806969288532E-002   2.1008783461131719E-002  0.48934449382951289       0.48652745276176251     
         307   1.5597846697171925E-002   2.1342032141541900E-002  0.48947294754432880       0.48635145423175735     
         308   1.5373925544354905E-002   2.1684642485433107E-002  0.48960035066712015       0.48617096051525127     
         309   1.5153002761096065E-002   2.2036845521544921E-002  0.48972673523015936       0.48598585485445744     
         310   1.4935034433035770E-002   2.2399099369054022E-002  0.48985214585866255       0.48579590782856352     
         311   1.4719978382247798E-002   2.2771803493841971E-002  0.48997662355139970       0.48560091915209697     
         312   1.4507793596761279E-002   2.3155329133339887E-002  0.49010020743940902       0.48540070257640139     
         313   1.4298437892917733E-002   2.3550164141384413E-002  0.49022294294891555       0.48519501401070780     
         314   1.4091872358882554E-002   2.3956635683588783E-002  0.49034486619613665       0.48498368913267531     
         315   1.3887594922856836E-002   2.4405200939986944E-002  0.49046770195652356       0.48475161179268406     
         316   1.3686766323716034E-002   2.4818502930199576E-002  0.49058713050140823       0.48453716805563884     
         317   1.3485698863302217E-002   2.5438715677563700E-002  0.49071672772061536       0.48422017851870297     
         318   1.3292064234418954E-002   2.5752211693496056E-002  0.49082776318889820       0.48405552609704122     
         319   1.3096633163072897E-002   2.6377248247603916E-002  0.49095483238407100       0.48373640223982428     
         320   1.2908017258163077E-002   2.6724459007262072E-002  0.49106503697737541       0.48355527488184219     
         321   1.2717984591352337E-002   2.7360845596318992E-002  0.49119001815271018       0.48323077085534366     
         322   1.2533697798393785E-002   2.7782855583972862E-002  0.49130173771455632       0.48301277347607557     
         323   1.2348977049524389E-002   2.8427579358569245E-002  0.49142453361303767       0.48268437734256309     
         324   1.2169448153097093E-002   2.8887262360949156E-002  0.49153576063719073       0.48244792668200470     
         325   1.1989815384221468E-002   2.9546926615358817E-002  0.49165680961644392       0.48211235474472119     
         326   1.1814099824541352E-002   3.0107641630730361E-002  0.49177111433104120       0.48182600248456620     
         327   1.1639867359714676E-002   3.0749421093992282E-002  0.49188866765592210       0.48149953744624968     
         328   1.1468065425813634E-002   3.1399090898577224E-002  0.49200543112227002       0.48116927026626605     
         329   1.1298617206003905E-002   3.2060227944238018E-002  0.49212161950080036       0.48083342433172455     
         330   1.1131458854724538E-002   3.2735600821058433E-002  0.49223740224353491       0.48049062417033722     
         331   1.0966536954495953E-002   3.3427312106885057E-002  0.49235291159125671       0.48013982483621237     
         332   1.0803796662791517E-002   3.4137722689722642E-002  0.49246829374227652       0.47977985321911548     
         333   1.0643170357815823E-002   3.4870414902487233E-002  0.49258376199498111       0.47940893009256869     
         334   1.0484567220735947E-002   3.5631157360713941E-002  0.49269964987924775       0.47902419131598145     
         335   1.0327938666658218E-002   3.6422427577615546E-002  0.49281610925081476       0.47862440596176242     
         336   1.0173545117333654E-002   3.7219910279804667E-002  0.49293181519692525       0.47822163893321168     
         337   1.0030009707132083E-002   3.7258477095204155E-002  0.49300467027521688       0.47819558053232675     
         338   9.8849503577832926E-003   3.7613292536928210E-002  0.49309390948430115       0.47801268342935571     
         339   9.7370736836745759E-003   3.8412934247004184E-002  0.49320656198563162       0.47760914045630271     
         340   9.5880931967982728E-003   3.9515597012145721E-002  0.49333483477048917       0.47705532031161313     
         341   9.4405217559284226E-003   4.0696178037120639E-002  0.49346638070540727       0.47646292771797971     
         342   9.2944506985454083E-003   4.1946208905194592E-002  0.49360075745646109       0.47583616368993231     
         343   9.1498382654159240E-003   4.3269498146323665E-002  0.49373819948329223       0.47517313687218349     
         344   9.0061797532426085E-003   4.4715205209196092E-002  0.49388144380847981       0.47444945062443911     
         345   8.8638650576374194E-003   4.6246709781935090E-002  0.49402850778686958       0.47368327626149909     
         346   8.7222939269266542E-003   4.7924589824813964E-002  0.49418277491561347       0.47284455064409947     
         347   8.5816247222496450E-003   4.9735591394187401E-002  0.49434356586445277       0.47193984953095175     
         348   8.4414925460304796E-003   5.1719602143365573E-002  0.49451315147990121       0.47094937715312418     
         349   8.3160348103870248E-003   5.2400243395344014E-002  0.49460959526911114       0.47060578686550264     
         350   8.1620983842403752E-003   5.6300760355608798E-002  0.49488428519557059       0.46866441018326671     
         351   8.0229160567150508E-003   5.8899447129723843E-002  0.49508614422981023       0.46736914819490838     
         352   7.8827272846310990E-003   6.1857548446933516E-002  0.49530769267480018       0.46589560337560748     
         353   7.7404274103458296E-003   6.5308800156019253E-002  0.49555674472254307       0.46417740567866611     
         354   7.5942141332930868E-003   6.9472582299092811E-002  0.49584619696309978       0.46210568196902402     
         355   7.4401793440391946E-003   7.4820255778196731E-002  0.49620383009608099       0.45944650759004491     
         356   7.2660247452052389E-003   8.2819167702148977E-002  0.49671647229652771       0.45547167421568224     
         357   7.0347592635436988E-003   9.7914529257719693E-002  0.49765426628756571       0.44797508978523409     
         358   7.0747480079517162E-003   8.1354594921395226E-002  0.49673170418801282       0.45618822580010993     
