           1  0.50699424124832404        6.1961346672596257E-002  0.25206372706568247       0.51615050666609896     
           2  0.51059006004756635        5.9919469820920848E-002  0.24873979133878552       0.51526139392604853     
           3  0.51035378293099032        5.4784910557696437E-002  0.24817075225999516       0.51704115356640723     
           4  0.50922817373600027        5.0439850088990282E-002  0.24824374268958002       0.51855467645649755     
           5  0.50760593695411294        4.6782674314287453E-002  0.24867469515532406       0.51977602147057211     
           6  0.50568967562510625        4.3689829153152344E-002  0.24931756415715722       0.52073420163236939     
           7  0.50357137226901461        4.1037948205192840E-002  0.25010593001941794       0.52148208158677656     
           8  0.50126599006931372        3.8701831920299835E-002  0.25102813109158800       0.52208956629609626     
           9  0.49608635749392721        3.4389999248851333E-002  0.25395784795978571       0.52443001243569043     
          10  0.49637294440877339        3.4863055952441081E-002  0.25307589112369711       0.52289249855628339     
          11  0.49375924466425064        3.3216038200006612E-002  0.25421861500778109       0.52317712622666634     
          12  0.49107643674045642        3.1728768114787455E-002  0.25541056292798464       0.52338793562242425     
          13  0.48832524372087299        3.0370682916161389E-002  0.25665095368013396       0.52354243441029580     
          14  0.48558483236452932        2.9175318796081234E-002  0.25788499199516174       0.52360616781315572     
          15  0.48272118496714300        2.8023810350973417E-002  0.25920488329837943       0.52367323951592426     
          16  0.47988800016899874        2.7010905903090403E-002  0.26050474291702241       0.52366002232292674     
          17  0.47693879914394877        2.6019527219583054E-002  0.26188495529121986       0.52366108010990964     
          18  0.47403509920954612        2.5150042217567642E-002  0.26323483979326406       0.52358904047498300     
          19  0.47101738055017445        2.4284573066020672E-002  0.26466326435517123       0.52354040743868935     
          20  0.46805943343082251        2.3530474111789792E-002  0.26605172887275980       0.52342255012489669     
          21  0.46506655441378314        2.2817397964900267E-002  0.26746474780164498       0.52329273985914171     
          22  0.46197368644152431        2.2098845218564835E-002  0.26894621994239798       0.52318849388591582     
          23  0.45895385064566069        2.1478417206490630E-002  0.27037900729825792       0.52302095617705180     
          24  0.45590352949711366        2.0885893146636286E-002  0.27183318950792612       0.52284802722053492     
          25  0.45283955484360006        2.0327552697016055E-002  0.27329737797628950       0.52266324723802393     
          26  0.44967698930018807        1.9749701820781566E-002  0.27482853050702333       0.52251085955605847     
          27  0.44660204417595079        1.9259151525304316E-002  0.27630166197139333       0.52229985738015794     
          28  0.44350001378224424        1.8784894028564033E-002  0.27779379514489533       0.52208930279370813     
          29  0.44039088147224253        1.8335934958995475E-002  0.27929154502843800       0.52187085404505018     
          30  0.43727293787019683        1.7908876744692392E-002  0.28079606488093467       0.52164670059976959     
          31  0.43414769022149324        1.7502390349810968E-002  0.28230636183038449       0.52141735082586493     
          32  0.43092598127703813        1.7066291476681580E-002  0.28388154883139993       0.52122446176103454     
          33  0.42780667828231911        1.6706819935437402E-002  0.28538972890966741       0.52097814064742209     
          34  0.42466343194051176        1.6353520875994187E-002  0.28691476226532547       0.52073721151898023     
          35  0.42151982941381816        1.6017549684158926E-002  0.28844104838397777       0.52049186555041915     
          36  0.41837275326461010        1.5695857178483413E-002  0.28997067210933519       0.52024427410833451     
          37  0.41522363763107439        1.5387907824466921E-002  0.29150271235501896       0.51999452608815788     
          38  0.41207310508250383        1.5092833896298090E-002  0.29303678564943625       0.51974301619142482     
          39  0.40882281152781125        1.4760871168792031E-002  0.29463729803274136       0.51953109461057134     
          40  0.40569113940577672        1.4499532420287268E-002  0.29616122602421247       0.51926844344664225     
          41  0.40253778815582902        1.4238013349342809E-002  0.29770052953359483       0.51901409983627400     
          42  0.39938930682556273        1.3988487639696045E-002  0.29923787082304110       0.51875762396079361     
          43  0.39624181388739060        1.3748241102558255E-002  0.30077581504008150       0.51850105256585532     
          44  0.39283187400584191        1.3393977298758429E-002  0.30248543639412429       0.51834707181060657     
          45  0.38998466411654675        1.3308732314031665E-002  0.30383101502070026       0.51797581923644409     
          46  0.38654492189947226        1.2957449937902307E-002  0.30556203876668991       0.51783339012123408     
          47  0.38346989737797510        1.2779341987658618E-002  0.30705811500126412       0.51755344430108929     
          48  0.38033221314995819        1.2578320993905380E-002  0.30859612850640644       0.51729927527080999     
          49  0.37720739854726837        1.2387963813942866E-002  0.31012724746741921       0.51704273115766231     
          50  0.37408654885383819        1.2203753103500017E-002  0.31165725507672459       0.51678741918702165     
          51  0.37097129555471753        1.2025907161170290E-002  0.31318513036226570       0.51653301178216504     
          52  0.36786202374809601        1.1854116390905337E-002  0.31471065676326537       0.51627962760807478     
          53  0.36475911219525292        1.1688092392675814E-002  0.31623362189907933       0.51602737422281986     
          54  0.36166286701758238        1.1527538175061004E-002  0.31775385994697958       0.51577637214290628     
          55  0.35857378725806704        1.1372258054372664E-002  0.31927108166112528       0.51552666356250409     
          56  0.35549231939379278        1.1222051494849944E-002  0.32078503182192369       0.51527829993027430     
          57  0.35241865830545754        1.1076632013672611E-002  0.32229561577388982       0.51503140837511829     
          58  0.34935328313929082        1.0935846230192064E-002  0.32380255741781960       0.51478601051367479     
          59  0.34629659582215788        1.0799523192311210E-002  0.32530563009039509       0.51454214664797748     
          60  0.34324881464401991        1.0667432876495412E-002  0.32680472375212316       0.51429990950532578     
          61  0.34021033533983486        1.0539429711468202E-002  0.32829961539529462       0.51405932582391856     
          62  0.33718146896084938        1.0415346778380382E-002  0.32979013567474974       0.51382044321063114     
          63  0.33416250289086619        1.0295020100385660E-002  0.33127612999112216       0.51358330995609613     
          64  0.33115384405202641        1.0178342500828578E-002  0.33275736797969047       0.51334793064524020     
          65  0.32815582540898841        1.0065188096773444E-002  0.33423366598923143       0.51311432800920165     
          66  0.32516852959692005        9.9553468702731369E-003  0.33570499789011116       0.51288259611424003     
          67  0.32219241931145948        9.8487616983819366E-003  0.33717109753368829       0.51265270628886528     
          68  0.31922783035646585        9.7453354681430390E-003  0.33863177873937494       0.51242466495581918     
          69  0.31627483510614801        9.6448827735115018E-003  0.34008702052826550       0.51219855264907466     
          70  0.31333391715511855        9.5473771982361455E-003  0.34153654318332616       0.51197432221051653     
          71  0.31040517002703855        9.4526575812266984E-003  0.34298031155561004       0.51175203822267756     
          72  0.30748893175717601        9.3606588078544700E-003  0.34441813670265459       0.51153168879254507     
          73  0.30458549481051544        9.2713056651240432E-003  0.34584985801737972       0.51131327201801446     
          74  0.30169495848159611        9.1844613326877815E-003  0.34727543522103443       0.51109683757050339     
          75  0.29881765738452648        9.1000786228186952E-003  0.34869468050964825       0.51088236388622954     
          76  0.29595380749013883        9.0180743596148701E-003  0.35010747984775004       0.51066986006500148     
          77  0.29310361281097896        8.9383671599742413E-003  0.35151372619033805       0.51045933509968355     
          78  0.29026731253064436        8.8608933348273567E-003  0.35291329015606815       0.51025078499089882     
          79  0.28744508789637535        8.7855746326943578E-003  0.35430607797089908       0.51004421871612227     
          80  0.28463719506695945        8.7123633911719844E-003  0.35569194886617050       0.50983962179328890     
          81  0.28184379614317717        8.6411849286299174E-003  0.35707082006042612       0.50963700263408085     
          82  0.27906506171006418        8.5719725662893702E-003  0.35844260297860925       0.50943636429514882     
          83  0.27630115072444972        8.5046604845608539E-003  0.35980721573279939       0.50923771013583152     
          84  0.27355230232488559        8.4392135036783725E-003  0.36116452634596163       0.50904101985713768     
          85  0.27081870080261444        8.3755825077125676E-003  0.36251443638579117       0.50884628538162491     
          86  0.26810047305926965        8.3137039001258805E-003  0.36385688238487357       0.50865351114157453     
          87  0.26539773283510959        8.2535142390297925E-003  0.36519180842895077       0.50846270229860113     
          88  0.26271075142060757        8.1950040872982785E-003  0.36651906097524450       0.50827382157966527     
          89  0.26003954018922892        8.1380850565088356E-003  0.36783864622373558       0.50808689576829580     
          90  0.25738444792056642        8.0827788487521039E-003  0.36915036211459551       0.50790186435820939     
          91  0.25474532902623820        8.0289555838624054E-003  0.37045431029457360       0.50771878877350218     
          92  0.25212258584633240        7.9766598922617442E-003  0.37175025495831826       0.50753759174530455     
          93  0.24951616261243809        7.9257972020631545E-003  0.37303824138847136       0.50735830786092906     
          94  0.24692628498328617        7.8763631872539441E-003  0.37431814152428317       0.50718090038752628     
          95  0.24435300625969278        7.8283036911713771E-003  0.37558993260065338       0.50700537300122328     
          96  0.24179643565825509        7.7815846850733880E-003  0.37685355703204365       0.50683171392522919     
          97  0.23925672838117457        7.7361889627985837E-003  0.37810892863990292       0.50665989870585171     
          98  0.23673396142159317        7.6920783548282559E-003  0.37935600865881969       0.50648992011599292     
          99  0.23422818017593339        7.6492083485234143E-003  0.38059477711165057       0.50632177656832300     
         100  0.23173965905467034        7.6076046663499097E-003  0.38182507371612179       0.50615541133311670     
         101  0.22926817895421200        7.5671501629968694E-003  0.38304703899526588       0.50599088150484406     
         102  0.22681410848210501        7.5279030182395460E-003  0.38426045435944373       0.50582810579251969     
         103  0.22437740743550433        7.4898037789284458E-003  0.38546535019734424       0.50566709662000942     
         104  0.22195797288844429        7.4527780815073236E-003  0.38666179443382936       0.50550787864501534     
         105  0.21955611508788417        7.4168730957389142E-003  0.38784960299342119       0.50535038096016316     
         106  0.21717182897323603        7.3820470910905198E-003  0.38902878338912600       0.50519460346932876     
         107  0.21480511008942629        7.3482610125823831E-003  0.39019934222631653       0.50504054438179335     
         108  0.21245612803222649        7.3155273306436024E-003  0.39136117993886543       0.50488816175458462     
         109  0.21012481687391385        7.2837939213278129E-003  0.39251433958948456       0.50473746503312877     
         110  0.20781122328751919        7.2530426669518595E-003  0.39365879539083015       0.50458843728588809     
         111  0.20551541905046605        7.2232644251821231E-003  0.39479450594031273       0.50444105498878700     
         112  0.20323746142454160        7.1944477511445403E-003  0.39592143826692233       0.50429529687520125     
         113  0.20097729567652908        7.1665520827644980E-003  0.39703962680488991       0.50415116495209356     
         114  0.19873500177605233        7.1395760568722273E-003  0.39814902401169433       0.50400863087884840     
         115  0.19651060361632533        7.1135045161430793E-003  0.39924961592653779       0.50386767756437023     
         116  0.19430408528721682        7.0883131596530336E-003  0.40034141225783271       0.50372829547020626     
         117  0.19211547376623672        7.0639911145020957E-003  0.40142439639538863       0.50359046492213355     
         118  0.18994468953243779        7.0405004158770297E-003  0.40249861565839945       0.50345418784415574     
         119  0.18779193982636841        7.0178821086274781E-003  0.40356394391737316       0.50331940477586556     
         120  0.18565722717212860        6.9961231740946588E-003  0.40462037836285836       0.50318609896038813     
         121  0.18354028388061824        6.9751399194467748E-003  0.40566807864467852       0.50305430906765802     
         122  0.18144124548635493        6.9549584513584652E-003  0.40670696091232927       0.50292398846452657     
         123  0.17936015989024157        6.9355825693689253E-003  0.40773699390283002       0.50279510833477759     
         124  0.17729689970620433        6.9169709146038013E-003  0.40875825155063128       0.50266767535029366     
         125  0.17525150670531461        6.8991284985313291E-003  0.40977070561801049       0.50254166045368431     
         126  0.17322398410003445        6.8820512734849822E-003  0.41077435078843139       0.50241704197445869     
         127  0.17121427266096811        6.8657201271311585E-003  0.41176921898421875       0.50229381030115949     
         128  0.16922223994220351        6.8500982564525239E-003  0.41275538576097692       0.50217196985784696     
         129  0.16724798599576263        6.8352107883635303E-003  0.41373278669388186       0.50205147732621458     
         130  0.16529149942236149        6.8210548423867827E-003  0.41470142409367727       0.50193231150952644     
         131  0.16335265558214501        6.8075992849614339E-003  0.41566136791888519       0.50181447336323570     
         132  0.16109026434355322        6.7075080434899279E-003  0.41681716759774357       0.50176559248107944     
         133  0.15891474926899218        6.6269833489267568E-003  0.41792267047803977       0.50170349063456943     
         134  0.15753692493984411        6.7446173364356758E-003  0.41855191751428966       0.50148941765887256     
         135  0.15564777931435783        6.7287462149363949E-003  0.41948951135449192       0.50138068200502151     
         136  0.15379909998821653        6.7194287754258029E-003  0.42040470876292912       0.50126863852330239     
         137  0.15196534287989216        6.7101445025620904E-003  0.42131280859635695       0.50115830622989554     
         138  0.15014918253605319        6.7015842527696837E-003  0.42221220219050148       0.50104913042979460     
         139  0.14835023969641045        6.6936610603449279E-003  0.42310310979471061       0.50094115753959800     
         140  0.14656846474482466        6.6863727706478575E-003  0.42398555406647082       0.50083436880636345     
         141  0.14480382247500873        6.6797216830190168E-003  0.42485954884400129       0.50072874232693598     
         142  0.14305627484172606        6.6737101988713129E-003  0.42572510948661091       0.50062425642774311     
         143  0.14132572107168820        6.6683257788536449E-003  0.42658228863805597       0.50052090120196713     
         144  0.13961204247874173        6.6635523703466601E-003  0.42743114940753274       0.50041866970598414     
         145  0.13791521248074518        6.6593976718254911E-003  0.42827169972024626       0.50031753700751525     
         146  0.13623520838148795        6.6558710891886667E-003  0.42910394503778715       0.50021747717029930     
         147  0.13454745341527816        6.6468744569428192E-003  0.42994254141994537       0.50012314766154531     
         148  0.13272020781603056        6.6001140336203632E-003  0.43086599623099220       0.50005930568643719     
         149  0.13129375113534161        6.6486233092073362E-003  0.43155220000097028       0.49992388617686007     
         150  0.12947588519980874        6.5973728779786869E-003  0.43247339721220635       0.49986642312682389     
         151  0.12808329400154803        6.6471712795477316E-003  0.43314285732254526       0.49973300857968878     
         152  0.12630183269557610        6.5981720194688894E-003  0.43404564966342268       0.49967668735517268     
         153  0.12493756155205722        6.6480124632621778E-003  0.43470162536395712       0.49954616347561848     
         154  0.12319268529627776        6.6013702011267425E-003  0.43558587444978403       0.49949083848575337     
         155  0.12185649301002864        6.6512921994389242E-003  0.43622846692650180       0.49936310550555163     
         156  0.12014767728418925        6.6069454736164520E-003  0.43709445299451150       0.49930876106270461     
         157  0.11883934360513281        6.6569962516452906E-003  0.43772375047128897       0.49918371540740203     
         158  0.11647911088383935        6.4503348040977392E-003  0.43898040158670248       0.49925646022156400     
         159  0.11592254771235383        6.6741863577669197E-003  0.43916573652338392       0.49900096839094127     
         160  0.11423979829921362        6.6234612107710341E-003  0.44002247302347758       0.49895675812601142     
         161  0.11299367585141980        6.6756298339901952E-003  0.44062119569376779       0.49883547389927652     
         162  0.11113995611551072        6.5777188723770783E-003  0.44158260966791024       0.49882982381968050     
         163  0.11017090522722038        6.6903334786020206E-003  0.44201978562320898       0.49866503344639057     
         164  0.10834580515566296        6.5933297253364057E-003  0.44296715719161489       0.49866113618474794     
         165  0.10740147714598537        6.7056413192931076E-003  0.44339279008296456       0.49849916286748486     
         166  0.10561331953576697        6.6116650979431771E-003  0.44432113529726208       0.49849535444534837     
         167  0.10469178004673259        6.7233168930010368E-003  0.44473632977797778       0.49833640938034940     
         168  0.10294018868501949        6.6323519503139637E-003  0.44564584179069366       0.49833265340063987     
         169  0.10204133819036476        6.7434585770808405E-003  0.44605060471910490       0.49817659057792024     
         170  0.10071803109384071        6.7496052387973843E-003  0.44670879399690222       0.49810142091457771     
         171   9.9431034913084790E-002   6.7616592514381652E-003  0.44734687574270288       0.49802293807503395     
         172   9.8156478007720885E-002   6.7738654122725048E-003  0.44797900905200244       0.49794548930103627     
         173   9.6896339139462120E-002   6.7867320323947988E-003  0.44860400888786622       0.49786867741091678     
         174   9.5650321494037099E-002   6.8002163589532634E-003  0.44922204080067035       0.49779252269151048     
         175   9.4418324904744430E-002   6.8143235874325581E-003  0.44983315365317356       0.49771700938081914     
         176   9.3200333396553689E-002   6.8290795773340626E-003  0.45043734630578075       0.49764210628055405     
         177   9.1609410889576137E-002   6.7516474544953575E-003  0.45126406203500030       0.49763804610374307     
         178   9.0823718742104570E-002   6.8648509885042789E-003  0.45161464009273555       0.49749082994400684     
         179   8.9245003183778995E-002   6.7850125779706861E-003  0.45243679592860375       0.49749067257716267     
         180   8.8483305614957278E-002   6.8987932173992135E-003  0.45277587812277509       0.49734520149929645     
         181   8.6937483386861025E-002   6.8216982754082216E-003  0.45358115868682020       0.49734501823409871     
         182   8.6196099713606047E-002   6.9352646148963465E-003  0.45391089028786802       0.49720184312849874     
         183   8.4683118865180762E-002   6.8610088352610600E-003  0.45469929179871560       0.49720152511009746     
         184   8.3825829031801177E-002   6.9415867095785570E-003  0.45510036290285566       0.49708529679525593     
         185   8.2704008877638777E-002   6.9563641867846620E-003  0.45565949767232694       0.49701977509609657     
         186   8.1622518391260668E-002   6.9784376008101912E-003  0.45619600528105458       0.49694974577125328     
         187   8.0550959827475177E-002   7.0005251473854602E-003  0.45672788998584202       0.49688069106251481     
         188   7.9492314702749187E-002   7.0233756021207275E-003  0.45725337470660404       0.49681203713030470     
         189   7.8446162210127124E-002   7.0469210783594520E-003  0.45777269821531086       0.49674382615344920     
         190   7.7412241851969169E-002   7.0711322955651183E-003  0.45828600426790328       0.49667607132475616     
         191   7.6390702273743200E-002   7.0960788391365472E-003  0.45879319428090443       0.49660871162697495     
         192   7.5381323458235630E-002   7.1217416944145831E-003  0.45929438812703594       0.49654175296368697     
         193   7.4383764093292434E-002   7.1480726945050005E-003  0.45978977753642503       0.49647522331815241     
         194   7.3398371925835884E-002   7.1751903245036060E-003  0.46027914603950409       0.49640902550054233     
         195   7.2424738929224894E-002   7.2030307412902480E-003  0.46076272499544102       0.49634319970184743     
         196   7.1462679484733491E-002   7.2315840383054908E-003  0.46124061397851301       0.49627774569119043     
         197   7.0512349136263655E-002   7.2609230063488241E-003  0.46171271051876756       0.49621260127030303     
         198   6.9573420118587651E-002   7.2910038110437650E-003  0.46217919850360195       0.49614779212312732     
         199   6.8645930751023834E-002   7.3218713563770240E-003  0.46264004500205641       0.49608327741779623     
         200   6.7729590684845006E-002   7.3534912319877547E-003  0.46309541182485436       0.49601907612705465     
         201   6.6824512231166311E-002   7.3859267500516849E-003  0.46354522228855594       0.49595513397567731     
         202   6.5930380033535324E-002   7.4191378495270435E-003  0.46398965310575063       0.49589147455753596     
         203   6.5047206468969151E-002   7.4531640450507036E-003  0.46442868693518047       0.49582806188611045     
         204   6.4174794067391433E-002   7.4879942807424349E-003  0.46486243075094963       0.49576489814604530     
         205   6.3313188817707922E-002   7.5236768065536398E-003  0.46529084734211845       0.49570194116021954     
         206   6.2462202782390737E-002   7.5602032537423081E-003  0.46571403819609858       0.49563919149727348     
         207   6.1621583358614548E-002   7.5975496951529702E-003  0.46613214320305835       0.49557666161612118     
         208   6.0633162062472983E-002   7.5974188665854569E-003  0.46663892631353432       0.49554317807960591     
         209   5.9838835530690929E-002   7.6426881472421524E-003  0.46703168321755106       0.49547634254157968     
         210   5.9027037867779630E-002   7.6821443034246883E-003  0.46743583366207125       0.49541470878276928     
         211   5.8229297242330919E-002   7.7234679962859499E-003  0.46783267129345701       0.49535248619833450     
         212   5.7441131272546561E-002   7.7656120987540048E-003  0.46822484468493714       0.49529045925481391     
         213   5.6662699790767351E-002   7.8086540205528684E-003  0.46861224958526110       0.49522856528080988     
         214   5.5893961429466538E-002   7.8526229541769528E-003  0.46899490114012610       0.49516677819107258     
         215   5.5135125776065733E-002   7.8976099539063462E-003  0.46937266552981355       0.49510502548790869     
         216   5.4385439370283686E-002   7.9434709060895205E-003  0.46974598067191292       0.49504341209077724     
         217   5.3645377741914267E-002   7.9903621589589736E-003  0.47011455510053829       0.49498181668395236     
         218   5.2914725827228261E-002   8.0382719132567407E-003  0.47047850725671264       0.49492024488644654     
         219   5.2193193446935640E-002   8.0871700094085099E-003  0.47083800038422285       0.49485871640872564     
         220   5.1480825784886421E-002   8.1371086694030891E-003  0.47119299863125902       0.49479718901412406     
         221   5.0777504588619904E-002   8.1881005126833249E-003  0.47154356330297681       0.49473565057712476     
         222   5.0083048732068897E-002   8.2401430942929347E-003  0.47188979314425050       0.49467410058112188     
         223   4.9397540502647830E-002   8.2932987417809103E-003  0.47223163043824273       0.49461248974166006     
         224   4.8720708306224006E-002   8.3475435203354438E-003  0.47256922790392991       0.49455083424594931     
         225   4.8052426083527312E-002   8.4028894344461043E-003  0.47290265188828962       0.49448912335184309     
         226   4.7392903863033499E-002   8.4594313396926229E-003  0.47323176886292967       0.49442728374896389     
         227   4.6741753678824646E-002   8.5171178369035250E-003  0.47355680113166770       0.49436535317781427     
         228   4.6099021869984130E-002   8.5760044309387429E-003  0.47387771269349893       0.49430328858246281     
         229   4.5464485907820887E-002   8.6360811230214128E-003  0.47419462768937182       0.49424109686594242     
         230   4.4837945619177158E-002   8.6973437991640489E-003  0.47450765712231258       0.49417878077079064     
         231   4.4219839727208242E-002   8.7599453736292628E-003  0.47481653148606212       0.49411622376336489     
         232   4.3609634713919834E-002   8.8238010228004846E-003  0.47512156047423848       0.49405349044576141     
         233   4.3007283900448320E-002   8.8889457359521227E-003  0.47542276394008737       0.49399055456175756     
         234   4.2412798153727324E-002   8.9554290535281515E-003  0.47572012748594183       0.49392737895608035     
         235   4.1826001296586431E-002   9.0232551859740356E-003  0.47601374836901450       0.49386396133872973     
         236   4.1246752439131819E-002   9.0924377922153646E-003  0.47630370289680152       0.49380029255271518     
         237   4.0675201880165809E-002   9.1630617898871315E-003  0.47658989376514621       0.49373630904509674     
         238   4.0111109357603633E-002   9.2351176986679093E-003  0.47687245676858148       0.49367201989764342     
         239   3.9554332116832999E-002   9.3086204321037608E-003  0.47715146972008721       0.49360741586413925     
         240   3.9004969558404913E-002   9.3836441785618476E-003  0.47742686586270511       0.49354244230411548     
         241   3.8462695332677960E-002   9.4601608450335228E-003  0.47769883291282178       0.49347712375805175     
         242   3.7927699774483993E-002   9.5382677917622994E-003  0.47796724992101408       0.49341138819264480     
         243   3.7399601063599693E-002   9.6179250668741705E-003  0.47823233816913641       0.49334527011766527     
         244   3.6878629617777589E-002   9.6992410928598994E-003  0.47849395274204787       0.49327868938367381     
         245   3.6364443156003956E-002   9.7821871272626010E-003  0.47875229166278399       0.49321167264180360     
         246   3.5857034433987869E-002   9.8668160134031541E-003  0.47900735249279008       0.49314418356375400     
         247   3.5356449264186358E-002   9.9531936411238909E-003  0.47925910109357595       0.49307617581015178     
         248   3.4862399907995278E-002   1.0041307717356887E-002  0.47950770334039683       0.49300766466297408     
         249   3.4375019067328490E-002   1.0131246510967055E-002  0.47975307315448706       0.49293858690294029     
         250   3.3894145515257601E-002   1.0223029434253747E-002  0.47999530087245740       0.49286893370350748     
         251   3.3419538648425590E-002   1.0316659036159250E-002  0.48023452468471955       0.49279871026244765     
         252   3.2951483282785361E-002   1.0412261200080207E-002  0.48047056735046167       0.49272782434107576     
         253   3.2489507967513633E-002   1.0509786978244144E-002  0.48070370612009344       0.49265632298952283     
         254   3.2033797015088766E-002   1.0609340870353024E-002  0.48093382426524312       0.49258413165898918     
         255   3.1584201493810540E-002   1.0710951286679250E-002  0.48116100551085095       0.49251123684893039     
         256   3.1140656886540673E-002   1.0814667291638902E-002  0.48138528299612465       0.49243760905066958     
         257   3.0703054680746623E-002   1.0920529455673657E-002  0.48160671649656928       0.49236322617734679     
         258   3.0271234041339457E-002   1.1028568307582370E-002  0.48182539755948506       0.49228807500858524     
         259   2.9845464725453068E-002   1.1138911349840281E-002  0.48204115804006120       0.49221206356342162     
         260   2.9425310796812227E-002   1.1251530810528817E-002  0.48225425579455705       0.49213522739488652     
         261   2.9010936023251596E-002   1.1366533100301399E-002  0.48246458681649745       0.49205749266694659     
         262   2.8602044285227592E-002   1.1483925850489426E-002  0.48267232515765102       0.49197886777901201     
         263   2.8198779560214368E-002   1.1603813732124393E-002  0.48287737888112930       0.49189928123335341     
         264   2.7875991355882861E-002   1.1741954542764348E-002  0.48303437001186023       0.49180541081364332     
         265   2.7481163780781255E-002   1.1866264650525512E-002  0.48323571136558613       0.49172433647103186     
         266   2.7093174191452487E-002   1.1993546770133437E-002  0.48343362012596530       0.49164194818755702     
         267   2.6710418555039774E-002   1.2123545125637398E-002  0.48362906436747866       0.49155848182776685     
         268   2.6332881723192373E-002   1.2256338878402230E-002  0.48382204921243871       0.49147389053953405     
         269   2.5960497838299328E-002   1.2391999075483733E-002  0.48401261069661411       0.49138813531153980     
         270   2.5593152807082145E-002   1.2530589825482552E-002  0.48420081446937729       0.49130118433525360     
         271   2.5230949303574900E-002   1.2672218924945283E-002  0.48438659427098130       0.49121296782430668     
         272   2.4873626735444111E-002   1.2816927789705215E-002  0.48457010544066009       0.49112347650829585     
         273   2.4521166732251472E-002   1.2964806959532829E-002  0.48475135596814267       0.49103265855338318     
         274   2.4173663761387430E-002   1.3115968535504853E-002  0.48493028492725987       0.49094044274911242     
         275   2.3830904998886789E-002   1.3270472950875934E-002  0.48510701940442880       0.49084680719644619     
         276   2.3492792685873825E-002   1.3428405423729242E-002  0.48528161656635826       0.49075170906825560     
         277   2.3159314458283956E-002   1.3589868701786715E-002  0.48545408151503788       0.49065509030318527     
         278   2.2830517495118437E-002   1.3754977119213939E-002  0.48562438285080450       0.49055688238999606     
         279   2.2506257258407009E-002   1.3923817976608032E-002  0.48579260710867622       0.49045704536061330     
         280   2.2186402021862117E-002   1.4096486256556583E-002  0.48595883344310759       0.49035553465171094     
         281   2.1871102871104206E-002   1.4273120372582470E-002  0.48612296702139612       0.49025226166393671     
         282   2.1559987909237046E-002   1.4453791656926838E-002  0.48628523572130938       0.49014721302260200     
         283   2.1253336939687683E-002   1.4638661626456261E-002  0.48644546558011681       0.49004027834092589     
         284   2.0950931104201313E-002   1.4827831479464065E-002  0.48660379073879761       0.48993141736494189     
         285   2.0652716968519516E-002   1.5021429259486005E-002  0.48676024356977193       0.48982056330988033     
         286   2.0358575397408936E-002   1.5219581950468793E-002  0.48691489761341045       0.48970765544480810     
         287   2.0068657850349975E-002   1.5422446835418784E-002  0.48706765856792944       0.48959259568474722     
         288   1.9782741075241854E-002   1.5630151689686778E-002  0.48721866529550478       0.48947533164612089     
         289   1.9500812251113626E-002   1.5842850263765397E-002  0.48736792628593845       0.48935578073943126     
         290   1.9222816221668607E-002   1.6060698750919339E-002  0.48751547674941231       0.48923386276146408     
         291   1.8985131292407063E-002   1.6285337445128438E-002  0.48763851855746987       0.48910564961595604     
         292   1.8682889066764401E-002   1.6512629915254193E-002  0.48780277131169364       0.48898214008854451     
         293   1.8447208358961284E-002   1.6747354393877818E-002  0.48792599399424186       0.48884972625867040     
         294   1.8154220162911471E-002   1.6986973078039258E-002  0.48808603764019753       0.48872034144661697     
         295   1.7923947639389048E-002   1.7232733095472050E-002  0.48820732586906179       0.48858294200589875     
         296   1.7640269569903989E-002   1.7485444399886241E-002  0.48836313215206212       0.48844726524513560     
         297   1.7415313015726470E-002   1.7743074215987861E-002  0.48848256144900559       0.48830444962635133     
         298   1.7140768944171523E-002   1.8009696891891903E-002  0.48863425092718799       0.48816205834939552     
         299   1.6921007566405768E-002   1.8280108718150268E-002  0.48875191909564253       0.48801336022292180     
         300   1.6655372190880483E-002   1.8561536097831781E-002  0.48889964745002340       0.48786379956987808     
         301   1.6440640098312954E-002   1.8845737333388610E-002  0.48901568610004331       0.48770870996443522     
         302   1.6183720040482137E-002   1.9142944956137747E-002  0.48915959330125586       0.48755148183567681     
         303   1.5948127525243140E-002   1.9446188720110526E-002  0.48929070719833240       0.48738976987691718     
         304   1.5719557896116371E-002   1.9757199665724860E-002  0.48941817919819580       0.48722400788160258     
         305   1.5495015654403784E-002   2.0076648049193749E-002  0.48954393787881073       0.48705413076278298     
         306   1.5273943079677192E-002   2.0404925654444624E-002  0.48966835037363021       0.48687998859466031     
         307   1.5056124077411422E-002   2.0742402238021280E-002  0.48979156595259776       0.48670141122114319     
         308   1.4841437145780923E-002   2.1089456954855066E-002  0.48991367439271316       0.48651821525047473     
         309   1.4629940314881126E-002   2.1446440009737600E-002  0.49003464938533481       0.48633021454074005     
         310   1.4421541749428024E-002   2.1813764096485340E-002  0.49015456355620124       0.48613720632378027     
         311   1.4216208713133933E-002   2.2191848052627569E-002  0.49027345213129830       0.48593897916314477     
         312   1.4013941132049684E-002   2.2581120296191349E-002  0.49039132986949002       0.48573531364747047     
         313   1.3814678698475743E-002   2.2982057730803116E-002  0.49050825262944026       0.48552597223455218     
         314   1.3618476049182746E-002   2.3395110066040475E-002  0.49062420103176857       0.48531071941040599     
         315   1.3408056238501286E-002   2.3830381417705937E-002  0.49075081024808953       0.48508628579358631     
         316   1.3228417224339140E-002   2.4263676519536110E-002  0.49085786266913251       0.48486011354656239     
         317   1.2947288490572211E-002   2.4778768362887033E-002  0.49103495481155346       0.48460418630705449     
         318   1.2841197693986277E-002   2.5195022582397301E-002  0.49109436280659469       0.48437966707699615     
         319   1.2584473454125708E-002   2.5736497979152527E-002  0.49125787575777236       0.48410904027127077     
         320   1.2477016635428842E-002   2.6180771287461262E-002  0.49132017103790010       0.48387139454325850     
         321   1.2240475371926844E-002   2.6751193547357832E-002  0.49147287480661378       0.48358514277459241     
         322   1.2114606550364004E-002   2.7242995350503965E-002  0.49155011164162909       0.48332650649216991     
         323   1.1899683836655014E-002   2.7841972894187824E-002  0.49169099034565111       0.48302460411058545     
         324   1.1775286614812447E-002   2.8368887498965146E-002  0.49176963891642061       0.48274902762413097     
         325   1.1578334677736245E-002   2.8999518808591009E-002  0.49190113587650164       0.48243024058014583     
         326   1.1432341814393654E-002   2.9594771174128790E-002  0.49199792199813341       0.48212376587517652     
         327   1.1265901621216327E-002   3.0241635515805811E-002  0.49211099164293576       0.48179428206004771     
         328   1.1107942267718843E-002   3.0904943447214485E-002  0.49221966656916172       0.48145603656115010     
         329   1.0956988214892245E-002   3.1586574868319457E-002  0.49232498740990849       0.48110824014022557     
         330   1.0812029925108822E-002   3.2288161330958194E-002  0.49242768167035234       0.48075017894560640     
         331   1.0672407825969427E-002   3.3011101182704616E-002  0.49252823847063354       0.48038121801029615     
         332   1.0537481508793791E-002   3.3757047461437845E-002  0.49262714944481600       0.48000059587079968     
         333   1.0406363686674211E-002   3.4528501930133675E-002  0.49272511396750956       0.47960716061072617     
         334   1.0277724854132527E-002   3.5329493203104606E-002  0.49282320325954865       0.47919905711142990     
         335   1.0151341795356993E-002   3.6162273724174306E-002  0.49292167243618984       0.47877518501228811     
         336   1.0033751472753620E-002   3.7011923544698781E-002  0.49301544168738964       0.47834216565691845     
         337   1.0110454983895836E-002   3.7378440106028990E-002  0.49295654197831490       0.47812606873793950     
         338   1.0110311167341962E-002   3.7951125405861041E-002  0.49295903084926329       0.47781694650550111     
         339   1.0007970215847258E-002   3.8822800473101729E-002  0.49304431555735928       0.47737169925737483     
         340   9.8477165800691154E-003   3.9912987677123764E-002  0.49317919708714103       0.47682513950352845     
         341   9.6865454457000493E-003   4.1077207967851498E-002  0.49331875394261615       0.47624225289740529     
         342   9.5278670321316903E-003   4.2312002169806379E-002  0.49346055656974308       0.47562433863026826     
         343   9.3722848933173626E-003   4.3622237645215500E-002  0.49360445038245160       0.47496889258637498     
         344   9.2128407001300268E-003   4.5046900060254282E-002  0.49375705063157294       0.47425740912304909     
         345   9.0581176688810001E-003   4.6562260993136435E-002  0.49391145198512543       0.47350059474148637     
         346   8.9007673932280946E-003   4.8218089030117352E-002  0.49407509909075814       0.47267464468388753     
         347   8.7457616268436945E-003   5.0008855728647862E-002  0.49424441570122157       0.47178166226448803     
         348   8.5907628568615071E-003   5.1971225318889556E-002  0.49442286229920085       0.47080371803713239     
         349   8.6045185746387517E-003   5.2888832798988122E-002  0.49443501898053049       0.47032296196915341     
         350   8.2849558084478470E-003   5.6513114495997406E-002  0.49480975686135081       0.46854147167409838     
         351   8.1415405846849403E-003   5.9107011375831055E-002  0.49501407177171924       0.46724897005903027     
         352   7.9969106646266813E-003   6.2059833938973186E-002  0.49523820081405567       0.46577846279483598     
         353   7.8493689492251505E-003   6.5504249450091659E-002  0.49549031779529201       0.46406419720028041     
         354   7.6970754547572694E-003   6.9659519100839715E-002  0.49578334181752481       0.46199736690952370     
         355   7.5351567019678817E-003   7.4995187926398782E-002  0.49614564099694020       0.45934509530303508     
         356   7.3477834231412183E-003   8.2971945459685656E-002  0.49666620084742141       0.45538302356582028     
         357   7.1526832937273592E-003   9.8137964033482308E-002  0.49758131991029531       0.44784517317750977     
         358   7.5826068910065519E-003   8.2302235780600766E-002  0.49641962773152642       0.45563847542460856     
