           1   4.1083667006358642        4.1416703183623573       -3.3303617726493151E-002
           2   4.0914936844409562        4.1060101985176427       -1.4516514076686526E-002
           3   4.0767518137343508        4.0879104736157874       -1.1158659881436606E-002
           4   4.0633443121571826        4.0729423319430564       -9.5980197858738237E-003
           5   4.0508575104621203        4.0595924613509125       -8.7349508887921701E-003
           6   4.0390434424315815        4.0471442364159520       -8.1007939843704690E-003
           7   4.0277548590899039        4.0353174720025677       -7.5626129126638020E-003
           8   4.0169101452210469        4.0241176403835368       -7.2074951624898631E-003
           9   4.0075031424115330        4.0240949937871706       -1.6591851375637567E-002
          10   3.9962450588466165        4.0026398582946694       -6.3947994480528791E-003
          11   3.9863646795949492        3.9925191660085786       -6.1544864136293675E-003
          12   3.9767357327489345        3.9826679491667498       -5.9322164178152725E-003
          13   3.9673388899275648        3.9730947892100250       -5.7558992824602306E-003
          14   3.9581294843039623        3.9635238085330808       -5.3943242291185634E-003
          15   3.9491439007052209        3.9544425982470663       -5.2986975418454207E-003
          16   3.9403154840959389        3.9453123561153602       -4.9968720194213390E-003
          17   3.9316871723393443        3.9366439656077268       -4.9567932683824978E-003
          18   3.9231943048348810        3.9278899997115446       -4.6956948766636586E-003
          19   3.9148847728025182        3.9195854055959498       -4.7006327934315806E-003
          20   3.9066937378357767        3.9111609175946298       -4.4671797588531348E-003
          21   3.8986478791172128        3.9029296026409503       -4.2817235237375684E-003
          22   3.8907625453082071        3.8950911826125236       -4.3286373043165405E-003
          23   3.8829784968028460        3.8871079600871989       -4.1294632843529300E-003
          24   3.8753247825850883        3.8793037112829163       -3.9789286978280103E-003
          25   3.8677925522825620        3.8716270068323131       -3.8344545497510651E-003
          26   3.8604030048059617        3.8643235318305793       -3.9205270246176482E-003
          27   3.8530989687133279        3.8568518389526609       -3.7528702393330171E-003
          28   3.8459111477768104        3.8495466340151618       -3.6354862383514153E-003
          29   3.8388312308621924        3.8423505057360656       -3.5192748738732682E-003
          30   3.8318572712923751        3.8352681983461001       -3.4109270537250325E-003
          31   3.8249865876347515        3.8282954018148510       -3.3088141800994286E-003
          32   3.8182394588115329        3.8216658227107105       -3.4263638991776091E-003
          33   3.8115634243949743        3.8148544356785670       -3.2910112835926597E-003
          34   3.8049887719336497        3.8081954414125776       -3.2066694789278927E-003
          35   3.7985078215718930        3.8016271574249667       -3.1193358530736681E-003
          36   3.7921196162331663        3.7951573557153409       -3.0377394821745618E-003
          37   3.7858221787655792        3.7887821771242529       -2.9599983586736656E-003
          38   3.7796138008035784        3.7824998310006737       -2.8860301970952129E-003
          39   3.7735140118001951        3.7765418935774315       -3.0278817772364519E-003
          40   3.7674742596577779        3.7703904039300968       -2.9161442723188991E-003
          41   3.7615235510931790        3.7643785249724306       -2.8549738792515988E-003
          42   3.7556549260971783        3.7584437901069614       -2.7888640097830653E-003
          43   3.7498678985270613        3.7525948794843380       -2.7269809572767478E-003
          44   3.7442114622655076        3.7474086333446870       -3.1971710791793839E-003
          45   3.7385271315593127        3.7410775377863943       -2.5504062270815808E-003
          46   3.7330313523368175        3.7361134882554876       -3.0821359186701258E-003
          47   3.7275451171054570        3.7304519476683917       -2.9068305629347257E-003
          48   3.7221461412812058        3.7250097445693107       -2.8636032881048656E-003
          49   3.7168196787994545        3.7196265011424625       -2.8068223430079975E-003
          50   3.7115662521442263        3.7143205146168063       -2.7542624725800380E-003
          51   3.7063845540519060        3.7090881077835016       -2.7035537315955871E-003
          52   3.7012735193743320        3.7039281892257394       -2.6546698514073874E-003
          53   3.6962321077993843        3.6988396858141868       -2.6075780148024919E-003
          54   3.6912593127480946        3.6938216692738970       -2.5623565258023895E-003
          55   3.6863541195576102        3.6888728469184930       -2.5187273608828775E-003
          56   3.6815155434546045        3.6839920431585589       -2.4764997039543601E-003
          57   3.6767426558285021        3.6791785590249995       -2.4359031964973354E-003
          58   3.6720345051691945        3.6744311703522210       -2.3966651830265029E-003
          59   3.6673901697806368        3.6697488092961725       -2.3586395155357209E-003
          60   3.6628087699045984        3.6651307438983780       -2.3219739937796469E-003
          61   3.6582894175994478        3.6605759269135034       -2.2865093140556070E-003
          62   3.6538312519657477        3.6560834683392378       -2.2522163734901568E-003
          63   3.6494334297763764        3.6516525225300520       -2.2190927536756000E-003
          64   3.6450951074067888        3.6472820447063530       -2.1869372995642067E-003
          65   3.6408154648075364        3.6429711256509285       -2.1556608433921376E-003
          66   3.6365937245509694        3.6387192750211836       -2.1255504702142325E-003
          67   3.6324290767765022        3.6345253712725216       -2.0962944960194463E-003
          68   3.6283207398271946        3.6303885142227004       -2.0677743955057615E-003
          69   3.6242679731449998        3.6263082300943195       -2.0402569493196410E-003
          70   3.6202700021712908        3.6222833869924642       -2.0133848211734140E-003
          71   3.6163261061139500        3.6183134781441817       -1.9873720302316933E-003
          72   3.6124355487061215        3.6143976118867682       -1.9620631806467337E-003
          73   3.6085976095194581        3.6105349743204207       -1.9373648009626265E-003
          74   3.6048115976674429        3.6067250477058184       -1.9134500383755082E-003
          75   3.6010768085834184        3.6029669570743703       -1.8901484909519262E-003
          76   3.5973925593800646        3.5992600109019914       -1.8674515219267995E-003
          77   3.5937581776559884        3.5956035363093184       -1.8453586533300204E-003
          78   3.5901729969832448        3.5919968106221125       -1.8238136388677439E-003
          79   3.5866363652619837        3.5884391970259295       -1.8028317639458002E-003
          80   3.5831476325367704        3.5849299529359615       -1.7823203991911285E-003
          81   3.5797061658462770        3.5814684719863314       -1.7623061400544593E-003
          82   3.5763113396772890        3.5780541355452877       -1.7427958679987476E-003
          83   3.5729625376036993        3.5746863412423271       -1.7238036386277855E-003
          84   3.5696591448116841        3.5713643777385760       -1.7052329268918420E-003
          85   3.5664005590426853        3.5680876119966372       -1.6870529539518841E-003
          86   3.5631861902655730        3.5648554891516939       -1.6692988861208846E-003
          87   3.5600154567954525        3.5616674707919427       -1.6520139964901759E-003
          88   3.5568877726969998        3.5585228112358442       -1.6350385388443911E-003
          89   3.5538025786417853        3.5554211082814011       -1.6185296396158400E-003
          90   3.5507592981075726        3.5523615208425414       -1.6022227349687945E-003
          91   3.5477573967539753        3.5493438473852965       -1.5864506313212345E-003
          92   3.5447963088130128        3.5463671833521806       -1.5708745391678214E-003
          93   3.5418755070573549        3.5434312097812954       -1.5557027239405663E-003
          94   3.5389944518595717        3.5405352517707036       -1.5407999111318738E-003
          95   3.5361526216955159        3.5376788515703401       -1.5262298748242031E-003
          96   3.5333494978404256        3.5348614813385133       -1.5119834980876767E-003
          97   3.5305845651559324        3.5320825585959583       -1.4979934400258799E-003
          98   3.5278573198390424        3.5293415972688664       -1.4842774298240435E-003
          99   3.5251672660369802        3.5266381488189267       -1.4708827819465142E-003
         100   3.5225139007374588        3.5239714934175672       -1.4575926801083661E-003
         101   3.5198967556006937        3.5213414964334437       -1.4447408327500355E-003
         102   3.5173153345074035        3.5187473305512276       -1.4319960438240464E-003
         103   3.5147691706544952        3.5161886505484499       -1.4194798939546338E-003
         104   3.5122578059174203        3.5136651797654070       -1.4073738479867259E-003
         105   3.5097807656976117        3.5111761674205892       -1.3954017229775850E-003
         106   3.5073375981711234        3.5087212272164754       -1.3836290453519418E-003
         107   3.5049278568642839        3.5062999707747236       -1.3721139104396762E-003
         108   3.5025510920311218        3.5039118153184776       -1.3607232873558139E-003
         109   3.5002068712261050        3.5015564423930692       -1.3495711669642141E-003
         110   3.4978947616404423        3.4992334077041192       -1.3386460636768405E-003
         111   3.4956143346484283        3.4969422407029809       -1.3279060545525745E-003
         112   3.4933651676709268        3.4946824884918852       -1.3173208209584786E-003
         113   3.4911468484529755        3.4924538198945920       -1.3069714416165112E-003
         114   3.4889589636468674        3.4902557589233902       -1.2967952765228219E-003
         115   3.4868011075791925        3.4880878914644735       -1.2867838852810287E-003
         116   3.4846728813129371        3.4859498463991581       -1.2769650862209936E-003
         117   3.4825738889705002        3.4838412079232155       -1.2673189527152573E-003
         118   3.4805037439722040        3.4817616724824250       -1.2579285102209958E-003
         119   3.4784620527377523        3.4797106392572115       -1.2485865194591383E-003
         120   3.4764484351675216        3.4776877238259511       -1.2392886584295937E-003
         121   3.4744625264595199        3.4756928183510167       -1.2302918914968153E-003
         122   3.4725039502514590        3.4737254010788581       -1.2214508273991065E-003
         123   3.4705723384819009        3.4717850432257946       -1.2127047438936778E-003
         124   3.4686673343156320        3.4698714942230682       -1.2041599074361642E-003
         125   3.4667885789383459        3.4679843337354890       -1.1957547971430671E-003
         126   3.4649357195377339        3.4661231821522605       -1.1874626145265132E-003
         127   3.4631084099555323        3.4642877233413509       -1.1793133858186700E-003
         128   3.4613063108251190        3.4624777136331328       -1.1714028080138661E-003
         129   3.4595290789224791        3.4606926816481081       -1.1636027256289871E-003
         130   3.4577763792896650        3.4589322684339860       -1.1558891443210761E-003
         131   3.4560478849790779        3.4571962260881910       -1.1483411091131046E-003
         132   3.4543543842591502        3.4558117605392766       -1.4573762801264323E-003
         133   3.4526818851237424        3.4543816870906023       -1.6998019668599262E-003
         134   3.4510076924944642        3.4522305882414388       -1.2228957469746504E-003
         135   3.4493733866982579        3.4506077200502405       -1.2343333519826416E-003
         136   3.4477609743481392        3.4489856676320008       -1.2246932838615443E-003
         137   3.4461709521300503        3.4473884053542125       -1.2174532241622238E-003
         138   3.4446029340690938        3.4458130365678032       -1.2101024987094533E-003
         139   3.4430566324648231        3.4442595630026767       -1.2029305378535859E-003
         140   3.4415317533210001        3.4427276767248718       -1.1959234038716460E-003
         141   3.4400280060043298        3.4412170582866741       -1.1890522823443384E-003
         142   3.4385451036945520        3.4397273931349037       -1.1822894403517026E-003
         143   3.4370827650031379        3.4382584263751399       -1.1756613720019793E-003
         144   3.4356407125728570        3.4368099205675473       -1.1692079946903355E-003
         145   3.4342186700911865        3.4353815558195335       -1.1628857283469962E-003
         146   3.4328163647401433        3.4339730111421694       -1.1566464020260625E-003
         147   3.4314341626697744        3.4326061997090993       -1.1720370393248913E-003
         148   3.4300751122661954        3.4313985585636146       -1.3234462974192063E-003
         149   3.4287252512861088        3.4298650837881959       -1.1398325020870459E-003
         150   3.4274042931939968        3.4287154174980046       -1.3111243040078158E-003
         151   3.4260916788092657        3.4272196438134670       -1.1279650042013145E-003
         152   3.4248071038865406        3.4261023817266589       -1.2952778401182918E-003
         153   3.4235308506912481        3.4246477785522127       -1.1169278609646227E-003
         154   3.4222816669149632        3.4235615569299824       -1.2798900150192694E-003
         155   3.4210407834410455        3.4221469317387472       -1.1061482977017256E-003
         156   3.4198260409441681        3.4210910235758729       -1.2649826317048252E-003
         157   3.4186195613490322        3.4197151904763854       -1.0956291273531704E-003
         158   3.4174534833695840        3.4192869140933961       -1.8334307238121461E-003
         159   3.4162645119051875        3.4173183657709072       -1.0538538657196561E-003
         160   3.4151168588519578        3.4163594856365300       -1.2426267845722094E-003
         161   3.4139762391378725        3.4150516572668019       -1.0754181289294173E-003
         162   3.4128645801056732        3.4142979185373674       -1.4333384316942421E-003
         163   3.4117504016038644        3.4128099662706721       -1.0595646668076775E-003
         164   3.4106695902756905        3.4120872727966840       -1.4176825209935018E-003
         165   3.4095863898069849        3.4106366169189366       -1.0502271119516848E-003
         166   3.4085354129082668        3.4099366665642212       -1.4012536559544486E-003
         167   3.4074823730407542        3.4085236820267903       -1.0413089860361602E-003
         168   3.4064604241772818        3.4078458034741725       -1.3853792968907541E-003
         169   3.4054367102418350        3.4064692128017122       -1.0325025598771909E-003
         170   3.4044356390971942        3.4054804271541097       -1.0447880569155465E-003
         171   3.4034481493692330        3.4044871026048256       -1.0389532355925546E-003
         172   3.4024744993082168        3.4035092639393878       -1.0347646311710257E-003
         173   3.4015144600766520        3.4025449469398494       -1.0304868631973996E-003
         174   3.4005678479464594        3.4015941231640658       -1.0262752176064538E-003
         175   3.3996344780212517        3.4006565999348215       -1.0221219135697623E-003
         176   3.3987141664232641        3.3997321153661999       -1.0179489429358313E-003
         177   3.3978134050228177        3.3991453703371941       -1.3319653143764043E-003
         178   3.3969116990310990        3.3979066111455842       -9.9491211448521355E-004
         179   3.3960362697552862        3.3973572111952177       -1.3209414399315555E-003
         180   3.3951596600614695        3.3961466838120784       -9.8702375060888414E-004
         181   3.3943085129545563        3.3956161253712653       -1.3076124167090697E-003
         182   3.3934563651784813        3.3944359000507638       -9.7953487228252811E-004
         183   3.3926288325316456        3.3939233100959982       -1.2944775643526363E-003
         184   3.3918026300177271        3.3928860321644994       -1.0834021467722721E-003
         185   3.3909924055377201        3.3920917566082887       -1.0993510705685772E-003
         186   3.3901931116252486        3.3912859443366767       -1.0928327114281267E-003
         187   3.3894050709532286        3.3904936953136686       -1.0886243604399937E-003
         188   3.3886280801475221        3.3897122808199160       -1.0842006723938979E-003
         189   3.3878619910877186        3.3889418045388631       -1.0798134511444957E-003
         190   3.3871066551489517        3.3881822383746525       -1.0755832257007825E-003
         191   3.3863619196035906        3.3874332165792604       -1.0712969756698776E-003
         192   3.3856276392776561        3.3866946821354706       -1.0670428578145597E-003
         193   3.3849036726763302        3.3859666806047000       -1.0630079283697746E-003
         194   3.3841898702704363        3.3852486870381506       -1.0588167677143545E-003
         195   3.3834860954309547        3.3845408070333289       -1.0547116023742475E-003
         196   3.3827922101638745        3.3838429629199775       -1.0507527561030017E-003
         197   3.3821080735743747        3.3831547959960169       -1.0467224216421656E-003
         198   3.3814335534263669        3.3824763510769613       -1.0427976505944514E-003
         199   3.3807685142164843        3.3818073710881591       -1.0388568716748203E-003
         200   3.3801128267743392        3.3811478739629726       -1.0350471886333423E-003
         201   3.3794663582417810        3.3804975451521297       -1.0311869103487581E-003
         202   3.3788289833164571        3.3798564274430736       -1.0274441266164835E-003
         203   3.3782005740248904        3.3792242937866428       -1.0237197617524174E-003
         204   3.3775810069198404        3.3786010930855888       -1.0200861657483351E-003
         205   3.3769701570723005        3.3779865737247046       -1.0164166524040397E-003
         206   3.3763679042903521        3.3773806811918892       -1.0127769015371157E-003
         207   3.3757741308253393        3.3767834172218278       -1.0092863964885623E-003
         208   3.3751906982260662        3.3763268291598934       -1.1361309338271397E-003
         209   3.3746131924963185        3.3757249290073936       -1.1117365110751010E-003
         210   3.3740441623095552        3.3751543672598072       -1.1102049502520472E-003
         211   3.3734830986564197        3.3745885287223540       -1.1054300659343319E-003
         212   3.3729299441727503        3.3740309690474373       -1.1010248746869955E-003
         213   3.3723845854521572        3.3734813569526447       -1.0967715004874812E-003
         214   3.3718469130853337        3.3729395315166069       -1.0926184312731735E-003
         215   3.3713168161865874        3.3724051206195789       -1.0883044329914604E-003
         216   3.3707941968622097        3.3718785688474120       -1.0843719852022815E-003
         217   3.3702789440017766        3.3713592835686814       -1.0803395669047866E-003
         218   3.3697709561875748        3.3708472572100154       -1.0763010224406067E-003
         219   3.3692701342531981        3.3703425493431656       -1.0724150899674711E-003
         220   3.3687763765159944        3.3698449363076795       -1.0685597916850753E-003
         221   3.3682895845784584        3.3693543352472339       -1.0647506687755381E-003
         222   3.3678096621228821        3.3688707190404181       -1.0610569175359963E-003
         223   3.3673365111851830        3.3683938370002555       -1.0573258150725628E-003
         224   3.3668700391379338        3.3679237434998774       -1.0537043619436304E-003
         225   3.3664101530017696        3.3674603706699888       -1.0502176682192221E-003
         226   3.3659567573662019        3.3670033620194295       -1.0466046532275897E-003
         227   3.3655097647424754        3.3665528789097978       -1.0431141673223898E-003
         228   3.3650690840932813        3.3661087094014728       -1.0396253081914608E-003
         229   3.3646346285670070        3.3656708765648125       -1.0362479978054395E-003
         230   3.3642063122768029        3.3652393869024517       -1.0330746256488332E-003
         231   3.3637840436534625        3.3648136902879493       -1.0296466344867916E-003
         232   3.3633677428331903        3.3643940869741931       -1.0263441410027774E-003
         233   3.3629573258568262        3.3639804545694862       -1.0231287126600819E-003
         234   3.3625527093286389        3.3635726212193964       -1.0199118907574523E-003
         235   3.3621538129889199        3.3631705817329931       -1.0167687440731932E-003
         236   3.3617605573291769        3.3627743016887459       -1.0137443595690243E-003
         237   3.3613728609051181        3.3623834903449330       -1.0106294398148918E-003
         238   3.3609906474770361        3.3619982044163721       -1.0075569393359629E-003
         239   3.3606138408575923        3.3616184168999172       -1.0045760423249561E-003
         240   3.3602423634300433        3.3612438855544577       -1.0015221244144001E-003
         241   3.3598761430362272        3.3608747512109658       -9.9860817473862440E-004
         242   3.3595151032388944        3.3605106923076091       -9.9558906871477504E-004
         243   3.3591591745050984        3.3601519048991144       -9.9273039401603924E-004
         244   3.3588082820625300        3.3597980320987015       -9.8975003617152169E-004
         245   3.3584623579770687        3.3594492391834181       -9.8688120634937704E-004
         246   3.3581213318955139        3.3591053882972353       -9.8405640172138931E-004
         247   3.3577851339130502        3.3587662939129475       -9.8115999989722980E-004
         248   3.3574536984548162        3.3584320783421013       -9.7837988728510794E-004
         249   3.3571269566633899        3.3581024782756201       -9.7552161223024569E-004
         250   3.3568048435796158        3.3577775031901118       -9.7265961049597394E-004
         251   3.3564872959563492        3.3574572389715551       -9.6994301520592074E-004
         252   3.3561742462089588        3.3571412826881155       -9.6703647915674651E-004
         253   3.3558656352099963        3.3568299402491717       -9.6430503917543930E-004
         254   3.3555613981774131        3.3565229042907556       -9.6150611334255842E-004
         255   3.3552614745315616        3.3562201817736250       -9.5870724206337243E-004
         256   3.3549658037178749        3.3559217019873584       -9.5589826948350165E-004
         257   3.3546743264715664        3.3556274375669775       -9.5311109541107442E-004
         258   3.3543869848932415        3.3553374136608460       -9.5042876760453865E-004
         259   3.3541037176451023        3.3550512416380021       -9.4752399289976807E-004
         260   3.3538244712066794        3.3547692147214403       -9.4474351476092622E-004
         261   3.3535491869253282        3.3544910480227670       -9.4186109743876756E-004
         262   3.3532778115039323        3.3542169054733444       -9.3909396941205259E-004
         263   3.3530102880759940        3.3539465221263733       -9.3623405037934759E-004
         264   3.3527458206579643        3.3536055056705960       -8.5968501263167241E-004
         265   3.3524858651769649        3.3533447030973806       -8.5883792041574480E-004
         266   3.3522295878860899        3.3530860945206515       -8.5650663456160459E-004
         267   3.3519769522694376        3.3528311522235752       -8.5419995413760219E-004
         268   3.3517279068331574        3.3525797733788685       -8.5186654571112186E-004
         269   3.3514824013159741        3.3523319067696189       -8.4950545364481655E-004
         270   3.3512403866568112        3.3520875520960551       -8.4716543924390209E-004
         271   3.3510018123411904        3.3518464885004371       -8.4467615924666006E-004
         272   3.3507666321831060        3.3516088683860814       -8.4223620297541046E-004
         273   3.3505347982729727        3.3513745980619332       -8.3979978896042695E-004
         274   3.3503062622405837        3.3511434662935633       -8.3720405297960099E-004
         275   3.3500809794820934        3.3509155824586063       -8.3460297651294368E-004
         276   3.3498589049099738        3.3506909391650659       -8.3203425509204010E-004
         277   3.3496399932291663        3.3504694405021893       -8.2944727302303178E-004
         278   3.3494241991775642        3.3502509268203169       -8.2672764275271149E-004
         279   3.3492114800868542        3.3500354435438737       -8.2396345701951645E-004
         280   3.3490017938051149        3.3498230255902501       -8.2123178513526796E-004
         281   3.3487950958823576        3.3496134029258031       -8.1830704344554306E-004
         282   3.3485913479041631        3.3494068744522170       -8.1552654805383540E-004
         283   3.3483905052922127        3.3492030300396207       -8.1252474740800551E-004
         284   3.3481925292593728        3.3490020050654268       -8.0947580605394975E-004
         285   3.3479973798953169        3.3488037557159083       -8.0637582059139845E-004
         286   3.3478050185804054        3.3486083133079876       -8.0329472758222664E-004
         287   3.3476154043816684        3.3484154059635247       -8.0000158185633552E-004
         288   3.3474285009434461        3.3482251837768260       -7.9668283337985812E-004
         289   3.3472442702314820        3.3480375616315889       -7.9329140010697685E-004
         290   3.3470626752263186        3.3478525033344142       -7.8982810809558046E-004
         291   3.3468832758549127        3.3476276372798131       -7.4436142490030832E-004
         292   3.3467071968617716        3.3474846873036763       -7.7749044190467131E-004
         293   3.3465329444600136        3.3472707393017846       -7.3779484177105559E-004
         294   3.3463618725045614        3.3471310991331307       -7.6922662856926394E-004
         295   3.3461925880767245        3.3469238069392833       -7.3121886255878010E-004
         296   3.3460263826710555        3.3467869832098054       -7.6060053874993372E-004
         297   3.3458619299161039        3.3465861252079603       -7.2419529185641096E-004
         298   3.3457004572429421        3.3464518976279685       -7.5144038502639177E-004
         299   3.3455407043585086        3.3462572922433096       -7.1658788480100100E-004
         300   3.3453838352167149        3.3461255048831089       -7.4166966639399590E-004
         301   3.3452286550633961        3.3459370336072767       -7.0837854388061672E-004
         302   3.3450762638597467        3.3458074972838165       -7.3123342406988812E-004
         303   3.3449258556967343        3.3456576394915185       -7.3178379478422428E-004
         304   3.3447775733323359        3.3455051098962505       -7.2753656391455479E-004
         305   3.3446314236080386        3.3453535632185663       -7.2213961052769449E-004
         306   3.3444873839717166        3.3452036083244798       -7.1622435276319507E-004
         307   3.3443454281811511        3.3450554286018077       -7.1000042065660907E-004
         308   3.3442055293330113        3.3449090904678886       -7.0356113487735072E-004
         309   3.3440676586215488        3.3447644259794949       -6.9676735794610423E-004
         310   3.3439317897177299        3.3446214642327230       -6.8967451499313270E-004
         311   3.3437978959856105        3.3444801574040119       -6.8226141840144194E-004
         312   3.3436659507987190        3.3443404134856971       -6.7446268697812783E-004
         313   3.3435359288520230        3.3442022218617731       -6.6629300975007411E-004
         314   3.3434078036442010        3.3440654144233499       -6.5761077914894273E-004
         315   3.3432818106191839        3.3439539898032473       -6.7217918406337063E-004
         316   3.3431572477152680        3.3438051734040992       -6.4792568883120794E-004
         317   3.3430361480366240        3.3438055949054153       -7.6944686879132362E-004
         318   3.3429141398538382        3.3435630722541139       -6.4893240027563692E-004
         319   3.3427963810158579        3.3435415440098621       -7.4516299400428920E-004
         320   3.3426779736126750        3.3433096153530020       -6.3164174032692699E-004
         321   3.3425635113028829        3.3432708608297763       -7.0734952689344155E-004
         322   3.3424489164785705        3.3430746643006048       -6.2574782203439483E-004
         323   3.3423376256926089        3.3430156127073762       -6.7798701476728951E-004
         324   3.3422264301864066        3.3428260365505045       -5.9960636409783774E-004
         325   3.3421182679613963        3.3427508232411438       -6.3255527974748205E-004
         326   3.3420108357772680        3.3426029670125295       -5.9213123526147271E-004
         327   3.3419054620105642        3.3424912318440483       -5.8576983348412881E-004
         328   3.3418015738345486        3.3423711791244952       -5.6960528994665083E-004
         329   3.3416991749612075        3.3422447841544627       -5.4560919325519208E-004
         330   3.3415982623199252        3.3421133628080786       -5.1510048815339715E-004
         331   3.3414988274912418        3.3419777219966185       -4.7889450537663691E-004
         332   3.3414008633601218        3.3418386699261240       -4.3780656600223011E-004
         333   3.3413043704774346        3.3416974471266103       -3.9307664917576091E-004
         334   3.3412093628859525        3.3415560617276232       -3.4669884167071174E-004
         335   3.3411158314146050        3.3414147570879136       -2.9892567330858100E-004
         336   3.3410235941784419        3.3412625573557206       -2.3896317727878369E-004
         337   3.3409277839438469        3.3407899827774532        1.3780116639372508E-004
         338   3.3408353061254616        3.3404472523333779        3.8805379208373125E-004
         339   3.3407468490458379        3.3402760398376174        4.7080920822040184E-004
         340   3.3406614173038189        3.3402048566222997        4.5656068151922469E-004
         341   3.3405775694869937        3.3401396594898638        4.3790999712989276E-004
         342   3.3404952212626435        3.3400746124664158        4.2060879622773939E-004
         343   3.3404143632874264        3.3400084888141479        4.0587447327844473E-004
         344   3.3403352456140718        3.3399532407632062        3.8200485086559155E-004
         345   3.3402576181967807        3.3398937959764390        3.6382222034170297E-004
         346   3.3401817852465703        3.3398429094557249        3.3887579084534991E-004
         347   3.3401076270685079        3.3397915715735418        3.1605549496616092E-004
         348   3.3400353169218135        3.3397436823113003        2.9163461051329165E-004
         349   3.3399569254029418        3.3393902145437115        5.6671085923021280E-004
         350   3.3398965336114368        3.3396490438307733        2.4748978066346794E-004
         351   3.3398299563890079        3.3395871924934388        2.4276389556909805E-004
         352   3.3397659701117979        3.3395283580429274        2.3761206887051856E-004
         353   3.3397051623806577        3.3394743445429005        2.3081783775724674E-004
         354   3.3396485102169788        3.3394262171634623        2.2229305351650908E-004
         355   3.3395981656812830        3.3393881760933861        2.0998958789686384E-004
         356   3.3395609619109545        3.3393747751422151        1.8618676873938256E-004
         357   3.3395575075145740        3.3392766881795515        2.8081933502255296E-004
         358   3.3394045711087439        3.3382524467212007        1.1521243875431963E-003
