           1 -0.11285466256594708        1.2312623602563910E-003
           2  -4.9759605839771848E-002   5.6100098868583359E-004
           3  -3.8580901633551594E-002   4.4761164900553041E-004
           4  -3.3430259523988468E-002   3.9703016555581172E-004
           5  -3.0624090024904814E-002   3.7098098164900506E-004
           6  -2.8571621323447018E-002   3.5214699779029246E-004
           7  -2.6822929177465270E-002   3.3571756705219613E-004
           8  -2.5697772665165076E-002   3.2614445317991070E-004
           9  -5.9349715132277776E-002   7.6141467557855336E-004
          10  -2.3024420937241167E-002   2.9947410990649459E-004
          11  -2.2260713202460685E-002   2.9274419293701115E-004
          12  -2.1551604629811552E-002   2.8636125464709394E-004
          13  -2.1000344178215582E-002   2.8177090757042222E-004
          14  -1.9763642949482615E-002   2.6763279306063481E-004
          15  -1.9491261541627530E-002   2.6627906090803677E-004
          16  -1.8453922087287605E-002   2.5422803905916780E-004
          17  -1.8375632335114387E-002   2.5519945860796867E-004
          18  -1.7473524593531110E-002   2.4454709591559265E-004
          19  -1.7555424663496483E-002   2.4753496039586764E-004
          20  -1.6743994743644821E-002   2.3778595796697388E-004
          21  -1.6105697229411405E-002   2.3030691942604875E-004
          22  -1.6337691210382425E-002   2.3520617762295970E-004
          23  -1.5639241038548461E-002   2.2661047457628314E-004
          24  -1.5119570461160813E-002   2.2046078024251514E-004
          25  -1.4618516531938587E-002   2.1445857634683207E-004
          26  -1.4993982289304229E-002   2.2129300839424104E-004
          27  -1.4398610030788361E-002   2.1373099858523759E-004
          28  -1.3991872786974712E-002   2.0886287771082479E-004
          29  -1.3586329282332318E-002   2.0392119945400466E-004
          30  -1.3207967584384927E-002   1.9930209058927062E-004
          31  -1.2850806316834112E-002   1.9492394986952988E-004
          32  -1.3345510660753051E-002   2.0348023022531692E-004
          33  -1.2855634193373990E-002   1.9697995685996617E-004
          34  -1.2561898011203455E-002   1.9341375312409426E-004
          35  -1.2254150297628809E-002   1.8956978881723430E-004
          36  -1.1966681504768970E-002   1.8598061892083351E-004
          37  -1.1692290310857273E-002   1.8253954935021355E-004
          38  -1.1430809844602836E-002   1.7924819408854376E-004
          39  -1.2023539265022330E-002   1.8938712242544398E-004
          40  -1.1610341579482578E-002   1.8364812947346820E-004
          41  -1.1396113208129421E-002   1.8100825623790229E-004
          42  -1.1160565787514159E-002   1.7798656347656205E-004
          43  -1.0940308129067650E-002   1.7516740441481105E-004
          44  -1.2856607348900071E-002   2.0664407372450455E-004
          45  -1.0282500041063423E-002   1.6589818494949782E-004
          46  -1.2454271836667819E-002   2.0167761342326784E-004
          47  -1.1773845095296233E-002   1.9138719966171891E-004
          48  -1.1625942038948395E-002   1.8965053235175944E-004
          49  -1.1421738986712887E-002   1.8697001256962054E-004
          50  -1.1233385191953178E-002   1.8451456376489261E-004
          51  -1.1051326074180596E-002   1.8213116468057677E-004
          52  -1.0875526026780390E-002   1.7982061386945247E-004
          53  -1.0705915238061239E-002   1.7758358222330628E-004
          54  -1.0542880765773210E-002   1.7542802671677293E-004
          55  -1.0385342669954683E-002   1.7333747277525902E-004
          56  -1.0232570090668594E-002   1.7130102564522076E-004
          57  -1.0085562972656913E-002   1.6933678402253349E-004
          58  -9.9432467922773889E-003   1.6742794323842958E-004
          59  -9.8050620042185333E-003   1.6556618442997717E-004
          60  -9.6716668156208961E-003   1.6376367462234143E-004
          61  -9.5424422458853381E-003   1.6201101913049243E-004
          62  -9.4173080981016927E-003   1.6030777645026362E-004
          63  -9.2962927320739894E-003   1.5865545645032952E-004
          64  -9.1785917519602231E-003   1.5704113004755271E-004
          65  -9.0638642445588016E-003   1.5545966546026690E-004
          66  -8.9533473205483365E-003   1.5393323518875235E-004
          67  -8.8457644980541456E-003   1.5244052478857739E-004
          68  -8.7406428352614172E-003   1.5097412144005062E-004
          69  -8.6391373056757901E-003   1.4955455898224557E-004
          70  -8.5397638763453146E-003   1.4815680605373416E-004
          71  -8.4434535837831486E-003   1.4679759162294914E-004
          72  -8.3495719821385043E-003   1.4546648418711783E-004
          73  -8.2577434776394884E-003   1.4415747334028950E-004
          74  -8.1687281630066812E-003   1.4288423519159821E-004
          75  -8.0818205522805789E-003   1.4163502457309463E-004
          76  -7.9970031654655587E-003   1.4041000129605408E-004
          77  -7.9142939977155380E-003   1.3920982096982115E-004
          78  -7.8334690126286716E-003   1.3803109112142664E-004
          79  -7.7546126142461549E-003   1.3687554857932938E-004
          80  -7.6773419717479372E-003   1.3573693925295061E-004
          81  -7.6017877906833266E-003   1.3461783169654851E-004
          82  -7.5279945986053325E-003   1.3351941282158108E-004
          83  -7.4560381351894411E-003   1.3244338414741819E-004
          84  -7.3855164574033582E-003   1.3138284753200224E-004
          85  -7.3163083509058084E-003   1.3033603083290046E-004
          86  -7.2485792398230371E-003   1.2930611384831536E-004
          87  -7.1825296885616513E-003   1.2829697393224038E-004
          88  -7.1174777670680450E-003   1.2729670256428349E-004
          89  -7.0541180595775129E-003   1.2631798407269912E-004
          90  -6.9913091751827340E-003   1.2534063717017929E-004
          91  -6.9305135325433333E-003   1.2439098877514709E-004
          92  -6.8702613488457890E-003   1.2344310070044884E-004
          93  -6.8114732220752065E-003   1.2251356332715346E-004
          94  -6.7535667387011531E-003   1.2159216147944463E-004
          95  -6.6968290927023550E-003   1.2068435811363187E-004
          96  -6.6412316219425444E-003   1.1978961288861001E-004
          97  -6.5864849999746709E-003   1.1890312360485211E-004
          98  -6.5326766871877696E-003   1.1802646911451831E-004
          99  -6.4800212393819898E-003   1.1716386548776825E-004
         100  -6.4275730524485705E-003   1.1629820197800456E-004
         101  -6.3768084593356861E-003   1.1545646717836533E-004
         102  -6.3262744612266079E-003   1.1461251541078354E-004
         103  -6.2765151425221511E-003   1.1377617705221610E-004
         104  -6.2283368934986103E-003   1.1296250260217633E-004
         105  -6.1805282705538226E-003   1.1214938526515894E-004
         106  -6.1333832084819800E-003   1.1134244074728628E-004
         107  -6.0871643831774003E-003   1.1054663525467134E-004
         108  -6.0412897741730217E-003   1.0975131420121187E-004
         109  -5.9962695591470249E-003   1.0896594043341423E-004
         110  -5.9520576982597748E-003   1.0818987656868728E-004
         111  -5.9084736593920514E-003   1.0741991481300062E-004
         112  -5.8653878682600243E-003   1.0665377236174223E-004
         113  -5.8231663050106620E-003   1.0589817682449265E-004
         114  -5.7815345251151663E-003   1.0514829533248005E-004
         115  -5.7404595037454818E-003   1.0440362061592268E-004
         116  -5.7000696137501647E-003   1.0366659377458731E-004
         117  -5.6602817792996592E-003   1.0293565473995514E-004
         118  -5.6214684277579117E-003   1.0221793278208935E-004
         119  -5.5827107591201420E-003   1.0149654240798611E-004
         120  -5.5439916024065134E-003   1.0077136060049341E-004
         121  -5.5064633043349250E-003   1.0006343462221068E-004
         122  -5.4694801086424688E-003   9.9361076663750936E-005
         123  -5.4327737945627326E-003   9.8659486351682091E-005
         124  -5.3968240429533324E-003   9.7967396306408716E-005
         125  -5.3613576818897449E-003   9.7280035772140394E-005
         126  -5.3262591278562550E-003   9.6595244088337751E-005
         127  -5.2916658083253382E-003   9.5915607405849812E-005
         128  -5.2580087098456785E-003   9.5249141327080622E-005
         129  -5.2247181795611278E-003   9.4585372943711832E-005
         130  -5.1916878950480725E-003   9.3922582816041711E-005
         131  -5.1592770792104154E-003   9.3267155694132242E-005
         132  -6.5507881583157625E-003   1.1808896399934099E-004
         133  -7.6400651528046809E-003   1.3769203949998143E-004
         134  -5.4986885771989178E-003   9.9086757014976712E-005
         135  -5.5505577603633446E-003   9.9994169233230679E-005
         136  -5.5084095190789367E-003   9.9120348760806110E-005
         137  -5.4767891291318486E-003   9.8446278394614950E-005
         138  -5.4445601533301769E-003   9.7756737656329307E-005
         139  -5.4130142284188930E-003   9.7076193541489886E-005
         140  -5.3820906379018450E-003   9.6403628186525481E-005
         141  -5.3516639076081349E-003   9.5736629882825497E-005
         142  -5.3216112283573759E-003   9.5073058112404851E-005
         143  -5.2920524516439421E-003   9.4415228879984880E-005
         144  -5.2631703852334391E-003   9.3766294342767509E-005
         145  -5.2347709548019516E-003   9.3122807816925501E-005
         146  -5.2066397700983912E-003   9.2480934759997524E-005
         147  -5.2743048311070777E-003   9.3676568167389007E-005
         148  -5.9571337943945292E-003   1.0539279486243558E-004
         149  -5.1300160803874695E-003   9.0692857245056047E-005
         150  -5.9011003809282181E-003   1.0400458062154172E-004
         151  -5.0756279961308402E-003   8.9411864112154404E-005
         152  -5.8276691824008641E-003   1.0240915475279166E-004
         153  -5.0245840575316317E-003   8.8178981743958218E-005
         154  -5.7559507436717389E-003   1.0082427691893159E-004
         155  -4.9743327627636887E-003   8.6948062512082203E-005
         156  -5.6860892304641678E-003   9.9249579684546063E-005
         157  -4.9249002423882729E-003   8.5719542182172148E-005
         158  -8.2332555979491798E-003   1.4325083684285644E-004
         159  -4.7348355420397540E-003   8.2041698474366598E-005
         160  -5.5802454910974953E-003   9.6492925517832617E-005
         161  -4.8287465309480486E-003   8.3274241385655756E-005
         162  -6.4303396325162349E-003   1.1074638968633366E-004
         163  -4.7544776195251265E-003   8.1579483239391237E-005
         164  -6.3565128211560571E-003   1.0882227380148990E-004
         165  -4.7090562905925124E-003   8.0378578723561134E-005
         166  -6.2799527343509812E-003   1.0672623744145682E-004
         167  -4.6652169293965378E-003   7.9193479549655166E-005
         168  -6.2051750033598274E-003   1.0468325912826870E-004
         169  -4.6215895753097674E-003   7.8000893303897811E-005
         170  -4.6739857170590461E-003   7.8676737403693409E-005
         171  -4.6456317626330191E-003   7.7953466486313516E-005
         172  -4.6245136922496892E-003   7.7354486618386176E-005
         173  -4.6029322087592162E-003   7.6744809790252333E-005
         174  -4.5815797227244937E-003   7.6136252292968720E-005
         175  -4.5604176016474556E-003   7.5528662637935895E-005
         176  -4.5391031975474871E-003   7.4915974562106413E-005
         177  -5.9332278667704420E-003   9.7596981796677085E-005
         178  -4.4310400376245699E-003   7.2600275672130010E-005
         179  -5.8753363537661120E-003   9.6059368981826765E-005
         180  -4.3900750454505082E-003   7.1395187982492558E-005
         181  -5.8091519214139306E-003   9.4147717827119948E-005
         182  -4.3506475404965260E-003   7.0205334467665637E-005
         183  -5.7433682403769211E-003   9.2252257199554322E-005
         184  -4.8018059444985151E-003   7.7096495422424027E-005
         185  -4.8686502167259735E-003   7.7839013369107590E-005
         186  -4.8359682488851039E-003   7.6986071715801074E-005
         187  -4.8135150571473233E-003   7.6286725926522081E-005
         188  -4.7900449941440494E-003   7.5569617690174340E-005
         189  -4.7666757522019376E-003   7.4852161170202436E-005
         190  -4.7439448326172242E-003   7.4142176128777493E-005
         191  -4.7209101294311455E-003   7.3425366335477804E-005
         192  -4.6979599046749112E-003   7.2707981782382802E-005
         193  -4.6759202980495773E-003   7.2002381811042682E-005
         194  -4.6531391413973831E-003   7.1283464577298616E-005
         195  -4.6306807195912554E-003   7.0567744837823909E-005
         196  -4.6088139898714684E-003   6.9858783273701874E-005
         197  -4.5865806217349646E-003   6.9142547391543019E-005
         198  -4.5647606636065275E-003   6.8430436789501670E-005
         199  -4.5428186465753372E-003   6.7714891520687104E-005
         200  -4.5214021060256378E-003   6.7005104762429823E-005
         201  -4.4997132748020611E-003   6.6289835855215529E-005
         202  -4.4784930805441270E-003   6.5579257406245262E-005
         203  -4.4573023220517878E-003   6.4867747979757695E-005
         204  -4.4364622296486434E-003   6.4159342620051518E-005
         205  -4.4154205567775613E-003   6.3446352492668723E-005
         206  -4.3944633374229190E-003   6.2732980566693186E-005
         207  -4.3741099048431016E-003   6.2026425195149670E-005
         208  -4.9209390711086754E-003   6.8864760057518737E-005
         209  -4.8091597247773643E-003   6.6871529488476966E-005
         210  -4.7963650120722004E-003   6.6232554688294698E-005
         211  -4.7694695127873067E-003   6.5403731742907922E-005
         212  -4.7441485407462205E-003   6.4593719452332721E-005
         213  -4.7194534983975847E-003   6.3790124046558816E-005
         214  -4.6951592561732250E-003   6.2990129227724623E-005
         215  -4.6701514728696453E-003   6.2178432261639216E-005
         216  -4.6467526750210023E-003   6.1386005242525243E-005
         217  -4.6228974448738955E-003   6.0585867029061546E-005
         218  -4.5989938901961460E-003   5.9783023029780225E-005
         219  -4.5757166906298143E-003   5.8986473468358724E-005
         220  -4.5525457343652004E-003   5.8189471443537144E-005
         221  -4.5295467448452781E-003   5.7392998591421218E-005
         222  -4.5070141255337953E-003   5.6600657953431721E-005
         223  -4.4843008245042393E-003   5.5804346024590501E-005
         224  -4.4620293676458185E-003   5.5011885987887865E-005
         225  -4.4403035632746488E-003   5.4224575934735952E-005
         226  -4.4180251289863259E-003   5.3428821562118145E-005
         227  -4.3962412055524418E-003   5.2637670682642579E-005
         228  -4.3744449718506623E-003   5.1844840630366207E-005
         229  -4.3530966474648360E-003   5.1055949917611088E-005
         230  -4.3325801193405964E-003   5.0275482007755556E-005
         231  -4.3109806497852315E-003   4.9481024892550352E-005
         232  -4.2898870583472463E-003   4.8691242430454196E-005
         233  -4.2691384765267421E-003   4.7904161094791675E-005
         234  -4.2483680350102150E-003   4.7115552163745633E-005
         235  -4.2278854510934384E-003   4.6329174372861104E-005
         236  -4.2078797978526540E-003   4.5546705978782853E-005
         237  -4.1874819564840854E-003   4.4759130392701962E-005
         238  -4.1672451199952134E-003   4.3972305730832772E-005
         239  -4.1473713619965520E-003   4.3188401698923684E-005
         240  -4.1271821791860463E-003   4.2400556178989746E-005
         241  -4.1075567274573730E-003   4.1617520279313425E-005
         242  -4.0874868580235294E-003   4.0829445448142820E-005
         243  -4.0680608325822090E-003   4.0047270635668042E-005
         244  -4.0481291409502863E-003   3.9259384740475411E-005
         245  -4.0286414931929295E-003   3.8475451912489689E-005
         246  -4.0093244926579655E-003   3.7692565610925044E-005
         247  -3.9897069497475150E-003   3.6906713464013308E-005
         248  -3.9705539377981889E-003   3.6124775796952946E-005
         249  -3.9510785868343209E-003   3.5339686042412666E-005
         250  -3.9315818949594555E-003   3.4554517851947963E-005
         251  -3.9126682910089108E-003   3.3774132385477884E-005
         252  -3.8929854982581356E-003   3.2987513458593298E-005
         253  -3.8740040535841457E-003   3.2206845129945094E-005
         254  -3.8547502941629424E-003   3.1424187648898538E-005
         255  -3.8354974126802209E-003   3.0641803832054393E-005
         256  -3.8162048092190530E-003   2.9859628345008105E-005
         257  -3.7970011828078252E-003   2.9078679180560840E-005
         258  -3.7782170464301726E-003   2.8301329708657619E-005
         259  -3.7585548128009293E-003   2.7518406906512638E-005
         260  -3.7393911989505278E-003   2.6739868297820379E-005
         261  -3.7198323321498048E-003   2.5959612835357859E-005
         262  -3.7007361998027794E-003   2.5183527715633147E-005
         263  -3.6812858112715906E-003   2.4406161685419647E-005
         264  -3.3736780240039492E-003   2.1814560008603934E-005
         265  -3.3627593559455676E-003   2.1144728247879385E-005
         266  -3.3460427361831874E-003   2.0439202149891145E-005
         267  -3.3294302658011458E-003   1.9735263276920989E-005
         268  -3.3127225919607466E-003   1.9031928078394600E-005
         269  -3.2959184491779476E-003   1.8329252157389675E-005
         270  -3.2792074949244969E-003   1.7628399321623078E-005
         271  -3.2619346453837332E-003   1.6926120787630339E-005
         272  -3.2448676700023325E-003   1.6226513982697810E-005
         273  -3.2278310151417780E-003   1.5528726170277452E-005
         274  -3.2102029978904206E-003   1.4830120320219464E-005
         275  -3.1925763548583510E-003   1.4133605329647025E-005
         276  -3.1750957700136116E-003   1.3439841365148197E-005
         277  -3.1575691698096531E-003   1.2748131182238609E-005
         278  -3.1395653501162793E-003   1.2057009392663076E-005
         279  -3.1214215414808173E-003   1.1368031672009948E-005
         280  -3.1034303200582996E-003   1.0682315982890600E-005
         281  -3.0847443286231638E-003   9.9973236227235418E-006
         282  -3.0666342020826054E-003   9.3171096477995263E-006
         283  -3.0477303602419181E-003   8.6378910140183507E-006
         284  -3.0286894918562031E-003   7.9618251822566322E-006
         285  -3.0094994116316733E-003   7.2890605236075601E-006
         286  -2.9904219995067357E-003   6.6203123090247118E-006
         287  -2.9706031691310118E-003   5.9541234147530986E-006
         288  -2.9507381174644965E-003   5.2921321964660706E-006
         289  -2.9306550729915207E-003   4.6342444073310674E-006
         290  -2.9103601193532190E-003   3.9807155998161647E-006
         291  -2.7362512891164182E-003   3.1945244813869067E-006
         292  -2.8501667669597825E-003   2.6751544202063826E-006
         293  -2.6980481983117474E-003   1.9806955173784502E-006
         294  -2.8052085063323389E-003   1.4102839691609859E-006
         295  -2.6600272549675255E-003   7.8590490959484782E-007
         296  -2.7592232518179158E-003   1.7046236377993296E-007
         297  -2.6206148140379823E-003  -3.8863721840698418E-007
         298  -2.7116205700344520E-003  -1.0416359002007880E-006
         299  -2.5793537690084007E-003  -1.5398609001238128E-006
         300  -2.6621637185880007E-003  -2.2226494920118967E-006
         301  -2.5362190515382248E-003  -2.6644312445256446E-006
         302  -2.6106978067045195E-003  -3.3688700495915214E-006
         303  -2.6055792737369903E-003  -3.9668680495985598E-006
         304  -2.5834709180333182E-003  -4.5307449858533744E-006
         305  -2.5573854556263410E-003  -5.0784044383078708E-006
         306  -2.5295782069524719E-003  -5.6126247955923247E-006
         307  -2.5008006680901835E-003  -6.1341820902782729E-006
         308  -2.4713885776653684E-003  -6.6432664067583858E-006
         309  -2.4408632005195057E-003  -7.1377868779975984E-006
         310  -2.4094275950383545E-003  -7.6175105556686162E-006
         311  -2.3770173158899209E-003  -8.0814464178402545E-006
         312  -2.3434153027181788E-003  -8.5279115586978094E-006
         313  -2.3086834503841195E-003  -8.9561862548492854E-006
         314  -2.2723451731395498E-003  -9.3632466287019156E-006
         315  -2.3160195343329862E-003  -1.0130785382145291E-005
         316  -2.2264743023005869E-003  -1.0264284470817842E-005
         317  -2.6355985700609497E-003  -1.3015817264427909E-005
         318  -2.2173989901069463E-003  -1.1330696693789832E-005
         319  -2.5378660135011348E-003  -1.3739463320394663E-005
         320  -2.1463358234031942E-003  -1.2030884926961249E-005
         321  -2.3956353311951075E-003  -1.4115845725193310E-005
         322  -2.1143250152052002E-003  -1.2921659216846848E-005
         323  -2.2832112555313043E-003  -1.4565806154553940E-005
         324  -2.0147477213449073E-003  -1.3321192339876831E-005
         325  -2.1183626041883018E-003  -1.4541553106983685E-005
         326  -1.9783330709907923E-003  -1.4100114268611463E-005
         327  -1.9515421035284719E-003  -1.4414719464728165E-005
         328  -1.8923919168233121E-003  -1.4458815659867952E-005
         329  -1.8076788523650824E-003  -1.4265401361068797E-005
         330  -1.7019539078527986E-003  -1.3854282848058119E-005
         331  -1.5780623619775780E-003  -1.3235161355762415E-005
         332  -1.4388180889175124E-003  -1.2420357848874630E-005
         333  -1.2883946316734544E-003  -1.1437357939403370E-005
         334  -1.1333851572237841E-003  -1.0340066337377607E-005
         335  -9.7461875255278106E-004  -9.1303337166337428E-006
         336  -7.7673759638755187E-004  -7.4334915844964655E-006
         337   4.4789317889050613E-004   4.3314446669384665E-006
         338   1.2592837750414359E-003   1.2318005115918851E-005
         339   1.5240207874570120E-003   1.5246738275020988E-005
         340   1.4733683992586646E-003   1.5161719823630904E-005
         341   1.4087830869268050E-003   1.4907942408548536E-005
         342   1.3488936123482625E-003   1.4670350721335268E-005
         343   1.2975591578312329E-003   1.4495166591466102E-005
         344   1.2173143191512204E-003   1.3969768528632187E-005
         345   1.1556394425065490E-003   1.3614574274622981E-005
         346   1.0728447525504849E-003   1.2976330140190839E-005
         347   9.9726043803391039E-004   1.2379463616429831E-005
         348   9.1707349397762131E-004   1.1682665145507087E-005
         349   1.7805422547409100E-003   2.2963968360656395E-005
         350   7.7282353810769519E-004   1.0364270760288008E-005
         351   7.5539697965123121E-004   1.0385785289113159E-005
         352   7.3666198955431555E-004   1.0387086057495054E-005
         353   7.1283953969383492E-004   1.0315407044991787E-005
         354   6.8366658862342884E-004   1.0165406182149894E-005
         355   6.4282757732976527E-004   9.8437903903736412E-006
         356   5.6663763795308515E-004   8.9875151543239440E-006
         357   8.4837135265003992E-004   1.4166275876803525E-005
         358   3.5108096045587769E-003   5.5648358735727044E-005
