   2.6124013791920890       0.37569498950877539     
   2.5752439875401643       0.32695927311921869     
   2.5386151026350885       0.29169034042088510     
   2.5025072072812455       0.26446622353254223     
   2.4669128912035738       0.24251352730134426     
   2.4318248495267705       0.22418940965296669     
   2.3972358812761514       0.20853029205746113     
   2.3631388878998245       0.19501344733854173     
   2.3295268718118742       0.19046665222065659     
   2.2963929349562897       0.17242623573883231     
   2.2637302773912906       0.16299467994643710     
   2.2315321958938155       0.15449100620281989     
   2.1997920825838353       0.14680179288548342     
   2.1685034235682576       0.13963469184253924     
   2.1376597976040941       0.13326095267004082     
   2.1072548747806676       0.12722997076572012     
   2.0772824152205431       0.12185991614375402     
   2.0477362677989417       0.11670742913105434     
   2.0186103688813781       0.11212794861410724     
   1.9898987410792381       0.10767016961923215     
   1.9615954920230705       0.10353777713951315     
   1.9336948131533129        9.9856523597124200E-002
   1.9061909785282329        9.6205706124678950E-002
   1.8790783436488094        9.2808653225957299E-002
   1.8523513443003397        8.9611514089028177E-002
   1.8260044954105190        8.6784832846440021E-002
   1.8000323899237558        8.3910743843439189E-002
   1.7744296976915119        8.1229427868502457E-002
   1.7491911643784113        7.8688337074804535E-002
   1.7243116103839207        7.6282584145371798E-002
   1.6997859297793541        7.4001383078327071E-002
   1.6756090892600108        7.2013464694796622E-002
   1.6517761271122060        6.9918419124366790E-002
   1.6282821521950022        6.7961840980513527E-002
   1.6051223429364210        6.6092472396446361E-002
   1.5822919463439238        6.4311711500972465E-002
   1.5597862770289852        6.2612652177891456E-002
   1.5376007162455243        6.0990323020943454E-002
   1.5157307109420195        5.9614754025334948E-002
   1.4941717728271056        5.8095143481321443E-002
   1.4729194774484542        5.6678320513153475E-002
   1.4519694632847711        5.5315062080821244E-002
   1.4313174308506924        5.4009630660093219E-002
   1.4109591418144229        5.3191039946209322E-002
   1.3908904181279140        5.1507019072223457E-002
   1.3711071411694280        5.0831264251408791E-002
   1.3516052508982865        4.9621737309228857E-002
   1.3323807450216449        4.8561364015145166E-002
   1.3134296781731198        4.7529084670675195E-002
   1.2947481611030927        4.6537406704636429E-002
   1.2763323598805432        4.5582558341657642E-002
   1.2581784951062209        4.4662791838983223E-002
   1.2402828411370190        4.3776462820864427E-002
   1.2226417253213699        4.2922115469018918E-002
   1.2052515272455289        4.2098100246848930E-002
   1.1881086779905681        4.1302924504415466E-002
   1.1712096593999415        4.0535511302507446E-002
   1.1545510033574709        3.9794455414800999E-002
   1.1381292910755920        3.9078521872158718E-002
   1.1219411523937401        3.8386773033774711E-002
   1.1059832650866994        3.7718086166859434E-002
   1.0902523541827975        3.7071496957096856E-002
   1.0747451912917996        3.6446113799474975E-002
   1.0594585939423518        3.5840936104083315E-002
   1.0443894249288646        3.5255097307129779E-002
   1.0295345916676713        3.4688067753524954E-002
   1.0148910455623530        3.4138886777216298E-002
   1.0004557813780821        3.3606783129586523E-002
  0.98622583662487828        3.3091320478684579E-002
  0.97219829094962285        3.2591607895308405E-002
  0.95837026553673021        3.2107230234202845E-002
  0.94473892251733560        3.1637513277051783E-002
  0.93130146438689698        3.1181858499072512E-002
  0.91805513343107092        3.0739898351586643E-002
  0.90499721115975940        3.0311023848815226E-002
  0.89212501774920483        2.9894773488206839E-002
  0.87943591149201894        2.9490713078939780E-002
  0.86692728825504084        2.9098385827708170E-002
  0.85459658094489821        2.8717408317687265E-002
  0.84244125898117017        2.8347333044909967E-002
  0.83045882777705637        2.7987819987362331E-002
  0.81864682822741075        2.7638530374655555E-002
  0.80700283620407998        2.7299145686526031E-002
  0.79552446205840399        2.6969277702573458E-002
  0.78420935013079818        2.6648602245156201E-002
  0.77305517826731429        2.6336857669877155E-002
  0.76205965734307179        2.6033800625726727E-002
  0.75122053079247064        2.5739046127417897E-002
  0.74053557414608706        2.5452459188479857E-002
  0.73000259457415073        2.5173598073244638E-002
  0.71961943043652443        2.4902479905652693E-002
  0.70938395083907690        2.4638627089216651E-002
  0.69929405519636800        2.4381981377281033E-002
  0.68934767280055576        2.4132235772110048E-002
  0.67954276239643008        2.3889240618399539E-002
  0.66987731176249898        2.3652799050033542E-002
  0.66034933729802625        2.3422678999752491E-002
  0.65095688361594262        2.3198718367473562E-002
  0.64169802314155699        2.2980784177231216E-002
  0.63257085571695926        2.2768553524754695E-002
  0.62357350821106527        2.2562118569128667E-002
  0.61470413413519998        2.2361084016219737E-002
  0.60596091326414747        2.2165396005878649E-002
  0.59734205126259821        2.1975050228831568E-002
  0.58884577931690185        2.1789708879958677E-002
  0.58047035377206180        2.1609292311853229E-002
  0.57221405577389273        2.1433719736867151E-002
  0.56407519091626424        2.1262773919431977E-002
  0.55605208889336932        2.1096424324660898E-002
  0.54814310315693182        2.0934551915497774E-002
  0.54034661057829003        2.0777019453778113E-002
  0.53266101111529507        2.0623702111418785E-002
  0.52508472748393298        2.0474560493137867E-002
  0.51761620483463078        2.0329453344668645E-002
  0.51025391043315960        2.0188282695575033E-002
  0.50299633334607563        2.0050980328819478E-002
  0.49584198413064157        1.9917446101888104E-002
  0.48878939452915110        1.9787658574432116E-002
  0.48183711716760586        1.9661386707323286E-002
  0.47498372525867716        1.9538551041687509E-002
  0.46822781230888955        1.9419265181676214E-002
  0.46156799182997621        1.9303351691714141E-002
  0.45500289705433233        1.9190697675928133E-002
  0.44853118065452074        1.9081314217052652E-002
  0.44215151446676471        1.8975092687544649E-002
  0.43586258921837362        1.8871951786376524E-002
  0.42966311425904807        1.8771853955567845E-002
  0.42355181729600438        1.8674811584671828E-002
  0.41752744413286508        1.8580675902686115E-002
  0.41158875841227011        1.8489376344286278E-002
  0.40573454136213832        1.8400918746495541E-002
  0.39996359154554889        1.8546499411955620E-002
  0.39427472461417268        1.8647771862736418E-002
  0.38866677306521352        1.8222171336239747E-002
  0.38313858600180756        1.8157974144131506E-002
  0.37768902889682843        1.8080893248892022E-002
  0.37231698336005314        1.8008016552475727E-002
  0.36702134690864008        1.7937472225958182E-002
  0.36180103274086906        1.7869433184612437E-002
  0.35665496951310394        1.7803852613465267E-002
  0.35158210111992433        1.7740674075891340E-002
  0.34658138647738324        1.7679843407938382E-002
  0.34165179930935435        1.7621347259766107E-002
  0.33679232793690839        1.7565183448567175E-002
  0.33200197507069412        1.7511289972810887E-002
  0.32727975760626743        1.7459602771903861E-002
  0.32262470642233193        1.7425874373562064E-002
  0.31803586618185209        1.7494257986642874E-002
  0.31351229513599210        1.7318537844576952E-002
  0.30905306493084483        1.7405740997705962E-002
  0.30465726041690999        1.7234261864607695E-002
  0.30032397946128048        1.7322714591680527E-002
  0.29605233276250320        1.7158578635127698E-002
  0.29184144366806997        1.7247936515965262E-002
  0.28769044799450655        1.7090902496722161E-002
  0.28359849385001962        1.7181263951748398E-002
  0.27956474145966526        1.7031084606766181E-002
  0.27558836299300782        1.7560477691696341E-002
  0.27166854239422566        1.6955719675777959E-002
  0.26780447521463652        1.7076147734133750E-002
  0.26399536844760330        1.6934528940348442E-002
  0.26024044036578792        1.7185716874487739E-002
  0.25653892036072218        1.6892990850597211E-002
  0.25289004878465815        1.7148520149705113E-002
  0.24929307679466767        1.6863481968179481E-002
  0.24574726619896328        1.7117926399036060E-002
  0.24225188930539890        1.6841408856885051E-002
  0.23880622877212976        1.7094861215340179E-002
  0.23540957746039731        1.6826473713173244E-002
  0.23206123828940245        1.6834135307252598E-002
  0.22876052409324912        1.6829982168564357E-002
  0.22550675747991916        1.6828801058694026E-002
  0.22229927069225405        1.6829286418805517E-002
  0.21913740547091382        1.6831550891884536E-002
  0.21602051291928459        1.6835585885060282E-002
  0.21294795337031006        1.6841329739535338E-002
  0.20991909625521282        1.7091420869369579E-002
  0.20693331997408651        1.6846823637141323E-002
  0.20399001176832851        1.7110387217437024E-002
  0.20108856759488358        1.6870660951157100E-002
  0.19822839200228060        1.7134483700061313E-002
  0.19540889800842995        1.6901688813026769E-002
  0.19262950698015840        1.7165645283489701E-002
  0.18988964851446125        1.7025406814666792E-002
  0.18718876032143800        1.7062404412602289E-002
  0.18452628810889715        1.7083784585099876E-002
  0.18190168546860225        1.7108698015442441E-002
  0.17931441376413232        1.7135194318088996E-002
  0.17676394202034165        1.7163475475843785E-002
  0.17424974681438940        1.7193642532219354E-002
  0.17177131216831934        1.7225536965926498E-002
  0.16932812944316836        1.7259236268819252E-002
  0.16691969723457956        1.7294896970715404E-002
  0.16454552126990316        1.7332233191601890E-002
  0.16220511430675635        1.7371446599449364E-002
  0.15989799603303012        1.7412596530861881E-002
  0.15762369296831724        1.7455522135860300E-002
  0.15538173836674002        1.7500376976363537E-002
  0.15317167212116356        1.7547077619723940E-002
  0.15099304066876940        1.7595756184192967E-002
  0.14884539689797188        1.7646281779586138E-002
  0.14672830005666102        1.7698805302479026E-002
  0.14464131566174690        1.7753263768980350E-002
  0.14258401540999321        1.7809732990581507E-002
  0.14055597709011941        1.7868127797630810E-002
  0.13855678449614997        1.7928520444751420E-002
  0.13658602734199973        1.7991029044940408E-002
  0.13464330117727208        1.8163855598678141E-002
  0.13272820730425508        1.8213356755430971E-002
  0.13084035269609878        1.8283967260420617E-002
  0.12897934991615512        1.8353947159257235E-002
  0.12714481703846731        1.8426342635171702E-002
  0.12533637756938723        1.8500996254289803E-002
  0.12355366037030972        1.8577891160759023E-002
  0.12179629958150634        1.8656831445225064E-002
  0.12006393454703956        1.8738307793661882E-002
  0.11835620974074852        1.8821937933180974E-002
  0.11667277469328501        1.8907830961563506E-002
  0.11501328392018789        1.8996155014218551E-002
  0.11337739685098197        1.9086836438556357E-002
  0.11176477775928235        1.9179921764797086E-002
  0.11017509569389614        1.9275505864786019E-002
  0.10860802441090205        1.9373489171111622E-002
  0.10706324230669659        1.9474037861788931E-002
  0.10554043235199310        1.9577212647235689E-002
  0.10403928202675902        1.9682818161346129E-002
  0.10255948325607811        1.9791117346449543E-002
  0.10110073234692674        1.9902042141159329E-002
   9.9662729925846669E-002   2.0015735122676553E-002
   9.8245180877507138E-002   2.0132326024832094E-002
   9.6847794284139019E-002   2.0251438023706058E-002
   9.5470283365830730E-002   2.0373466884769788E-002
   9.4112365421674130E-002   2.0498425907488026E-002
   9.2773761771746649E-002   2.0626281970650768E-002
   9.1454197699918902E-002   2.0757156753659248E-002
   9.0153402397476101E-002   2.0891146161373511E-002
   8.8871108907540533E-002   2.1028105325624828E-002
   8.7607054070286031E-002   2.1168216165900214E-002
   8.6360978468929692E-002   2.1311584371120029E-002
   8.5132626376493659E-002   2.1458109314133802E-002
   8.3921745703322975E-002   2.1608059895649179E-002
   8.2728087945350165E-002   2.1761258489595359E-002
   8.1551408133096012E-002   2.1918032906121463E-002
   8.0391464781395486E-002   2.2078168728153567E-002
   7.9248019839838230E-002   2.2241968804927396E-002
   7.8120838643915405E-002   2.2409437147380262E-002
   7.7009689866859410E-002   2.2580529212967864E-002
   7.5914345472170311E-002   2.2755513378321091E-002
   7.4834580666816738E-002   2.2934267024315842E-002
   7.3770173855102247E-002   2.3116947180311848E-002
   7.2720906593188500E-002   2.3303794566275318E-002
   7.1686563544264781E-002   2.3494540189801422E-002
   7.0666932434355248E-002   2.3689660908524909E-002
   6.9661804008755032E-002   2.3888988933416070E-002
   6.8670971989085214E-002   2.4092690638429171E-002
   6.7694233030960144E-002   2.4300852338992821E-002
   6.6731386682254756E-002   2.4513609980186628E-002
   6.5782235341967477E-002   2.4731161531300151E-002
   6.4846584219667006E-002   2.4953245924480935E-002
   6.3924241295516188E-002   2.5180364913662330E-002
   6.3015017280864907E-002   2.5412375485590062E-002
   6.2118725579402914E-002   2.5649646939532974E-002
   6.1235182248865296E-002   2.5892060406817907E-002
   6.0364205963283346E-002   2.6052062936877403E-002
   5.9505617975770954E-002   2.6306893681072079E-002
   5.8659242081841798E-002   2.6565592549376741E-002
   5.7824904583247322E-002   2.6830096235011737E-002
   5.7002434252329280E-002   2.7100488121407640E-002
   5.6191662296879649E-002   2.7376916940564731E-002
   5.5392422325499936E-002   2.7659600104952910E-002
   5.4604550313453334E-002   2.7948482630335138E-002
   5.3827884569002712E-002   2.8243983819232519E-002
   5.3062265700227006E-002   2.8546220465507428E-002
   5.2307536582310438E-002   2.8855158056565491E-002
   5.1563542325295718E-002   2.9171183844084906E-002
   5.0830130242297163E-002   2.9494543980660537E-002
   5.0107149818165199E-002   2.9825373434338533E-002
   4.9394452678596622E-002   3.0163722769164777E-002
   4.8691892559684619E-002   3.0509928427403420E-002
   4.7999325277901524E-002   3.0864325946959349E-002
   4.7316608700508356E-002   3.1226827639753939E-002
   4.6643602716386103E-002   3.1598163907663318E-002
   4.5980169207280569E-002   3.1978056507934789E-002
   4.5326172019457531E-002   3.2367022135499537E-002
   4.4681476935760168E-002   3.2765330491534107E-002
   4.4045951648064179E-002   3.3173377410570158E-002
   4.3419465730124958E-002   3.3591103699318781E-002
   4.2801890610810633E-002   3.4019108961286744E-002
   4.2193099547715780E-002   3.4457645062850525E-002
   4.1592967601151026E-002   3.4907052942557887E-002
   4.1001371608501647E-002   3.5297545726213020E-002
   4.0418190158951837E-002   3.5831083518551195E-002
   3.9843303568567863E-002   3.6252943629897644E-002
   3.9276593855735897E-002   3.6810156751010896E-002
   3.8717944716949122E-002   3.7258353842663933E-002
   3.8167241502939125E-002   3.7840274790527442E-002
   3.7624371195147117E-002   3.8316510861840555E-002
   3.7089222382529471E-002   3.8924756121277104E-002
   3.6561685238693145E-002   3.9430970083532621E-002
   3.6041651499356911E-002   4.0067430346734871E-002
   3.5529014440132137E-002   4.0605878933679070E-002
   3.5023668854620646E-002   4.1272566457928310E-002
   3.4525511032823440E-002   4.1912507154276503E-002
   3.4034438739856648E-002   4.2560643338830660E-002
   3.3550351194970511E-002   4.3224953505943207E-002
   3.3073149050866384E-002   4.3907431423071873E-002
   3.2602734373308052E-002   4.4609273216119745E-002
   3.2139010621023395E-002   4.5331490200193558E-002
   3.1681882625891181E-002   4.6074614006602413E-002
   3.1231256573410450E-002   4.6839665656267786E-002
   3.0787039983447222E-002   4.7627544447049579E-002
   3.0349141691255164E-002   4.8439093104568391E-002
   2.9917471828766268E-002   4.9275408792150040E-002
   2.9491941806147514E-002   5.0137248440668046E-002
   2.9072464293620065E-002   5.1090151811573517E-002
   2.8658953203536879E-002   5.1967886148970084E-002
   2.8251323672715167E-002   5.3291816591034630E-002
   2.7849492045020609E-002   5.3955954624609580E-002
   2.7453375854198499E-002   5.5292417610257105E-002
   2.7062893806949928E-002   5.6030386518451519E-002
   2.6677965766248049E-002   5.7393661465081333E-002
   2.6298512734892046E-002   5.8294670347039231E-002
   2.5924456839294684E-002   5.9678591285035769E-002
   2.5555721313500791E-002   6.0662966563403191E-002
   2.5192230483432873E-002   6.2082105646994443E-002
   2.4833909751360704E-002   6.3287975062703949E-002
   2.4480685580592115E-002   6.4671433644730478E-002
   2.4132485480381279E-002   6.6073751506638870E-002
   2.3789237991051641E-002   6.7502808415136159E-002
   2.3450872669330807E-002   6.8964761638844463E-002
   2.3117320073893419E-002   7.0464347714434147E-002
   2.2788511751110269E-002   7.2006898958970195E-002
   2.2464380220999700E-002   7.3600462315088211E-002
   2.2144858963379060E-002   7.5257942253871113E-002
   2.1829882404212859E-002   7.6985092239376551E-002
   2.1519385902155592E-002   7.8728663736898269E-002
   2.1213305735285320E-002   7.8801066891258861E-002
   2.0911579088026454E-002   7.9570793294649847E-002
   2.0614144038258477E-002   8.1323176266759847E-002
   2.0320939544607647E-002   8.3749087693581595E-002
   2.0031905433919965E-002   8.6353488825936062E-002
   1.9746982388911975E-002   8.9118881297862163E-002
   1.9466111935997378E-002   9.2055058231401393E-002
   1.9189236433286617E-002   9.5273541993569300E-002
   1.8916299058757493E-002   9.8694710155236037E-002
   1.8647243798593567E-002  0.10245716527071780     
   1.8382015435688782E-002  0.10653465262128102     
   1.8120559538315623E-002  0.11102161434443897     
   1.7862822448954020E-002  0.11255559475098489     
   1.7608751273279693E-002  0.12146215824997152     
   1.7358293869308747E-002  0.12743420282477380     
   1.7111398836696830E-002  0.13427702675943973     
   1.6868015506190357E-002  0.14232157932906714     
   1.6628093929228080E-002  0.15211536094445283     
   1.6391584867690087E-002  0.16483777012622111     
   1.6158439783793020E-002  0.18417615975532020     
   1.5928610830128913E-002  0.22170516043726440     
   1.5702050839845494E-002  0.18056247149368462     
