   2.5401606079997290       0.31044094632872593     
   2.5433966818759095       0.29847619968962252     
   2.5138892609867320       0.26985828835079795     
   2.4810507354590747       0.24575197055890560     
   2.4472278007294284       0.22554476384058603     
   2.4134314444169322       0.20851208272955002     
   2.3799425235378546       0.19395057660288695     
   2.3465463166687326       0.18117255696592188     
   2.2911119588722033       0.15882585230256790     
   2.2814834950630853       0.16024138228906526     
   2.2492946852629645       0.15131394297147796     
   2.2175366335788733       0.14327648481748873     
   2.1861353542568689       0.13596352945025431     
   2.1556334931278109       0.12951659561372267     
   2.1249497574901035       0.12336145763584604     
   2.0952053081346746       0.11793042002665441     
   2.0652677889963100       0.11267125163222191     
   2.0362966801920890       0.10803619301549928     
   2.0071019973236668       0.10348156377590503     
   1.9789084527066994        9.9484490195408198E-002
   1.9510109384062737        9.5721768407111538E-002
   1.9229441228570345        9.1985422075214748E-002
   1.8958874167994781        8.8724957546970726E-002
   1.8691051743484752        8.5627612916987492E-002
   1.8426972438009839        8.2716990879799987E-002
   1.8160904404884950        7.9762241637132011E-002
   1.7905010865254276        7.7213107690186744E-002
   1.7651570951698523        7.4765023553785281E-002
   1.7401772261042390        7.2453308588732890E-002
   1.7155390111662518        7.0261326601482960E-002
   1.6912412528324441        6.8181324580294494E-002
   1.6667255566897556        6.6008607969763697E-002
   1.6432097117467410        6.4171061752799671E-002
   1.6199027407523188        6.2381432672272571E-002
   1.5969398320970387        6.0682941390439379E-002
   1.5742933162263517        5.9061884063232650E-002
   1.5519632793084184        5.7514711891652963E-002
   1.5299451797060497        5.6036679373001309E-002
   1.5076700574528705        5.4435620654189394E-002
   1.4863808314039926        5.3123731234069070E-002
   1.4652651497166163        5.1827344850207624E-002
   1.4444664719168090        5.0591993934351293E-002
   1.4239558801703669        4.9406418186727204E-002
   1.4022998659941663        4.7812750985930776E-002
   1.3839594198210545        4.7229409632314534E-002
   1.3627044115004674        4.5679488183181939E-002
   1.3436548713569290        4.4778026207174908E-002
   1.3245237813655233        4.3804560092594758E-002
   1.3057044652027725        4.2880971393801155E-002
   1.2871443022656563        4.1990259530994896E-002
   1.2688458965476439        4.1132624374338345E-002
   1.2508054789890792        4.0306399609414387E-002
   1.2330193552556650        3.9510031865828563E-002
   1.2154835755643258        3.8741973800136463E-002
   1.1981952389683308        3.8001064052297154E-002
   1.1811512610250461        3.7286150927348154E-002
   1.1643474310775153        3.6595815023312994E-002
   1.1477810005620694        3.5929121419128573E-002
   1.1314489213495360        3.5285096690078330E-002
   1.1153473647006913        3.4662590631987643E-002
   1.0994734203204428        3.4060760739440234E-002
   1.0838238589946003        3.3478712139491613E-002
   1.0683954235608799        3.2915579293202483E-002
   1.0531854731685348        3.2370702183733141E-002
   1.0381910966592514        3.1843373967983944E-002
   1.0234083468210713        3.1332629560327098E-002
   1.0088350419395475        3.0838018915134553E-002
  0.99446849389707603        3.0358973009038802E-002
  0.98030494291436210        2.9894652394742843E-002
  0.96634247964065090        2.9444741378702080E-002
  0.95257758112426738        2.9008504249901989E-002
  0.93900783910118912        2.8585523223542204E-002
  0.92563070882184839        2.8175357594922842E-002
  0.91244290605260980        2.7777383590043250E-002
  0.89944219170061424        2.7391268416990789E-002
  0.88662589345679321        2.7016574999190534E-002
  0.87399135344953827        2.6652880654912798E-002
  0.86153611692261489        2.6299825390593019E-002
  0.84925755553565041        2.5957012141490533E-002
  0.83715339798662325        2.5624144503314503E-002
  0.82522105664585010        2.5300850524500002E-002
  0.81345803803453443        2.4986789615047439E-002
  0.80186186235349566        2.4681630449071783E-002
  0.79043041437444939        2.4385139404838801E-002
  0.77916141869110922        2.4097046214803949E-002
  0.76805243643006060        2.3817043153214246E-002
  0.75710103712142685        2.3544828825452845E-002
  0.74630543239020908        2.3280265599099202E-002
  0.73566291546257390        2.3022988637024514E-002
  0.72517207959161512        2.2772959259906883E-002
  0.71482975084677913        2.2529701885058241E-002
  0.70463481090165125        2.2293251578168371E-002
  0.69458452141737637        2.2063244315748357E-002
  0.68467721208966703        2.1839580135503748E-002
  0.67491064058068406        2.1622019469871079E-002
  0.66528281364730735        2.1410384068842561E-002
  0.65579194488927528        2.1204546431237641E-002
  0.64643601751384050        2.1004322608551770E-002
  0.63721295289366797        2.0809514189968147E-002
  0.62812150471831862        2.0620122208786451E-002
  0.61915877558252830        2.0435751053380958E-002
  0.61032392348896469        2.0256496989907790E-002
  0.60161475086060068        2.0082130754407766E-002
  0.59302890202342629        1.9912385868300780E-002
  0.58456544719484882        1.9747333096427688E-002
  0.57622243708020826        1.9586799934319575E-002
  0.56799796925517509        1.9430624024568882E-002
  0.55989075229041041        1.9278785406151317E-002
  0.55189876090337764        1.9131090271305454E-002
  0.54402037888916210        1.8987439452753503E-002
  0.53625410726920719        1.8847759617220208E-002
  0.52859843486570479        1.8711972656625945E-002
  0.52105153000135240        1.8579924239645881E-002
  0.51361202666649008        1.8451566635664298E-002
  0.50627841407153451        1.8326816561793031E-002
  0.49904909138424264        1.8205568022632519E-002
  0.49192262649898066        1.8087752092471140E-002
  0.48489729111630819        1.7973229934280431E-002
  0.47797227454522123        1.7862071593979536E-002
  0.47114616047148544        1.7754205542476802E-002
  0.46441674376677189        1.7649377565603575E-002
  0.45778308441102827        1.7547621673776839E-002
  0.45124400054548258        1.7448914110194346E-002
  0.44479781246205957        1.7353115236519827E-002
  0.43844337979418674        1.7260206621885422E-002
  0.43217947319285244        1.7170147132416332E-002
  0.42600470619133174        1.7082857872147469E-002
  0.41991750730746852        1.6998215988886671E-002
  0.41391701665788044        1.6916257860461605E-002
  0.40800207007741840        1.6836948696884450E-002
  0.40217120087287450        1.6760182867780173E-002
  0.39544158736577256        1.6465474426993164E-002
  0.38900188101193095        1.6221961775263999E-002
  0.38487268582422529        1.6477527348726980E-002
  0.37930962090522324        1.6397780856225445E-002
  0.37389049793590834        1.6335144814770108E-002
  0.36854159360679195        1.6273232445246609E-002
  0.36326955795211985        1.6213751603329399E-002
  0.35807240747014962        1.6156464159221021E-002
  0.35294911226692161        1.6101344431727140E-002
  0.34789870335143552        1.6048378230290528E-002
  0.34292022379399584        1.5997551994592466E-002
  0.33801256390017248        1.5948815801821330E-002
  0.33317458677324147        1.5902111795049152E-002
  0.32840542849507276        1.5857441007389034E-002
  0.32370425328013924        1.5814808862196075E-002
  0.31900384903960738        1.5759336070845589E-002
  0.31394949141855216        1.5612561781336241E-002
  0.30999468790477930        1.5697913190168420E-002
  0.30500960691650358        1.5541597611698380E-002
  0.30118074659957844        1.5630453794585140E-002
  0.29633495847029451        1.5480923670220491E-002
  0.29261473708679181        1.5570228800060537E-002
  0.28790584307709227        1.5427645307418383E-002
  0.28429134858207411        1.5517472910009829E-002
  0.27971521102269398        1.5381596957523985E-002
  0.27620369766891689        1.5472039177378411E-002
  0.26997287246392709        1.4950452507771659E-002
  0.26844151330156990        1.5455394323987171E-002
  0.26400383555807366        1.5306567328959580E-002
  0.26070893643458604        1.5402599667074267E-002
  0.25586671081771101        1.5143242370993014E-002
  0.25330778727183023        1.5382587318131656E-002
  0.24857344868508274        1.5126812762063610E-002
  0.24609768725838557        1.5365178060067201E-002
  0.24149029098048796        1.5117912545368978E-002
  0.23909128062301152        1.5354466656927516E-002
  0.23460761613628392        1.5115576339199303E-002
  0.23228371540521653        1.5350598500024560E-002
  0.22890252188394905        1.5339871561253325E-002
  0.22562373760500415        1.5343205811490259E-002
  0.22238701478280759        1.5347124694686999E-002
  0.21919691209379064        1.5352806080401255E-002
  0.21605230291578767        1.5360140789166674E-002
  0.21295256219894526        1.5369131670790253E-002
  0.20989728233167615        1.5379829576469895E-002
  0.20593557621850392        1.5177528110530676E-002
  0.20396121027687072        1.5416273803558863E-002
  0.20005279616919619        1.5209375201332432E-002
  0.19814997160199124        1.5449193162654471E-002
  0.19434417787365529        1.5249548197028973E-002
  0.19250288349743905        1.5488617705686790E-002
  0.18879802638174298        1.5296377181705309E-002
  0.18668839002944332        1.5459598336562450E-002
  0.18394665801263788        1.5472042545978854E-002
  0.18130965979917987        1.5501336791247204E-002
  0.17870378075513005        1.5530793348565839E-002
  0.17613592809983117        1.5562117982085403E-002
  0.17360482934426252        1.5595148274228067E-002
  0.17110960776658868        1.5629810539184472E-002
  0.16865036907066380        1.5666256226921114E-002
  0.16622634657915319        1.5704435115136313E-002
  0.16383649577482293        1.5744231232269694E-002
  0.16148141009870909        1.5785906702374869E-002
  0.15915990000179253        1.5829310114792605E-002
  0.15687131102673821        1.5874412729393432E-002
  0.15461579679057280        1.5921372778151532E-002
  0.15239238028699845        1.5970084890935092E-002
  0.15020095001756525        1.6020644218853797E-002
  0.14804063098597767        1.6072967087588017E-002
  0.14591149444072368        1.6127190067646069E-002
  0.14381261953203650        1.6183217027826241E-002
  0.14174385448051954        1.6241130975010939E-002
  0.13970456487602934        1.6300901280443179E-002
  0.13769468547929278        1.6362630454596610E-002
  0.13571361394590198        1.6426293983026013E-002
  0.13376060527735867        1.6491832738770473E-002
  0.13147207008076317        1.6473631783074066E-002
  0.12963396421821766        1.6557006048395370E-002
  0.12775951325045262        1.6627414357531515E-002
  0.12592095771800477        1.6702013128361688E-002
  0.12410788081063606        1.6778458909537913E-002
  0.12232051249820110        1.6856919370982736E-002
  0.12055862522118464        1.6937454485679071E-002
  0.11882256439923659        1.7020261659681499E-002
  0.11711049114307094        1.7105015422586370E-002
  0.11542336199332554        1.7192058342254891E-002
  0.11376056795982678        1.7281359091859246E-002
  0.11212133570019518        1.7372845836906323E-002
  0.11050565377711787        1.7466629558841019E-002
  0.10891314441286111        1.7562733356628297E-002
  0.10734329210853623        1.7661147026388005E-002
  0.10579617678254759        1.7762003752978390E-002
  0.10427108620344917        1.7865245811394478E-002
  0.10276763908905892        1.7970895105345212E-002
  0.10128620859002720        1.8079156527343401E-002
   9.9825832480064602E-002   1.8189911834328099E-002
   9.8386522893273001E-002   1.8303278942817532E-002
   9.6967694601754542E-002   1.8419231190494184E-002
   9.5568816263340725E-002   1.8537755020736572E-002
   9.4190778879137571E-002   1.8659182909094862E-002
   9.2832314147032191E-002   1.8783323315892341E-002
   9.1493239416230346E-002   1.8910248837380534E-002
   9.0173501267527448E-002   1.9040064043466191E-002
   8.8872634318173355E-002   1.9172773720735278E-002
   8.7590254288810426E-002   1.9308403479779440E-002
   8.6326621525460737E-002   1.9447135615464895E-002
   8.5081136248033623E-002   1.9588944802845353E-002
   8.3853416815027490E-002   1.9733859410405716E-002
   8.2643616164191414E-002   1.9882038019622243E-002
   8.1450953237968984E-002   2.0033414505868999E-002
   8.0275783817069998E-002   2.0188198277079652E-002
   7.9117210226072640E-002   2.0346297228157041E-002
   7.7975678586875583E-002   2.0507944948932634E-002
   7.6850382624829183E-002   2.0673073980886442E-002
   7.5741251515570263E-002   2.0841795902135630E-002
   7.4648331196288165E-002   2.1014250889045086E-002
   7.3570941585589661E-002   2.1190407587148664E-002
   7.2509321036429764E-002   2.1370455222848861E-002
   7.1463068653403933E-002   2.1554431988172577E-002
   7.0431613398312803E-002   2.1742339068202846E-002
   6.9415527286200332E-002   2.1934448147370843E-002
   6.8413741245178128E-002   2.2130647456726080E-002
   6.7426611263712563E-002   2.2331161750589908E-002
   6.6453771490442112E-002   2.2536048897412394E-002
   6.5495040554438819E-002   2.2745412064662990E-002
   6.4550143307295929E-002   2.2959335762683105E-002
   6.3618693223276998E-002   2.3177882437626331E-002
   6.2701234350211146E-002   2.3401327383484386E-002
   6.1796788790437582E-002   2.3629605065808724E-002
   6.0905673723449856E-002   2.3862944505440929E-002
   6.0027216439130435E-002   2.4101357781418756E-002
   5.9161693026449434E-002   2.4345070129369213E-002
   5.8469863665812673E-002   2.4628737773686876E-002
   5.7623937338597497E-002   2.4881802536444748E-002
   5.6793455166412106E-002   2.5141201837868631E-002
   5.5974941245719265E-002   2.5406368106850090E-002
   5.5168333897724652E-002   2.5677470575194841E-002
   5.4373463573510743E-002   2.5954660597446153E-002
   5.3590058522101580E-002   2.6238074188274250E-002
   5.2818311531206370E-002   2.6527943872273339E-002
   5.2057639431515354E-002   2.6824355474687474E-002
   5.1307978109933816E-002   2.7127503309388862E-002
   5.0569504733065977E-002   2.7437629623788946E-002
   4.9841741433379071E-002   2.7754862081280852E-002
   4.9124457136334600E-002   2.8079383131149174E-002
   4.8417603562610260E-002   2.8411414183103129E-002
   4.7721259634823474E-002   2.8751202618049081E-002
   4.7035096870856587E-002   2.9098935457040426E-002
   4.6358815229185460E-002   2.9454816563069315E-002
   4.5692716337098802E-002   2.9819147405288130E-002
   4.5035991593129647E-002   3.0192078135225623E-002
   4.4389216933125981E-002   3.0573962497812950E-002
   4.3751910275712472E-002   3.0965017699991527E-002
   4.3123941488028894E-002   3.1365521419774521E-002
   4.2505041979511833E-002   3.1775748405147720E-002
   4.1895516743932534E-002   3.2196043424719073E-002
   4.1294877935483899E-002   3.2626682201613057E-002
   4.0703083957383077E-002   3.3068000250782686E-002
   4.0120004201433440E-002   3.3520338223829126E-002
   3.9622447008058642E-002   3.3987909274350019E-002
   3.8988938559845671E-002   3.4459869184397703E-002
   3.8496295600666787E-002   3.4948979419027297E-002
   3.7883123407340714E-002   3.5447383124020203E-002
   3.7402550411536534E-002   3.5960167999794346E-002
   3.6809778062841185E-002   3.6486705894113201E-002
   3.6341047213178934E-002   3.7024996174796293E-002
   3.5768252632165889E-002   3.7581475507664733E-002
   3.5311079360201593E-002   3.8147277408069100E-002
   3.4757741843477900E-002   3.8735674742836658E-002
   3.4311750452600390E-002   3.9331208068038567E-002
   3.3777421481173561E-002   3.9953689173870995E-002
   3.3288232441037673E-002   4.0589671055910076E-002
   3.2814104695948483E-002   4.1242560548730496E-002
   3.2348737982724862E-002   4.1913750963534765E-002
   3.1890955016227393E-002   4.2604097891473271E-002
   3.1440296980753464E-002   4.3314420305292617E-002
   3.0996504455173834E-002   4.4045562436936476E-002
   3.0559694828303074E-002   4.4798314124661259E-002
   3.0129672080877828E-002   4.5573598890895045E-002
   2.9706364645973201E-002   4.6372358743603223E-002
   2.9289769880785941E-002   4.7195561255297884E-002
   2.8879759765545566E-002   4.8044281062919338E-002
   2.8476447201391968E-002   4.8919542404036835E-002
   2.8043752062988477E-002   4.9842668926580604E-002
   2.7675649243319649E-002   5.0762913606363015E-002
   2.7096113992988804E-002   5.1857061241475308E-002
   2.6882063529338373E-002   5.2743849430828889E-002
   2.6354236464437963E-002   5.3897030811944857E-002
   2.6137842263203336E-002   5.4845552445409985E-002
   2.5652863851630535E-002   5.6063568210174997E-002
   2.5398681962662005E-002   5.7115860242026563E-002
   2.4959517955679508E-002   5.8398376958002013E-002
   2.4709016083517634E-002   5.9528682435777552E-002
   2.4308038821268411E-002   6.0882799523217561E-002
   2.4013350416818287E-002   6.2163082791589871E-002
   2.3676593517961975E-002   6.3556290077810135E-002
   2.3357867312426041E-002   6.4987155220992396E-002
   2.3054105959195083E-002   6.6459891132542082E-002
   2.2763217170211920E-002   6.7978208855729055E-002
   2.2483839318981683E-002   6.9545345983548709E-002
   2.2214655106952804E-002   7.1165122914718007E-002
   2.1953842029754971E-002   7.2843242819673693E-002
   2.1698671711978000E-002   7.4588791356531084E-002
   2.1448709801974049E-002   7.6407053424614707E-002
   2.1217461810973445E-002   7.8265749006518004E-002
   2.1387063634797050E-002   7.9068160472542406E-002
   2.1398501014499451E-002   8.0323659881203893E-002
   2.1199838262548412E-002   8.2238163501495556E-002
   2.0882773619354401E-002   8.4638289430503458E-002
   2.0564843814606638E-002   8.7208217928092469E-002
   2.0253161806043470E-002   8.9941623176811189E-002
   1.9949072944245874E-002   9.2850698701670911E-002
   1.9638516468687511E-002   9.6024051374744651E-002
   1.9339206837696427E-002   9.9411072928611080E-002
   1.9036419183295752E-002  0.10312591200767110     
   1.8740558229974131E-002  0.10715977781975404     
   1.8447267792669697E-002  0.11159976441498308     
   1.8494699407738950E-002  0.11368016190080882     
   1.7878905223839083E-002  0.12195510046627485     
   1.7619849265485103E-002  0.12791886500382266     
   1.7363954359072488E-002  0.13475255248437290     
   1.7109876844454350E-002  0.14278468092522539     
   1.6857503761194891E-002  0.15256256901050017     
   1.6604682767113299E-002  0.16526150070013568     
   1.6343564905139919E-002  0.18455325883113463     
   1.6200430027247706E-002  0.22227703283539008     
   1.6850359009067357E-002  0.18289517577350478     
